375.891 692
375.905 707
375.919 710
375.933 715
375.946 714
375.960 720
375.974 720
375.987 717
376.001 717
376.015 720
376.029 717
376.042 709
376.056 717
376.070 720
376.084 735
376.097 733
376.111 730
376.125 723
376.139 736
376.152 739
376.166 733
376.180 723
376.193 738
376.207 736
376.221 741
376.235 745
376.248 743
376.262 728
376.276 747
376.290 742
376.303 730
376.317 747
376.331 746
376.345 757
376.358 743
376.372 750
376.386 772
376.399 764
376.413 757
376.427 769
376.441 754
376.454 760
376.468 777
376.482 783
376.495 761
376.509 766
376.523 786
376.537 804
376.550 785
376.564 796
376.578 802
376.592 786
376.605 814
376.619 798
376.633 788
376.646 820
376.660 787
376.674 802
376.688 820
376.701 793
376.715 813
376.729 817
376.742 816
376.756 819
376.770 826
376.784 821
376.797 813
376.811 829
376.825 843
376.838 855
376.852 846
376.866 864
376.880 844
376.893 860
376.907 854
376.921 859
376.934 870
376.948 871
376.962 867
376.976 861
376.989 871
377.003 887
377.017 893
377.030 910
377.044 909
377.058 917
377.071 909
377.085 902
377.099 894
377.113 896
377.126 917
377.140 913
377.154 918
377.167 921
377.181 928
377.195 942
377.208 923
377.222 941
377.236 944
377.250 950
377.263 985
377.277 947
377.291 963
377.304 986
377.318 989
377.332 974
377.345 996
377.359 971
377.373 976
377.387 972
377.400 1009
377.414 993
377.428 979
377.441 987
377.455 999
377.469 1027
377.482 1028
377.496 1017
377.510 1057
377.524 1054
377.537 1080
377.551 1056
377.565 1048
377.578 1024
377.592 1027
377.606 1044
377.619 1062
377.633 1063
377.647 1064
377.660 1055
377.674 1083
377.688 1079
377.701 1056
377.715 1047
377.729 1078
377.743 1116
377.756 1097
377.770 1101
377.784 1090
377.797 1109
377.811 1111
377.825 1139
377.838 1093
377.852 1111
377.866 1092
377.879 1139
377.893 1133
377.907 1136
377.920 1160
377.934 1141
377.948 1141
377.961 1130
377.975 1170
377.989 1158
378.002 1152
378.016 1163
378.030 1159
378.044 1150
378.057 1180
378.071 1151
378.085 1143
378.098 1175
378.112 1170
378.126 1159
378.139 1150
378.153 1180
378.167 1178
378.180 1194
378.194 1172
378.208 1218
378.221 1208
378.235 1219
378.249 1236
378.262 1223
378.276 1190
378.290 1236
378.303 1222
378.317 1240
378.331 1226
378.344 1252
378.358 1241
378.372 1250
378.385 1230
378.399 1230
378.413 1232
378.426 1253
378.440 1243
378.454 1280
378.467 1256
378.481 1275
378.495 1319
378.508 1249
378.522 1276
378.536 1286
378.549 1281
378.563 1291
378.577 1283
378.590 1291
378.604 1301
378.618 1269
378.631 1321
378.645 1319
378.659 1288
378.672 1303
378.686 1347
378.700 1346
378.713 1359
378.727 1371
378.740 1370
378.754 1380
378.768 1374
378.781 1401
378.795 1393
378.809 1377
378.822 1412
378.836 1386
378.850 1362
378.863 1366
378.877 1368
378.891 1392
378.904 1390
378.918 1382
378.932 1390
378.945 1375
378.959 1386
378.973 1373
378.986 1381
379.000 1385
379.014 1418
379.027 1383
379.041 1406
379.054 1401
379.068 1399
379.082 1418
379.095 1416
379.109 1419
379.123 1444
379.136 1428
379.150 1423
379.164 1440
379.177 1437
379.191 1445
379.205 1451
379.218 1440
379.232 1446
379.245 1487
379.259 1471
379.273 1474
379.286 1449
379.300 1470
379.314 1485
379.327 1499
379.341 1504
379.355 1531
379.368 1505
379.382 1504
379.396 1549
379.409 1524
379.423 1502
379.436 1554
379.450 1537
379.464 1563
379.477 1582
379.491 1559
379.505 1597
379.518 1560
379.532 1603
379.546 1595
379.559 1635
379.573 1606
379.586 1623
379.600 1619
379.614 1662
379.627 1652
379.641 1720
379.655 1689
379.668 1678
379.682 1657
379.695 1716
379.709 1708
379.723 1726
379.736 1815
379.750 1838
379.764 1854
379.777 1875
379.791 1858
379.804 1833
379.818 1890
379.832 1840
379.845 1819
379.859 1852
379.873 1872
379.886 1877
379.900 1927
379.913 1904
379.927 1902
379.941 1954
379.954 1974
379.968 1963
379.982 1983
379.995 2016
380.009 2041
380.022 2048
380.036 2044
380.050 2095
380.063 2179
380.077 2211
380.090 2224
380.104 2269
380.118 2269
380.131 2239
380.145 2295
380.159 2306
380.172 2389
380.186 2404
380.199 2468
380.213 2449
380.227 2501
380.240 2513
380.254 2468
380.267 2434
380.281 2491
380.295 2501
380.308 2565
380.322 2559
380.336 2561
380.349 2622
380.363 2644
380.376 2716
380.390 2734
380.404 2744
380.417 2737
380.431 2796
380.444 2761
380.458 2818
380.472 2842
380.485 2916
380.499 2917
380.512 2919
380.526 2978
380.540 2971
380.553 2992
380.567 3042
380.580 3132
380.594 3056
380.608 3233
380.621 3297
380.635 3340
380.648 3271
380.662 3381
380.676 3338
380.689 3368
380.703 3448
380.716 3485
380.730 3527
380.744 3493
380.757 3583
380.771 3694
380.784 3733
380.798 3782
380.812 3771
380.825 3782
380.839 3882
380.852 3949
380.866 4067
380.880 4003
380.893 3979
380.907 3941
380.920 4029
380.934 4027
380.948 4109
380.961 4111
380.975 4090
380.988 4182
381.002 4168
381.015 4154
381.029 4282
381.043 4169
381.056 4245
381.070 4216
381.083 4323
381.097 4391
381.111 4409
381.124 4420
381.138 4462
381.151 4467
381.165 4514
381.179 4485
381.192 4639
381.206 4546
381.219 4526
381.233 4527
381.246 4616
381.260 4640
381.274 4590
381.287 4601
381.301 4605
381.314 4783
381.328 4752
381.341 4805
381.355 4826
381.369 4787
381.382 4892
381.396 4886
381.409 4875
381.423 4957
381.437 4991
381.450 5075
381.464 5008
381.477 5043
381.491 5150
381.504 5177
381.518 5143
381.532 5183
381.545 5276
381.559 5335
381.572 5351
381.586 5359
381.599 5343
381.613 5316
381.627 5353
381.640 5289
381.654 5444
381.667 5472
381.681 5414
381.694 5433
381.708 5228
381.722 5299
381.735 5326
381.749 5210
381.762 5402
381.776 5298
381.789 5285
381.803 5269
381.817 5370
381.830 5297
381.844 5356
381.857 5409
381.871 5455
381.884 5416
381.898 5408
381.911 5315
381.925 5465
381.939 5548
381.952 5426
381.966 5494
381.979 5558
381.993 5638
382.006 5704
382.020 5723
382.034 5713
382.047 5573
382.061 5611
382.074 5557
382.088 5566
382.101 5651
382.115 5631
382.128 5559
382.142 5771
382.156 6031
382.169 5955
382.183 5993
382.196 5929
382.210 5930
382.223 5942
382.237 5908
382.250 5896
382.264 5926
382.278 6032
382.291 6098
382.305 6106
382.318 6273
382.332 6254
382.345 5961
382.359 6041
382.372 6052
382.386 5993
382.399 5948
382.413 6034
382.427 6048
382.440 6150
382.454 6013
382.467 6057
382.481 6246
382.494 6521
382.508 6518
382.521 6482
382.535 6446
382.548 6339
382.562 6416
382.576 6461
382.589 6437
382.603 6552
382.616 6575
382.630 6620
382.643 6560
382.657 6821
382.670 6816
382.684 6850
382.697 6816
382.711 6781
382.724 6902
382.738 6976
382.752 6936
382.765 7010
382.779 7080
382.792 7114
382.806 7244
382.819 7284
382.833 7264
382.846 7330
382.860 7489
382.873 7593
382.887 7535
382.900 7589
382.914 7593
382.928 7837
382.941 7776
382.955 7821
382.968 7935
382.982 8173
382.995 8023
383.009 8219
383.022 8208
383.036 8412
383.049 8367
383.063 8418
383.076 8528
383.090 8588
383.103 8667
383.117 8819
383.130 8727
383.144 8968
383.158 9158
383.171 9105
383.185 9320
383.198 9387
383.212 9474
383.225 9643
383.239 9716
383.252 9703
383.266 9932
383.279 9987
383.293 10057
383.306 10119
383.320 10338
383.333 10658
383.347 10771
383.360 10653
383.374 10855
383.387 10973
383.401 11126
383.414 11112
383.428 11020
383.441 11119
383.455 11312
383.468 11457
383.482 11571
383.496 12097
383.509 12198
383.523 12104
383.536 12145
383.550 12500
383.563 12629
383.577 12814
383.590 12884
383.604 12940
383.617 13026
383.631 13032
383.644 12846
383.658 12923
383.671 13044
383.685 13112
383.698 13424
383.712 13462
383.725 13542
383.739 13623
383.752 13648
383.766 13788
383.779 13829
383.793 13987
383.806 14366
383.820 14850
383.833 15017
383.847 15093
383.860 15208
383.874 15281
383.887 14916
383.901 15125
383.914 15550
383.928 15822
383.941 15776
383.955 15746
383.968 15835
383.982 16139
383.995 16038
384.009 16146
384.022 16481
384.036 16633
384.049 16832
384.063 17037
384.076 17521
384.090 17779
384.103 18497
384.117 18620
384.130 18646
384.144 18375
384.157 18249
384.171 18449
384.184 18643
384.198 19013
384.211 19078
384.225 19414
384.238 19669
384.252 20010
384.265 20483
384.279 20503
384.292 20745
384.306 21010
384.319 21122
384.333 21249
384.346 21255
384.360 21534
384.373 21867
384.387 21858
384.400 22190
384.414 22237
384.427 22540
384.441 22744
384.454 23109
384.468 23264
384.481 23426
384.495 23559
384.508 24009
384.522 24176
384.535 24140
384.549 24528
384.562 24803
384.575 25030
384.589 25578
384.602 26365
384.616 26832
384.629 27198
384.643 27470
384.656 27727
384.670 27887
384.683 27739
384.697 28017
384.710 27853
384.724 28441
384.737 28674
384.751 28671
384.764 28748
384.778 28896
384.791 29342
384.805 29387
384.818 29720
384.832 29615
384.845 29647
384.859 29511
384.872 29097
384.885 28589
384.899 28323
384.912 28325
384.926 28247
384.939 28129
384.953 27650
384.966 27634
384.980 27454
384.993 26963
385.007 26808
385.020 26455
385.034 26103
385.047 25922
385.061 25204
385.074 24681
385.088 24171
385.101 23727
385.114 23192
385.128 22747
385.141 22263
385.155 21790
385.168 22024
385.182 21502
385.195 20967
385.209 20222
385.222 19116
385.236 18575
385.249 18126
385.263 17522
385.276 16733
385.290 16007
385.303 15349
385.316 14725
385.330 14465
385.343 13993
385.357 13632
385.370 13050
385.384 12532
385.397 12104
385.411 11879
385.424 11336
385.438 10899
385.451 10699
385.464 10446
385.478 10091
385.491 9900
385.505 9433
385.518 9116
385.532 8881
385.545 8640
385.559 8248
385.572 8009
385.586 7893
385.599 7751
385.612 7611
385.626 7358
385.639 7126
385.653 7125
385.666 7071
385.680 6836
385.693 6579
385.707 6452
385.720 6201
385.734 6157
385.747 5968
385.760 5876
385.774 5683
385.787 5606
385.801 5379
385.814 5136
385.828 5004
385.841 5065
385.855 4898
385.868 4842
385.881 4754
385.895 4661
385.908 4607
385.922 4478
385.935 4454
385.949 4368
385.962 4233
385.976 4220
385.989 4237
386.002 4217
386.016 4171
386.029 4121
386.043 4054
386.056 3957
386.070 3824
386.083 3855
386.097 3884
386.110 3782
386.123 3753
386.137 3784
386.150 3660
386.164 3604
386.177 3604
386.191 3532
386.204 3483
386.217 3466
386.231 3480
386.244 3349
386.258 3423
386.271 3397
386.285 3340
386.298 3431
386.311 3313
386.325 3265
386.338 3147
386.352 3150
386.365 3139
386.379 3111
386.392 3071
386.405 3047
386.419 2976
386.432 3035
386.446 3060
386.459 3057
386.473 2986
386.486 2935
386.499 2863
386.513 2887
386.526 2878
386.540 2883
386.553 2825
386.567 2868
386.580 2938
386.593 2932
386.607 2905
386.620 2853
386.634 2886
386.647 2906
386.661 2845
386.674 2777
386.687 2782
386.701 2659
386.714 2692
386.728 2697
386.741 2656
386.754 2695
386.768 2662
386.781 2642
386.795 2552
386.808 2568
386.822 2579
386.835 2459
386.848 2517
386.862 2505
386.875 2520
386.889 2505
386.902 2516
386.915 2516
386.929 2429
386.942 2482
386.956 2442
386.969 2436
386.983 2404
386.996 2391
387.009 2367
387.023 2335
387.036 2411
387.050 2408
387.063 2390
387.076 2322
387.090 2337
387.103 2362
387.117 2353
387.130 2308
387.143 2397
387.157 2316
387.170 2339
387.184 2282
387.197 2248
387.210 2289
387.224 2206
387.237 2245
387.251 2232
387.264 2224
387.278 2188
387.291 2185
387.304 2224
387.318 2149
387.331 2172
387.345 2167
387.358 2177
387.371 2208
387.385 2151
387.398 2186
387.412 2142
387.425 2140
387.438 2115
387.452 2109
387.465 2044
387.478 2092
387.492 2017
387.505 2041
387.519 2056
387.532 2124
387.545 2133
387.559 2136
387.572 2098
387.586 2135
387.599 2168
387.612 2120
387.626 2090
387.639 2114
387.653 2129
387.666 1993
387.679 1988
387.693 2000
387.706 1942
387.720 2009
387.733 1967
387.746 2045
387.760 1995
387.773 1990
387.787 1972
387.800 1986
387.813 1985
387.827 1958
387.840 1884
387.853 1863
387.867 1872
387.880 1933
387.894 1952
387.907 1933
387.920 1897
387.934 1861
387.947 1856
387.961 1855
387.974 1797
387.987 1829
388.001 1808
388.014 1784
388.027 1776
388.041 1770
388.054 1745
388.068 1746
388.081 1721
388.094 1762
388.108 1730
388.121 1702
388.134 1653
388.148 1686
388.161 1641
388.175 1637
388.188 1593
388.201 1594
388.215 1571
388.228 1591
388.241 1578
388.255 1530
388.268 1515
388.282 1504
388.295 1493
388.308 1479
388.322 1451
388.335 1443
388.348 1442
388.362 1404
388.375 1443
388.389 1429
388.402 1447
388.415 1365
388.429 1434
388.442 1428
388.455 1393
388.469 1392
388.482 1369
388.495 1382
388.509 1390
388.522 1358
388.536 1363
388.549 1300
388.562 1287
388.576 1302
388.589 1287
388.602 1266
388.616 1270
388.629 1300
388.642 1252
388.656 1247
388.669 1262
388.683 1237
388.696 1255
388.709 1243
388.723 1264
388.736 1233
388.749 1200
388.763 1199
388.776 1185
388.789 1190
388.803 1194
388.816 1199
388.829 1165
388.843 1182
388.856 1191
388.870 1181
388.883 1173
388.896 1168
388.910 1164
388.923 1180
388.936 1170
388.950 1191
388.963 1175
388.976 1193
388.990 1162
389.003 1172
389.016 1175
389.030 1187
389.043 1187
389.056 1201
389.070 1190
389.083 1182
389.097 1168
389.110 1174
389.123 1180
389.137 1190
389.150 1175
389.163 1159
389.177 1184
389.190 1179
389.203 1186
389.217 1185
389.230 1148
389.243 1163
389.257 1158
389.270 1144
389.283 1132
389.297 1148
389.310 1161
389.323 1161
389.337 1147
389.350 1142
389.363 1138
389.377 1114
389.390 1139
389.403 1158
389.417 1126
389.430 1133
389.443 1131
389.457 1125
389.470 1163
389.483 1141
389.497 1144
389.510 1116
389.523 1144
389.537 1129
389.550 1113
389.563 1107
389.577 1116
389.590 1079
389.603 1103
389.617 1086
389.630 1089
389.643 1058
389.657 1060
389.670 1088
389.683 1070
389.697 1076
389.710 1067
389.723 1076
389.737 1070
389.750 1087
389.763 1072
389.777 1047
389.790 1053
389.803 1039
389.817 1074
389.830 1061
389.843 1044
389.857 1014
389.870 1017
389.883 1019
389.897 1023
389.910 1017
389.923 1028
389.937 1031
389.950 1012
389.963 1037
389.977 1003
389.990 1039
390.003 1032
390.017 1013
390.030 1023
390.043 1036
390.057 1013
390.070 1019
390.083 1011
390.096 1011
390.110 1022
390.123 989
390.136 1003
390.150 974
390.163 978
390.176 1013
390.190 999
390.203 997
390.216 977
390.230 974
390.243 972
390.256 989
390.270 981
390.283 994
390.296 985
390.310 983
390.323 999
390.336 974
390.349 963
390.363 969
390.376 991
390.389 988
390.403 980
390.416 972
390.429 977
390.443 972
390.456 946
390.469 954
390.483 964
390.496 955
390.509 958
390.522 944
390.536 931
390.549 943
390.562 944
390.576 934
390.589 951
390.602 943
390.616 936
390.629 904
390.642 951
390.655 908
390.669 931
390.682 946
390.695 935
390.709 922
390.722 918
390.735 949
390.749 917
390.762 913
390.775 907
390.788 927
390.802 905
390.815 919
390.828 924
390.842 922
390.855 891
390.868 867
390.882 909
390.895 893
390.908 890
390.921 893
390.935 892
390.948 898
390.961 873
390.975 865
390.988 880
391.001 881
391.014 874
391.028 857
391.041 846
391.054 863
391.068 854
391.081 860
391.094 847
391.107 860
391.121 851
391.134 834
391.147 842
391.161 840
391.174 833
391.187 846
391.200 823
391.214 832
391.227 815
391.240 815
391.254 819
391.267 821
391.280 818
391.293 818
391.307 807
391.320 790
391.333 801
391.347 797
391.360 796
391.373 791
391.386 788
391.400 779
391.413 799
391.426 790
391.440 775
391.453 784
391.466 787
391.479 775
391.493 777
391.506 771
391.519 769
391.532 753
391.546 773
391.559 769
391.572 768
391.586 771
391.599 758
391.612 777
391.625 771
391.639 766
391.652 764
391.665 761
391.678 767
391.692 748
391.705 760
391.718 756
391.732 742
391.745 756
391.758 738
391.771 749
391.785 756
391.798 743
391.811 748
391.824 735
391.838 750
391.851 748
391.864 723
391.877 720
391.891 732
391.904 744
391.917 732
391.931 750
391.944 734
391.957 745
391.970 737
391.984 737
391.997 732
392.010 738
392.023 728
392.037 737
392.050 738
392.063 732
392.076 727
392.090 721
392.103 726
392.116 721
392.129 736
392.143 724
392.156 721
392.169 722
392.182 714
392.196 733
392.209 711
392.222 717
392.235 717
392.249 728
392.262 707
392.275 714
392.288 709
392.302 707
392.315 720
392.328 713
392.341 705
392.355 705
392.368 726
392.381 717
392.394 714
392.408 718
392.421 692
392.434 718
392.447 716
392.461 718
392.474 700
392.487 722
392.500 709
392.514 694
392.527 720
392.540 717
392.553 705
392.567 704
392.580 715
392.593 702
392.606 716
392.620 702
392.633 701
392.646 717
392.659 706
392.673 713
392.686 702
392.699 711
392.712 690
392.726 702
392.739 693
392.752 712
392.765 709
392.778 707
392.792 706
392.805 709
392.818 704
392.831 704
392.845 718
392.858 699
392.871 706
392.884 703
392.898 700
392.911 706
392.924 713
392.937 709
392.951 692
392.964 704
392.977 707
392.990 712
393.003 704
393.017 713
393.030 704
393.043 710
393.056 708
393.070 692
393.083 708
393.096 707
393.109 706
393.122 716
393.136 701
393.149 706
393.162 698
393.175 702
393.189 696
393.202 702
393.215 694
393.228 700
393.242 684
393.255 703
393.268 698
393.281 698
393.294 703
393.308 692
393.321 687
393.334 693
393.347 697
393.360 695
393.374 692
393.387 692
393.400 689
393.413 691
393.427 700
393.440 699
393.453 690
393.466 693
393.479 695
393.493 691
393.506 693
393.519 692
393.532 680
393.546 702
393.559 686
393.572 691
393.585 700
393.598 700
393.612 696
393.625 690
393.638 692
393.651 696
393.664 689
393.678 695
393.691 695
393.704 690
393.717 688
393.730 692
393.744 691
393.757 688
393.770 683
393.783 688
393.796 690
393.810 692
393.823 690
393.836 679
393.849 692
393.863 702
393.876 697
393.889 692
393.902 690
393.915 682
393.929 683
