375.891 697
375.905 692
375.919 689
375.933 702
375.946 690
375.960 701
375.974 710
375.987 697
376.001 691
376.015 681
376.029 707
376.042 697
376.056 691
376.070 722
376.084 708
376.097 698
376.111 715
376.125 721
376.139 703
376.152 697
376.166 723
376.180 711
376.193 710
376.207 732
376.221 729
376.235 713
376.248 727
376.262 733
376.276 719
376.290 736
376.303 712
376.317 740
376.331 733
376.345 730
376.358 736
376.372 733
376.386 732
376.399 743
376.413 740
376.427 748
376.441 756
376.454 750
376.468 742
376.482 748
376.495 751
376.509 754
376.523 738
376.537 758
376.550 774
376.564 769
376.578 762
376.592 761
376.605 776
376.619 786
376.633 776
376.646 772
376.660 774
376.674 769
376.688 783
376.701 766
376.715 781
376.729 779
376.742 782
376.756 786
376.770 806
376.784 794
376.797 817
376.811 788
376.825 806
376.838 816
376.852 801
376.866 829
376.880 798
376.893 802
376.907 837
376.921 812
376.934 798
376.948 832
376.962 836
376.976 825
376.989 836
377.003 857
377.017 846
377.030 837
377.044 864
377.058 824
377.071 857
377.085 855
377.099 847
377.113 867
377.126 833
377.140 869
377.154 875
377.167 872
377.181 889
377.195 876
377.208 892
377.222 883
377.236 896
377.250 865
377.263 883
377.277 899
377.291 912
377.304 922
377.318 904
377.332 899
377.345 935
377.359 933
377.373 919
377.387 933
377.400 938
377.414 935
377.428 930
377.441 951
377.455 928
377.469 955
377.482 975
377.496 994
377.510 974
377.524 976
377.537 977
377.551 983
377.565 974
377.578 976
377.592 987
377.606 1001
377.619 1012
377.633 988
377.647 990
377.660 1015
377.674 994
377.688 1011
377.701 994
377.715 1010
377.729 1020
377.743 1009
377.756 1021
377.770 1047
377.784 1037
377.797 1014
377.811 1047
377.825 1030
377.838 1034
377.852 1028
377.866 1042
377.879 1057
377.893 1059
377.907 1061
377.920 1045
377.934 1064
377.948 1091
377.961 1057
377.975 1084
377.989 1096
378.002 1093
378.016 1055
378.030 1067
378.044 1100
378.057 1106
378.071 1131
378.085 1106
378.098 1118
378.112 1093
378.126 1104
378.139 1106
378.153 1099
378.167 1098
378.180 1124
378.194 1136
378.208 1125
378.221 1151
378.235 1132
378.249 1142
378.262 1152
378.276 1144
378.290 1143
378.303 1141
378.317 1161
378.331 1164
378.344 1156
378.358 1152
378.372 1155
378.385 1175
378.399 1174
378.413 1194
378.426 1151
378.440 1204
378.454 1166
378.467 1178
378.481 1210
378.495 1202
378.508 1198
378.522 1208
378.536 1218
378.549 1236
378.563 1184
378.577 1202
378.590 1244
378.604 1238
378.618 1224
378.631 1246
378.645 1260
378.659 1236
378.672 1259
378.686 1237
378.700 1251
378.713 1295
378.727 1257
378.740 1280
378.754 1287
378.768 1265
378.781 1329
378.795 1310
378.809 1286
378.822 1353
378.836 1317
378.850 1255
378.863 1301
378.877 1321
378.891 1327
378.904 1324
378.918 1309
378.932 1320
378.945 1326
378.959 1307
378.973 1330
378.986 1316
379.000 1312
379.014 1322
379.027 1312
379.041 1374
379.054 1334
379.068 1362
379.082 1345
379.095 1371
379.109 1365
379.123 1386
379.136 1362
379.150 1378
379.164 1362
379.177 1375
379.191 1388
379.205 1401
379.218 1386
379.232 1386
379.245 1434
379.259 1440
379.273 1409
379.286 1424
379.300 1449
379.314 1431
379.327 1444
379.341 1459
379.355 1442
379.368 1455
379.382 1442
379.396 1451
379.409 1471
379.423 1467
379.436 1507
379.450 1475
379.464 1498
379.477 1509
379.491 1504
379.505 1520
379.518 1503
379.532 1553
379.546 1537
379.559 1586
379.573 1570
379.586 1595
379.600 1585
379.614 1604
379.627 1635
379.641 1611
379.655 1647
379.668 1610
379.682 1597
379.695 1655
379.709 1677
379.723 1679
379.736 1726
379.750 1747
379.764 1788
379.777 1809
379.791 1798
379.804 1835
379.818 1845
379.832 1833
379.845 1807
379.859 1808
379.873 1816
379.886 1821
379.900 1852
379.913 1841
379.927 1899
379.941 1917
379.954 1953
379.968 1974
379.982 1956
379.995 1943
380.009 1963
380.022 2002
380.036 2021
380.050 2021
380.063 2081
380.077 2132
380.090 2210
380.104 2229
380.118 2262
380.131 2247
380.145 2249
380.159 2269
380.172 2247
380.186 2323
380.199 2359
380.213 2409
380.227 2493
380.240 2514
380.254 2417
380.267 2439
380.281 2469
380.295 2461
380.308 2470
380.322 2521
380.336 2528
380.349 2594
380.363 2611
380.376 2589
380.390 2723
380.404 2720
380.417 2725
380.431 2759
380.444 2767
380.458 2761
380.472 2773
380.485 2879
380.499 2924
380.512 2921
380.526 2945
380.540 2986
380.553 2998
380.567 3004
380.580 3065
380.594 3116
380.608 3190
380.621 3329
380.635 3317
380.648 3360
380.662 3320
380.676 3334
380.689 3389
380.703 3411
380.716 3422
380.730 3476
380.744 3588
380.757 3608
380.771 3645
380.784 3692
380.798 3769
380.812 3716
380.825 3780
380.839 3812
380.852 4020
380.866 3991
380.880 4065
380.893 4065
380.907 3966
380.920 3953
380.934 4079
380.948 4105
380.961 4154
380.975 4176
380.988 4185
381.002 4185
381.015 4152
381.029 4257
381.043 4288
381.056 4329
381.070 4362
381.083 4388
381.097 4358
381.111 4473
381.124 4485
381.138 4490
381.151 4535
381.165 4517
381.179 4550
381.192 4560
381.206 4491
381.219 4605
381.233 4626
381.246 4568
381.260 4711
381.274 4723
381.287 4681
381.301 4655
381.314 4661
381.328 4728
381.341 4729
381.355 4829
381.369 4889
381.382 4794
381.396 4908
381.409 4980
381.423 5045
381.437 5084
381.450 5077
381.464 4973
381.477 5012
381.491 5203
381.504 5139
381.518 5113
381.532 5139
381.545 5290
381.559 5385
381.572 5311
381.586 5363
381.599 5346
381.613 5426
381.627 5322
381.640 5402
381.654 5308
381.667 5469
381.681 5540
381.694 5545
381.708 5371
381.722 5338
381.735 5173
381.749 5303
381.762 5356
381.776 5375
381.789 5380
381.803 5373
381.817 5419
381.830 5336
381.844 5405
381.857 5464
381.871 5497
381.884 5484
381.898 5483
381.911 5548
381.925 5533
381.939 5500
381.952 5544
381.966 5522
381.979 5550
381.993 5650
382.006 5687
382.020 5732
382.034 5797
382.047 5773
382.061 5752
382.074 5711
382.088 5739
382.101 5691
382.115 5764
382.128 5722
382.142 5786
382.156 6082
382.169 6123
382.183 6039
382.196 5982
382.210 5983
382.223 5977
382.237 5955
382.250 5978
382.264 6084
382.278 6100
382.291 6174
382.305 6341
382.318 6289
382.332 6315
382.345 6126
382.359 6092
382.372 6047
382.386 6069
382.399 6106
382.413 6134
382.427 6180
382.440 6161
382.454 6256
382.467 6268
382.481 6420
382.494 6444
382.508 6501
382.521 6730
382.535 6629
382.548 6539
382.562 6508
382.576 6622
382.589 6744
382.603 6722
382.616 6673
382.630 6813
382.643 6900
382.657 6990
382.670 7049
382.684 7070
382.697 6866
382.711 7074
382.724 6998
382.738 7050
382.752 7149
382.765 7258
382.779 7352
382.792 7393
382.806 7394
382.819 7490
382.833 7534
382.846 7636
382.860 7713
382.873 7730
382.887 7870
382.900 8043
382.914 7939
382.928 8113
382.941 8241
382.955 8249
382.968 8324
382.982 8436
382.995 8421
383.009 8464
383.022 8682
383.036 8706
383.049 8850
383.063 8885
383.076 8921
383.090 8848
383.103 9220
383.117 9246
383.130 9299
383.144 9407
383.158 9432
383.171 9495
383.185 9556
383.198 9727
383.212 9889
383.225 10148
383.239 10225
383.252 10289
383.266 10454
383.279 10434
383.293 10451
383.306 10716
383.320 10785
383.333 11076
383.347 11335
383.360 11187
383.374 11264
383.387 11386
383.401 11556
383.414 11577
383.428 11556
383.441 11515
383.455 11566
383.468 11769
383.482 11937
383.496 12412
383.509 12635
383.523 12585
383.536 12439
383.550 12504
383.563 12622
383.577 12824
383.590 13127
383.604 13111
383.617 12976
383.631 12962
383.644 12744
383.658 12864
383.671 12840
383.685 12924
383.698 13110
383.712 13291
383.725 13334
383.739 13186
383.752 13357
383.766 13382
383.779 13415
383.793 13440
383.806 13568
383.820 13926
383.833 13979
383.847 13955
383.860 14174
383.874 14399
383.887 14099
383.901 14219
383.914 14444
383.928 14575
383.941 14459
383.955 14264
383.968 14338
383.982 14450
383.995 14565
384.009 14655
384.022 14796
384.036 14938
384.049 14818
384.063 15120
384.076 15273
384.090 15751
384.103 16094
384.117 16304
384.130 16276
384.144 15946
384.157 15882
384.171 15699
384.184 16064
384.198 16084
384.211 16174
384.225 16406
384.238 16957
384.252 17088
384.265 17189
384.279 17175
384.292 17408
384.306 17467
384.319 17457
384.333 17663
384.346 17459
384.360 17466
384.373 17698
384.387 17693
384.400 17901
384.414 18070
384.427 18235
384.441 18328
384.454 18352
384.468 18447
384.481 18624
384.495 18863
384.508 18905
384.522 18979
384.535 19184
384.549 19321
384.562 19169
384.575 19253
384.589 19717
384.602 20320
384.616 20745
384.629 20793
384.643 20903
384.656 21023
384.670 21048
384.683 20755
384.697 20891
384.710 20982
384.724 21144
384.737 21088
384.751 21326
384.764 21270
384.778 21399
384.791 21411
384.805 21279
384.818 21530
384.832 21193
384.845 21106
384.859 20910
384.872 20631
384.885 20156
384.899 19988
384.912 19724
384.926 19704
384.939 19548
384.953 19368
384.966 18981
384.980 18951
384.993 18662
385.007 18603
385.020 18142
385.034 17892
385.047 17571
385.061 17058
385.074 16893
385.088 16301
385.101 16236
385.114 15684
385.128 15391
385.141 15013
385.155 14813
385.168 14742
385.182 14634
385.195 14190
385.209 13823
385.222 13188
385.236 12735
385.249 12339
385.263 11972
385.276 11571
385.290 11091
385.303 10692
385.316 10530
385.330 10100
385.343 9957
385.357 9602
385.370 9305
385.384 8833
385.397 8638
385.411 8302
385.424 8067
385.438 7845
385.451 7588
385.464 7540
385.478 7298
385.491 7043
385.505 6882
385.518 6729
385.532 6424
385.545 6165
385.559 5952
385.572 5897
385.586 5774
385.599 5652
385.612 5635
385.626 5366
385.639 5234
385.653 5142
385.666 5162
385.680 5083
385.693 4949
385.707 4714
385.720 4616
385.734 4552
385.747 4415
385.760 4348
385.774 4230
385.787 4225
385.801 4048
385.814 3890
385.828 3757
385.841 3803
385.855 3714
385.868 3616
385.881 3586
385.895 3521
385.908 3459
385.922 3449
385.935 3297
385.949 3282
385.962 3194
385.976 3139
385.989 3131
386.002 3225
386.016 3113
386.029 3200
386.043 3044
386.056 2964
386.070 2942
386.083 2948
386.097 2923
386.110 2941
386.123 2914
386.137 2883
386.150 2777
386.164 2736
386.177 2799
386.191 2808
386.204 2704
386.217 2585
386.231 2632
386.244 2604
386.258 2633
386.271 2664
386.285 2635
386.298 2502
386.311 2552
386.325 2423
386.338 2448
386.352 2464
386.365 2405
386.379 2396
386.392 2356
386.405 2361
386.419 2339
386.432 2309
386.446 2293
386.459 2304
386.473 2346
386.486 2308
386.499 2215
386.513 2278
386.526 2261
386.540 2196
386.553 2214
386.567 2147
386.580 2245
386.593 2210
386.607 2244
386.620 2249
386.634 2163
386.647 2216
386.661 2134
386.674 2089
386.687 2122
386.701 2064
386.714 2092
386.728 2088
386.741 2038
386.754 2018
386.768 2006
386.781 2044
386.795 2026
386.808 1979
386.822 1949
386.835 1970
386.848 1911
386.862 1905
386.875 1934
386.889 1929
386.902 1921
386.915 1888
386.929 1938
386.942 1907
386.956 1870
386.969 1890
386.983 1859
386.996 1859
387.009 1821
387.023 1809
387.036 1817
387.050 1814
387.063 1833
387.076 1877
387.090 1863
387.103 1828
387.117 1832
387.130 1781
387.143 1810
387.157 1856
387.170 1769
387.184 1771
387.197 1759
387.210 1747
387.224 1782
387.237 1681
387.251 1703
387.264 1725
387.278 1667
387.291 1697
387.304 1706
387.318 1671
387.331 1695
387.345 1670
387.358 1718
387.371 1663
387.385 1662
387.398 1655
387.412 1619
387.425 1622
387.438 1592
387.452 1572
387.465 1543
387.478 1588
387.492 1575
387.505 1560
387.519 1577
387.532 1588
387.545 1580
387.559 1609
387.572 1619
387.586 1544
387.599 1554
387.612 1586
387.626 1578
387.639 1570
387.653 1547
387.666 1531
387.679 1492
387.693 1475
387.706 1509
387.720 1468
387.733 1473
387.746 1504
387.760 1526
387.773 1478
387.787 1491
387.800 1496
387.813 1451
387.827 1434
387.840 1457
387.853 1372
387.867 1416
387.880 1476
387.894 1419
387.907 1489
387.920 1432
387.934 1435
387.947 1397
387.961 1466
387.974 1390
387.987 1375
388.001 1371
388.014 1403
388.027 1364
388.041 1346
388.054 1359
388.068 1319
388.081 1315
388.094 1323
388.108 1360
388.121 1277
388.134 1327
388.148 1313
388.161 1291
388.175 1298
388.188 1258
388.201 1269
388.215 1212
388.228 1235
388.241 1221
388.255 1241
388.268 1228
388.282 1188
388.295 1210
388.308 1199
388.322 1193
388.335 1137
388.348 1164
388.362 1137
388.375 1161
388.389 1120
388.402 1164
388.415 1148
388.429 1172
388.442 1111
388.455 1139
388.469 1116
388.482 1152
388.495 1101
388.509 1116
388.522 1062
388.536 1118
388.549 1094
388.562 1080
388.576 1061
388.589 1063
388.602 1050
388.616 1055
388.629 1079
388.642 1053
388.656 1063
388.669 1039
388.683 1029
388.696 1083
388.709 1024
388.723 1000
388.736 1024
388.749 1000
388.763 996
388.776 1006
388.789 990
388.803 997
388.816 1018
388.829 1016
388.843 970
388.856 980
388.870 983
388.883 954
388.896 996
388.910 987
388.923 982
388.936 974
388.950 972
388.963 994
388.976 993
388.990 963
389.003 991
389.016 988
389.030 1014
389.043 988
389.056 1000
389.070 974
389.083 996
389.097 971
389.110 977
389.123 960
389.137 982
389.150 1001
389.163 954
389.177 981
389.190 969
389.203 971
389.217 965
389.230 948
389.243 979
389.257 987
389.270 955
389.283 937
389.297 944
389.310 950
389.323 948
389.337 917
389.350 965
389.363 946
389.377 967
389.390 981
389.403 944
389.417 961
389.430 962
389.443 930
389.457 960
389.470 965
389.483 944
389.497 974
389.510 973
389.523 974
389.537 949
389.550 953
389.563 938
389.577 941
389.590 928
389.603 922
389.617 947
389.630 921
389.643 936
389.657 946
389.670 948
389.683 944
389.697 949
389.710 930
389.723 934
389.737 949
389.750 948
389.763 921
389.777 955
389.790 914
389.803 924
389.817 911
389.830 903
389.843 934
389.857 929
389.870 928
389.883 902
389.897 881
389.910 915
389.923 914
389.937 905
389.950 896
389.963 910
389.977 914
389.990 916
390.003 938
390.017 925
390.030 896
390.043 916
390.057 887
390.070 879
390.083 915
390.096 879
390.110 898
390.123 885
390.136 902
390.150 881
390.163 903
390.176 911
390.190 903
390.203 890
390.216 886
390.230 900
390.243 891
390.256 877
390.270 880
390.283 895
390.296 881
390.310 876
390.323 893
390.336 886
390.349 877
390.363 862
390.376 882
390.389 880
390.403 875
390.416 863
390.429 863
390.443 862
390.456 843
390.469 852
390.483 866
390.496 851
390.509 837
390.522 833
390.536 859
390.549 850
390.562 836
390.576 817
390.589 846
390.602 826
390.616 837
390.629 847
390.642 844
390.655 829
390.669 828
390.682 853
390.695 833
390.709 837
390.722 840
390.735 836
390.749 820
390.762 834
390.775 843
390.788 811
390.802 809
390.815 815
390.828 814
390.842 815
390.855 832
390.868 807
390.882 826
390.895 794
390.908 816
390.921 805
390.935 798
390.948 794
390.961 794
390.975 794
390.988 799
391.001 770
391.014 787
391.028 793
391.041 767
391.054 773
391.068 790
391.081 773
391.094 769
391.107 785
391.121 766
391.134 784
391.147 779
391.161 755
391.174 755
391.187 773
391.200 739
391.214 750
391.227 759
391.240 757
391.254 740
391.267 748
391.280 744
391.293 756
391.307 744
391.320 739
391.333 740
391.347 733
391.360 732
391.373 737
391.386 730
391.400 735
391.413 723
391.426 736
391.440 718
391.453 719
391.466 727
391.479 719
391.493 723
391.506 722
391.519 718
391.532 735
391.546 722
391.559 712
391.572 703
391.586 712
391.599 709
391.612 692
391.625 711
391.639 713
391.652 707
391.665 705
391.678 722
391.692 699
391.705 707
391.718 712
391.732 702
391.745 705
391.758 706
391.771 693
391.785 700
391.798 702
391.811 698
391.824 709
391.838 697
391.851 714
391.864 697
391.877 706
391.891 687
391.904 693
391.917 694
391.931 687
391.944 685
391.957 690
391.970 703
391.984 697
391.997 692
392.010 696
392.023 686
392.037 694
392.050 686
392.063 684
392.076 668
392.090 694
392.103 687
392.116 679
392.129 678
392.143 696
392.156 670
392.169 684
392.182 683
392.196 668
392.209 678
392.222 686
392.235 681
392.249 672
392.262 685
392.275 681
392.288 681
392.302 678
392.315 683
392.328 672
392.341 685
392.355 674
392.368 671
392.381 676
392.394 695
392.408 683
392.421 664
392.434 681
392.447 681
392.461 674
392.474 665
392.487 678
392.500 671
392.514 674
392.527 674
392.540 685
392.553 676
392.567 674
392.580 676
392.593 677
392.606 679
392.620 690
392.633 675
392.646 672
392.659 683
392.673 672
392.686 669
392.699 675
392.712 675
392.726 678
392.739 669
392.752 678
392.765 691
392.778 668
392.792 672
392.805 670
392.818 681
392.831 671
392.845 664
392.858 681
392.871 678
392.884 680
392.898 670
392.911 665
392.924 678
392.937 682
392.951 680
392.964 677
392.977 665
392.990 671
393.003 678
393.017 663
393.030 667
393.043 661
393.056 657
393.070 686
393.083 661
393.096 690
393.109 673
393.122 658
393.136 667
393.149 668
393.162 676
393.175 677
393.189 674
393.202 668
393.215 673
393.228 662
393.242 663
393.255 654
393.268 662
393.281 664
393.294 660
393.308 662
393.321 664
393.334 665
393.347 664
393.360 657
393.374 665
393.387 662
393.400 668
393.413 662
393.427 671
393.440 660
393.453 663
393.466 662
393.479 651
393.493 664
393.506 669
393.519 655
393.532 654
393.546 659
393.559 674
393.572 658
393.585 663
393.598 669
393.612 667
393.625 662
393.638 680
393.651 654
393.664 674
393.678 664
393.691 661
393.704 658
393.717 673
393.730 670
393.744 650
393.757 664
393.770 650
393.783 655
393.796 660
393.810 657
393.823 662
393.836 661
393.849 666
393.863 658
393.876 659
393.889 661
393.902 657
393.915 651
393.929 661
