375.891 689
375.905 690
375.919 703
375.933 687
375.946 696
375.960 701
375.974 695
375.987 698
376.001 692
376.015 705
376.029 688
376.042 702
376.056 706
376.070 697
376.084 711
376.097 697
376.111 706
376.125 705
376.139 710
376.152 701
376.166 708
376.180 716
376.193 716
376.207 715
376.221 720
376.235 711
376.248 720
376.262 718
376.276 726
376.290 724
376.303 725
376.317 713
376.331 705
376.345 727
376.358 742
376.372 745
376.386 739
376.399 744
376.413 736
376.427 744
376.441 737
376.454 732
376.468 748
376.482 754
376.495 744
376.509 735
376.523 756
376.537 756
376.550 772
376.564 767
376.578 751
376.592 772
376.605 765
376.619 775
376.633 756
376.646 768
376.660 760
376.674 756
376.688 758
376.701 781
376.715 774
376.729 781
376.742 799
376.756 778
376.770 784
376.784 763
376.797 786
376.811 780
376.825 794
376.838 818
376.852 791
376.866 788
376.880 792
376.893 806
376.907 799
376.921 825
376.934 808
376.948 807
376.962 821
376.976 818
376.989 807
377.003 826
377.017 843
377.030 828
377.044 842
377.058 852
377.071 842
377.085 836
377.099 857
377.113 845
377.126 869
377.140 864
377.154 874
377.167 863
377.181 877
377.195 895
377.208 863
377.222 884
377.236 878
377.250 885
377.263 904
377.277 863
377.291 904
377.304 905
377.318 891
377.332 896
377.345 892
377.359 898
377.373 916
377.387 903
377.400 930
377.414 927
377.428 909
377.441 907
377.455 936
377.469 929
377.482 948
377.496 965
377.510 948
377.524 979
377.537 981
377.551 970
377.565 948
377.578 964
377.592 969
377.606 958
377.619 974
377.633 966
377.647 972
377.660 982
377.674 974
377.688 997
377.701 980
377.715 986
377.729 991
377.743 1018
377.756 1012
377.770 1016
377.784 1020
377.797 1008
377.811 1025
377.825 1003
377.838 1010
377.852 1026
377.866 1050
377.879 1046
377.893 1036
377.907 1072
377.920 1050
377.934 1039
377.948 1050
377.961 1039
377.975 1065
377.989 1067
378.002 1078
378.016 1063
378.030 1065
378.044 1064
378.057 1076
378.071 1054
378.085 1065
378.098 1074
378.112 1076
378.126 1062
378.139 1067
378.153 1104
378.167 1078
378.180 1109
378.194 1086
378.208 1100
378.221 1098
378.235 1106
378.249 1107
378.262 1103
378.276 1103
378.290 1120
378.303 1131
378.317 1124
378.331 1119
378.344 1145
378.358 1129
378.372 1107
378.385 1164
378.399 1141
378.413 1178
378.426 1179
378.440 1160
378.454 1173
378.467 1157
378.481 1163
378.495 1154
378.508 1175
378.522 1157
378.536 1158
378.549 1160
378.563 1139
378.577 1179
378.590 1169
378.604 1166
378.618 1180
378.631 1212
378.645 1164
378.659 1179
378.672 1179
378.686 1193
378.700 1267
378.713 1250
378.727 1241
378.740 1226
378.754 1197
378.768 1266
378.781 1220
378.795 1246
378.809 1267
378.822 1246
378.836 1262
378.850 1232
378.863 1245
378.877 1238
378.891 1260
378.904 1250
378.918 1257
378.932 1261
378.945 1273
378.959 1253
378.973 1238
378.986 1279
379.000 1293
379.014 1284
379.027 1255
379.041 1261
379.054 1293
379.068 1289
379.082 1294
379.095 1265
379.109 1312
379.123 1288
379.136 1312
379.150 1287
379.164 1323
379.177 1302
379.191 1326
379.205 1332
379.218 1301
379.232 1332
379.245 1312
379.259 1335
379.273 1351
379.286 1355
379.300 1359
379.314 1315
379.327 1374
379.341 1396
379.355 1362
379.368 1350
379.382 1373
379.396 1375
379.409 1392
379.423 1368
379.436 1410
379.450 1413
379.464 1414
379.477 1408
379.491 1410
379.505 1465
379.518 1429
379.532 1465
379.546 1494
379.559 1488
379.573 1499
379.586 1479
379.600 1451
379.614 1507
379.627 1537
379.641 1490
379.655 1543
379.668 1539
379.682 1541
379.695 1572
379.709 1562
379.723 1562
379.736 1619
379.750 1640
379.764 1700
379.777 1669
379.791 1683
379.804 1653
379.818 1716
379.832 1676
379.845 1650
379.859 1680
379.873 1691
379.886 1698
379.900 1703
379.913 1720
379.927 1759
379.941 1771
379.954 1750
379.968 1813
379.982 1803
379.995 1822
380.009 1849
380.022 1842
380.036 1838
380.050 1846
380.063 1928
380.077 1980
380.090 2038
380.104 2009
380.118 2071
380.131 2076
380.145 2132
380.159 2126
380.172 2142
380.186 2139
380.199 2209
380.213 2208
380.227 2277
380.240 2332
380.254 2181
380.267 2220
380.281 2260
380.295 2314
380.308 2272
380.322 2305
380.336 2337
380.349 2326
380.363 2412
380.376 2397
380.390 2432
380.404 2463
380.417 2537
380.431 2476
380.444 2522
380.458 2552
380.472 2570
380.485 2660
380.499 2650
380.512 2698
380.526 2713
380.540 2695
380.553 2691
380.567 2725
380.580 2745
380.594 2826
380.608 2881
380.621 3047
380.635 3029
380.648 2970
380.662 3008
380.676 3093
380.689 3104
380.703 3110
380.716 3189
380.730 3188
380.744 3166
380.757 3304
380.771 3353
380.784 3341
380.798 3424
380.812 3376
380.825 3453
380.839 3521
380.852 3548
380.866 3652
380.880 3614
380.893 3654
380.907 3660
380.920 3590
380.934 3731
380.948 3732
380.961 3695
380.975 3809
380.988 3770
381.002 3766
381.015 3787
381.029 3836
381.043 3847
381.056 3959
381.070 3968
381.083 3906
381.097 3934
381.111 4038
381.124 4088
381.138 4114
381.151 4026
381.165 4105
381.179 4037
381.192 4135
381.206 4124
381.219 4180
381.233 4160
381.246 4208
381.260 4222
381.274 4207
381.287 4253
381.301 4295
381.314 4181
381.328 4334
381.341 4350
381.355 4359
381.369 4374
381.382 4378
381.396 4483
381.409 4542
381.423 4507
381.437 4588
381.450 4588
381.464 4643
381.477 4598
381.491 4690
381.504 4633
381.518 4660
381.532 4731
381.545 4751
381.559 4910
381.572 4842
381.586 4975
381.599 4904
381.613 4911
381.627 4863
381.640 4886
381.654 4881
381.667 4943
381.681 5004
381.694 4849
381.708 4810
381.722 4799
381.735 4811
381.749 4809
381.762 4802
381.776 4834
381.789 4813
381.803 4865
381.817 4890
381.830 4880
381.844 4914
381.857 5023
381.871 4987
381.884 5007
381.898 4902
381.911 4986
381.925 4987
381.939 4996
381.952 5007
381.966 5036
381.979 4999
381.993 5149
382.006 5236
382.020 5209
382.034 5327
382.047 5165
382.061 5092
382.074 5136
382.088 5156
382.101 5003
382.115 5150
382.128 5195
382.142 5369
382.156 5501
382.169 5538
382.183 5447
382.196 5429
382.210 5428
382.223 5340
382.237 5501
382.250 5469
382.264 5438
382.278 5522
382.291 5649
382.305 5591
382.318 5710
382.332 5723
382.345 5512
382.359 5326
382.372 5477
382.386 5490
382.399 5442
382.413 5431
382.427 5628
382.440 5630
382.454 5599
382.467 5605
382.481 5798
382.494 5884
382.508 5879
382.521 6046
382.535 5894
382.548 5811
382.562 5977
382.576 5867
382.589 5885
382.603 6047
382.616 6033
382.630 6119
382.643 6184
382.657 6143
382.670 6213
382.684 6268
382.697 6303
382.711 6319
382.724 6413
382.738 6365
382.752 6470
382.765 6533
382.779 6482
382.792 6655
382.806 6615
382.819 6677
382.833 6778
382.846 6805
382.860 6862
382.873 6829
382.887 6949
382.900 7068
382.914 7026
382.928 7171
382.941 7195
382.955 7294
382.968 7319
382.982 7548
382.995 7572
383.009 7558
383.022 7671
383.036 7630
383.049 7778
383.063 7822
383.076 7864
383.090 8082
383.103 8002
383.117 8198
383.130 8144
383.144 8296
383.158 8402
383.171 8479
383.185 8429
383.198 8609
383.212 8715
383.225 8908
383.239 9013
383.252 9049
383.266 9144
383.279 9194
383.293 9276
383.306 9362
383.320 9521
383.333 9777
383.347 9949
383.360 9917
383.374 9900
383.387 10171
383.401 10208
383.414 10135
383.428 10295
383.441 10268
383.455 10374
383.468 10366
383.482 10664
383.496 11065
383.509 11258
383.523 11216
383.536 11377
383.550 11492
383.563 11383
383.577 11606
383.590 11850
383.604 12015
383.617 11695
383.631 11867
383.644 11685
383.658 11647
383.671 11798
383.685 11926
383.698 12108
383.712 12204
383.725 12315
383.739 12480
383.752 12530
383.766 12553
383.779 12541
383.793 12697
383.806 12898
383.820 13401
383.833 13506
383.847 13484
383.860 13762
383.874 13979
383.887 13484
383.901 13759
383.914 13943
383.928 14044
383.941 14193
383.955 13962
383.968 14049
383.982 14202
383.995 14378
384.009 14449
384.022 14470
384.036 14629
384.049 14962
384.063 15084
384.076 15322
384.090 15817
384.103 16262
384.117 16414
384.130 16189
384.144 16156
384.157 16240
384.171 16214
384.184 16450
384.198 16506
384.211 16651
384.225 16886
384.238 17385
384.252 17651
384.265 17647
384.279 17911
384.292 17872
384.306 18449
384.319 18406
384.333 18421
384.346 18327
384.360 18531
384.373 18764
384.387 18914
384.400 19053
384.414 19350
384.427 19436
384.441 19612
384.454 19827
384.468 19864
384.481 20200
384.495 20145
384.508 20455
384.522 20606
384.535 20832
384.549 21152
384.562 21060
384.575 21529
384.589 22061
384.602 22879
384.616 23154
384.629 23275
384.643 23547
384.656 23615
384.670 23910
384.683 23856
384.697 23750
384.710 23967
384.724 23904
384.737 24360
384.751 24263
384.764 24658
384.778 24770
384.791 24917
384.805 24916
384.818 24939
384.832 25054
384.845 24932
384.859 24995
384.872 24519
384.885 24145
384.899 23989
384.912 23879
384.926 23818
384.939 23645
384.953 23192
384.966 23086
384.980 23034
384.993 22764
385.007 22744
385.020 22259
385.034 22088
385.047 21548
385.061 21054
385.074 20752
385.088 20146
385.101 19613
385.114 19221
385.128 18700
385.141 18226
385.155 17925
385.168 17906
385.182 17540
385.195 17003
385.209 16408
385.222 15595
385.236 14952
385.249 14499
385.263 14114
385.276 13510
385.290 12914
385.303 12378
385.316 11938
385.330 11722
385.343 11331
385.357 10871
385.370 10555
385.384 10099
385.397 9860
385.411 9509
385.424 9129
385.438 8920
385.451 8595
385.464 8522
385.478 8285
385.491 7961
385.505 7777
385.518 7568
385.532 7324
385.545 7007
385.559 6804
385.572 6625
385.586 6561
385.599 6406
385.612 6292
385.626 6165
385.639 5921
385.653 5844
385.666 5937
385.680 5744
385.693 5438
385.707 5423
385.720 5317
385.734 5227
385.747 5046
385.760 4917
385.774 4947
385.787 4892
385.801 4640
385.814 4479
385.828 4391
385.841 4381
385.855 4306
385.868 4207
385.881 4020
385.895 4015
385.908 3981
385.922 3952
385.935 3890
385.949 3797
385.962 3693
385.976 3712
385.989 3760
386.002 3712
386.016 3693
386.029 3584
386.043 3525
386.056 3434
386.070 3383
386.083 3368
386.097 3371
386.110 3341
386.123 3330
386.137 3247
386.150 3211
386.164 3198
386.177 3104
386.191 3182
386.204 3031
386.217 3006
386.231 2997
386.244 3047
386.258 2989
386.271 3013
386.285 3036
386.298 2936
386.311 2899
386.325 2809
386.338 2802
386.352 2765
386.365 2779
386.379 2773
386.392 2677
386.405 2682
386.419 2682
386.432 2608
386.446 2687
386.459 2661
386.473 2617
386.486 2497
386.499 2534
386.513 2532
386.526 2531
386.540 2494
386.553 2482
386.567 2474
386.580 2512
386.593 2501
386.607 2542
386.620 2597
386.634 2494
386.647 2548
386.661 2494
386.674 2381
386.687 2437
386.701 2354
386.714 2335
386.728 2333
386.741 2357
386.754 2318
386.768 2272
386.781 2299
386.795 2223
386.808 2229
386.822 2224
386.835 2234
386.848 2220
386.862 2189
386.875 2216
386.889 2173
386.902 2155
386.915 2196
386.929 2150
386.942 2138
386.956 2162
386.969 2135
386.983 2158
386.996 2083
387.009 2115
387.023 2127
387.036 2071
387.050 2132
387.063 2138
387.076 2044
387.090 2066
387.103 2134
387.117 2055
387.130 2082
387.143 2105
387.157 2126
387.170 2057
387.184 2017
387.197 2048
387.210 2041
387.224 2030
387.237 1999
387.251 1953
387.264 1953
387.278 1930
387.291 1946
387.304 1961
387.318 1966
387.331 1936
387.345 1963
387.358 1970
387.371 1908
387.385 1940
387.398 1888
387.412 1880
387.425 1917
387.438 1910
387.452 1883
387.465 1824
387.478 1811
387.492 1797
387.505 1819
387.519 1848
387.532 1892
387.545 1899
387.559 1897
387.572 1897
387.586 1858
387.599 1870
387.612 1889
387.626 1916
387.639 1876
387.653 1878
387.666 1822
387.679 1735
387.693 1737
387.706 1740
387.720 1772
387.733 1782
387.746 1770
387.760 1743
387.773 1762
387.787 1736
387.800 1782
387.813 1696
387.827 1664
387.840 1692
387.853 1686
387.867 1635
387.880 1719
387.894 1728
387.907 1701
387.920 1642
387.934 1656
387.947 1655
387.961 1636
387.974 1624
387.987 1593
388.001 1575
388.014 1565
388.027 1591
388.041 1589
388.054 1532
388.068 1527
388.081 1517
388.094 1502
388.108 1517
388.121 1503
388.134 1472
388.148 1467
388.161 1452
388.175 1430
388.188 1424
388.201 1437
388.215 1422
388.228 1364
388.241 1397
388.255 1352
388.268 1337
388.282 1377
388.295 1326
388.308 1308
388.322 1302
388.335 1276
388.348 1288
388.362 1290
388.375 1284
388.389 1269
388.402 1271
388.415 1282
388.429 1281
388.442 1272
388.455 1267
388.469 1277
388.482 1241
388.495 1266
388.509 1257
388.522 1249
388.536 1248
388.549 1215
388.562 1197
388.576 1184
388.589 1170
388.602 1192
388.616 1177
388.629 1147
388.642 1178
388.656 1161
388.669 1134
388.683 1159
388.696 1150
388.709 1148
388.723 1150
388.736 1113
388.749 1132
388.763 1095
388.776 1113
388.789 1126
388.803 1100
388.816 1113
388.829 1078
388.843 1121
388.856 1064
388.870 1102
388.883 1107
388.896 1073
388.910 1094
388.923 1095
388.936 1082
388.950 1115
388.963 1102
388.976 1089
388.990 1102
389.003 1089
389.016 1079
389.030 1081
389.043 1112
389.056 1115
389.070 1107
389.083 1075
389.097 1074
389.110 1098
389.123 1079
389.137 1090
389.150 1061
389.163 1059
389.177 1089
389.190 1066
389.203 1052
389.217 1058
389.230 1086
389.243 1085
389.257 1066
389.270 1069
389.283 1077
389.297 1070
389.310 1066
389.323 1085
389.337 1053
389.350 1053
389.363 1084
389.377 1039
389.390 1062
389.403 1056
389.417 1041
389.430 1027
389.443 1049
389.457 1040
389.470 1042
389.483 1075
389.497 1077
389.510 1047
389.523 1086
389.537 1052
389.550 1031
389.563 1041
389.577 997
389.590 1011
389.603 1025
389.617 985
389.630 1022
389.643 1020
389.657 1014
389.670 1028
389.683 1015
389.697 991
389.710 981
389.723 986
389.737 1036
389.750 1009
389.763 1024
389.777 994
389.790 1000
389.803 1010
389.817 998
389.830 987
389.843 1005
389.857 979
389.870 962
389.883 947
389.897 976
389.910 981
389.923 974
389.937 988
389.950 972
389.963 971
389.977 964
389.990 981
390.003 963
390.017 947
390.030 967
390.043 961
390.057 940
390.070 933
390.083 938
390.096 931
390.110 938
390.123 950
390.136 967
390.150 974
390.163 950
390.176 971
390.190 938
390.203 942
390.216 948
390.230 919
390.243 924
390.256 941
390.270 917
390.283 923
390.296 956
390.310 926
390.323 927
390.336 919
390.349 924
390.363 919
390.376 922
390.389 921
390.403 927
390.416 913
390.429 906
390.443 909
390.456 910
390.469 905
390.483 926
390.496 894
390.509 900
390.522 900
390.536 897
390.549 902
390.562 901
390.576 910
390.589 883
390.602 888
390.616 893
390.629 862
390.642 898
390.655 883
390.669 890
390.682 885
390.695 871
390.709 892
390.722 861
390.735 867
390.749 870
390.762 878
390.775 871
390.788 863
390.802 868
390.815 864
390.828 856
390.842 868
390.855 864
390.868 862
390.882 869
390.895 854
390.908 834
390.921 836
390.935 850
390.948 845
390.961 845
390.975 842
390.988 841
391.001 823
391.014 826
391.028 820
391.041 831
391.054 822
391.068 827
391.081 803
391.094 815
391.107 820
391.121 806
391.134 802
391.147 817
391.161 798
391.174 804
391.187 812
391.200 799
391.214 793
391.227 794
391.240 787
391.254 778
391.267 775
391.280 777
391.293 772
391.307 765
391.320 761
391.333 785
391.347 762
391.360 765
391.373 764
391.386 772
391.400 769
391.413 766
391.426 761
391.440 756
391.453 753
391.466 748
391.479 742
391.493 750
391.506 760
391.519 747
391.532 750
391.546 770
391.559 759
391.572 751
391.586 746
391.599 742
391.612 741
391.625 742
391.639 753
391.652 741
391.665 729
391.678 753
391.692 736
391.705 731
391.718 714
391.732 729
391.745 732
391.758 736
391.771 727
391.785 725
391.798 736
391.811 725
391.824 720
391.838 713
391.851 709
391.864 710
391.877 715
391.891 721
391.904 720
391.917 705
391.931 708
391.944 714
391.957 715
391.970 709
391.984 712
391.997 719
392.010 716
392.023 714
392.037 701
392.050 698
392.063 712
392.076 714
392.090 709
392.103 712
392.116 712
392.129 705
392.143 718
392.156 708
392.169 699
392.182 712
392.196 701
392.209 712
392.222 701
392.235 702
392.249 704
392.262 702
392.275 699
392.288 705
392.302 697
392.315 703
392.328 705
392.341 695
392.355 698
392.368 702
392.381 698
392.394 690
392.408 701
392.421 712
392.434 699
392.447 703
392.461 706
392.474 705
392.487 704
392.500 691
392.514 697
392.527 700
392.540 701
392.553 702
392.567 700
392.580 693
392.593 699
392.606 695
392.620 690
392.633 698
392.646 697
392.659 693
392.673 690
392.686 688
392.699 682
392.712 697
392.726 693
392.739 690
392.752 680
392.765 696
392.778 683
392.792 692
392.805 688
392.818 694
392.831 704
392.845 690
392.858 685
392.871 696
392.884 696
392.898 688
392.911 699
392.924 691
392.937 705
392.951 698
392.964 689
392.977 697
392.990 681
393.003 688
393.017 689
393.030 690
393.043 686
393.056 676
393.070 688
393.083 691
393.096 690
393.109 686
393.122 686
393.136 683
393.149 693
393.162 690
393.175 686
393.189 694
393.202 675
393.215 698
393.228 679
393.242 684
393.255 676
393.268 692
393.281 678
393.294 687
393.308 680
393.321 684
393.334 676
393.347 692
393.360 684
393.374 680
393.387 686
393.400 689
393.413 679
393.427 693
393.440 676
393.453 672
393.466 677
393.479 686
393.493 688
393.506 683
393.519 675
393.532 676
393.546 678
393.559 679
393.572 687
393.585 683
393.598 690
393.612 690
393.625 682
393.638 677
393.651 681
393.664 673
393.678 690
393.691 681
393.704 695
393.717 679
393.730 668
393.744 687
393.757 667
393.770 673
393.783 672
393.796 682
393.810 674
393.823 683
393.836 670
393.849 661
393.863 679
393.876 686
393.889 671
393.902 683
393.915 677
393.929 673
