375.891 707
375.905 716
375.919 720
375.933 717
375.946 702
375.960 729
375.974 735
375.987 718
376.001 726
376.015 728
376.029 733
376.042 722
376.056 732
376.070 729
376.084 730
376.097 744
376.111 725
376.125 731
376.139 743
376.152 746
376.166 729
376.180 720
376.193 747
376.207 746
376.221 751
376.235 733
376.248 748
376.262 748
376.276 763
376.290 763
376.303 743
376.317 759
376.331 768
376.345 759
376.358 753
376.372 762
376.386 748
376.399 752
376.413 765
376.427 772
376.441 770
376.454 773
376.468 774
376.482 781
376.495 796
376.509 796
376.523 794
376.537 799
376.550 779
376.564 809
376.578 803
376.592 794
376.605 804
376.619 814
376.633 815
376.646 806
376.660 808
376.674 818
376.688 804
376.701 816
376.715 834
376.729 841
376.742 834
376.756 829
376.770 832
376.784 837
376.797 860
376.811 849
376.825 849
376.838 852
376.852 845
376.866 854
376.880 851
376.893 864
376.907 869
376.921 866
376.934 883
376.948 866
376.962 879
376.976 872
376.989 898
377.003 885
377.017 905
377.030 933
377.044 907
377.058 916
377.071 927
377.085 920
377.099 913
377.113 912
377.126 927
377.140 912
377.154 922
377.167 936
377.181 954
377.195 952
377.208 944
377.222 973
377.236 949
377.250 959
377.263 951
377.277 975
377.291 988
377.304 996
377.318 994
377.332 1007
377.345 1002
377.359 977
377.373 996
377.387 993
377.400 1026
377.414 997
377.428 1039
377.441 1014
377.455 1010
377.469 1040
377.482 1028
377.496 1042
377.510 1060
377.524 1053
377.537 1074
377.551 1054
377.565 1082
377.578 1068
377.592 1084
377.606 1063
377.619 1058
377.633 1069
377.647 1076
377.660 1103
377.674 1099
377.688 1107
377.701 1100
377.715 1105
377.729 1096
377.743 1092
377.756 1113
377.770 1089
377.784 1125
377.797 1131
377.811 1103
377.825 1114
377.838 1135
377.852 1114
377.866 1159
377.879 1140
377.893 1125
377.907 1141
377.920 1145
377.934 1155
377.948 1163
377.961 1171
377.975 1160
377.989 1143
378.002 1148
378.016 1210
378.030 1145
378.044 1166
378.057 1198
378.071 1174
378.085 1203
378.098 1210
378.112 1216
378.126 1178
378.139 1193
378.153 1210
378.167 1185
378.180 1241
378.194 1220
378.208 1210
378.221 1220
378.235 1247
378.249 1241
378.262 1245
378.276 1251
378.290 1210
378.303 1262
378.317 1257
378.331 1255
378.344 1234
378.358 1270
378.372 1257
378.385 1277
378.399 1291
378.413 1320
378.426 1268
378.440 1302
378.454 1274
378.467 1279
378.481 1300
378.495 1296
378.508 1303
378.522 1299
378.536 1307
378.549 1315
378.563 1304
378.577 1329
378.590 1332
378.604 1281
378.618 1349
378.631 1326
378.645 1335
378.659 1337
378.672 1376
378.686 1358
378.700 1393
378.713 1388
378.727 1394
378.740 1416
378.754 1385
378.768 1386
378.781 1413
378.795 1412
378.809 1425
378.822 1392
378.836 1416
378.850 1382
378.863 1365
378.877 1399
378.891 1414
378.904 1436
378.918 1403
378.932 1415
378.945 1405
378.959 1409
378.973 1420
378.986 1459
379.000 1441
379.014 1409
379.027 1451
379.041 1415
379.054 1448
379.068 1419
379.082 1469
379.095 1439
379.109 1420
379.123 1465
379.136 1401
379.150 1431
379.164 1476
379.177 1462
379.191 1480
379.205 1472
379.218 1474
379.232 1504
379.245 1520
379.259 1512
379.273 1493
379.286 1543
379.300 1538
379.314 1524
379.327 1539
379.341 1540
379.355 1514
379.368 1549
379.382 1546
379.396 1575
379.409 1583
379.423 1559
379.436 1585
379.450 1596
379.464 1618
379.477 1619
379.491 1572
379.505 1611
379.518 1668
379.532 1670
379.546 1664
379.559 1684
379.573 1636
379.586 1698
379.600 1670
379.614 1684
379.627 1712
379.641 1728
379.655 1758
379.668 1724
379.682 1743
379.695 1722
379.709 1719
379.723 1774
379.736 1854
379.750 1943
379.764 1885
379.777 1894
379.791 1897
379.804 1968
379.818 1924
379.832 1923
379.845 1898
379.859 1866
379.873 1872
379.886 1860
379.900 1968
379.913 1960
379.927 1947
379.941 1990
379.954 2074
379.968 2062
379.982 2034
379.995 2085
380.009 2063
380.022 2103
380.036 2139
380.050 2105
380.063 2169
380.077 2286
380.090 2322
380.104 2331
380.118 2330
380.131 2359
380.145 2361
380.159 2412
380.172 2418
380.186 2445
380.199 2486
380.213 2570
380.227 2604
380.240 2570
380.254 2486
380.267 2532
380.281 2516
380.295 2546
380.308 2621
380.322 2682
380.336 2628
380.349 2702
380.363 2766
380.376 2703
380.390 2807
380.404 2910
380.417 2776
380.431 2861
380.444 2907
380.458 2852
380.472 2903
380.485 2985
380.499 3006
380.512 3057
380.526 2995
380.540 3111
380.553 3109
380.567 3203
380.580 3204
380.594 3203
380.608 3305
380.621 3427
380.635 3403
380.648 3452
380.662 3488
380.676 3476
380.689 3551
380.703 3509
380.716 3555
380.730 3617
380.744 3641
380.757 3718
380.771 3843
380.784 3923
380.798 3862
380.812 3838
380.825 3934
380.839 3963
380.852 4023
380.866 4171
380.880 4075
380.893 4061
380.907 4103
380.920 4094
380.934 4124
380.948 4307
380.961 4161
380.975 4292
380.988 4315
381.002 4351
381.015 4382
381.029 4393
381.043 4412
381.056 4451
381.070 4388
381.083 4424
381.097 4498
381.111 4441
381.124 4589
381.138 4631
381.151 4635
381.165 4628
381.179 4616
381.192 4739
381.206 4662
381.219 4707
381.233 4728
381.246 4756
381.260 4809
381.274 4830
381.287 4847
381.301 4878
381.314 4944
381.328 4852
381.341 4834
381.355 4996
381.369 4862
381.382 5005
381.396 4998
381.409 5043
381.423 5056
381.437 5100
381.450 5165
381.464 5145
381.477 5292
381.491 5286
381.504 5260
381.518 5286
381.532 5273
381.545 5474
381.559 5517
381.572 5581
381.586 5514
381.599 5469
381.613 5512
381.627 5633
381.640 5600
381.654 5586
381.667 5550
381.681 5632
381.694 5643
381.708 5394
381.722 5387
381.735 5427
381.749 5467
381.762 5497
381.776 5540
381.789 5545
381.803 5485
381.817 5465
381.830 5463
381.844 5565
381.857 5604
381.871 5682
381.884 5648
381.898 5578
381.911 5621
381.925 5564
381.939 5744
381.952 5661
381.966 5662
381.979 5581
381.993 5812
382.006 5748
382.020 5853
382.034 5950
382.047 5808
382.061 5793
382.074 5826
382.088 5802
382.101 5851
382.115 5838
382.128 5900
382.142 5966
382.156 6249
382.169 6264
382.183 6096
382.196 6089
382.210 6090
382.223 6098
382.237 6180
382.250 6091
382.264 6148
382.278 6286
382.291 6237
382.305 6342
382.318 6371
382.332 6556
382.345 6226
382.359 6109
382.372 6226
382.386 6211
382.399 6112
382.413 6283
382.427 6241
382.440 6250
382.454 6359
382.467 6355
382.481 6466
382.494 6552
382.508 6683
382.521 6694
382.535 6528
382.548 6602
382.562 6641
382.576 6636
382.589 6632
382.603 6779
382.616 6823
382.630 6794
382.643 6884
382.657 6987
382.670 7019
382.684 7056
382.697 7084
382.711 7206
382.724 7148
382.738 7202
382.752 7346
382.765 7193
382.779 7379
382.792 7367
382.806 7538
382.819 7504
382.833 7579
382.846 7743
382.860 7762
382.873 7721
382.887 7765
382.900 7915
382.914 7974
382.928 8184
382.941 8157
382.955 8140
382.968 8279
382.982 8458
382.995 8515
383.009 8434
383.022 8561
383.036 8697
383.049 8675
383.063 8870
383.076 8869
383.090 8970
383.103 9063
383.117 9130
383.130 9164
383.144 9274
383.158 9343
383.171 9596
383.185 9625
383.198 9686
383.212 9811
383.225 9950
383.239 10109
383.252 10276
383.266 10352
383.279 10462
383.293 10581
383.306 10662
383.320 10777
383.333 11070
383.347 11281
383.360 11259
383.374 11309
383.387 11430
383.401 11582
383.414 11752
383.428 11498
383.441 11789
383.455 11807
383.468 11895
383.482 12134
383.496 12692
383.509 12805
383.523 12863
383.536 12840
383.550 13128
383.563 13227
383.577 13324
383.590 13554
383.604 13692
383.617 13444
383.631 13606
383.644 13550
383.658 13498
383.671 13722
383.685 13715
383.698 13942
383.712 14124
383.725 14302
383.739 14324
383.752 14283
383.766 14422
383.779 14630
383.793 14873
383.806 15117
383.820 15447
383.833 15519
383.847 15741
383.860 15921
383.874 16028
383.887 15885
383.901 16024
383.914 16388
383.928 16601
383.941 16801
383.955 16451
383.968 16793
383.982 16936
383.995 17181
384.009 17128
384.022 17217
384.036 17546
384.049 17707
384.063 18138
384.076 18265
384.090 18905
384.103 19331
384.117 19600
384.130 19722
384.144 19408
384.157 19470
384.171 19428
384.184 19693
384.198 20024
384.211 19987
384.225 20398
384.238 20887
384.252 21169
384.265 21647
384.279 21539
384.292 22095
384.306 22274
384.319 22170
384.333 22386
384.346 22552
384.360 22788
384.373 22970
384.387 23130
384.400 23481
384.414 23692
384.427 24065
384.441 24349
384.454 24269
384.468 24782
384.481 24834
384.495 25180
384.508 25311
384.522 25391
384.535 25957
384.549 26203
384.562 26300
384.575 26515
384.589 27230
384.602 28057
384.616 28776
384.629 28949
384.643 28975
384.656 29405
384.670 29812
384.683 29452
384.697 29470
384.710 29727
384.724 30006
384.737 30218
384.751 30163
384.764 30462
384.778 30937
384.791 31269
384.805 31180
384.818 31290
384.832 31069
384.845 31414
384.859 31079
384.872 30771
384.885 29927
384.899 29961
384.912 29999
384.926 29617
384.939 29281
384.953 29340
384.966 29128
384.980 28760
384.993 28465
385.007 28375
385.020 27857
385.034 27571
385.047 26802
385.061 26454
385.074 26120
385.088 25147
385.101 24974
385.114 24111
385.128 23658
385.141 23292
385.155 22821
385.168 22546
385.182 22274
385.195 21808
385.209 21077
385.222 20005
385.236 19164
385.249 18703
385.263 17826
385.276 17186
385.290 16601
385.303 16055
385.316 15405
385.330 15097
385.343 14555
385.357 14130
385.370 13484
385.384 12871
385.397 12730
385.411 12114
385.424 11791
385.438 11385
385.451 11008
385.464 10752
385.478 10368
385.491 10096
385.505 9746
385.518 9489
385.532 9080
385.545 8639
385.559 8409
385.572 8194
385.586 7943
385.599 7826
385.612 7694
385.626 7457
385.639 7241
385.653 7184
385.666 7139
385.680 6874
385.693 6595
385.707 6417
385.720 6247
385.734 6101
385.747 5873
385.760 5845
385.774 5756
385.787 5760
385.801 5452
385.814 5212
385.828 5063
385.841 4934
385.855 4868
385.868 4860
385.881 4778
385.895 4604
385.908 4584
385.922 4455
385.935 4439
385.949 4335
385.962 4288
385.976 4220
385.989 4222
386.002 4184
386.016 4169
386.029 4113
386.043 4031
386.056 3985
386.070 3821
386.083 3765
386.097 3767
386.110 3765
386.123 3709
386.137 3622
386.150 3566
386.164 3533
386.177 3548
386.191 3537
386.204 3450
386.217 3380
386.231 3331
386.244 3326
386.258 3366
386.271 3295
386.285 3301
386.298 3265
386.311 3276
386.325 3183
386.338 3145
386.352 3058
386.365 3075
386.379 3020
386.392 3027
386.405 2949
386.419 2943
386.432 2938
386.446 2956
386.459 2959
386.473 2859
386.486 2887
386.499 2874
386.513 2779
386.526 2811
386.540 2749
386.553 2776
386.567 2785
386.580 2811
386.593 2775
386.607 2787
386.620 2852
386.634 2769
386.647 2811
386.661 2677
386.674 2681
386.687 2693
386.701 2616
386.714 2565
386.728 2543
386.741 2586
386.754 2571
386.768 2590
386.781 2551
386.795 2501
386.808 2526
386.822 2465
386.835 2487
386.848 2472
386.862 2461
386.875 2379
386.889 2472
386.902 2421
386.915 2442
386.929 2457
386.942 2376
386.956 2393
386.969 2369
386.983 2359
386.996 2341
387.009 2321
387.023 2291
387.036 2304
387.050 2295
387.063 2357
387.076 2333
387.090 2269
387.103 2296
387.117 2285
387.130 2245
387.143 2279
387.157 2336
387.170 2282
387.184 2238
387.197 2199
387.210 2253
387.224 2268
387.237 2244
387.251 2101
387.264 2195
387.278 2140
387.291 2218
387.304 2097
387.318 2143
387.331 2149
387.345 2143
387.358 2147
387.371 2123
387.385 2120
387.398 2081
387.412 2040
387.425 2076
387.438 2053
387.452 2034
387.465 2042
387.478 1998
387.492 2020
387.505 2031
387.519 2034
387.532 2040
387.545 2116
387.559 2127
387.572 2061
387.586 2053
387.599 2068
387.612 2068
387.626 2079
387.639 2078
387.653 2075
387.666 1981
387.679 1952
387.693 1935
387.706 1910
387.720 1936
387.733 1979
387.746 1961
387.760 1990
387.773 1920
387.787 1939
387.800 1908
387.813 1894
387.827 1874
387.840 1859
387.853 1822
387.867 1820
387.880 1916
387.894 1894
387.907 1878
387.920 1853
387.934 1856
387.947 1830
387.961 1818
387.974 1804
387.987 1781
388.001 1717
388.014 1709
388.027 1738
388.041 1719
388.054 1734
388.068 1714
388.081 1696
388.094 1701
388.108 1628
388.121 1680
388.134 1632
388.148 1641
388.161 1610
388.175 1590
388.188 1555
388.201 1513
388.215 1489
388.228 1509
388.241 1524
388.255 1486
388.268 1507
388.282 1479
388.295 1477
388.308 1442
388.322 1435
388.335 1428
388.348 1430
388.362 1376
388.375 1404
388.389 1401
388.402 1358
388.415 1412
388.429 1398
388.442 1382
388.455 1385
388.469 1367
388.482 1374
388.495 1350
388.509 1365
388.522 1342
388.536 1300
388.549 1266
388.562 1260
388.576 1268
388.589 1270
388.602 1248
388.616 1261
388.629 1243
388.642 1223
388.656 1206
388.669 1238
388.683 1232
388.696 1245
388.709 1224
388.723 1225
388.736 1221
388.749 1179
388.763 1203
388.776 1190
388.789 1190
388.803 1176
388.816 1185
388.829 1169
388.843 1137
388.856 1157
388.870 1136
388.883 1137
388.896 1157
388.910 1152
388.923 1151
388.936 1181
388.950 1147
388.963 1176
388.976 1184
388.990 1180
389.003 1162
389.016 1161
389.030 1144
389.043 1150
389.056 1164
389.070 1165
389.083 1178
389.097 1162
389.110 1154
389.123 1124
389.137 1139
389.150 1122
389.163 1149
389.177 1143
389.190 1161
389.203 1137
389.217 1146
389.230 1142
389.243 1145
389.257 1150
389.270 1147
389.283 1129
389.297 1128
389.310 1136
389.323 1129
389.337 1110
389.350 1105
389.363 1115
389.377 1122
389.390 1126
389.403 1114
389.417 1111
389.430 1135
389.443 1103
389.457 1109
389.470 1126
389.483 1127
389.497 1131
389.510 1087
389.523 1108
389.537 1119
389.550 1079
389.563 1067
389.577 1061
389.590 1059
389.603 1034
389.617 1063
389.630 1054
389.643 1042
389.657 1062
389.670 1069
389.683 1061
389.697 1049
389.710 1066
389.723 1063
389.737 1071
389.750 1058
389.763 1061
389.777 1040
389.790 1026
389.803 1054
389.817 1022
389.830 1013
389.843 1044
389.857 1043
389.870 1024
389.883 1014
389.897 1025
389.910 1020
389.923 977
389.937 1017
389.950 1022
389.963 1003
389.977 1010
389.990 998
390.003 1007
390.017 1020
390.030 1012
390.043 993
390.057 987
390.070 1001
390.083 993
390.096 997
390.110 1010
390.123 990
390.136 976
390.150 981
390.163 988
390.176 988
390.190 998
390.203 997
390.216 949
390.230 971
390.243 955
390.256 976
390.270 951
390.283 983
390.296 952
390.310 948
390.323 973
390.336 951
390.349 965
390.363 976
390.376 978
390.389 988
390.403 973
390.416 938
390.429 945
390.443 954
390.456 958
390.469 946
390.483 921
390.496 952
390.509 929
390.522 926
390.536 947
390.549 926
390.562 920
390.576 948
390.589 925
390.602 928
390.616 929
390.629 913
390.642 925
390.655 908
390.669 900
390.682 925
390.695 905
390.709 908
390.722 916
390.735 917
390.749 912
390.762 894
390.775 913
390.788 914
390.802 898
390.815 898
390.828 898
390.842 893
390.855 890
390.868 889
390.882 884
390.895 872
390.908 881
390.921 890
390.935 855
390.948 873
390.961 878
390.975 851
390.988 862
391.001 861
391.014 860
391.028 849
391.041 847
391.054 857
391.068 844
391.081 851
391.094 860
391.107 853
391.121 831
391.134 829
391.147 850
391.161 824
391.174 815
391.187 824
391.200 832
391.214 815
391.227 828
391.240 809
391.254 831
391.267 798
391.280 785
391.293 788
391.307 804
391.320 785
391.333 791
391.347 798
391.360 790
391.373 782
391.386 761
391.400 779
391.413 798
391.426 768
391.440 790
391.453 784
391.466 777
391.479 783
391.493 766
391.506 759
391.519 779
391.532 772
391.546 774
391.559 779
391.572 772
391.586 762
391.599 752
391.612 757
391.625 740
391.639 756
391.652 759
391.665 753
391.678 741
391.692 753
391.705 749
391.718 746
391.732 742
391.745 746
391.758 737
391.771 749
391.785 736
391.798 749
391.811 741
391.824 738
391.838 738
391.851 737
391.864 744
391.877 733
391.891 743
391.904 746
391.917 738
391.931 726
391.944 730
391.957 734
391.970 740
391.984 729
391.997 734
392.010 703
392.023 738
392.037 743
392.050 720
392.063 720
392.076 725
392.090 731
392.103 717
392.116 718
392.129 723
392.143 716
392.156 705
392.169 718
392.182 718
392.196 710
392.209 726
392.222 701
392.235 726
392.249 722
392.262 706
392.275 701
392.288 715
392.302 698
392.315 720
392.328 716
392.341 709
392.355 711
392.368 707
392.381 714
392.394 712
392.408 712
392.421 720
392.434 722
392.447 716
392.461 708
392.474 714
392.487 705
392.500 709
392.514 711
392.527 702
392.540 709
392.553 718
392.567 702
392.580 707
392.593 700
392.606 709
392.620 709
392.633 692
392.646 713
392.659 710
392.673 708
392.686 691
392.699 711
392.712 695
392.726 707
392.739 698
392.752 699
392.765 701
392.778 714
392.792 696
392.805 693
392.818 707
392.831 701
392.845 708
392.858 711
392.871 703
392.884 702
392.898 707
392.911 710
392.924 691
392.937 693
392.951 689
392.964 694
392.977 697
392.990 707
393.003 699
393.017 699
393.030 701
393.043 689
393.056 699
393.070 693
393.083 692
393.096 700
393.109 709
393.122 702
393.136 693
393.149 708
393.162 701
393.175 702
393.189 685
393.202 706
393.215 697
393.228 692
393.242 693
393.255 678
393.268 688
393.281 703
393.294 677
393.308 690
393.321 701
393.334 700
393.347 698
393.360 684
393.374 693
393.387 678
393.400 694
393.413 689
393.427 680
393.440 684
393.453 694
393.466 677
393.479 683
393.493 698
393.506 685
393.519 683
393.532 698
393.546 695
393.559 692
393.572 695
393.585 689
393.598 679
393.612 690
393.625 680
393.638 685
393.651 684
393.664 700
393.678 691
393.691 679
393.704 696
393.717 688
393.730 685
393.744 689
393.757 701
393.770 678
393.783 689
393.796 683
393.810 683
393.823 682
393.836 695
393.849 695
393.863 686
393.876 693
393.889 681
393.902 681
393.915 684
393.929 694
