375.891 692
375.905 709
375.919 710
375.933 710
375.946 712
375.960 718
375.974 719
375.987 714
376.001 717
376.015 718
376.029 715
376.042 706
376.056 727
376.070 705
376.084 728
376.097 729
376.111 706
376.125 723
376.139 740
376.152 741
376.166 736
376.180 736
376.193 738
376.207 739
376.221 739
376.235 732
376.248 748
376.262 728
376.276 740
376.290 753
376.303 730
376.317 763
376.331 723
376.345 750
376.358 743
376.372 753
376.386 750
376.399 745
376.413 768
376.427 751
376.441 754
376.454 765
376.468 748
376.482 762
376.495 772
376.509 772
376.523 777
376.537 775
376.550 785
376.564 791
376.578 797
376.592 787
376.605 793
376.619 798
376.633 788
376.646 778
376.660 787
376.674 789
376.688 802
376.701 788
376.715 811
376.729 790
376.742 795
376.756 812
376.770 826
376.784 821
376.797 801
376.811 829
376.825 825
376.838 850
376.852 843
376.866 833
376.880 844
376.893 838
376.907 857
376.921 834
376.934 828
376.948 843
376.962 857
376.976 855
376.989 861
377.003 872
377.017 883
377.030 877
377.044 887
377.058 879
377.071 905
377.085 881
377.099 878
377.113 893
377.126 908
377.140 913
377.154 905
377.167 898
377.181 925
377.195 917
377.208 921
377.222 925
377.236 924
377.250 921
377.263 931
377.277 917
377.291 938
377.304 967
377.318 962
377.332 945
377.345 965
377.359 944
377.373 975
377.387 970
377.400 973
377.414 986
377.428 978
377.441 982
377.455 999
377.469 1015
377.482 996
377.496 1023
377.510 1033
377.524 1020
377.537 1047
377.551 1013
377.565 1048
377.578 1017
377.592 1004
377.606 1022
377.619 1025
377.633 1037
377.647 1054
377.660 1042
377.674 1054
377.688 1050
377.701 1054
377.715 1047
377.729 1056
377.743 1076
377.756 1070
377.770 1087
377.784 1067
377.797 1088
377.811 1090
377.825 1071
377.838 1080
377.852 1075
377.866 1110
377.879 1084
377.893 1100
377.907 1116
377.920 1104
377.934 1080
377.948 1131
377.961 1111
377.975 1132
377.989 1128
378.002 1131
378.016 1126
378.030 1104
378.044 1139
378.057 1122
378.071 1127
378.085 1143
378.098 1143
378.112 1153
378.126 1135
378.139 1150
378.153 1154
378.167 1142
378.180 1180
378.194 1172
378.208 1185
378.221 1191
378.235 1184
378.249 1218
378.262 1175
378.276 1177
378.290 1209
378.303 1222
378.317 1219
378.331 1218
378.344 1194
378.358 1208
378.372 1200
378.385 1230
378.399 1221
378.413 1214
378.426 1210
378.440 1243
378.454 1224
378.467 1256
378.481 1221
378.495 1238
378.508 1221
378.522 1253
378.536 1255
378.549 1234
378.563 1231
378.577 1275
378.590 1241
378.604 1260
378.618 1269
378.631 1263
378.645 1267
378.659 1288
378.672 1285
378.686 1268
378.700 1359
378.713 1315
378.727 1371
378.740 1365
378.754 1344
378.768 1369
378.781 1341
378.795 1354
378.809 1377
378.822 1346
378.836 1390
378.850 1358
378.863 1358
378.877 1356
378.891 1356
378.904 1308
378.918 1332
378.932 1352
378.945 1340
378.959 1326
378.973 1373
378.986 1372
379.000 1373
379.014 1335
379.027 1337
379.041 1334
379.054 1366
379.068 1386
379.082 1367
379.095 1396
379.109 1358
379.123 1368
379.136 1401
379.150 1387
379.164 1416
379.177 1402
379.191 1412
379.205 1427
379.218 1418
379.232 1423
379.245 1470
379.259 1462
379.273 1429
379.286 1449
379.300 1428
379.314 1480
379.327 1458
379.341 1460
379.355 1440
379.368 1505
379.382 1502
379.396 1509
379.409 1506
379.423 1520
379.436 1503
379.450 1484
379.464 1547
379.477 1576
379.491 1535
379.505 1543
379.518 1560
379.532 1578
379.546 1572
379.559 1576
379.573 1606
379.586 1598
379.600 1568
379.614 1589
379.627 1652
379.641 1664
379.655 1623
379.668 1647
379.682 1657
379.695 1642
379.709 1682
379.723 1660
379.736 1708
379.750 1786
379.764 1819
379.777 1824
379.791 1831
379.804 1828
379.818 1874
379.832 1793
379.845 1804
379.859 1830
379.873 1821
379.886 1800
379.900 1874
379.913 1868
379.927 1902
379.941 1907
379.954 1937
379.968 1930
379.982 1958
379.995 1993
380.009 1991
380.022 2019
380.036 2030
380.050 2072
380.063 2092
380.077 2100
380.090 2158
380.104 2252
380.118 2229
380.131 2216
380.145 2260
380.159 2250
380.172 2275
380.186 2325
380.199 2345
380.213 2344
380.227 2422
380.240 2443
380.254 2419
380.267 2425
380.281 2429
380.295 2453
380.308 2407
380.322 2550
380.336 2516
380.349 2511
380.363 2527
380.376 2567
380.390 2613
380.404 2653
380.417 2702
380.431 2731
380.444 2701
380.458 2754
380.472 2727
380.485 2813
380.499 2863
380.512 2862
380.526 2888
380.540 2916
380.553 2988
380.567 2883
380.580 2983
380.594 3056
380.608 3092
380.621 3196
380.635 3247
380.648 3230
380.662 3274
380.676 3270
380.689 3273
380.703 3273
380.716 3296
380.730 3370
380.744 3379
380.757 3453
380.771 3578
380.784 3632
380.798 3600
380.812 3616
380.825 3693
380.839 3651
380.852 3813
380.866 3931
380.880 3839
380.893 3852
380.907 3806
380.920 3852
380.934 3949
380.948 3915
380.961 3971
380.975 4024
380.988 4010
381.002 3969
381.015 4082
381.029 4097
381.043 4169
381.056 4111
381.070 4159
381.083 4170
381.097 4208
381.111 4257
381.124 4224
381.138 4346
381.151 4353
381.165 4378
381.179 4364
381.192 4361
381.206 4437
381.219 4356
381.233 4395
381.246 4402
381.260 4498
381.274 4476
381.287 4427
381.301 4472
381.314 4594
381.328 4571
381.341 4527
381.355 4624
381.369 4632
381.382 4624
381.396 4713
381.409 4728
381.423 4780
381.437 4692
381.450 4783
381.464 4800
381.477 4897
381.491 4910
381.504 4902
381.518 4904
381.532 4936
381.545 5110
381.559 5109
381.572 5156
381.586 5195
381.599 5142
381.613 5153
381.627 5171
381.640 5176
381.654 5110
381.667 5192
381.681 5247
381.694 5176
381.708 5105
381.722 4996
381.735 5111
381.749 5036
381.762 5109
381.776 5113
381.789 5175
381.803 5082
381.817 5216
381.830 5118
381.844 5137
381.857 5174
381.871 5322
381.884 5267
381.898 5188
381.911 5251
381.925 5140
381.939 5239
381.952 5264
381.966 5334
381.979 5391
381.993 5389
382.006 5564
382.020 5597
382.034 5547
382.047 5437
382.061 5515
382.074 5366
382.088 5446
382.101 5379
382.115 5462
382.128 5453
382.142 5596
382.156 5892
382.169 5729
382.183 5802
382.196 5699
382.210 5757
382.223 5733
382.237 5698
382.250 5700
382.264 5849
382.278 5791
382.291 5849
382.305 5951
382.318 6144
382.332 5939
382.345 5757
382.359 5746
382.372 5728
382.386 5791
382.399 5738
382.413 5876
382.427 5835
382.440 5829
382.454 5955
382.467 5933
382.481 6081
382.494 6177
382.508 6230
382.521 6352
382.535 6273
382.548 6139
382.562 6127
382.576 6208
382.589 6210
382.603 6204
382.616 6388
382.630 6431
382.643 6549
382.657 6462
382.670 6647
382.684 6592
382.697 6613
382.711 6631
382.724 6606
382.738 6738
382.752 6732
382.765 6802
382.779 6799
382.792 6868
382.806 6909
382.819 6944
382.833 7088
382.846 7191
382.860 7210
382.873 7208
382.887 7377
382.900 7350
382.914 7421
382.928 7490
382.941 7633
382.955 7733
382.968 7668
382.982 7845
382.995 7870
383.009 7956
383.022 7918
383.036 8123
383.049 8185
383.063 8221
383.076 8203
383.090 8345
383.103 8285
383.117 8447
383.130 8431
383.144 8562
383.158 8685
383.171 8811
383.185 8706
383.198 8999
383.212 9104
383.225 9283
383.239 9392
383.252 9392
383.266 9507
383.279 9620
383.293 9705
383.306 9865
383.320 10016
383.333 10210
383.347 10294
383.360 10450
383.374 10476
383.387 10447
383.401 10678
383.414 10688
383.428 10692
383.441 10659
383.455 10861
383.468 10920
383.482 11155
383.496 11586
383.509 11767
383.523 11777
383.536 11684
383.550 11854
383.563 12089
383.577 12157
383.590 12296
383.604 12476
383.617 12298
383.631 12403
383.644 12293
383.658 12443
383.671 12507
383.685 12601
383.698 12805
383.712 13070
383.725 13036
383.739 12905
383.752 13237
383.766 13212
383.779 13219
383.793 13478
383.806 13590
383.820 14058
383.833 14296
383.847 14589
383.860 14668
383.874 14835
383.887 14360
383.901 14627
383.914 14859
383.928 15207
383.941 15250
383.955 15139
383.968 15120
383.982 15296
383.995 15531
384.009 15525
384.022 15889
384.036 15835
384.049 16022
384.063 16350
384.076 16729
384.090 17149
384.103 17583
384.117 17727
384.130 17717
384.144 17481
384.157 17538
384.171 17678
384.184 17944
384.198 18059
384.211 18170
384.225 18476
384.238 18831
384.252 18970
384.265 19203
384.279 19560
384.292 19724
384.306 19920
384.319 19970
384.333 19899
384.346 20106
384.360 20348
384.373 20357
384.387 20756
384.400 20901
384.414 21050
384.427 21396
384.441 21510
384.454 21833
384.468 22092
384.481 22215
384.495 22465
384.508 22526
384.522 22686
384.535 22867
384.549 22972
384.562 23531
384.575 23619
384.589 24065
384.602 24775
384.616 25232
384.629 25818
384.643 25594
384.656 26132
384.670 26125
384.683 26046
384.697 25964
384.710 26423
384.724 26456
384.737 26560
384.751 26724
384.764 26865
384.778 27148
384.791 27353
384.805 27551
384.818 27880
384.832 27468
384.845 27594
384.859 27376
384.872 27119
384.885 26785
384.899 26441
384.912 26399
384.926 26245
384.939 25970
384.953 25905
384.966 25769
384.980 25542
384.993 25419
385.007 25063
385.020 24374
385.034 24374
385.047 23989
385.061 23652
385.074 23256
385.088 22769
385.101 22296
385.114 21822
385.128 21378
385.141 20947
385.155 20544
385.168 20642
385.182 20304
385.195 19749
385.209 19178
385.222 18149
385.236 17540
385.249 17109
385.263 16631
385.276 15941
385.290 15382
385.303 14571
385.316 14194
385.330 13956
385.343 13394
385.357 13023
385.370 12437
385.384 11856
385.397 11602
385.411 11116
385.424 10830
385.438 10466
385.451 10190
385.464 9966
385.478 9749
385.491 9330
385.505 9236
385.518 8811
385.532 8517
385.545 8232
385.559 7870
385.572 7818
385.586 7521
385.599 7475
385.612 7342
385.626 7060
385.639 6809
385.653 6788
385.666 6810
385.680 6460
385.693 6308
385.707 6114
385.720 5970
385.734 5862
385.747 5756
385.760 5593
385.774 5453
385.787 5518
385.801 5278
385.814 5036
385.828 4949
385.841 4864
385.855 4755
385.868 4669
385.881 4560
385.895 4475
385.908 4474
385.922 4382
385.935 4223
385.949 4268
385.962 4177
385.976 4055
385.989 4068
386.002 4116
386.016 4055
386.029 3940
386.043 3947
386.056 3869
386.070 3794
386.083 3753
386.097 3734
386.110 3723
386.123 3680
386.137 3694
386.150 3566
386.164 3551
386.177 3475
386.191 3532
386.204 3394
386.217 3395
386.231 3312
386.244 3286
386.258 3346
386.271 3315
386.285 3340
386.298 3286
386.311 3174
386.325 3120
386.338 3146
386.352 3112
386.365 3074
386.379 3068
386.392 2971
386.405 2937
386.419 2967
386.432 3012
386.446 2958
386.459 2978
386.473 2955
386.486 2840
386.499 2848
386.513 2821
386.526 2830
386.540 2843
386.553 2825
386.567 2818
386.580 2888
386.593 2840
386.607 2858
386.620 2793
386.634 2840
386.647 2829
386.661 2742
386.674 2660
386.687 2642
386.701 2646
386.714 2625
386.728 2666
386.741 2571
386.754 2600
386.768 2606
386.781 2620
386.795 2552
386.808 2469
386.822 2560
386.835 2459
386.848 2517
386.862 2435
386.875 2529
386.889 2430
386.902 2455
386.915 2423
386.929 2356
386.942 2386
386.956 2374
386.969 2388
386.983 2358
386.996 2345
387.009 2328
387.023 2335
387.036 2298
387.050 2376
387.063 2340
387.076 2304
387.090 2337
387.103 2346
387.117 2302
387.130 2258
387.143 2346
387.157 2282
387.170 2284
387.184 2282
387.197 2248
387.210 2263
387.224 2206
387.237 2237
387.251 2190
387.264 2199
387.278 2169
387.291 2185
387.304 2208
387.318 2149
387.331 2172
387.345 2167
387.358 2177
387.371 2145
387.385 2149
387.398 2152
387.412 2090
387.425 2114
387.438 2098
387.452 2084
387.465 2044
387.478 2017
387.492 2017
387.505 2028
387.519 2056
387.532 2100
387.545 2133
387.559 2154
387.572 2098
387.586 2101
387.599 2131
387.612 2120
387.626 2087
387.639 2085
387.653 2099
387.666 1979
387.679 1986
387.693 1974
387.706 1928
387.720 2019
387.733 1967
387.746 2023
387.760 1950
387.773 1968
387.787 1927
387.800 1987
387.813 1958
387.827 1931
387.840 1884
387.853 1863
387.867 1892
387.880 1924
387.894 1938
387.907 1885
387.920 1877
387.934 1870
387.947 1856
387.961 1818
387.974 1797
387.987 1812
388.001 1816
388.014 1774
388.027 1781
388.041 1727
388.054 1732
388.068 1709
388.081 1737
388.094 1711
388.108 1720
388.121 1708
388.134 1653
388.148 1636
388.161 1641
388.175 1586
388.188 1557
388.201 1623
388.215 1557
388.228 1503
388.241 1557
388.255 1494
388.268 1482
388.282 1538
388.295 1479
388.308 1479
388.322 1451
388.335 1427
388.348 1428
388.362 1404
388.375 1431
388.389 1430
388.402 1415
388.415 1365
388.429 1396
388.442 1397
388.455 1393
388.469 1392
388.482 1352
388.495 1368
388.509 1355
388.522 1348
388.536 1363
388.549 1307
388.562 1306
388.576 1279
388.589 1287
388.602 1278
388.616 1270
388.629 1282
388.642 1252
388.656 1247
388.669 1246
388.683 1237
388.696 1255
388.709 1243
388.723 1264
388.736 1218
388.749 1239
388.763 1234
388.776 1185
388.789 1190
388.803 1207
388.816 1199
388.829 1165
388.843 1182
388.856 1196
388.870 1165
388.883 1173
388.896 1168
388.910 1138
388.923 1176
388.936 1170
388.950 1205
388.963 1175
388.976 1193
388.990 1162
389.003 1166
389.016 1175
389.030 1179
389.043 1187
389.056 1180
389.070 1189
389.083 1186
389.097 1159
389.110 1171
389.123 1141
389.137 1129
389.150 1143
389.163 1159
389.177 1145
389.190 1179
389.203 1157
389.217 1185
389.230 1152
389.243 1163
389.257 1158
389.270 1155
389.283 1132
389.297 1148
389.310 1148
389.323 1130
389.337 1140
389.350 1133
389.363 1138
389.377 1138
389.390 1139
389.403 1130
389.417 1091
389.430 1118
389.443 1135
389.457 1124
389.470 1125
389.483 1128
389.497 1122
389.510 1118
389.523 1103
389.537 1129
389.550 1125
389.563 1083
389.577 1063
389.590 1047
389.603 1061
389.617 1070
389.630 1106
389.643 1049
389.657 1060
389.670 1061
389.683 1059
389.697 1068
389.710 1073
389.723 1069
389.737 1064
389.750 1094
389.763 1065
389.777 1047
389.790 1079
389.803 1039
389.817 1056
389.830 1021
389.843 1044
389.857 1014
389.870 1006
389.883 1000
389.897 1013
389.910 1017
389.923 1001
389.937 1001
389.950 1011
389.963 1030
389.977 1034
389.990 997
390.003 1006
390.017 1013
390.030 1011
390.043 1006
390.057 1013
390.070 1021
390.083 972
390.096 1011
390.110 1005
390.123 989
390.136 994
390.150 974
390.163 978
390.176 1001
390.190 986
390.203 1001
390.216 978
390.230 972
390.243 964
390.256 987
390.270 949
390.283 978
390.296 946
390.310 972
390.323 951
390.336 970
390.349 963
390.363 955
390.376 970
390.389 952
390.403 980
390.416 954
390.429 948
390.443 962
390.456 946
390.469 954
390.483 957
390.496 930
390.509 932
390.522 944
390.536 948
390.549 943
390.562 933
390.576 941
390.589 965
390.602 943
390.616 936
390.629 904
390.642 949
390.655 908
390.669 924
390.682 927
390.695 955
390.709 927
390.722 918
390.735 899
390.749 900
390.762 904
390.775 899
390.788 929
390.802 911
390.815 877
390.828 919
390.842 894
390.855 891
390.868 867
390.882 907
390.895 890
390.908 894
390.921 880
390.935 892
390.948 885
390.961 903
390.975 889
390.988 861
391.001 881
391.014 864
391.028 850
391.041 846
391.054 853
391.068 850
391.081 860
391.094 861
391.107 852
391.121 851
391.134 834
391.147 839
391.161 824
391.174 850
391.187 828
391.200 813
391.214 837
391.227 815
391.240 821
391.254 811
391.267 801
391.280 803
391.293 808
391.307 798
391.320 794
391.333 803
391.347 797
391.360 795
391.373 786
391.386 802
391.400 779
391.413 763
391.426 790
391.440 775
391.453 784
391.466 787
391.479 775
391.493 777
391.506 768
391.519 786
391.532 782
391.546 777
391.559 781
391.572 771
391.586 770
391.599 749
391.612 751
391.625 763
391.639 766
391.652 764
391.665 761
391.678 767
391.692 748
391.705 760
391.718 753
391.732 742
391.745 744
391.758 738
391.771 741
391.785 750
391.798 739
391.811 738
391.824 742
391.838 740
391.851 744
391.864 723
391.877 720
391.891 737
391.904 721
391.917 725
391.931 731
391.944 734
391.957 742
391.970 731
391.984 738
391.997 735
392.010 739
392.023 706
392.037 731
392.050 719
392.063 728
392.076 722
392.090 721
392.103 726
392.116 724
392.129 719
392.143 722
392.156 723
392.169 718
392.182 724
392.196 733
392.209 711
392.222 707
392.235 724
392.249 722
392.262 716
392.275 722
392.288 709
392.302 707
392.315 720
392.328 713
392.341 715
392.355 711
392.368 715
392.381 717
392.394 724
392.408 716
392.421 692
392.434 718
392.447 710
392.461 718
392.474 709
392.487 708
392.500 709
392.514 711
392.527 716
392.540 713
392.553 716
392.567 704
392.580 712
392.593 702
392.606 724
392.620 708
392.633 716
392.646 709
392.659 706
392.673 716
392.686 690
392.699 714
392.712 690
392.726 702
392.739 707
392.752 700
392.765 709
392.778 713
392.792 714
392.805 705
392.818 706
392.831 700
392.845 718
392.858 695
392.871 711
392.884 703
392.898 700
392.911 725
392.924 706
392.937 719
392.951 692
392.964 696
392.977 707
392.990 712
393.003 704
393.017 713
393.030 700
393.043 710
393.056 702
393.070 704
393.083 697
393.096 699
393.109 702
393.122 702
393.136 701
393.149 701
393.162 710
393.175 694
393.189 696
393.202 702
393.215 694
393.228 700
393.242 697
393.255 684
393.268 688
393.281 698
393.294 696
393.308 694
393.321 687
393.334 693
393.347 697
393.360 698
393.374 699
393.387 690
393.400 691
393.413 688
393.427 700
393.440 697
393.453 690
393.466 692
393.479 691
393.493 690
393.506 687
393.519 683
393.532 686
393.546 702
393.559 686
393.572 698
393.585 704
393.598 704
393.612 703
393.625 709
393.638 693
393.651 698
393.664 706
393.678 696
393.691 694
393.704 690
393.717 688
393.730 692
393.744 700
393.757 694
393.770 675
393.783 688
393.796 686
393.810 692
393.823 686
393.836 679
393.849 693
393.863 688
393.876 697
393.889 678
393.902 689
393.915 695
393.929 683
