375.891 691
375.905 708
375.919 698
375.933 683
375.946 699
375.960 711
375.974 695
375.987 699
376.001 711
376.015 704
376.029 709
376.042 705
376.056 710
376.070 707
376.084 717
376.097 708
376.111 719
376.125 713
376.139 718
376.152 722
376.166 725
376.180 725
376.193 727
376.207 729
376.221 711
376.235 729
376.248 725
376.262 715
376.276 738
376.290 733
376.303 729
376.317 737
376.331 725
376.345 735
376.358 719
376.372 732
376.386 737
376.399 730
376.413 751
376.427 770
376.441 743
376.454 742
376.468 748
376.482 759
376.495 740
376.509 760
376.523 765
376.537 765
376.550 775
376.564 780
376.578 761
376.592 776
376.605 787
376.619 788
376.633 786
376.646 774
376.660 793
376.674 795
376.688 784
376.701 783
376.715 797
376.729 797
376.742 790
376.756 817
376.770 803
376.784 806
376.797 808
376.811 793
376.825 818
376.838 794
376.852 811
376.866 823
376.880 813
376.893 819
376.907 817
376.921 833
376.934 825
376.948 831
376.962 860
376.976 821
376.989 837
377.003 863
377.017 856
377.030 874
377.044 872
377.058 863
377.071 878
377.085 874
377.099 866
377.113 875
377.126 869
377.140 881
377.154 903
377.167 893
377.181 921
377.195 885
377.208 899
377.222 902
377.236 909
377.250 898
377.263 912
377.277 915
377.291 924
377.304 929
377.318 931
377.332 918
377.345 948
377.359 939
377.373 948
377.387 944
377.400 966
377.414 965
377.428 948
377.441 944
377.455 962
377.469 947
377.482 958
377.496 965
377.510 992
377.524 985
377.537 1009
377.551 980
377.565 1029
377.578 982
377.592 987
377.606 982
377.619 973
377.633 980
377.647 1017
377.660 1004
377.674 1043
377.688 1010
377.701 1022
377.715 1018
377.729 1018
377.743 1053
377.756 1046
377.770 1046
377.784 1049
377.797 1060
377.811 1068
377.825 1078
377.838 1073
377.852 1059
377.866 1096
377.879 1101
377.893 1080
377.907 1046
377.920 1108
377.934 1057
377.948 1092
377.961 1086
377.975 1104
377.989 1109
378.002 1095
378.016 1121
378.030 1118
378.044 1085
378.057 1119
378.071 1106
378.085 1118
378.098 1143
378.112 1127
378.126 1135
378.139 1156
378.153 1125
378.167 1122
378.180 1122
378.194 1150
378.208 1126
378.221 1134
378.235 1130
378.249 1141
378.262 1169
378.276 1175
378.290 1184
378.303 1174
378.317 1184
378.331 1171
378.344 1163
378.358 1148
378.372 1197
378.385 1175
378.399 1180
378.413 1183
378.426 1177
378.440 1217
378.454 1210
378.467 1211
378.481 1202
378.495 1191
378.508 1219
378.522 1216
378.536 1228
378.549 1234
378.563 1214
378.577 1200
378.590 1216
378.604 1226
378.618 1242
378.631 1243
378.645 1266
378.659 1240
378.672 1282
378.686 1272
378.700 1313
378.713 1295
378.727 1315
378.740 1307
378.754 1285
378.768 1301
378.781 1312
378.795 1331
378.809 1354
378.822 1328
378.836 1305
378.850 1300
378.863 1309
378.877 1343
378.891 1307
378.904 1314
378.918 1285
378.932 1351
378.945 1341
378.959 1300
378.973 1345
378.986 1359
379.000 1323
379.014 1303
379.027 1366
379.041 1364
379.054 1317
379.068 1384
379.082 1313
379.095 1370
379.109 1394
379.123 1374
379.136 1374
379.150 1349
379.164 1391
379.177 1351
379.191 1375
379.205 1401
379.218 1382
379.232 1431
379.245 1444
379.259 1429
379.273 1393
379.286 1426
379.300 1421
379.314 1419
379.327 1417
379.341 1444
379.355 1444
379.368 1428
379.382 1435
379.396 1452
379.409 1479
379.423 1466
379.436 1501
379.450 1468
379.464 1497
379.477 1523
379.491 1489
379.505 1494
379.518 1522
379.532 1563
379.546 1527
379.559 1544
379.573 1565
379.586 1561
379.600 1585
379.614 1595
379.627 1602
379.641 1610
379.655 1660
379.668 1607
379.682 1617
379.695 1660
379.709 1624
379.723 1678
379.736 1692
379.750 1810
379.764 1781
379.777 1806
379.791 1767
379.804 1800
379.818 1799
379.832 1788
379.845 1714
379.859 1766
379.873 1784
379.886 1815
379.900 1794
379.913 1830
379.927 1807
379.941 1932
379.954 1892
379.968 1913
379.982 1892
379.995 1942
380.009 1943
380.022 1943
380.036 2000
380.050 2002
380.063 2057
380.077 2155
380.090 2189
380.104 2165
380.118 2222
380.131 2205
380.145 2262
380.159 2261
380.172 2269
380.186 2290
380.199 2352
380.213 2421
380.227 2471
380.240 2420
380.254 2356
380.267 2390
380.281 2379
380.295 2432
380.308 2500
380.322 2489
380.336 2533
380.349 2556
380.363 2572
380.376 2646
380.390 2615
380.404 2653
380.417 2729
380.431 2758
380.444 2796
380.458 2755
380.472 2849
380.485 2860
380.499 2855
380.512 2868
380.526 2860
380.540 2972
380.553 2917
380.567 3031
380.580 3072
380.594 3061
380.608 3171
380.621 3271
380.635 3276
380.648 3290
380.662 3260
380.676 3248
380.689 3371
380.703 3464
380.716 3401
380.730 3455
380.744 3543
380.757 3532
380.771 3685
380.784 3793
380.798 3685
380.812 3775
380.825 3823
380.839 3830
380.852 3965
380.866 4027
380.880 3983
380.893 3946
380.907 3957
380.920 4065
380.934 3999
380.948 4097
380.961 4083
380.975 4130
380.988 4189
381.002 4212
381.015 4172
381.029 4329
381.043 4311
381.056 4298
381.070 4283
381.083 4331
381.097 4339
381.111 4352
381.124 4446
381.138 4505
381.151 4457
381.165 4585
381.179 4583
381.192 4523
381.206 4530
381.219 4609
381.233 4603
381.246 4607
381.260 4650
381.274 4683
381.287 4686
381.301 4672
381.314 4649
381.328 4802
381.341 4744
381.355 4825
381.369 4729
381.382 4862
381.396 4805
381.409 4881
381.423 5003
381.437 4960
381.450 5038
381.464 5110
381.477 5064
381.491 5280
381.504 5154
381.518 5143
381.532 5205
381.545 5227
381.559 5327
381.572 5349
381.586 5268
381.599 5369
381.613 5382
381.627 5378
381.640 5358
381.654 5437
381.667 5386
381.681 5489
381.694 5357
381.708 5216
381.722 5281
381.735 5287
381.749 5274
381.762 5203
381.776 5232
381.789 5362
381.803 5371
381.817 5335
381.830 5328
381.844 5335
381.857 5396
381.871 5409
381.884 5430
381.898 5360
381.911 5439
381.925 5491
381.939 5383
381.952 5447
381.966 5555
381.979 5515
381.993 5534
382.006 5637
382.020 5668
382.034 5732
382.047 5562
382.061 5659
382.074 5616
382.088 5554
382.101 5607
382.115 5682
382.128 5677
382.142 5762
382.156 6031
382.169 5980
382.183 5962
382.196 5915
382.210 5815
382.223 5885
382.237 6010
382.250 5954
382.264 5952
382.278 6030
382.291 5952
382.305 6154
382.318 6247
382.332 6247
382.345 5995
382.359 5944
382.372 6021
382.386 5974
382.399 6031
382.413 5981
382.427 6024
382.440 5986
382.454 6112
382.467 6128
382.481 6348
382.494 6368
382.508 6386
382.521 6374
382.535 6428
382.548 6501
382.562 6390
382.576 6481
382.589 6444
382.603 6547
382.616 6489
382.630 6532
382.643 6706
382.657 6806
382.670 6862
382.684 6782
382.697 6690
382.711 6845
382.724 6964
382.738 7008
382.752 6907
382.765 7074
382.779 7093
382.792 7159
382.806 7200
382.819 7267
382.833 7373
382.846 7397
382.860 7516
382.873 7496
382.887 7456
382.900 7645
382.914 7724
382.928 7842
382.941 7849
382.955 7823
382.968 8024
382.982 8122
382.995 8204
383.009 8228
383.022 8346
383.036 8310
383.049 8505
383.063 8559
383.076 8568
383.090 8700
383.103 8625
383.117 8760
383.130 8906
383.144 8912
383.158 8982
383.171 9104
383.185 9153
383.198 9362
383.212 9541
383.225 9662
383.239 9774
383.252 9804
383.266 9965
383.279 9986
383.293 10177
383.306 10081
383.320 10446
383.333 10668
383.347 10696
383.360 10686
383.374 10853
383.387 10746
383.401 11134
383.414 11136
383.428 11085
383.441 11309
383.455 11145
383.468 11324
383.482 11511
383.496 11905
383.509 12064
383.523 12016
383.536 12027
383.550 12342
383.563 12171
383.577 12613
383.590 12604
383.604 12855
383.617 12548
383.631 12587
383.644 12535
383.658 12679
383.671 12624
383.685 12868
383.698 12851
383.712 13056
383.725 13235
383.739 13117
383.752 13226
383.766 13424
383.779 13530
383.793 13659
383.806 13767
383.820 14289
383.833 14152
383.847 14315
383.860 14414
383.874 14662
383.887 14279
383.901 14534
383.914 14697
383.928 14959
383.941 15012
383.955 14915
383.968 14831
383.982 15132
383.995 15191
384.009 15341
384.022 15409
384.036 15462
384.049 15710
384.063 15925
384.076 16277
384.090 16666
384.103 17128
384.117 17216
384.130 17333
384.144 16867
384.157 17073
384.171 17032
384.184 17356
384.198 17644
384.211 17863
384.225 18082
384.238 18424
384.252 18645
384.265 18677
384.279 18810
384.292 19146
384.306 19430
384.319 19336
384.333 19478
384.346 19464
384.360 19732
384.373 19876
384.387 20157
384.400 20180
384.414 20432
384.427 20866
384.441 20889
384.454 21024
384.468 21480
384.481 21614
384.495 21384
384.508 21873
384.522 22163
384.535 22323
384.549 22597
384.562 22795
384.575 22892
384.589 23572
384.602 24311
384.616 24916
384.629 25047
384.643 24963
384.656 25571
384.670 25468
384.683 25642
384.697 25504
384.710 26075
384.724 26195
384.737 26230
384.751 26366
384.764 26502
384.778 26866
384.791 27036
384.805 27012
384.818 27177
384.832 27382
384.845 27317
384.859 27345
384.872 27114
384.885 26568
384.899 26354
384.912 26209
384.926 25950
384.939 26105
384.953 25710
384.966 25544
384.980 25448
384.993 25260
385.007 24909
385.020 24813
385.034 24442
385.047 24127
385.061 23515
385.074 23260
385.088 22709
385.101 22091
385.114 21799
385.128 21614
385.141 21152
385.155 20627
385.168 20861
385.182 20404
385.195 19898
385.209 19420
385.222 18415
385.236 17787
385.249 17168
385.263 16786
385.276 16157
385.290 15568
385.303 14812
385.316 14464
385.330 14067
385.343 13765
385.357 13221
385.370 12714
385.384 12195
385.397 11655
385.411 11444
385.424 11073
385.438 10752
385.451 10562
385.464 10286
385.478 10006
385.491 9589
385.505 9234
385.518 8968
385.532 8785
385.545 8333
385.559 7985
385.572 7751
385.586 7661
385.599 7527
385.612 7387
385.626 7117
385.639 6798
385.653 6817
385.666 6754
385.680 6582
385.693 6300
385.707 6153
385.720 6148
385.734 5846
385.747 5755
385.760 5510
385.774 5362
385.787 5383
385.801 5175
385.814 4918
385.828 4755
385.841 4686
385.855 4681
385.868 4628
385.881 4420
385.895 4434
385.908 4339
385.922 4195
385.935 4129
385.949 4156
385.962 4077
385.976 3965
385.989 3925
386.002 3961
386.016 3863
386.029 3858
386.043 3819
386.056 3699
386.070 3682
386.083 3606
386.097 3577
386.110 3555
386.123 3546
386.137 3495
386.150 3388
386.164 3424
386.177 3356
386.191 3350
386.204 3187
386.217 3151
386.231 3187
386.244 3190
386.258 3190
386.271 3166
386.285 3065
386.298 3040
386.311 3130
386.325 3024
386.338 2930
386.352 2908
386.365 2938
386.379 2958
386.392 2816
386.405 2819
386.419 2787
386.432 2820
386.446 2791
386.459 2757
386.473 2725
386.486 2743
386.499 2692
386.513 2692
386.526 2673
386.540 2646
386.553 2622
386.567 2649
386.580 2683
386.593 2716
386.607 2627
386.620 2661
386.634 2637
386.647 2650
386.661 2566
386.674 2561
386.687 2527
386.701 2488
386.714 2467
386.728 2423
386.741 2478
386.754 2417
386.768 2373
386.781 2385
386.795 2340
386.808 2334
386.822 2305
386.835 2298
386.848 2303
386.862 2298
386.875 2317
386.889 2239
386.902 2285
386.915 2246
386.929 2262
386.942 2261
386.956 2246
386.969 2196
386.983 2218
386.996 2250
387.009 2190
387.023 2132
387.036 2222
387.050 2199
387.063 2179
387.076 2183
387.090 2165
387.103 2163
387.117 2151
387.130 2142
387.143 2162
387.157 2180
387.170 2147
387.184 2151
387.197 2103
387.210 2108
387.224 2127
387.237 2088
387.251 2037
387.264 2042
387.278 2039
387.291 2043
387.304 2023
387.318 2025
387.331 2045
387.345 2059
387.358 2064
387.371 2018
387.385 2047
387.398 2016
387.412 1953
387.425 2000
387.438 1931
387.452 1893
387.465 1932
387.478 1964
387.492 1954
387.505 1916
387.519 1962
387.532 2020
387.545 1987
387.559 2043
387.572 1945
387.586 1961
387.599 1948
387.612 1969
387.626 1986
387.639 2000
387.653 1961
387.666 1890
387.679 1869
387.693 1880
387.706 1895
387.720 1844
387.733 1881
387.746 1924
387.760 1898
387.773 1934
387.787 1906
387.800 1862
387.813 1862
387.827 1803
387.840 1815
387.853 1785
387.867 1809
387.880 1838
387.894 1847
387.907 1869
387.920 1811
387.934 1743
387.947 1736
387.961 1742
387.974 1774
387.987 1738
388.001 1737
388.014 1716
388.027 1712
388.041 1699
388.054 1667
388.068 1679
388.081 1678
388.094 1649
388.108 1623
388.121 1674
388.134 1670
388.148 1599
388.161 1557
388.175 1550
388.188 1528
388.201 1536
388.215 1516
388.228 1474
388.241 1470
388.255 1509
388.268 1479
388.282 1467
388.295 1459
388.308 1401
388.322 1382
388.335 1423
388.348 1367
388.362 1359
388.375 1330
388.389 1352
388.402 1338
388.415 1274
388.429 1358
388.442 1345
388.455 1355
388.469 1340
388.482 1329
388.495 1313
388.509 1296
388.522 1331
388.536 1271
388.549 1222
388.562 1261
388.576 1243
388.589 1258
388.602 1226
388.616 1188
388.629 1220
388.642 1193
388.656 1202
388.669 1184
388.683 1205
388.696 1216
388.709 1199
388.723 1182
388.736 1170
388.749 1163
388.763 1172
388.776 1152
388.789 1154
388.803 1139
388.816 1123
388.829 1145
388.843 1120
388.856 1138
388.870 1092
388.883 1114
388.896 1106
388.910 1100
388.923 1109
388.936 1129
388.950 1132
388.963 1098
388.976 1131
388.990 1097
389.003 1106
389.016 1131
389.030 1106
389.043 1130
389.056 1127
389.070 1127
389.083 1135
389.097 1098
389.110 1081
389.123 1108
389.137 1113
389.150 1127
389.163 1122
389.177 1106
389.190 1098
389.203 1100
389.217 1107
389.230 1094
389.243 1107
389.257 1088
389.270 1114
389.283 1104
389.297 1089
389.310 1083
389.323 1092
389.337 1105
389.350 1062
389.363 1101
389.377 1120
389.390 1093
389.403 1089
389.417 1083
389.430 1064
389.443 1056
389.457 1093
389.470 1079
389.483 1099
389.497 1115
389.510 1060
389.523 1080
389.537 1051
389.550 1067
389.563 1058
389.577 1034
389.590 1035
389.603 1027
389.617 1034
389.630 1037
389.643 1054
389.657 1026
389.670 1023
389.683 1013
389.697 996
389.710 1013
389.723 1046
389.737 1010
389.750 1025
389.763 1038
389.777 1011
389.790 1016
389.803 1001
389.817 1007
389.830 1004
389.843 1011
389.857 1006
389.870 992
389.883 974
389.897 992
389.910 966
389.923 982
389.937 985
389.950 994
389.963 984
389.977 963
389.990 978
390.003 981
390.017 988
390.030 987
390.043 961
390.057 965
390.070 1001
390.083 986
390.096 967
390.110 985
390.123 963
390.136 963
390.150 978
390.163 967
390.176 948
390.190 937
390.203 958
390.216 961
390.230 934
390.243 971
390.256 941
390.270 930
390.283 955
390.296 925
390.310 922
390.323 925
390.336 942
390.349 944
390.363 946
390.376 943
390.389 932
390.403 946
390.416 945
390.429 932
390.443 936
390.456 931
390.469 903
390.483 921
390.496 934
390.509 894
390.522 899
390.536 904
390.549 891
390.562 902
390.576 903
390.589 911
390.602 904
390.616 903
390.629 912
390.642 880
390.655 899
390.669 904
390.682 899
390.695 903
390.709 884
390.722 878
390.735 890
390.749 882
390.762 899
390.775 876
390.788 871
390.802 895
390.815 855
390.828 871
390.842 868
390.855 881
390.868 859
390.882 854
390.895 865
390.908 864
390.921 850
390.935 864
390.948 849
390.961 852
390.975 860
390.988 856
391.001 860
391.014 864
391.028 835
391.041 840
391.054 831
391.068 838
391.081 849
391.094 837
391.107 836
391.121 831
391.134 809
391.147 838
391.161 805
391.174 803
391.187 810
391.200 802
391.214 797
391.227 802
391.240 793
391.254 799
391.267 802
391.280 783
391.293 780
391.307 783
391.320 781
391.333 786
391.347 782
391.360 780
391.373 782
391.386 769
391.400 772
391.413 779
391.426 763
391.440 771
391.453 773
391.466 760
391.479 737
391.493 763
391.506 758
391.519 774
391.532 756
391.546 747
391.559 756
391.572 746
391.586 757
391.599 744
391.612 728
391.625 735
391.639 747
391.652 740
391.665 753
391.678 720
391.692 743
391.705 743
391.718 733
391.732 736
391.745 742
391.758 738
391.771 747
391.785 734
391.798 732
391.811 726
391.824 726
391.838 726
391.851 732
391.864 721
391.877 739
391.891 725
391.904 714
391.917 732
391.931 720
391.944 727
391.957 720
391.970 710
391.984 716
391.997 713
392.010 723
392.023 708
392.037 717
392.050 729
392.063 717
392.076 708
392.090 721
392.103 728
392.116 723
392.129 705
392.143 707
392.156 700
392.169 716
392.182 717
392.196 702
392.209 729
392.222 719
392.235 709
392.249 699
392.262 719
392.275 708
392.288 706
392.302 692
392.315 708
392.328 708
392.341 695
392.355 707
392.368 712
392.381 703
392.394 701
392.408 703
392.421 702
392.434 718
392.447 697
392.461 709
392.474 708
392.487 692
392.500 705
392.514 697
392.527 702
392.540 704
392.553 712
392.567 702
392.580 694
392.593 695
392.606 709
392.620 690
392.633 690
392.646 708
392.659 683
392.673 702
392.686 681
392.699 697
392.712 685
392.726 701
392.739 685
392.752 699
392.765 690
392.778 690
392.792 696
392.805 695
392.818 699
392.831 697
392.845 696
392.858 696
392.871 681
392.884 711
392.898 705
392.911 692
392.924 687
392.937 700
392.951 690
392.964 700
392.977 692
392.990 682
393.003 683
393.017 693
393.030 688
393.043 682
393.056 707
393.070 687
393.083 689
393.096 700
393.109 690
393.122 695
393.136 694
393.149 698
393.162 694
393.175 689
393.189 690
393.202 681
393.215 688
393.228 697
393.242 689
393.255 686
393.268 696
393.281 686
393.294 688
393.308 680
393.321 680
393.334 695
393.347 676
393.360 674
393.374 696
393.387 698
393.400 696
393.413 698
393.427 676
393.440 685
393.453 673
393.466 678
393.479 679
393.493 688
393.506 691
393.519 683
393.532 693
393.546 683
393.559 679
393.572 677
393.585 682
393.598 686
393.612 690
393.625 694
393.638 681
393.651 690
393.664 696
393.678 694
393.691 689
393.704 677
393.717 676
393.730 679
393.744 682
393.757 686
393.770 689
393.783 696
393.796 684
393.810 682
393.823 683
393.836 678
393.849 685
393.863 676
393.876 695
393.889 683
393.902 693
393.915 687
393.929 675
