375.891 683
375.905 727
375.919 730
375.933 722
375.946 709
375.960 726
375.974 734
375.987 731
376.001 710
376.015 725
376.029 722
376.042 729
376.056 744
376.070 728
376.084 733
376.097 733
376.111 730
376.125 739
376.139 743
376.152 740
376.166 757
376.180 747
376.193 748
376.207 738
376.221 768
376.235 751
376.248 747
376.262 762
376.276 765
376.290 759
376.303 763
376.317 755
376.331 768
376.345 768
376.358 766
376.372 778
376.386 757
376.399 765
376.413 773
376.427 795
376.441 796
376.454 779
376.468 761
376.482 790
376.495 804
376.509 800
376.523 815
376.537 812
376.550 814
376.564 821
376.578 816
376.592 802
376.605 822
376.619 820
376.633 818
376.646 818
376.660 803
376.674 818
376.688 818
376.701 829
376.715 825
376.729 834
376.742 831
376.756 835
376.770 832
376.784 822
376.797 854
376.811 870
376.825 848
376.838 877
376.852 875
376.866 859
376.880 868
376.893 894
376.907 844
376.921 889
376.934 875
376.948 918
376.962 895
376.976 889
376.989 908
377.003 902
377.017 905
377.030 919
377.044 924
377.058 932
377.071 953
377.085 924
377.099 946
377.113 919
377.126 947
377.140 948
377.154 950
377.167 985
377.181 937
377.195 970
377.208 961
377.222 972
377.236 980
377.250 986
377.263 965
377.277 984
377.291 990
377.304 1008
377.318 997
377.332 1025
377.345 1017
377.359 963
377.373 1014
377.387 1042
377.400 1027
377.414 1047
377.428 1027
377.441 1032
377.455 1040
377.469 1061
377.482 1063
377.496 1049
377.510 1088
377.524 1101
377.537 1063
377.551 1095
377.565 1091
377.578 1095
377.592 1072
377.606 1085
377.619 1075
377.633 1076
377.647 1088
377.660 1108
377.674 1110
377.688 1090
377.701 1116
377.715 1134
377.729 1159
377.743 1125
377.756 1133
377.770 1165
377.784 1139
377.797 1145
377.811 1111
377.825 1153
377.838 1165
377.852 1108
377.866 1196
377.879 1175
377.893 1161
377.907 1160
377.920 1198
377.934 1169
377.948 1193
377.961 1208
377.975 1174
377.989 1218
378.002 1230
378.016 1194
378.030 1205
378.044 1173
378.057 1209
378.071 1221
378.085 1266
378.098 1238
378.112 1215
378.126 1239
378.139 1250
378.153 1231
378.167 1234
378.180 1268
378.194 1251
378.208 1292
378.221 1283
378.235 1246
378.249 1272
378.262 1261
378.276 1237
378.290 1284
378.303 1289
378.317 1266
378.331 1285
378.344 1298
378.358 1290
378.372 1306
378.385 1313
378.399 1321
378.413 1332
378.426 1318
378.440 1329
378.454 1305
378.467 1323
378.481 1304
378.495 1343
378.508 1354
378.522 1337
378.536 1346
378.549 1340
378.563 1327
378.577 1370
378.590 1339
378.604 1331
378.618 1359
378.631 1414
378.645 1359
378.659 1376
378.672 1385
378.686 1374
378.700 1473
378.713 1460
378.727 1460
378.740 1435
378.754 1461
378.768 1458
378.781 1436
378.795 1485
378.809 1463
378.822 1467
378.836 1472
378.850 1424
378.863 1420
378.877 1462
378.891 1463
378.904 1422
378.918 1468
378.932 1484
378.945 1468
378.959 1458
378.973 1463
378.986 1463
379.000 1469
379.014 1501
379.027 1506
379.041 1451
379.054 1473
379.068 1490
379.082 1519
379.095 1483
379.109 1483
379.123 1517
379.136 1522
379.150 1489
379.164 1488
379.177 1506
379.191 1529
379.205 1513
379.218 1517
379.232 1563
379.245 1582
379.259 1535
379.273 1582
379.286 1572
379.300 1550
379.314 1575
379.327 1557
379.341 1591
379.355 1577
379.368 1650
379.382 1618
379.396 1609
379.409 1612
379.423 1621
379.436 1606
379.450 1644
379.464 1673
379.477 1678
379.491 1631
379.505 1695
379.518 1712
379.532 1687
379.546 1699
379.559 1678
379.573 1704
379.586 1709
379.600 1733
379.614 1762
379.627 1796
379.641 1806
379.655 1780
379.668 1796
379.682 1735
379.695 1783
379.709 1864
379.723 1823
379.736 1912
379.750 1942
379.764 1974
379.777 1950
379.791 1982
379.804 2017
379.818 1998
379.832 1952
379.845 1917
379.859 1918
379.873 1979
379.886 1980
379.900 2004
379.913 2045
379.927 2038
379.941 2109
379.954 2051
379.968 2145
379.982 2138
379.995 2174
380.009 2198
380.022 2196
380.036 2225
380.050 2223
380.063 2287
380.077 2322
380.090 2398
380.104 2423
380.118 2433
380.131 2526
380.145 2455
380.159 2511
380.172 2500
380.186 2584
380.199 2583
380.213 2629
380.227 2704
380.240 2735
380.254 2664
380.267 2598
380.281 2662
380.295 2794
380.308 2746
380.322 2742
380.336 2843
380.349 2845
380.363 2891
380.376 2862
380.390 2924
380.404 2956
380.417 2978
380.431 2970
380.444 2986
380.458 3079
380.472 3090
380.485 3157
380.499 3173
380.512 3180
380.526 3247
380.540 3265
380.553 3261
380.567 3300
380.580 3291
380.594 3348
380.608 3482
380.621 3679
380.635 3634
380.648 3621
380.662 3612
380.676 3683
380.689 3723
380.703 3695
380.716 3735
380.730 3883
380.744 3731
380.757 3945
380.771 4015
380.784 4039
380.798 4096
380.812 4136
380.825 4134
380.839 4234
380.852 4228
380.866 4349
380.880 4437
380.893 4370
380.907 4339
380.920 4349
380.934 4428
380.948 4505
380.961 4555
380.975 4490
380.988 4524
381.002 4520
381.015 4516
381.029 4659
381.043 4628
381.056 4682
381.070 4734
381.083 4739
381.097 4765
381.111 4757
381.124 4902
381.138 4921
381.151 4840
381.165 4893
381.179 5049
381.192 4950
381.206 4962
381.219 4874
381.233 4992
381.246 4977
381.260 5049
381.274 5061
381.287 5072
381.301 5154
381.314 5220
381.328 5220
381.341 5181
381.355 5104
381.369 5187
381.382 5335
381.396 5249
381.409 5388
381.423 5359
381.437 5517
381.450 5430
381.464 5540
381.477 5533
381.491 5662
381.504 5629
381.518 5614
381.532 5540
381.545 5773
381.559 5870
381.572 5753
381.586 5821
381.599 5865
381.613 5754
381.627 5784
381.640 5807
381.654 5922
381.667 5932
381.681 5984
381.694 5964
381.708 5781
381.722 5671
381.735 5770
381.749 5705
381.762 5751
381.776 5822
381.789 5881
381.803 5743
381.817 5789
381.830 5865
381.844 5874
381.857 5768
381.871 6002
381.884 5902
381.898 5840
381.911 5828
381.925 6024
381.939 5975
381.952 5975
381.966 5997
381.979 5986
381.993 6197
382.006 6217
382.020 6312
382.034 6395
382.047 6308
382.061 6161
382.074 6195
382.088 6091
382.101 6231
382.115 6249
382.128 6218
382.142 6399
382.156 6555
382.169 6624
382.183 6519
382.196 6536
382.210 6451
382.223 6442
382.237 6468
382.250 6460
382.264 6533
382.278 6591
382.291 6662
382.305 6751
382.318 6925
382.332 6831
382.345 6737
382.359 6586
382.372 6424
382.386 6582
382.399 6684
382.413 6667
382.427 6731
382.440 6683
382.454 6671
382.467 6816
382.481 6894
382.494 7111
382.508 7072
382.521 7215
382.535 7101
382.548 7060
382.562 7145
382.576 7168
382.589 7095
382.603 7192
382.616 7340
382.630 7298
382.643 7472
382.657 7462
382.670 7441
382.684 7558
382.697 7561
382.711 7508
382.724 7656
382.738 7641
382.752 7753
382.765 7882
382.779 7866
382.792 8005
382.806 7985
382.819 8152
382.833 8046
382.846 8157
382.860 8257
382.873 8433
382.887 8373
382.900 8439
382.914 8537
382.928 8786
382.941 8720
382.955 8828
382.968 8964
382.982 8991
382.995 9155
383.009 9248
383.022 9298
383.036 9136
383.049 9348
383.063 9548
383.076 9545
383.090 9595
383.103 9831
383.117 9794
383.130 9888
383.144 9997
383.158 10184
383.171 10117
383.185 10329
383.198 10358
383.212 10508
383.225 10748
383.239 10855
383.252 10940
383.266 11134
383.279 11226
383.293 11438
383.306 11420
383.320 11695
383.333 12020
383.347 12118
383.360 12098
383.374 12234
383.387 12348
383.401 12345
383.414 12488
383.428 12562
383.441 12749
383.455 12752
383.468 12648
383.482 13069
383.496 13479
383.509 13586
383.523 13654
383.536 13794
383.550 13867
383.563 14026
383.577 14107
383.590 14611
383.604 14295
383.617 14402
383.631 14515
383.644 14329
383.658 14470
383.671 14677
383.685 14718
383.698 14839
383.712 15091
383.725 15130
383.739 15123
383.752 15431
383.766 15458
383.779 15544
383.793 15642
383.806 15911
383.820 16596
383.833 16452
383.847 16696
383.860 16851
383.874 17110
383.887 16674
383.901 16790
383.914 17308
383.928 17485
383.941 17648
383.955 17516
383.968 17506
383.982 17807
383.995 17905
384.009 17907
384.022 18212
384.036 18236
384.049 18604
384.063 18869
384.076 19341
384.090 19735
384.103 20151
384.117 20437
384.130 20229
384.144 20134
384.157 20362
384.171 20188
384.184 20558
384.198 20767
384.211 21118
384.225 21366
384.238 21838
384.252 22156
384.265 22176
384.279 22479
384.292 22788
384.306 23166
384.319 23113
384.333 23177
384.346 23538
384.360 23623
384.373 23792
384.387 24181
384.400 24387
384.414 24322
384.427 24818
384.441 24979
384.454 25159
384.468 25352
384.481 25761
384.495 25833
384.508 26083
384.522 26345
384.535 26529
384.549 27030
384.562 27012
384.575 27412
384.589 27957
384.602 28900
384.616 29527
384.629 29631
384.643 30002
384.656 30158
384.670 30433
384.683 30321
384.697 30249
384.710 30603
384.724 30764
384.737 30932
384.751 31152
384.764 31255
384.778 31724
384.791 31619
384.805 31991
384.818 31898
384.832 31883
384.845 31945
384.859 32071
384.872 31371
384.885 30933
384.899 30741
384.912 30167
384.926 30533
384.939 30293
384.953 29920
384.966 29678
384.980 29496
384.993 29275
385.007 28984
385.020 28458
385.034 28026
385.047 27628
385.061 26871
385.074 26535
385.088 25836
385.101 25365
385.114 25067
385.128 24276
385.141 23895
385.155 23064
385.168 23352
385.182 22771
385.195 22194
385.209 21624
385.222 20377
385.236 19892
385.249 19341
385.263 18500
385.276 17853
385.290 17073
385.303 16270
385.316 15799
385.330 15506
385.343 15041
385.357 14612
385.370 13910
385.384 13287
385.397 13043
385.411 12524
385.424 12057
385.438 11798
385.451 11588
385.464 11193
385.478 10825
385.491 10653
385.505 10239
385.518 9940
385.532 9564
385.545 9232
385.559 8940
385.572 8608
385.586 8498
385.599 8426
385.612 8354
385.626 8101
385.639 7730
385.653 7677
385.666 7813
385.680 7334
385.693 7214
385.707 7043
385.720 6815
385.734 6797
385.747 6487
385.760 6306
385.774 6267
385.787 6210
385.801 5934
385.814 5729
385.828 5580
385.841 5590
385.855 5392
385.868 5366
385.881 5266
385.895 5112
385.908 5134
385.922 4984
385.935 4948
385.949 4825
385.962 4750
385.976 4751
385.989 4711
386.002 4743
386.016 4636
386.029 4623
386.043 4518
386.056 4455
386.070 4336
386.083 4272
386.097 4289
386.110 4231
386.123 4262
386.137 4172
386.150 4059
386.164 4005
386.177 4026
386.191 4013
386.204 3899
386.217 3847
386.231 3874
386.244 3812
386.258 3774
386.271 3740
386.285 3774
386.298 3714
386.311 3687
386.325 3636
386.338 3479
386.352 3550
386.365 3470
386.379 3460
386.392 3435
386.405 3368
386.419 3354
386.432 3318
386.446 3408
386.459 3375
386.473 3344
386.486 3252
386.499 3249
386.513 3224
386.526 3277
386.540 3220
386.553 3129
386.567 3211
386.580 3222
386.593 3239
386.607 3239
386.620 3264
386.634 3194
386.647 3154
386.661 3130
386.674 3086
386.687 3004
386.701 3028
386.714 2924
386.728 2956
386.741 2981
386.754 2941
386.768 2883
386.781 2931
386.795 2921
386.808 2866
386.822 2808
386.835 2788
386.848 2776
386.862 2804
386.875 2788
386.889 2727
386.902 2757
386.915 2729
386.929 2755
386.942 2734
386.956 2695
386.969 2647
386.983 2637
386.996 2612
387.009 2616
387.023 2631
387.036 2585
387.050 2610
387.063 2636
387.076 2604
387.090 2604
387.103 2596
387.117 2578
387.130 2624
387.143 2662
387.157 2591
387.170 2574
387.184 2532
387.197 2517
387.210 2520
387.224 2514
387.237 2503
387.251 2438
387.264 2412
387.278 2428
387.291 2517
387.304 2497
387.318 2455
387.331 2440
387.345 2449
387.358 2423
387.371 2419
387.385 2336
387.398 2428
387.412 2369
387.425 2361
387.438 2357
387.452 2306
387.465 2325
387.478 2265
387.492 2302
387.505 2285
387.519 2250
387.532 2337
387.545 2364
387.559 2400
387.572 2353
387.586 2340
387.599 2336
387.612 2377
387.626 2357
387.639 2359
387.653 2312
387.666 2228
387.679 2150
387.693 2205
387.706 2150
387.720 2231
387.733 2185
387.746 2171
387.760 2205
387.773 2180
387.787 2227
387.800 2159
387.813 2148
387.827 2082
387.840 2016
387.853 2094
387.867 2096
387.880 2132
387.894 2106
387.907 2087
387.920 2059
387.934 2072
387.947 2000
387.961 2038
387.974 2001
387.987 1963
388.001 1946
388.014 1921
388.027 1924
388.041 1937
388.054 1935
388.068 1893
388.081 1902
388.094 1916
388.108 1915
388.121 1870
388.134 1868
388.148 1789
388.161 1822
388.175 1770
388.188 1764
388.201 1759
388.215 1733
388.228 1702
388.241 1692
388.255 1689
388.268 1635
388.282 1657
388.295 1628
388.308 1628
388.322 1576
388.335 1575
388.348 1574
388.362 1538
388.375 1546
388.389 1521
388.402 1560
388.415 1537
388.429 1461
388.442 1531
388.455 1524
388.469 1460
388.482 1482
388.495 1477
388.509 1455
388.522 1444
388.536 1480
388.549 1425
388.562 1376
388.576 1406
388.589 1400
388.602 1377
388.616 1400
388.629 1391
388.642 1363
388.656 1355
388.669 1351
388.683 1345
388.696 1324
388.709 1374
388.723 1343
388.736 1354
388.749 1296
388.763 1317
388.776 1300
388.789 1271
388.803 1307
388.816 1280
388.829 1282
388.843 1298
388.856 1201
388.870 1279
388.883 1249
388.896 1266
388.910 1259
388.923 1266
388.936 1272
388.950 1272
388.963 1278
388.976 1286
388.990 1281
389.003 1280
389.016 1256
389.030 1291
389.043 1289
389.056 1290
389.070 1310
389.083 1247
389.097 1240
389.110 1209
389.123 1271
389.137 1267
389.150 1240
389.163 1282
389.177 1245
389.190 1260
389.203 1247
389.217 1280
389.230 1260
389.243 1231
389.257 1222
389.270 1246
389.283 1237
389.297 1233
389.310 1186
389.323 1223
389.337 1231
389.350 1246
389.363 1196
389.377 1203
389.390 1224
389.403 1231
389.417 1234
389.430 1199
389.443 1205
389.457 1219
389.470 1192
389.483 1240
389.497 1220
389.510 1216
389.523 1212
389.537 1212
389.550 1188
389.563 1197
389.577 1168
389.590 1150
389.603 1153
389.617 1158
389.630 1143
389.643 1149
389.657 1146
389.670 1145
389.683 1146
389.697 1147
389.710 1119
389.723 1160
389.737 1145
389.750 1163
389.763 1139
389.777 1117
389.790 1161
389.803 1122
389.817 1107
389.830 1148
389.843 1104
389.857 1108
389.870 1086
389.883 1102
389.897 1124
389.910 1080
389.923 1109
389.937 1113
389.950 1086
389.963 1088
389.977 1071
389.990 1091
390.003 1082
390.017 1076
390.030 1105
390.043 1074
390.057 1089
390.070 1051
390.083 1042
390.096 1076
390.110 1037
390.123 1073
390.136 1052
390.150 1072
390.163 1069
390.176 1061
390.190 1083
390.203 1032
390.216 1026
390.230 1059
390.243 1042
390.256 1039
390.270 1067
390.283 1043
390.296 1050
390.310 1044
390.323 1040
390.336 1028
390.349 1027
390.363 1024
390.376 1056
390.389 1051
390.403 1028
390.416 1051
390.429 1000
390.443 1028
390.456 1012
390.469 1014
390.483 1025
390.496 1020
390.509 998
390.522 1024
390.536 982
390.549 990
390.562 989
390.576 999
390.589 988
390.602 1002
390.616 1021
390.629 987
390.642 991
390.655 978
390.669 986
390.682 989
390.695 992
390.709 988
390.722 971
390.735 966
390.749 981
390.762 978
390.775 966
390.788 970
390.802 933
390.815 964
390.828 948
390.842 921
390.855 910
390.868 941
390.882 944
390.895 935
390.908 936
390.921 933
390.935 945
390.948 914
390.961 940
390.975 930
390.988 917
391.001 924
391.014 906
391.028 932
391.041 901
391.054 880
391.068 892
391.081 895
391.094 904
391.107 894
391.121 887
391.134 893
391.147 889
391.161 884
391.174 876
391.187 867
391.200 862
391.214 872
391.227 836
391.240 864
391.254 858
391.267 855
391.280 856
391.293 854
391.307 834
391.320 830
391.333 828
391.347 805
391.360 790
391.373 824
391.386 820
391.400 819
391.413 815
391.426 813
391.440 820
391.453 810
391.466 794
391.479 804
391.493 805
391.506 812
391.519 812
391.532 793
391.546 796
391.559 799
391.572 785
391.586 799
391.599 778
391.612 777
391.625 800
391.639 785
391.652 791
391.665 793
391.678 787
391.692 782
391.705 773
391.718 775
391.732 780
391.745 765
391.758 775
391.771 769
391.785 755
391.798 767
391.811 756
391.824 762
391.838 759
391.851 756
391.864 763
391.877 756
391.891 759
391.904 760
391.917 750
391.931 760
391.944 776
391.957 759
391.970 750
391.984 763
391.997 759
392.010 753
392.023 740
392.037 753
392.050 752
392.063 736
392.076 738
392.090 757
392.103 745
392.116 734
392.129 743
392.143 748
392.156 747
392.169 728
392.182 739
392.196 742
392.209 723
392.222 744
392.235 724
392.249 744
392.262 733
392.275 732
392.288 744
392.302 727
392.315 729
392.328 730
392.341 731
392.355 729
392.368 720
392.381 720
392.394 736
392.408 729
392.421 735
392.434 743
392.447 725
392.461 745
392.474 743
392.487 738
392.500 742
392.514 737
392.527 716
392.540 736
392.553 741
392.567 730
392.580 720
392.593 728
392.606 717
392.620 727
392.633 707
392.646 714
392.659 724
392.673 719
392.686 720
392.699 717
392.712 729
392.726 719
392.739 712
392.752 724
392.765 721
392.778 715
392.792 707
392.805 725
392.818 722
392.831 713
392.845 731
392.858 721
392.871 712
392.884 721
392.898 722
392.911 728
392.924 721
392.937 722
392.951 711
392.964 708
392.977 731
392.990 699
393.003 718
393.017 724
393.030 701
393.043 705
393.056 721
393.070 714
393.083 715
393.096 703
393.109 725
393.122 719
393.136 722
393.149 719
393.162 718
393.175 714
393.189 720
393.202 709
393.215 712
393.228 716
393.242 704
393.255 710
393.268 707
393.281 695
393.294 703
393.308 694
393.321 713
393.334 717
393.347 706
393.360 718
393.374 709
393.387 698
393.400 711
393.413 712
393.427 700
393.440 706
393.453 701
393.466 706
393.479 708
393.493 702
393.506 711
393.519 703
393.532 700
393.546 706
393.559 710
393.572 713
393.585 702
393.598 707
393.612 717
393.625 708
393.638 708
393.651 715
393.664 712
393.678 712
393.691 708
393.704 709
393.717 703
393.730 705
393.744 719
393.757 701
393.770 704
393.783 709
393.796 709
393.810 693
393.823 710
393.836 682
393.849 686
393.863 706
393.876 693
393.889 700
393.902 684
393.915 711
393.929 687
