375.891 701
375.905 691
375.919 703
375.933 698
375.946 703
375.960 698
375.974 710
375.987 708
376.001 716
376.015 710
376.029 712
376.042 709
376.056 707
376.070 699
376.084 718
376.097 709
376.111 714
376.125 709
376.139 720
376.152 720
376.166 730
376.180 724
376.193 722
376.207 723
376.221 731
376.235 733
376.248 725
376.262 739
376.276 732
376.290 726
376.303 720
376.317 731
376.331 726
376.345 730
376.358 752
376.372 738
376.386 746
376.399 752
376.413 742
376.427 747
376.441 742
376.454 749
376.468 750
376.482 746
376.495 757
376.509 760
376.523 767
376.537 776
376.550 779
376.564 773
376.578 770
376.592 771
376.605 779
376.619 783
376.633 777
376.646 779
376.660 766
376.674 789
376.688 785
376.701 787
376.715 787
376.729 800
376.742 790
376.756 798
376.770 790
376.784 794
376.797 802
376.811 789
376.825 809
376.838 809
376.852 822
376.866 806
376.880 805
376.893 825
376.907 816
376.921 828
376.934 817
376.948 837
376.962 827
376.976 826
376.989 834
377.003 855
377.017 844
377.030 875
377.044 867
377.058 876
377.071 855
377.085 868
377.099 858
377.113 852
377.126 875
377.140 881
377.154 895
377.167 891
377.181 892
377.195 915
377.208 878
377.222 885
377.236 894
377.250 916
377.263 910
377.277 930
377.291 919
377.304 948
377.318 929
377.332 921
377.345 930
377.359 941
377.373 944
377.387 940
377.400 914
377.414 936
377.428 952
377.441 962
377.455 960
377.469 965
377.482 968
377.496 938
377.510 1003
377.524 1002
377.537 992
377.551 1006
377.565 979
377.578 995
377.592 1016
377.606 1006
377.619 1013
377.633 1005
377.647 1008
377.660 1005
377.674 1015
377.688 1002
377.701 992
377.715 1034
377.729 1039
377.743 1026
377.756 1056
377.770 1044
377.784 1043
377.797 1053
377.811 1053
377.825 1054
377.838 1042
377.852 1040
377.866 1044
377.879 1078
377.893 1074
377.907 1086
377.920 1093
377.934 1087
377.948 1063
377.961 1076
377.975 1076
377.989 1106
378.002 1088
378.016 1091
378.030 1105
378.044 1112
378.057 1120
378.071 1095
378.085 1112
378.098 1101
378.112 1101
378.126 1157
378.139 1129
378.153 1102
378.167 1143
378.180 1125
378.194 1138
378.208 1136
378.221 1142
378.235 1141
378.249 1149
378.262 1149
378.276 1122
378.290 1144
378.303 1149
378.317 1145
378.331 1122
378.344 1135
378.358 1150
378.372 1162
378.385 1200
378.399 1185
378.413 1185
378.426 1176
378.440 1195
378.454 1205
378.467 1190
378.481 1182
378.495 1173
378.508 1209
378.522 1191
378.536 1227
378.549 1181
378.563 1199
378.577 1223
378.590 1240
378.604 1224
378.618 1247
378.631 1257
378.645 1218
378.659 1235
378.672 1244
378.686 1267
378.700 1267
378.713 1314
378.727 1304
378.740 1280
378.754 1291
378.768 1319
378.781 1278
378.795 1275
378.809 1309
378.822 1305
378.836 1305
378.850 1315
378.863 1297
378.877 1318
378.891 1283
378.904 1305
378.918 1304
378.932 1356
378.945 1317
378.959 1285
378.973 1309
378.986 1326
379.000 1333
379.014 1267
379.027 1304
379.041 1335
379.054 1316
379.068 1341
379.082 1315
379.095 1335
379.109 1331
379.123 1344
379.136 1349
379.150 1361
379.164 1349
379.177 1353
379.191 1366
379.205 1370
379.218 1377
379.232 1387
379.245 1413
379.259 1407
379.273 1398
379.286 1388
379.300 1390
379.314 1415
379.327 1420
379.341 1444
379.355 1431
379.368 1413
379.382 1438
379.396 1462
379.409 1397
379.423 1428
379.436 1477
379.450 1463
379.464 1497
379.477 1480
379.491 1459
379.505 1499
379.518 1506
379.532 1520
379.546 1543
379.559 1558
379.573 1547
379.586 1551
379.600 1567
379.614 1538
379.627 1581
379.641 1612
379.655 1623
379.668 1616
379.682 1624
379.695 1596
379.709 1574
379.723 1615
379.736 1681
379.750 1783
379.764 1731
379.777 1719
379.791 1712
379.804 1790
379.818 1813
379.832 1747
379.845 1764
379.859 1736
379.873 1751
379.886 1750
379.900 1790
379.913 1804
379.927 1805
379.941 1858
379.954 1853
379.968 1923
379.982 1894
379.995 1948
380.009 1926
380.022 1943
380.036 1970
380.050 1979
380.063 1986
380.077 2100
380.090 2144
380.104 2171
380.118 2131
380.131 2175
380.145 2180
380.159 2146
380.172 2242
380.186 2287
380.199 2310
380.213 2335
380.227 2377
380.240 2384
380.254 2340
380.267 2336
380.281 2355
380.295 2372
380.308 2412
380.322 2400
380.336 2390
380.349 2469
380.363 2464
380.376 2519
380.390 2553
380.404 2594
380.417 2609
380.431 2665
380.444 2623
380.458 2697
380.472 2723
380.485 2718
380.499 2766
380.512 2831
380.526 2837
380.540 2803
380.553 2920
380.567 2906
380.580 2968
380.594 2964
380.608 3074
380.621 3184
380.635 3209
380.648 3196
380.662 3149
380.676 3238
380.689 3271
380.703 3270
380.716 3327
380.730 3359
380.744 3411
380.757 3449
380.771 3542
380.784 3594
380.798 3602
380.812 3534
380.825 3590
380.839 3637
380.852 3708
380.866 3814
380.880 3837
380.893 3818
380.907 3781
380.920 3917
380.934 3885
380.948 3924
380.961 3978
380.975 3933
380.988 4033
381.002 4023
381.015 3970
381.029 4058
381.043 4088
381.056 4103
381.070 4136
381.083 4208
381.097 4195
381.111 4264
381.124 4279
381.138 4297
381.151 4396
381.165 4373
381.179 4342
381.192 4399
381.206 4342
381.219 4391
381.233 4458
381.246 4434
381.260 4417
381.274 4457
381.287 4466
381.301 4577
381.314 4551
381.328 4541
381.341 4555
381.355 4585
381.369 4606
381.382 4614
381.396 4583
381.409 4722
381.423 4678
381.437 4759
381.450 4807
381.464 4831
381.477 4880
381.491 4939
381.504 4891
381.518 4988
381.532 4891
381.545 5029
381.559 5174
381.572 5120
381.586 5103
381.599 5134
381.613 5073
381.627 5121
381.640 5159
381.654 5222
381.667 5195
381.681 5147
381.694 5162
381.708 5110
381.722 5133
381.735 5084
381.749 5092
381.762 5056
381.776 5088
381.789 5113
381.803 5170
381.817 5072
381.830 5085
381.844 5098
381.857 5183
381.871 5227
381.884 5263
381.898 5154
381.911 5230
381.925 5203
381.939 5248
381.952 5301
381.966 5194
381.979 5322
381.993 5474
382.006 5434
382.020 5536
382.034 5488
382.047 5375
382.061 5465
382.074 5421
382.088 5271
382.101 5397
382.115 5444
382.128 5422
382.142 5573
382.156 5828
382.169 5823
382.183 5739
382.196 5682
382.210 5729
382.223 5731
382.237 5724
382.250 5672
382.264 5705
382.278 5835
382.291 5861
382.305 5932
382.318 5970
382.332 6020
382.345 5803
382.359 5704
382.372 5819
382.386 5813
382.399 5748
382.413 5781
382.427 5849
382.440 5840
382.454 5841
382.467 5904
382.481 6150
382.494 6146
382.508 6301
382.521 6261
382.535 6245
382.548 6153
382.562 6074
382.576 6190
382.589 6276
382.603 6308
382.616 6386
382.630 6425
382.643 6434
382.657 6523
382.670 6540
382.684 6559
382.697 6590
382.711 6647
382.724 6666
382.738 6650
382.752 6787
382.765 6758
382.779 6852
382.792 6866
382.806 6993
382.819 6955
382.833 7071
382.846 7139
382.860 7251
382.873 7218
382.887 7295
382.900 7400
382.914 7416
382.928 7567
382.941 7643
382.955 7732
382.968 7762
382.982 7995
382.995 7896
383.009 7990
383.022 8091
383.036 8084
383.049 8237
383.063 8185
383.076 8420
383.090 8285
383.103 8409
383.117 8435
383.130 8698
383.144 8691
383.158 8836
383.171 8910
383.185 9008
383.198 8972
383.212 9282
383.225 9279
383.239 9569
383.252 9638
383.266 9708
383.279 9791
383.293 9826
383.306 9929
383.320 10235
383.333 10409
383.347 10564
383.360 10680
383.374 10701
383.387 10766
383.401 10883
383.414 10884
383.428 10781
383.441 10899
383.455 11035
383.468 11081
383.482 11259
383.496 11929
383.509 11882
383.523 11913
383.536 12062
383.550 12102
383.563 12196
383.577 12408
383.590 12513
383.604 12676
383.617 12682
383.631 12581
383.644 12475
383.658 12554
383.671 12752
383.685 13045
383.698 13065
383.712 13108
383.725 13274
383.739 13259
383.752 13343
383.766 13487
383.779 13665
383.793 13627
383.806 13997
383.820 14373
383.833 14524
383.847 14722
383.860 14958
383.874 14973
383.887 14678
383.901 14961
383.914 15260
383.928 15413
383.941 15450
383.955 15452
383.968 15490
383.982 15677
383.995 15890
384.009 15913
384.022 15987
384.036 16198
384.049 16386
384.063 16546
384.076 17058
384.090 17538
384.103 17769
384.117 18116
384.130 18029
384.144 17868
384.157 17879
384.171 17864
384.184 18379
384.198 18500
384.211 18678
384.225 18868
384.238 19403
384.252 19576
384.265 19874
384.279 19947
384.292 20253
384.306 20413
384.319 20342
384.333 20708
384.346 20758
384.360 20870
384.373 21131
384.387 21423
384.400 21564
384.414 21751
384.427 22059
384.441 22176
384.454 22473
384.468 22638
384.481 23002
384.495 23126
384.508 23478
384.522 23596
384.535 23893
384.549 24002
384.562 24620
384.575 24619
384.589 25393
384.602 25996
384.616 26703
384.629 26834
384.643 27122
384.656 27300
384.670 27707
384.683 27461
384.697 27656
384.710 27636
384.724 28119
384.737 28275
384.751 28481
384.764 28509
384.778 28829
384.791 29094
384.805 29308
384.818 29171
384.832 29294
384.845 29360
384.859 29348
384.872 28754
384.885 28262
384.899 28374
384.912 28065
384.926 27950
384.939 27829
384.953 27930
384.966 27381
384.980 27267
384.993 27010
385.007 26666
385.020 26653
385.034 26197
385.047 25779
385.061 25259
385.074 24856
385.088 24244
385.101 23952
385.114 23467
385.128 23163
385.141 22584
385.155 21988
385.168 22213
385.182 21728
385.195 21072
385.209 20627
385.222 19565
385.236 18901
385.249 18405
385.263 17966
385.276 17037
385.290 16361
385.303 15781
385.316 15256
385.330 14964
385.343 14556
385.357 14030
385.370 13480
385.384 12956
385.397 12520
385.411 12048
385.424 11710
385.438 11389
385.451 10947
385.464 10753
385.478 10334
385.491 10237
385.505 9796
385.518 9562
385.532 9206
385.545 8793
385.559 8469
385.572 8147
385.586 7946
385.599 7915
385.612 7739
385.626 7456
385.639 7183
385.653 7227
385.666 7118
385.680 6838
385.693 6653
385.707 6438
385.720 6261
385.734 6104
385.747 5892
385.760 5749
385.774 5679
385.787 5528
385.801 5343
385.814 5165
385.828 4912
385.841 4919
385.855 4832
385.868 4740
385.881 4613
385.895 4546
385.908 4485
385.922 4319
385.935 4310
385.949 4241
385.962 4110
385.976 4122
385.989 4163
386.002 4045
386.016 4105
386.029 4002
386.043 3874
386.056 3819
386.070 3670
386.083 3696
386.097 3696
386.110 3585
386.123 3545
386.137 3519
386.150 3436
386.164 3408
386.177 3431
386.191 3434
386.204 3395
386.217 3339
386.231 3290
386.244 3243
386.258 3216
386.271 3280
386.285 3185
386.298 3163
386.311 3156
386.325 3062
386.338 3016
386.352 2968
386.365 2929
386.379 2888
386.392 2873
386.405 2864
386.419 2857
386.432 2885
386.446 2886
386.459 2874
386.473 2810
386.486 2775
386.499 2767
386.513 2722
386.526 2684
386.540 2661
386.553 2675
386.567 2721
386.580 2708
386.593 2752
386.607 2751
386.620 2685
386.634 2756
386.647 2687
386.661 2652
386.674 2619
386.687 2553
386.701 2539
386.714 2473
386.728 2492
386.741 2460
386.754 2534
386.768 2469
386.781 2477
386.795 2395
386.808 2403
386.822 2348
386.835 2391
386.848 2330
386.862 2358
386.875 2386
386.889 2383
386.902 2331
386.915 2300
386.929 2283
386.942 2347
386.956 2246
386.969 2272
386.983 2263
386.996 2253
387.009 2210
387.023 2178
387.036 2244
387.050 2257
387.063 2250
387.076 2232
387.090 2226
387.103 2206
387.117 2214
387.130 2203
387.143 2198
387.157 2199
387.170 2192
387.184 2185
387.197 2132
387.210 2163
387.224 2100
387.237 2133
387.251 2096
387.264 2079
387.278 2095
387.291 2106
387.304 2064
387.318 2076
387.331 2059
387.345 2092
387.358 2055
387.371 2091
387.385 2047
387.398 2022
387.412 1983
387.425 2041
387.438 2030
387.452 1989
387.465 1972
387.478 1948
387.492 1960
387.505 1986
387.519 1945
387.532 2023
387.545 2052
387.559 2024
387.572 2031
387.586 2012
387.599 2015
387.612 2005
387.626 2017
387.639 2039
387.653 1991
387.666 1917
387.679 1886
387.693 1863
387.706 1878
387.720 1907
387.733 1917
387.746 1897
387.760 1938
387.773 1931
387.787 1905
387.800 1872
387.813 1898
387.827 1878
387.840 1826
387.853 1802
387.867 1800
387.880 1846
387.894 1868
387.907 1828
387.920 1789
387.934 1806
387.947 1783
387.961 1771
387.974 1760
387.987 1708
388.001 1745
388.014 1723
388.027 1730
388.041 1703
388.054 1682
388.068 1694
388.081 1686
388.094 1696
388.108 1646
388.121 1639
388.134 1653
388.148 1602
388.161 1583
388.175 1589
388.188 1576
388.201 1570
388.215 1515
388.228 1513
388.241 1522
388.255 1460
388.268 1480
388.282 1456
388.295 1482
388.308 1459
388.322 1392
388.335 1389
388.348 1366
388.362 1386
388.375 1381
388.389 1349
388.402 1365
388.415 1364
388.429 1379
388.442 1335
388.455 1306
388.469 1329
388.482 1328
388.495 1320
388.509 1320
388.522 1300
388.536 1319
388.549 1267
388.562 1237
388.576 1209
388.589 1248
388.602 1245
388.616 1223
388.629 1229
388.642 1221
388.656 1221
388.669 1221
388.683 1189
388.696 1191
388.709 1222
388.723 1214
388.736 1186
388.749 1166
388.763 1178
388.776 1139
388.789 1132
388.803 1170
388.816 1135
388.829 1119
388.843 1132
388.856 1115
388.870 1137
388.883 1126
388.896 1129
388.910 1105
388.923 1156
388.936 1126
388.950 1150
388.963 1123
388.976 1127
388.990 1137
389.003 1118
389.016 1131
389.030 1132
389.043 1149
389.056 1113
389.070 1128
389.083 1126
389.097 1127
389.110 1123
389.123 1125
389.137 1131
389.150 1106
389.163 1125
389.177 1143
389.190 1127
389.203 1120
389.217 1111
389.230 1116
389.243 1112
389.257 1096
389.270 1125
389.283 1085
389.297 1097
389.310 1102
389.323 1082
389.337 1094
389.350 1112
389.363 1069
389.377 1101
389.390 1088
389.403 1095
389.417 1088
389.430 1073
389.443 1076
389.457 1098
389.470 1087
389.483 1080
389.497 1086
389.510 1082
389.523 1081
389.537 1068
389.550 1085
389.563 1042
389.577 1046
389.590 1056
389.603 1052
389.617 1031
389.630 1034
389.643 1038
389.657 1035
389.670 1029
389.683 1018
389.697 1008
389.710 1010
389.723 1027
389.737 1021
389.750 1025
389.763 1012
389.777 1001
389.790 1014
389.803 1004
389.817 1014
389.830 1014
389.843 1005
389.857 980
389.870 983
389.883 987
389.897 973
389.910 988
389.923 974
389.937 993
389.950 985
389.963 969
389.977 976
389.990 1008
390.003 984
390.017 985
390.030 955
390.043 961
390.057 973
390.070 956
390.083 949
390.096 983
390.110 986
390.123 945
390.136 941
390.150 949
390.163 965
390.176 959
390.190 966
390.203 967
390.216 947
390.230 968
390.243 934
390.256 925
390.270 920
390.283 947
390.296 917
390.310 944
390.323 937
390.336 946
390.349 937
390.363 933
390.376 937
390.389 962
390.403 930
390.416 924
390.429 926
390.443 937
390.456 918
390.469 932
390.483 914
390.496 904
390.509 902
390.522 914
390.536 916
390.549 895
390.562 894
390.576 921
390.589 906
390.602 923
390.616 926
390.629 905
390.642 898
390.655 910
390.669 894
390.682 889
390.695 900
390.709 896
390.722 869
390.735 889
390.749 878
390.762 899
390.775 902
390.788 901
390.802 893
390.815 850
390.828 869
390.842 879
390.855 859
390.868 863
390.882 865
390.895 866
390.908 877
390.921 862
390.935 850
390.948 852
390.961 855
390.975 846
390.988 839
391.001 857
391.014 828
391.028 832
391.041 832
391.054 826
391.068 832
391.081 839
391.094 830
391.107 826
391.121 832
391.134 821
391.147 814
391.161 804
391.174 824
391.187 795
391.200 793
391.214 796
391.227 824
391.240 782
391.254 792
391.267 792
391.280 775
391.293 802
391.307 784
391.320 769
391.333 787
391.347 792
391.360 797
391.373 770
391.386 796
391.400 768
391.413 774
391.426 761
391.440 779
391.453 763
391.466 776
391.479 768
391.493 773
391.506 766
391.519 770
391.532 748
391.546 740
391.559 762
391.572 764
391.586 744
391.599 751
391.612 758
391.625 745
391.639 755
391.652 747
391.665 731
391.678 748
391.692 748
391.705 754
391.718 737
391.732 742
391.745 749
391.758 745
391.771 739
391.785 742
391.798 738
391.811 740
391.824 724
391.838 718
391.851 736
391.864 737
391.877 732
391.891 713
391.904 711
391.917 730
391.931 704
391.944 724
391.957 723
391.970 732
391.984 727
391.997 730
392.010 729
392.023 722
392.037 726
392.050 713
392.063 719
392.076 725
392.090 717
392.103 713
392.116 724
392.129 708
392.143 714
392.156 717
392.169 716
392.182 704
392.196 704
392.209 716
392.222 701
392.235 711
392.249 705
392.262 706
392.275 710
392.288 695
392.302 715
392.315 705
392.328 717
392.341 701
392.355 695
392.368 705
392.381 715
392.394 706
392.408 712
392.421 710
392.434 704
392.447 712
392.461 708
392.474 709
392.487 693
392.500 706
392.514 703
392.527 699
392.540 706
392.553 701
392.567 701
392.580 708
392.593 715
392.606 698
392.620 706
392.633 682
392.646 707
392.659 695
392.673 694
392.686 696
392.699 695
392.712 699
392.726 699
392.739 695
392.752 706
392.765 703
392.778 695
392.792 694
392.805 689
392.818 709
392.831 698
392.845 705
392.858 693
392.871 705
392.884 701
392.898 682
392.911 691
392.924 703
392.937 708
392.951 694
392.964 683
392.977 699
392.990 702
393.003 688
393.017 691
393.030 694
393.043 698
393.056 700
393.070 682
393.083 703
393.096 685
393.109 691
393.122 699
393.136 698
393.149 690
393.162 692
393.175 694
393.189 690
393.202 686
393.215 688
393.228 700
393.242 685
393.255 688
393.268 688
393.281 684
393.294 676
393.308 685
393.321 697
393.334 690
393.347 697
393.360 692
393.374 680
393.387 676
393.400 689
393.413 685
393.427 684
393.440 686
393.453 684
393.466 676
393.479 676
393.493 695
393.506 676
393.519 686
393.532 686
393.546 685
393.559 672
393.572 679
393.585 683
393.598 684
393.612 690
393.625 687
393.638 686
393.651 690
393.664 696
393.678 682
393.691 694
393.704 681
393.717 683
393.730 688
393.744 672
393.757 682
393.770 686
393.783 698
393.796 678
393.810 681
393.823 672
393.836 683
393.849 688
393.863 679
393.876 678
393.889 686
393.902 688
393.915 684
393.929 682
