375.891 692
375.905 673
375.919 689
375.933 689
375.946 690
375.960 691
375.974 698
375.987 686
376.001 691
376.015 700
376.029 697
376.042 695
376.056 691
376.070 705
376.084 695
376.097 698
376.111 695
376.125 699
376.139 703
376.152 697
376.166 710
376.180 711
376.193 710
376.207 715
376.221 705
376.235 700
376.248 718
376.262 709
376.276 719
376.290 726
376.303 712
376.317 726
376.331 723
376.345 722
376.358 719
376.372 729
376.386 732
376.399 716
376.413 732
376.427 727
376.441 735
376.454 737
376.468 742
376.482 723
376.495 734
376.509 754
376.523 738
376.537 754
376.550 757
376.564 762
376.578 762
376.592 761
376.605 768
376.619 762
376.633 756
376.646 752
376.660 747
376.674 767
376.688 764
376.701 766
376.715 779
376.729 770
376.742 782
376.756 767
376.770 777
376.784 788
376.797 781
376.811 788
376.825 787
376.838 787
376.852 799
376.866 827
376.880 798
376.893 802
376.907 810
376.921 805
376.934 798
376.948 821
376.962 830
376.976 797
376.989 836
377.003 842
377.017 828
377.030 837
377.044 840
377.058 824
377.071 843
377.085 855
377.099 847
377.113 840
377.126 833
377.140 869
377.154 862
377.167 872
377.181 884
377.195 874
377.208 884
377.222 877
377.236 887
377.250 865
377.263 883
377.277 888
377.291 901
377.304 908
377.318 888
377.332 899
377.345 907
377.359 933
377.373 904
377.387 921
377.400 914
377.414 889
377.428 930
377.441 924
377.455 927
377.469 941
377.482 938
377.496 943
377.510 933
377.524 931
377.537 960
377.551 939
377.565 949
377.578 967
377.592 973
377.606 962
377.619 965
377.633 958
377.647 970
377.660 957
377.674 978
377.688 953
377.701 969
377.715 999
377.729 986
377.743 979
377.756 1006
377.770 967
377.784 991
377.797 1000
377.811 1019
377.825 1013
377.838 1027
377.852 1025
377.866 1030
377.879 1028
377.893 1026
377.907 1050
377.920 1028
377.934 1064
377.948 1044
377.961 1032
377.975 1041
377.989 1054
378.002 1093
378.016 1033
378.030 1058
378.044 1061
378.057 1061
378.071 1062
378.085 1074
378.098 1095
378.112 1091
378.126 1072
378.139 1106
378.153 1066
378.167 1085
378.180 1072
378.194 1119
378.208 1088
378.221 1081
378.235 1121
378.249 1113
378.262 1078
378.276 1126
378.290 1083
378.303 1102
378.317 1092
378.331 1147
378.344 1124
378.358 1120
378.372 1139
378.385 1127
378.399 1142
378.413 1188
378.426 1142
378.440 1165
378.454 1166
378.467 1155
378.481 1173
378.495 1172
378.508 1175
378.522 1197
378.536 1162
378.549 1194
378.563 1184
378.577 1170
378.590 1177
378.604 1169
378.618 1195
378.631 1220
378.645 1218
378.659 1236
378.672 1199
378.686 1230
378.700 1248
378.713 1279
378.727 1239
378.740 1236
378.754 1286
378.768 1259
378.781 1279
378.795 1283
378.809 1250
378.822 1324
378.836 1267
378.850 1253
378.863 1256
378.877 1284
378.891 1269
378.904 1296
378.918 1257
378.932 1287
378.945 1270
378.959 1247
378.973 1288
378.986 1280
379.000 1295
379.014 1275
379.027 1282
379.041 1309
379.054 1317
379.068 1318
379.082 1310
379.095 1283
379.109 1346
379.123 1363
379.136 1334
379.150 1330
379.164 1316
379.177 1355
379.191 1326
379.205 1330
379.218 1359
379.232 1373
379.245 1387
379.259 1438
379.273 1353
379.286 1382
379.300 1378
379.314 1383
379.327 1417
379.341 1397
379.355 1410
379.368 1419
379.382 1432
379.396 1451
379.409 1390
379.423 1458
379.436 1452
379.450 1471
379.464 1475
379.477 1479
379.491 1498
379.505 1471
379.518 1503
379.532 1513
379.546 1513
379.559 1502
379.573 1535
379.586 1527
379.600 1561
379.614 1615
379.627 1587
379.641 1577
379.655 1571
379.668 1610
379.682 1568
379.695 1614
379.709 1606
379.723 1630
379.736 1647
379.750 1747
379.764 1740
379.777 1740
379.791 1745
379.804 1769
379.818 1776
379.832 1698
379.845 1710
379.859 1765
379.873 1725
379.886 1768
379.900 1802
379.913 1797
379.927 1838
379.941 1852
379.954 1922
379.968 1865
379.982 1898
379.995 1943
380.009 1931
380.022 1980
380.036 1926
380.050 1958
380.063 2028
380.077 2107
380.090 2153
380.104 2138
380.118 2187
380.131 2217
380.145 2165
380.159 2166
380.172 2247
380.186 2284
380.199 2254
380.213 2339
380.227 2354
380.240 2381
380.254 2378
380.267 2324
380.281 2328
380.295 2354
380.308 2388
380.322 2425
380.336 2420
380.349 2506
380.363 2544
380.376 2531
380.390 2607
380.404 2658
380.417 2591
380.431 2576
380.444 2655
380.458 2652
380.472 2685
380.485 2730
380.499 2773
380.512 2765
380.526 2792
380.540 2880
380.553 2844
380.567 2950
380.580 2909
380.594 2982
380.608 3087
380.621 3215
380.635 3251
380.648 3233
380.662 3160
380.676 3219
380.689 3179
380.703 3242
380.716 3340
380.730 3353
380.744 3355
380.757 3445
380.771 3509
380.784 3591
380.798 3478
380.812 3623
380.825 3650
380.839 3635
380.852 3730
380.866 3925
380.880 3847
380.893 3854
380.907 3877
380.920 3872
380.934 3901
380.948 3934
380.961 4035
380.975 4005
380.988 3992
381.002 3919
381.015 3975
381.029 4048
381.043 4149
381.056 4094
381.070 4122
381.083 4195
381.097 4197
381.111 4235
381.124 4323
381.138 4329
381.151 4347
381.165 4403
381.179 4449
381.192 4430
381.206 4435
381.219 4444
381.233 4423
381.246 4471
381.260 4528
381.274 4477
381.287 4571
381.301 4447
381.314 4599
381.328 4658
381.341 4593
381.355 4656
381.369 4625
381.382 4681
381.396 4705
381.409 4740
381.423 4818
381.437 4767
381.450 4836
381.464 4851
381.477 4917
381.491 4932
381.504 4963
381.518 4975
381.532 5006
381.545 5022
381.559 5237
381.572 5234
381.586 5160
381.599 5154
381.613 5138
381.627 5249
381.640 5219
381.654 5189
381.667 5241
381.681 5188
381.694 5231
381.708 5125
381.722 5101
381.735 5173
381.749 5226
381.762 5155
381.776 5195
381.789 5308
381.803 5204
381.817 5259
381.830 5259
381.844 5317
381.857 5353
381.871 5403
381.884 5346
381.898 5433
381.911 5245
381.925 5426
381.939 5421
381.952 5414
381.966 5475
381.979 5491
381.993 5567
382.006 5544
382.020 5649
382.034 5592
382.047 5640
382.061 5590
382.074 5541
382.088 5549
382.101 5541
382.115 5636
382.128 5606
382.142 5767
382.156 6033
382.169 5927
382.183 5851
382.196 5950
382.210 5928
382.223 5852
382.237 5955
382.250 5954
382.264 6018
382.278 6067
382.291 6041
382.305 6016
382.318 6230
382.332 6179
382.345 6028
382.359 5973
382.372 6023
382.386 6067
382.399 6106
382.413 6088
382.427 6180
382.440 6161
382.454 6249
382.467 6186
382.481 6350
382.494 6444
382.508 6501
382.521 6628
382.535 6619
382.548 6539
382.562 6508
382.576 6584
382.589 6538
382.603 6722
382.616 6673
382.630 6813
382.643 6820
382.657 6934
382.670 6981
382.684 6950
382.697 6866
382.711 7069
382.724 6998
382.738 7050
382.752 7147
382.765 7208
382.779 7352
382.792 7324
382.806 7394
382.819 7490
382.833 7534
382.846 7610
382.860 7690
382.873 7692
382.887 7870
382.900 7960
382.914 7920
382.928 8113
382.941 8181
382.955 8249
382.968 8324
382.982 8436
382.995 8421
383.009 8464
383.022 8682
383.036 8706
383.049 8850
383.063 8885
383.076 8921
383.090 8848
383.103 9220
383.117 9193
383.130 9248
383.144 9319
383.158 9432
383.171 9495
383.185 9556
383.198 9727
383.212 9889
383.225 10148
383.239 10225
383.252 10289
383.266 10454
383.279 10434
383.293 10451
383.306 10716
383.320 10785
383.333 11076
383.347 11315
383.360 11187
383.374 11264
383.387 11386
383.401 11556
383.414 11577
383.428 11556
383.441 11515
383.455 11566
383.468 11769
383.482 11937
383.496 12412
383.509 12566
383.523 12585
383.536 12439
383.550 12504
383.563 12622
383.577 12824
383.590 13033
383.604 13111
383.617 12976
383.631 12962
383.644 12744
383.658 12864
383.671 12840
383.685 12924
383.698 13110
383.712 13291
383.725 13334
383.739 13186
383.752 13357
383.766 13382
383.779 13415
383.793 13440
383.806 13568
383.820 13926
383.833 13979
383.847 13955
383.860 14174
383.874 14323
383.887 14064
383.901 14037
383.914 14419
383.928 14494
383.941 14459
383.955 14264
383.968 14296
383.982 14313
383.995 14461
384.009 14586
384.022 14527
384.036 14749
384.049 14670
384.063 15040
384.076 15180
384.090 15516
384.103 15963
384.117 15997
384.130 15803
384.144 15566
384.157 15794
384.171 15640
384.184 15657
384.198 15669
384.211 15832
384.225 16104
384.238 16416
384.252 16330
384.265 16765
384.279 16720
384.292 16760
384.306 17081
384.319 17035
384.333 16897
384.346 16797
384.360 16829
384.373 16837
384.387 17075
384.400 17156
384.414 17132
384.427 17193
384.441 17301
384.454 17232
384.468 17219
384.481 17451
384.495 17531
384.508 17525
384.522 17671
384.535 17515
384.549 17748
384.562 17672
384.575 17659
384.589 17906
384.602 18210
384.616 18325
384.629 18542
384.643 18481
384.656 18402
384.670 18390
384.683 18162
384.697 17938
384.710 17941
384.724 17880
384.737 17800
384.751 17708
384.764 17754
384.778 17525
384.791 17657
384.805 17617
384.818 17421
384.832 17061
384.845 16925
384.859 16784
384.872 16455
384.885 15914
384.899 15687
384.912 15557
384.926 14979
384.939 14888
384.953 14606
384.966 14376
384.980 14083
384.993 13866
385.007 13665
385.020 13378
385.034 12983
385.047 12682
385.061 12291
385.074 11766
385.088 11574
385.101 11305
385.114 11029
385.128 10638
385.141 10381
385.155 10279
385.168 10057
385.182 9955
385.195 9576
385.209 9265
385.222 8967
385.236 8643
385.249 8458
385.263 8104
385.276 7794
385.290 7517
385.303 7238
385.316 7065
385.330 6978
385.343 6826
385.357 6542
385.370 6312
385.384 6113
385.397 5944
385.411 5774
385.424 5703
385.438 5481
385.451 5456
385.464 5182
385.478 5180
385.491 5116
385.505 4890
385.518 4814
385.532 4716
385.545 4546
385.559 4347
385.572 4334
385.586 4182
385.599 4227
385.612 4165
385.626 4115
385.639 3958
385.653 3916
385.666 4010
385.680 3844
385.693 3769
385.707 3689
385.720 3615
385.734 3584
385.747 3528
385.760 3398
385.774 3358
385.787 3364
385.801 3169
385.814 3069
385.828 3086
385.841 3063
385.855 3024
385.868 2971
385.881 2919
385.895 2893
385.908 2906
385.922 2816
385.935 2812
385.949 2726
385.962 2746
385.976 2646
385.989 2678
386.002 2670
386.016 2624
386.029 2593
386.043 2616
386.056 2554
386.070 2530
386.083 2469
386.097 2500
386.110 2488
386.123 2469
386.137 2405
386.150 2405
386.164 2370
386.177 2350
386.191 2392
386.204 2320
386.217 2298
386.231 2273
386.244 2238
386.258 2272
386.271 2285
386.285 2243
386.298 2266
386.311 2246
386.325 2148
386.338 2141
386.352 2157
386.365 2096
386.379 2098
386.392 2018
386.405 2069
386.419 2051
386.432 2051
386.446 2082
386.459 2042
386.473 2048
386.486 2020
386.499 1992
386.513 1971
386.526 1991
386.540 1957
386.553 1958
386.567 1970
386.580 1909
386.593 1977
386.607 1965
386.620 1975
386.634 1938
386.647 1925
386.661 1906
386.674 1827
386.687 1897
386.701 1853
386.714 1880
386.728 1810
386.741 1794
386.754 1818
386.768 1836
386.781 1810
386.795 1753
386.808 1737
386.822 1743
386.835 1722
386.848 1736
386.862 1727
386.875 1708
386.889 1679
386.902 1693
386.915 1749
386.929 1656
386.942 1662
386.956 1631
386.969 1651
386.983 1668
386.996 1649
387.009 1637
387.023 1632
387.036 1649
387.050 1642
387.063 1612
387.076 1584
387.090 1614
387.103 1653
387.117 1557
387.130 1602
387.143 1603
387.157 1597
387.170 1637
387.184 1572
387.197 1540
387.210 1583
387.224 1548
387.237 1570
387.251 1529
387.264 1525
387.278 1484
387.291 1523
387.304 1531
387.318 1508
387.331 1520
387.345 1485
387.358 1468
387.371 1476
387.385 1449
387.398 1450
387.412 1458
387.425 1436
387.438 1397
387.452 1424
387.465 1373
387.478 1369
387.492 1406
387.505 1423
387.519 1410
387.532 1399
387.545 1444
387.559 1440
387.572 1439
387.586 1398
387.599 1416
387.612 1389
387.626 1407
387.639 1392
387.653 1351
387.666 1328
387.679 1328
387.693 1322
387.706 1309
387.720 1306
387.733 1304
387.746 1321
387.760 1312
387.773 1319
387.787 1303
387.800 1279
387.813 1265
387.827 1248
387.840 1247
387.853 1239
387.867 1246
387.880 1242
387.894 1259
387.907 1315
387.920 1239
387.934 1232
387.947 1237
387.961 1207
387.974 1250
387.987 1189
388.001 1165
388.014 1197
388.027 1186
388.041 1210
388.054 1199
388.068 1161
388.081 1177
388.094 1153
388.108 1174
388.121 1138
388.134 1096
388.148 1123
388.161 1111
388.175 1078
388.188 1079
388.201 1088
388.215 1079
388.228 1087
388.241 1043
388.255 1066
388.268 1062
388.282 1076
388.295 1058
388.308 1038
388.322 1051
388.335 1046
388.348 1061
388.362 1032
388.375 1022
388.389 1048
388.402 1036
388.415 1037
388.429 1053
388.442 1038
388.455 1023
388.469 1006
388.482 1036
388.495 1024
388.509 1007
388.522 1026
388.536 1006
388.549 1003
388.562 996
388.576 971
388.589 983
388.602 973
388.616 962
388.629 980
388.642 988
388.656 991
388.669 957
388.683 979
388.696 952
388.709 988
388.723 966
388.736 949
388.749 965
388.763 948
388.776 939
388.789 939
388.803 927
388.816 947
388.829 936
388.843 947
388.856 962
388.870 918
388.883 921
388.896 946
388.910 937
388.923 937
388.936 934
388.950 972
388.963 919
388.976 931
388.990 946
389.003 931
389.016 930
389.030 951
389.043 925
389.056 931
389.070 960
389.083 948
389.097 903
389.110 917
389.123 914
389.137 917
389.150 925
389.163 925
389.177 902
389.190 918
389.203 916
389.217 909
389.230 910
389.243 900
389.257 912
389.270 897
389.283 902
389.297 929
389.310 919
389.323 915
389.337 884
389.350 899
389.363 885
389.377 908
389.390 881
389.403 901
389.417 894
389.430 905
389.443 890
389.457 901
389.470 908
389.483 889
389.497 924
389.510 905
389.523 919
389.537 922
389.550 907
389.563 895
389.577 880
389.590 880
389.603 890
389.617 888
389.630 898
389.643 892
389.657 882
389.670 904
389.683 903
389.697 898
389.710 911
389.723 883
389.737 896
389.750 904
389.763 912
389.777 866
389.790 896
389.803 881
389.817 890
389.830 903
389.843 864
389.857 880
389.870 886
389.883 868
389.897 881
389.910 884
389.923 877
389.937 904
389.950 862
389.963 861
389.977 857
389.990 900
390.003 880
390.017 868
390.030 892
390.043 878
390.057 852
390.070 848
390.083 873
390.096 853
390.110 882
390.123 885
390.136 859
390.150 881
390.163 860
390.176 878
390.190 879
390.203 864
390.216 854
390.230 835
390.243 835
390.256 850
390.270 855
390.283 872
390.296 831
390.310 843
390.323 859
390.336 837
390.349 831
390.363 827
390.376 863
390.389 848
390.403 843
390.416 845
390.429 814
390.443 828
390.456 811
390.469 843
390.483 824
390.496 829
390.509 810
390.522 807
390.536 818
390.549 813
390.562 817
390.576 816
390.589 809
390.602 819
390.616 813
390.629 824
390.642 788
390.655 818
390.669 820
390.682 825
390.695 789
390.709 818
390.722 790
390.735 807
390.749 798
390.762 801
390.775 798
390.788 773
390.802 799
390.815 784
390.828 773
390.842 764
390.855 763
390.868 752
390.882 777
390.895 763
390.908 762
390.921 771
390.935 787
390.948 779
390.961 748
390.975 770
390.988 755
391.001 763
391.014 780
391.028 747
391.041 750
391.054 758
391.068 750
391.081 760
391.094 750
391.107 740
391.121 759
391.134 732
391.147 730
391.161 744
391.174 732
391.187 745
391.200 717
391.214 737
391.227 727
391.240 736
391.254 711
391.267 719
391.280 720
391.293 712
391.307 709
391.320 707
391.333 715
391.347 711
391.360 713
391.373 694
391.386 722
391.400 725
391.413 709
391.426 716
391.440 704
391.453 710
391.466 709
391.479 687
391.493 689
391.506 694
391.519 695
391.532 691
391.546 687
391.559 703
391.572 703
391.586 687
391.599 693
391.612 692
391.625 704
391.639 692
391.652 683
391.665 690
391.678 690
391.692 674
391.705 684
391.718 673
391.732 681
391.745 690
391.758 689
391.771 679
391.785 694
391.798 690
391.811 685
391.824 670
391.838 688
391.851 689
391.864 684
391.877 690
391.891 670
391.904 679
391.917 692
391.931 680
391.944 677
391.957 688
391.970 690
391.984 667
391.997 674
392.010 680
392.023 681
392.037 669
392.050 655
392.063 677
392.076 668
392.090 678
392.103 668
392.116 665
392.129 678
392.143 673
392.156 670
392.169 674
392.182 673
392.196 668
392.209 663
392.222 670
392.235 663
392.249 667
392.262 676
392.275 677
392.288 677
392.302 668
392.315 670
392.328 668
392.341 667
392.355 674
392.368 671
392.381 663
392.394 673
392.408 664
392.421 664
392.434 679
392.447 660
392.461 653
392.474 665
392.487 674
392.500 671
392.514 664
392.527 674
392.540 670
392.553 664
392.567 664
392.580 664
392.593 648
392.606 660
392.620 653
392.633 657
392.646 668
392.659 666
392.673 660
392.686 661
392.699 671
392.712 662
392.726 657
392.739 666
392.752 658
392.765 670
392.778 659
392.792 669
392.805 664
392.818 654
392.831 660
392.845 643
392.858 649
392.871 668
392.884 654
392.898 658
392.911 662
392.924 667
392.937 652
392.951 670
392.964 656
392.977 654
392.990 671
393.003 677
393.017 663
393.030 663
393.043 661
393.056 651
393.070 658
393.083 657
393.096 671
393.109 663
393.122 658
393.136 655
393.149 658
393.162 665
393.175 665
393.189 655
393.202 662
393.215 667
393.228 651
393.242 658
393.255 654
393.268 662
393.281 641
393.294 649
393.308 651
393.321 655
393.334 659
393.347 657
393.360 655
393.374 651
393.387 652
393.400 667
393.413 658
393.427 660
393.440 660
393.453 646
393.466 657
393.479 651
393.493 642
393.506 663
393.519 647
393.532 649
393.546 659
393.559 651
393.572 648
393.585 663
393.598 651
393.612 654
393.625 648
393.638 660
393.651 654
393.664 643
393.678 664
393.691 647
393.704 650
393.717 658
393.730 653
393.744 650
393.757 657
393.770 650
393.783 644
393.796 653
393.810 645
393.823 638
393.836 638
393.849 658
393.863 648
393.876 652
393.889 654
393.902 648
393.915 648
393.929 660
