375.891 712
375.905 714
375.919 709
375.933 714
375.946 718
375.960 714
375.974 710
375.987 711
376.001 725
376.015 721
376.029 720
376.042 716
376.056 718
376.070 734
376.084 735
376.097 737
376.111 733
376.125 742
376.139 728
376.152 736
376.166 743
376.180 733
376.193 744
376.207 743
376.221 750
376.235 735
376.248 756
376.262 757
376.276 764
376.290 772
376.303 744
376.317 773
376.331 748
376.345 770
376.358 760
376.372 762
376.386 768
376.399 775
376.413 753
376.427 761
376.441 779
376.454 766
376.468 777
376.482 782
376.495 769
376.509 775
376.523 786
376.537 782
376.550 809
376.564 814
376.578 812
376.592 809
376.605 806
376.619 809
376.633 810
376.646 817
376.660 813
376.674 813
376.688 823
376.701 805
376.715 834
376.729 829
376.742 838
376.756 820
376.770 830
376.784 828
376.797 855
376.811 848
376.825 853
376.838 858
376.852 850
376.866 869
376.880 866
376.893 864
376.907 860
376.921 852
376.934 896
376.948 859
376.962 893
376.976 885
376.989 892
377.003 884
377.017 907
377.030 909
377.044 931
377.058 915
377.071 916
377.085 919
377.099 911
377.113 901
377.126 919
377.140 941
377.154 908
377.167 965
377.181 948
377.195 948
377.208 938
377.222 948
377.236 962
377.250 970
377.263 977
377.277 973
377.291 970
377.304 1010
377.318 988
377.332 989
377.345 981
377.359 986
377.373 1001
377.387 992
377.400 999
377.414 1008
377.428 1009
377.441 1026
377.455 1018
377.469 1015
377.482 1054
377.496 1048
377.510 1068
377.524 1068
377.537 1057
377.551 1054
377.565 1052
377.578 1046
377.592 1077
377.606 1090
377.619 1068
377.633 1087
377.647 1064
377.660 1053
377.674 1069
377.688 1095
377.701 1081
377.715 1085
377.729 1111
377.743 1132
377.756 1101
377.770 1122
377.784 1105
377.797 1116
377.811 1135
377.825 1131
377.838 1139
377.852 1126
377.866 1131
377.879 1129
377.893 1160
377.907 1149
377.920 1143
377.934 1159
377.948 1155
377.961 1163
377.975 1187
377.989 1141
378.002 1162
378.016 1196
378.030 1168
378.044 1172
378.057 1189
378.071 1207
378.085 1192
378.098 1202
378.112 1171
378.126 1196
378.139 1230
378.153 1201
378.167 1194
378.180 1226
378.194 1233
378.208 1242
378.221 1248
378.235 1255
378.249 1238
378.262 1264
378.276 1246
378.290 1237
378.303 1227
378.317 1270
378.331 1288
378.344 1283
378.358 1256
378.372 1268
378.385 1287
378.399 1300
378.413 1293
378.426 1291
378.440 1298
378.454 1307
378.467 1298
378.481 1293
378.495 1294
378.508 1302
378.522 1287
378.536 1335
378.549 1290
378.563 1310
378.577 1300
378.590 1302
378.604 1352
378.618 1341
378.631 1354
378.645 1379
378.659 1360
378.672 1349
378.686 1362
378.700 1404
378.713 1425
378.727 1409
378.740 1394
378.754 1387
378.768 1405
378.781 1417
378.795 1399
378.809 1419
378.822 1423
378.836 1427
378.850 1418
378.863 1380
378.877 1421
378.891 1422
378.904 1431
378.918 1402
378.932 1395
378.945 1414
378.959 1413
378.973 1455
378.986 1441
379.000 1429
379.014 1454
379.027 1476
379.041 1419
379.054 1465
379.068 1442
379.082 1468
379.095 1483
379.109 1452
379.123 1455
379.136 1479
379.150 1465
379.164 1449
379.177 1471
379.191 1511
379.205 1474
379.218 1474
379.232 1546
379.245 1541
379.259 1545
379.273 1484
379.286 1491
379.300 1544
379.314 1552
379.327 1533
379.341 1547
379.355 1535
379.368 1573
379.382 1586
379.396 1577
379.409 1558
379.423 1621
379.436 1612
379.450 1588
379.464 1633
379.477 1615
379.491 1614
379.505 1624
379.518 1643
379.532 1649
379.546 1655
379.559 1683
379.573 1721
379.586 1666
379.600 1714
379.614 1699
379.627 1743
379.641 1746
379.655 1765
379.668 1719
379.682 1763
379.695 1741
379.709 1762
379.723 1796
379.736 1855
379.750 1888
379.764 1907
379.777 1937
379.791 1938
379.804 1955
379.818 1960
379.832 1934
379.845 1894
379.859 1918
379.873 1867
379.886 1898
379.900 1988
379.913 1988
379.927 1983
379.941 2032
379.954 2043
379.968 2035
379.982 2057
379.995 2090
380.009 2108
380.022 2153
380.036 2120
380.050 2193
380.063 2227
380.077 2323
380.090 2372
380.104 2339
380.118 2407
380.131 2426
380.145 2436
380.159 2434
380.172 2424
380.186 2496
380.199 2599
380.213 2591
380.227 2609
380.240 2666
380.254 2582
380.267 2588
380.281 2588
380.295 2648
380.308 2676
380.322 2678
380.336 2736
380.349 2742
380.363 2769
380.376 2749
380.390 2844
380.404 2794
380.417 2883
380.431 2962
380.444 2940
380.458 3025
380.472 3063
380.485 2993
380.499 3068
380.512 3081
380.526 3121
380.540 3213
380.553 3182
380.567 3274
380.580 3220
380.594 3285
380.608 3412
380.621 3501
380.635 3509
380.648 3558
380.662 3569
380.676 3556
380.689 3577
380.703 3583
380.716 3631
380.730 3634
380.744 3758
380.757 3798
380.771 3859
380.784 3999
380.798 4002
380.812 3984
380.825 4038
380.839 4112
380.852 4209
380.866 4248
380.880 4246
380.893 4263
380.907 4182
380.920 4311
380.934 4337
380.948 4325
380.961 4430
380.975 4466
380.988 4440
381.002 4438
381.015 4489
381.029 4462
381.043 4594
381.056 4562
381.070 4557
381.083 4607
381.097 4622
381.111 4561
381.124 4745
381.138 4808
381.151 4817
381.165 4866
381.179 4730
381.192 4864
381.206 4833
381.219 4802
381.233 4805
381.246 4916
381.260 4914
381.274 4968
381.287 4960
381.301 5007
381.314 5083
381.328 5071
381.341 5087
381.355 5090
381.369 5088
381.382 5122
381.396 5152
381.409 5274
381.423 5295
381.437 5331
381.450 5277
381.464 5331
381.477 5506
381.491 5504
381.504 5408
381.518 5431
381.532 5454
381.545 5648
381.559 5685
381.572 5764
381.586 5570
381.599 5696
381.613 5715
381.627 5722
381.640 5743
381.654 5764
381.667 5763
381.681 5820
381.694 5710
381.708 5713
381.722 5610
381.735 5716
381.749 5671
381.762 5671
381.776 5688
381.789 5689
381.803 5749
381.817 5703
381.830 5631
381.844 5667
381.857 5746
381.871 5856
381.884 5882
381.898 5844
381.911 5790
381.925 5823
381.939 5960
381.952 5878
381.966 5827
381.979 5930
381.993 6131
382.006 6080
382.020 6119
382.034 6188
382.047 6003
382.061 6119
382.074 5964
382.088 5990
382.101 5962
382.115 6061
382.128 6099
382.142 6224
382.156 6390
382.169 6520
382.183 6449
382.196 6363
382.210 6352
382.223 6352
382.237 6413
382.250 6389
382.264 6421
382.278 6479
382.291 6508
382.305 6595
382.318 6702
382.332 6823
382.345 6525
382.359 6342
382.372 6407
382.386 6500
382.399 6453
382.413 6427
382.427 6450
382.440 6528
382.454 6628
382.467 6683
382.481 6731
382.494 6911
382.508 6951
382.521 7035
382.535 6952
382.548 6898
382.562 6915
382.576 6997
382.589 7028
382.603 7126
382.616 7163
382.630 7164
382.643 7308
382.657 7259
382.670 7276
382.684 7456
382.697 7266
382.711 7355
382.724 7561
382.738 7583
382.752 7547
382.765 7664
382.779 7769
382.792 7684
382.806 7853
382.819 7853
382.833 7867
382.846 7893
382.860 7986
382.873 8258
382.887 8305
382.900 8288
382.914 8300
382.928 8421
382.941 8530
382.955 8557
382.968 8838
382.982 8808
382.995 8866
383.009 8885
383.022 9118
383.036 9038
383.049 9188
383.063 9110
383.076 9235
383.090 9401
383.103 9541
383.117 9618
383.130 9707
383.144 9711
383.158 9937
383.171 9993
383.185 10186
383.198 10214
383.212 10364
383.225 10633
383.239 10641
383.252 10949
383.266 10912
383.279 10946
383.293 11086
383.306 11263
383.320 11335
383.333 11761
383.347 11842
383.360 11878
383.374 11871
383.387 12110
383.401 12122
383.414 12223
383.428 12133
383.441 12186
383.455 12435
383.468 12383
383.482 12741
383.496 13254
383.509 13263
383.523 13404
383.536 13501
383.550 13576
383.563 13680
383.577 13860
383.590 14158
383.604 14100
383.617 13992
383.631 14184
383.644 14029
383.658 14165
383.671 14375
383.685 14274
383.698 14628
383.712 14725
383.725 14824
383.739 14705
383.752 15028
383.766 14956
383.779 15126
383.793 15234
383.806 15469
383.820 16119
383.833 16203
383.847 16128
383.860 16606
383.874 16655
383.887 16205
383.901 16418
383.914 16918
383.928 17213
383.941 17099
383.955 17017
383.968 17219
383.982 17273
383.995 17323
384.009 17602
384.022 17809
384.036 17865
384.049 18005
384.063 18258
384.076 18705
384.090 19410
384.103 19867
384.117 19913
384.130 20039
384.144 19684
384.157 19907
384.171 19790
384.184 20148
384.198 20390
384.211 20525
384.225 20697
384.238 21285
384.252 21400
384.265 21686
384.279 21771
384.292 22356
384.306 22588
384.319 22665
384.333 22573
384.346 22618
384.360 23075
384.373 23238
384.387 23366
384.400 23648
384.414 23864
384.427 24226
384.441 24412
384.454 24604
384.468 24766
384.481 24909
384.495 25222
384.508 25603
384.522 25920
384.535 25956
384.549 26209
384.562 26413
384.575 26714
384.589 27269
384.602 28381
384.616 28626
384.629 29006
384.643 29146
384.656 29459
384.670 29507
384.683 29382
384.697 29339
384.710 29473
384.724 29851
384.737 29877
384.751 30239
384.764 30301
384.778 30577
384.791 30835
384.805 30599
384.818 31024
384.832 30803
384.845 30840
384.859 31006
384.872 30339
384.885 29741
384.899 29526
384.912 29453
384.926 29005
384.939 28962
384.953 28643
384.966 28577
384.980 28610
384.993 27915
385.007 27680
385.020 27276
385.034 26999
385.047 26217
385.061 25784
385.074 25267
385.088 24747
385.101 24175
385.114 23800
385.128 23051
385.141 22620
385.155 22229
385.168 22161
385.182 21717
385.195 21143
385.209 20436
385.222 19442
385.236 18597
385.249 18051
385.263 17354
385.276 16740
385.290 16146
385.303 15542
385.316 15055
385.330 14747
385.343 14249
385.357 13663
385.370 13160
385.384 12708
385.397 12295
385.411 11937
385.424 11554
385.438 11168
385.451 10979
385.464 10663
385.478 10361
385.491 10048
385.505 9743
385.518 9531
385.532 9163
385.545 8757
385.559 8472
385.572 8318
385.586 7959
385.599 8021
385.612 7925
385.626 7655
385.639 7316
385.653 7326
385.666 7323
385.680 7118
385.693 6841
385.707 6718
385.720 6456
385.734 6437
385.747 6261
385.760 6107
385.774 5941
385.787 5898
385.801 5685
385.814 5469
385.828 5413
385.841 5254
385.855 5201
385.868 5164
385.881 5033
385.895 4932
385.908 4865
385.922 4795
385.935 4669
385.949 4684
385.962 4641
385.976 4513
385.989 4526
386.002 4507
386.016 4396
386.029 4454
386.043 4279
386.056 4199
386.070 4131
386.083 4078
386.097 4080
386.110 4048
386.123 3988
386.137 4020
386.150 3920
386.164 3873
386.177 3840
386.191 3888
386.204 3740
386.217 3688
386.231 3625
386.244 3700
386.258 3670
386.271 3637
386.285 3540
386.298 3576
386.311 3575
386.325 3441
386.338 3412
386.352 3332
386.365 3350
386.379 3311
386.392 3283
386.405 3212
386.419 3200
386.432 3258
386.446 3283
386.459 3182
386.473 3238
386.486 3122
386.499 3078
386.513 3062
386.526 3072
386.540 3075
386.553 3020
386.567 3030
386.580 3056
386.593 3125
386.607 3131
386.620 3012
386.634 3103
386.647 2990
386.661 2926
386.674 2921
386.687 2956
386.701 2861
386.714 2844
386.728 2843
386.741 2866
386.754 2857
386.768 2778
386.781 2800
386.795 2699
386.808 2707
386.822 2764
386.835 2722
386.848 2671
386.862 2646
386.875 2632
386.889 2653
386.902 2628
386.915 2644
386.929 2690
386.942 2595
386.956 2602
386.969 2557
386.983 2588
386.996 2564
387.009 2530
387.023 2554
387.036 2559
387.050 2506
387.063 2562
387.076 2549
387.090 2511
387.103 2537
387.117 2495
387.130 2506
387.143 2541
387.157 2531
387.170 2515
387.184 2486
387.197 2482
387.210 2434
387.224 2413
387.237 2343
387.251 2378
387.264 2424
387.278 2348
387.291 2405
387.304 2376
387.318 2334
387.331 2379
387.345 2352
387.358 2342
387.371 2316
387.385 2280
387.398 2317
387.412 2304
387.425 2289
387.438 2222
387.452 2226
387.465 2195
387.478 2184
387.492 2209
387.505 2224
387.519 2239
387.532 2251
387.545 2321
387.559 2287
387.572 2309
387.586 2262
387.599 2297
387.612 2246
387.626 2260
387.639 2285
387.653 2193
387.666 2148
387.679 2120
387.693 2120
387.706 2126
387.720 2108
387.733 2139
387.746 2139
387.760 2140
387.773 2086
387.787 2089
387.800 2072
387.813 2058
387.827 2036
387.840 1969
387.853 1994
387.867 2018
387.880 2052
387.894 2033
387.907 2003
387.920 1989
387.934 1974
387.947 1912
387.961 1940
387.974 1896
387.987 1853
388.001 1873
388.014 1861
388.027 1915
388.041 1852
388.054 1852
388.068 1813
388.081 1786
388.094 1819
388.108 1807
388.121 1785
388.134 1765
388.148 1732
388.161 1719
388.175 1704
388.188 1685
388.201 1658
388.215 1641
388.228 1634
388.241 1597
388.255 1599
388.268 1595
388.282 1598
388.295 1527
388.308 1590
388.322 1571
388.335 1524
388.348 1515
388.362 1475
388.375 1509
388.389 1473
388.402 1480
388.415 1463
388.429 1461
388.442 1475
388.455 1473
388.469 1436
388.482 1431
388.495 1457
388.509 1461
388.522 1438
388.536 1414
388.549 1367
388.562 1317
388.576 1345
388.589 1349
388.602 1365
388.616 1322
388.629 1323
388.642 1308
388.656 1296
388.669 1349
388.683 1304
388.696 1310
388.709 1286
388.723 1258
388.736 1289
388.749 1263
388.763 1291
388.776 1272
388.789 1244
388.803 1296
388.816 1257
388.829 1226
388.843 1261
388.856 1273
388.870 1214
388.883 1242
388.896 1239
388.910 1231
388.923 1227
388.936 1241
388.950 1239
388.963 1222
388.976 1248
388.990 1234
389.003 1229
389.016 1242
389.030 1257
389.043 1197
389.056 1244
389.070 1227
389.083 1255
389.097 1216
389.110 1203
389.123 1223
389.137 1205
389.150 1223
389.163 1219
389.177 1219
389.190 1236
389.203 1205
389.217 1192
389.230 1242
389.243 1221
389.257 1200
389.270 1186
389.283 1183
389.297 1189
389.310 1212
389.323 1218
389.337 1211
389.350 1178
389.363 1170
389.377 1173
389.390 1186
389.403 1164
389.417 1169
389.430 1196
389.443 1156
389.457 1186
389.470 1192
389.483 1172
389.497 1183
389.510 1168
389.523 1155
389.537 1142
389.550 1144
389.563 1146
389.577 1133
389.590 1129
389.603 1123
389.617 1120
389.630 1118
389.643 1119
389.657 1126
389.670 1110
389.683 1139
389.697 1094
389.710 1120
389.723 1097
389.737 1123
389.750 1116
389.763 1097
389.777 1106
389.790 1110
389.803 1118
389.817 1100
389.830 1116
389.843 1112
389.857 1073
389.870 1060
389.883 1045
389.897 1061
389.910 1085
389.923 1058
389.937 1081
389.950 1090
389.963 1080
389.977 1055
389.990 1075
390.003 1068
390.017 1058
390.030 1041
390.043 1057
390.057 1047
390.070 1035
390.083 1063
390.096 1042
390.110 1040
390.123 1072
390.136 1052
390.150 1040
390.163 1040
390.176 1057
390.190 1057
390.203 1008
390.216 1033
390.230 1029
390.243 1018
390.256 1023
390.270 1009
390.283 1015
390.296 1022
390.310 1011
390.323 1025
390.336 1013
390.349 1015
390.363 1018
390.376 1004
390.389 1027
390.403 1040
390.416 994
390.429 1001
390.443 1012
390.456 1001
390.469 995
390.483 983
390.496 994
390.509 1013
390.522 981
390.536 990
390.549 989
390.562 970
390.576 995
390.589 965
390.602 990
390.616 967
390.629 981
390.642 967
390.655 943
390.669 963
390.682 968
390.695 945
390.709 952
390.722 955
390.735 958
390.749 958
390.762 950
390.775 936
390.788 935
390.802 934
390.815 940
390.828 915
390.842 947
390.855 925
390.868 915
390.882 917
390.895 905
390.908 923
390.921 907
390.935 895
390.948 925
390.961 899
390.975 902
390.988 885
391.001 891
391.014 891
391.028 890
391.041 887
391.054 871
391.068 873
391.081 883
391.094 878
391.107 867
391.121 866
391.134 876
391.147 859
391.161 861
391.174 836
391.187 866
391.200 845
391.214 847
391.227 831
391.240 833
391.254 825
391.267 837
391.280 838
391.293 815
391.307 828
391.320 816
391.333 815
391.347 808
391.360 805
391.373 803
391.386 821
391.400 786
391.413 796
391.426 794
391.440 786
391.453 792
391.466 788
391.479 799
391.493 778
391.506 789
391.519 784
391.532 790
391.546 793
391.559 805
391.572 780
391.586 777
391.599 767
391.612 778
391.625 769
391.639 760
391.652 767
391.665 768
391.678 770
391.692 782
391.705 766
391.718 767
391.732 771
391.745 752
391.758 752
391.771 756
391.785 764
391.798 766
391.811 754
391.824 759
391.838 738
391.851 761
391.864 748
391.877 732
391.891 746
391.904 750
391.917 740
391.931 752
391.944 733
391.957 743
391.970 738
391.984 736
391.997 738
392.010 739
392.023 745
392.037 746
392.050 734
392.063 742
392.076 728
392.090 744
392.103 733
392.116 729
392.129 729
392.143 703
392.156 737
392.169 737
392.182 733
392.196 732
392.209 736
392.222 715
392.235 722
392.249 724
392.262 713
392.275 725
392.288 722
392.302 724
392.315 716
392.328 728
392.341 718
392.355 721
392.368 702
392.381 722
392.394 714
392.408 720
392.421 716
392.434 739
392.447 722
392.461 722
392.474 736
392.487 716
392.500 718
392.514 726
392.527 726
392.540 716
392.553 719
392.567 730
392.580 724
392.593 727
392.606 710
392.620 726
392.633 722
392.646 714
392.659 729
392.673 704
392.686 709
392.699 719
392.712 705
392.726 704
392.739 716
392.752 716
392.765 709
392.778 708
392.792 705
392.805 707
392.818 707
392.831 712
392.845 709
392.858 720
392.871 706
392.884 702
392.898 709
392.911 714
392.924 724
392.937 721
392.951 700
392.964 709
392.977 715
392.990 706
393.003 695
393.017 706
393.030 710
393.043 700
393.056 715
393.070 721
393.083 707
393.096 702
393.109 701
393.122 717
393.136 708
393.149 701
393.162 700
393.175 698
393.189 698
393.202 716
393.215 710
393.228 702
393.242 704
393.255 688
393.268 702
393.281 690
393.294 700
393.308 704
393.321 709
393.334 704
393.347 694
393.360 703
393.374 696
393.387 706
393.400 693
393.413 702
393.427 688
393.440 706
393.453 713
393.466 687
393.479 700
393.493 683
393.506 702
393.519 707
393.532 710
393.546 690
393.559 710
393.572 701
393.585 702
393.598 703
393.612 703
393.625 697
393.638 697
393.651 705
393.664 698
393.678 689
393.691 709
393.704 700
393.717 705
393.730 706
393.744 687
393.757 695
393.770 681
393.783 701
393.796 697
393.810 693
393.823 687
393.836 702
393.849 691
393.863 705
393.876 687
393.889 687
393.902 694
393.915 692
393.929 690
