375.891 688
375.905 681
375.919 684
375.933 683
375.946 684
375.960 689
375.974 679
375.987 696
376.001 680
376.015 682
376.029 695
376.042 697
376.056 676
376.070 692
376.084 683
376.097 668
376.111 693
376.125 691
376.139 684
376.152 689
376.166 701
376.180 685
376.193 696
376.207 692
376.221 686
376.235 689
376.248 710
376.262 705
376.276 705
376.290 721
376.303 694
376.317 693
376.331 699
376.345 719
376.358 709
376.372 711
376.386 712
376.399 715
376.413 703
376.427 720
376.441 723
376.454 718
376.468 711
376.482 717
376.495 720
376.509 724
376.523 738
376.537 718
376.550 716
376.564 730
376.578 733
376.592 741
376.605 723
376.619 721
376.633 744
376.646 722
376.660 743
376.674 749
376.688 753
376.701 746
376.715 738
376.729 747
376.742 747
376.756 754
376.770 756
376.784 752
376.797 752
376.811 759
376.825 772
376.838 742
376.852 750
376.866 748
376.880 786
376.893 761
376.907 752
376.921 793
376.934 759
376.948 775
376.962 769
376.976 773
376.989 772
377.003 779
377.017 792
377.030 785
377.044 792
377.058 796
377.071 786
377.085 793
377.099 796
377.113 803
377.126 798
377.140 804
377.154 799
377.167 825
377.181 815
377.195 808
377.208 829
377.222 804
377.236 820
377.250 825
377.263 832
377.277 844
377.291 822
377.304 823
377.318 827
377.332 853
377.345 831
377.359 856
377.373 836
377.387 836
377.400 874
377.414 853
377.428 858
377.441 869
377.455 856
377.469 867
377.482 865
377.496 882
377.510 898
377.524 889
377.537 923
377.551 871
377.565 902
377.578 891
377.592 868
377.606 912
377.619 877
377.633 901
377.647 908
377.660 907
377.674 903
377.688 896
377.701 915
377.715 916
377.729 915
377.743 919
377.756 944
377.770 948
377.784 924
377.797 954
377.811 942
377.825 955
377.838 946
377.852 953
377.866 951
377.879 976
377.893 953
377.907 962
377.920 960
377.934 961
377.948 975
377.961 987
377.975 980
377.989 982
378.002 984
378.016 976
378.030 996
378.044 982
378.057 982
378.071 999
378.085 980
378.098 1024
378.112 996
378.126 987
378.139 987
378.153 1002
378.167 992
378.180 1017
378.194 1006
378.208 1034
378.221 1016
378.235 1013
378.249 1026
378.262 1018
378.276 1038
378.290 1026
378.303 1003
378.317 1029
378.331 1020
378.344 1051
378.358 1035
378.372 1040
378.385 1051
378.399 1069
378.413 1068
378.426 1055
378.440 1056
378.454 1064
378.467 1079
378.481 1060
378.495 1052
378.508 1075
378.522 1080
378.536 1070
378.549 1086
378.563 1068
378.577 1085
378.590 1096
378.604 1099
378.618 1101
378.631 1120
378.645 1103
378.659 1106
378.672 1108
378.686 1141
378.700 1174
378.713 1117
378.727 1149
378.740 1178
378.754 1163
378.768 1174
378.781 1163
378.795 1145
378.809 1163
378.822 1163
378.836 1194
378.850 1170
378.863 1191
378.877 1157
378.891 1154
378.904 1193
378.918 1170
378.932 1196
378.945 1196
378.959 1157
378.973 1167
378.986 1174
379.000 1195
379.014 1175
379.027 1195
379.041 1199
379.054 1166
379.068 1181
379.082 1180
379.095 1230
379.109 1194
379.123 1200
379.136 1203
379.150 1200
379.164 1200
379.177 1260
379.191 1213
379.205 1239
379.218 1224
379.232 1243
379.245 1263
379.259 1261
379.273 1268
379.286 1240
379.300 1227
379.314 1265
379.327 1268
379.341 1259
379.355 1300
379.368 1315
379.382 1316
379.396 1290
379.409 1315
379.423 1304
379.436 1346
379.450 1337
379.464 1365
379.477 1349
379.491 1345
379.505 1346
379.518 1354
379.532 1373
379.546 1383
379.559 1417
379.573 1378
379.586 1380
379.600 1401
379.614 1401
379.627 1415
379.641 1444
379.655 1454
379.668 1411
379.682 1431
379.695 1415
379.709 1448
379.723 1465
379.736 1494
379.750 1502
379.764 1587
379.777 1573
379.791 1557
379.804 1590
379.818 1605
379.832 1572
379.845 1571
379.859 1553
379.873 1547
379.886 1558
379.900 1620
379.913 1640
379.927 1637
379.941 1651
379.954 1674
379.968 1726
379.982 1670
379.995 1735
380.009 1732
380.022 1741
380.036 1729
380.050 1786
380.063 1802
380.077 1892
380.090 1882
380.104 1913
380.118 1863
380.131 1924
380.145 1892
380.159 1929
380.172 1964
380.186 2000
380.199 2018
380.213 2024
380.227 2102
380.240 2097
380.254 2076
380.267 2013
380.281 2084
380.295 2015
380.308 2067
380.322 2111
380.336 2109
380.349 2168
380.363 2177
380.376 2238
380.390 2208
380.404 2296
380.417 2254
380.431 2304
380.444 2328
380.458 2378
380.472 2325
380.485 2364
380.499 2425
380.512 2389
380.526 2462
380.540 2487
380.553 2420
380.567 2514
380.580 2538
380.594 2561
380.608 2670
380.621 2770
380.635 2749
380.648 2738
380.662 2693
380.676 2723
380.689 2787
380.703 2796
380.716 2794
380.730 2891
380.744 2896
380.757 2929
380.771 2992
380.784 3056
380.798 3001
380.812 3110
380.825 3167
380.839 3062
380.852 3234
380.866 3241
380.880 3277
380.893 3226
380.907 3175
380.920 3230
380.934 3313
380.948 3364
380.961 3389
380.975 3382
380.988 3381
381.002 3452
381.015 3425
381.029 3420
381.043 3487
381.056 3464
381.070 3516
381.083 3542
381.097 3501
381.111 3641
381.124 3629
381.138 3669
381.151 3635
381.165 3664
381.179 3742
381.192 3719
381.206 3678
381.219 3687
381.233 3715
381.246 3781
381.260 3703
381.274 3745
381.287 3866
381.301 3735
381.314 3840
381.328 3913
381.341 3979
381.355 3869
381.369 3877
381.382 3893
381.396 3890
381.409 4008
381.423 4095
381.437 3998
381.450 4020
381.464 4014
381.477 4075
381.491 4159
381.504 4120
381.518 4129
381.532 4215
381.545 4269
381.559 4382
381.572 4297
381.586 4301
381.599 4337
381.613 4297
381.627 4293
381.640 4313
381.654 4315
381.667 4460
381.681 4448
381.694 4365
381.708 4265
381.722 4264
381.735 4270
381.749 4269
381.762 4271
381.776 4306
381.789 4388
381.803 4311
381.817 4386
381.830 4347
381.844 4374
381.857 4378
381.871 4486
381.884 4528
381.898 4350
381.911 4453
381.925 4423
381.939 4411
381.952 4514
381.966 4534
381.979 4415
381.993 4539
382.006 4588
382.020 4584
382.034 4655
382.047 4656
382.061 4533
382.074 4602
382.088 4604
382.101 4538
382.115 4635
382.128 4499
382.142 4734
382.156 4921
382.169 4952
382.183 4837
382.196 4681
382.210 4846
382.223 4832
382.237 4785
382.250 4850
382.264 4872
382.278 4864
382.291 4901
382.305 4968
382.318 4993
382.332 5062
382.345 4843
382.359 4829
382.372 4777
382.386 4881
382.399 4946
382.413 4977
382.427 4965
382.440 4998
382.454 4971
382.467 4942
382.481 5102
382.494 5180
382.508 5176
382.521 5306
382.535 5288
382.548 5219
382.562 5214
382.576 5271
382.589 5293
382.603 5322
382.616 5289
382.630 5362
382.643 5415
382.657 5494
382.670 5522
382.684 5554
382.697 5510
382.711 5575
382.724 5668
382.738 5669
382.752 5616
382.765 5698
382.779 5699
382.792 5748
382.806 5803
382.819 5941
382.833 5952
382.846 5922
382.860 6045
382.873 6002
382.887 6094
382.900 6194
382.914 6265
382.928 6373
382.941 6363
382.955 6489
382.968 6464
382.982 6492
382.995 6438
383.009 6485
383.022 6751
383.036 6701
383.049 6787
383.063 6818
383.076 6861
383.090 6955
383.103 6969
383.117 6987
383.130 7098
383.144 7087
383.158 7204
383.171 7181
383.185 7409
383.198 7548
383.212 7492
383.225 7705
383.239 7678
383.252 7898
383.266 7882
383.279 7972
383.293 8095
383.306 8118
383.320 8249
383.333 8502
383.347 8595
383.360 8483
383.374 8611
383.387 8628
383.401 8690
383.414 8670
383.428 8700
383.441 8817
383.455 8801
383.468 8891
383.482 9145
383.496 9419
383.509 9449
383.523 9492
383.536 9531
383.550 9513
383.563 9598
383.577 9930
383.590 9914
383.604 9855
383.617 9879
383.631 9936
383.644 9868
383.658 9922
383.671 9962
383.685 10172
383.698 10170
383.712 10117
383.725 10342
383.739 10332
383.752 10375
383.766 10349
383.779 10501
383.793 10481
383.806 10740
383.820 11094
383.833 11113
383.847 11078
383.860 11455
383.874 11290
383.887 11123
383.901 11306
383.914 11546
383.928 11524
383.941 11404
383.955 11417
383.968 11587
383.982 11696
383.995 11716
384.009 11733
384.022 11812
384.036 12027
384.049 12064
384.063 12327
384.076 12400
384.090 12805
384.103 13058
384.117 13234
384.130 13396
384.144 12953
384.157 13120
384.171 13009
384.184 13126
384.198 13263
384.211 13522
384.225 13629
384.238 13866
384.252 14093
384.265 14177
384.279 14260
384.292 14405
384.306 14671
384.319 14490
384.333 14592
384.346 14548
384.360 14659
384.373 14643
384.387 14744
384.400 15090
384.414 15044
384.427 15296
384.441 15298
384.454 15456
384.468 15570
384.481 15686
384.495 15802
384.508 15947
384.522 16031
384.535 16323
384.549 16362
384.562 16301
384.575 16765
384.589 16944
384.602 17489
384.616 17800
384.629 17873
384.643 18206
384.656 18195
384.670 18238
384.683 18202
384.697 18277
384.710 18411
384.724 18650
384.737 18645
384.751 18746
384.764 18835
384.778 19069
384.791 19008
384.805 19267
384.818 19255
384.832 19274
384.845 19270
384.859 19261
384.872 19193
384.885 18885
384.899 18699
384.912 18770
384.926 18831
384.939 18633
384.953 18668
384.966 18624
384.980 18559
384.993 18588
385.007 18461
385.020 18227
385.034 18094
385.047 17906
385.061 17435
385.074 17276
385.088 17111
385.101 16844
385.114 16527
385.128 16188
385.141 16272
385.155 16021
385.168 15994
385.182 15769
385.195 15450
385.209 15308
385.222 14607
385.236 14182
385.249 13795
385.263 13318
385.276 12865
385.290 12431
385.303 11986
385.316 11693
385.330 11506
385.343 11083
385.357 10881
385.370 10468
385.384 10167
385.397 9703
385.411 9439
385.424 9245
385.438 8970
385.451 8752
385.464 8514
385.478 8341
385.491 8059
385.505 7724
385.518 7606
385.532 7301
385.545 6949
385.559 6843
385.572 6612
385.586 6450
385.599 6448
385.612 6255
385.626 6121
385.639 5876
385.653 5819
385.666 5852
385.680 5621
385.693 5517
385.707 5325
385.720 5164
385.734 5053
385.747 4996
385.760 4812
385.774 4704
385.787 4685
385.801 4487
385.814 4274
385.828 4266
385.841 4114
385.855 4087
385.868 4022
385.881 3948
385.895 3889
385.908 3766
385.922 3676
385.935 3695
385.949 3582
385.962 3583
385.976 3516
385.989 3443
386.002 3490
386.016 3415
386.029 3361
386.043 3394
386.056 3277
386.070 3211
386.083 3199
386.097 3198
386.110 3155
386.123 3134
386.137 3132
386.150 3034
386.164 2946
386.177 2975
386.191 2964
386.204 2949
386.217 2893
386.231 2855
386.244 2820
386.258 2835
386.271 2892
386.285 2796
386.298 2778
386.311 2759
386.325 2652
386.338 2685
386.352 2620
386.365 2608
386.379 2565
386.392 2547
386.405 2491
386.419 2480
386.432 2553
386.446 2527
386.459 2518
386.473 2488
386.486 2509
386.499 2384
386.513 2409
386.526 2388
386.540 2364
386.553 2395
386.567 2400
386.580 2430
386.593 2503
386.607 2473
386.620 2392
386.634 2330
386.647 2361
386.661 2413
386.674 2345
386.687 2280
386.701 2266
386.714 2264
386.728 2273
386.741 2252
386.754 2201
386.768 2229
386.781 2188
386.795 2162
386.808 2177
386.822 2163
386.835 2208
386.848 2129
386.862 2156
386.875 2110
386.889 2114
386.902 2113
386.915 2122
386.929 2086
386.942 2040
386.956 2068
386.969 2089
386.983 2071
386.996 2076
387.009 2002
387.023 2090
387.036 1998
387.050 2079
387.063 2044
387.076 2069
387.090 2000
387.103 2023
387.117 2045
387.130 2047
387.143 2056
387.157 2051
387.170 2068
387.184 1939
387.197 2028
387.210 2011
387.224 1982
387.237 1978
387.251 1942
387.264 1947
387.278 1955
387.291 2007
387.304 1937
387.318 1939
387.331 1930
387.345 1976
387.358 1919
387.371 1930
387.385 1902
387.398 1899
387.412 1905
387.425 1931
387.438 1922
387.452 1876
387.465 1854
387.478 1870
387.492 1886
387.505 1812
387.519 1883
387.532 1946
387.545 1970
387.559 1968
387.572 1938
387.586 1926
387.599 1899
387.612 1944
387.626 1936
387.639 1921
387.653 1892
387.666 1890
387.679 1833
387.693 1803
387.706 1773
387.720 1804
387.733 1819
387.746 1845
387.760 1832
387.773 1816
387.787 1824
387.800 1809
387.813 1795
387.827 1790
387.840 1750
387.853 1748
387.867 1772
387.880 1819
387.894 1847
387.907 1836
387.920 1810
387.934 1740
387.947 1736
387.961 1711
387.974 1744
387.987 1708
388.001 1652
388.014 1679
388.027 1681
388.041 1652
388.054 1667
388.068 1631
388.081 1678
388.094 1629
388.108 1623
388.121 1612
388.134 1564
388.148 1581
388.161 1557
388.175 1538
388.188 1509
388.201 1487
388.215 1445
388.228 1474
388.241 1470
388.255 1441
388.268 1453
388.282 1453
388.295 1410
388.308 1384
388.322 1361
388.335 1367
388.348 1325
388.362 1333
388.375 1330
388.389 1346
388.402 1338
388.415 1274
388.429 1341
388.442 1345
388.455 1331
388.469 1334
388.482 1329
388.495 1292
388.509 1293
388.522 1318
388.536 1271
388.549 1222
388.562 1247
388.576 1243
388.589 1211
388.602 1226
388.616 1188
388.629 1204
388.642 1193
388.656 1202
388.669 1184
388.683 1205
388.696 1216
388.709 1193
388.723 1182
388.736 1170
388.749 1163
388.763 1172
388.776 1152
388.789 1154
388.803 1139
388.816 1123
388.829 1145
388.843 1120
388.856 1138
388.870 1092
388.883 1114
388.896 1106
388.910 1100
388.923 1109
388.936 1129
388.950 1132
388.963 1098
388.976 1133
388.990 1097
389.003 1106
389.016 1131
389.030 1106
389.043 1130
389.056 1127
389.070 1127
389.083 1135
389.097 1132
389.110 1081
389.123 1108
389.137 1113
389.150 1127
389.163 1121
389.177 1106
389.190 1098
389.203 1100
389.217 1107
389.230 1088
389.243 1083
389.257 1088
389.270 1075
389.283 1071
389.297 1089
389.310 1083
389.323 1063
389.337 1081
389.350 1062
389.363 1060
389.377 1078
389.390 1088
389.403 1054
389.417 1083
389.430 1064
389.443 1053
389.457 1074
389.470 1065
389.483 1068
389.497 1083
389.510 1056
389.523 1045
389.537 1040
389.550 1029
389.563 1029
389.577 1015
389.590 1012
389.603 1008
389.617 1006
389.630 996
389.643 1008
389.657 1010
389.670 988
389.683 1013
389.697 988
389.710 969
389.723 992
389.737 998
389.750 1001
389.763 966
389.777 1011
389.790 989
389.803 1001
389.817 971
389.830 988
389.843 970
389.857 954
389.870 978
389.883 944
389.897 948
389.910 941
389.923 969
389.937 960
389.950 956
389.963 938
389.977 963
389.990 935
390.003 974
390.017 948
390.030 964
390.043 961
390.057 941
390.070 949
390.083 955
390.096 966
390.110 945
390.123 914
390.136 949
390.150 933
390.163 923
390.176 946
390.190 937
390.203 925
390.216 923
390.230 917
390.243 914
390.256 909
390.270 893
390.283 919
390.296 901
390.310 891
390.323 914
390.336 935
390.349 897
390.363 910
390.376 906
390.389 899
390.403 879
390.416 911
390.429 897
390.443 886
390.456 900
390.469 891
390.483 871
390.496 911
390.509 894
390.522 889
390.536 874
390.549 877
390.562 902
390.576 899
390.589 890
390.602 876
390.616 891
390.629 887
390.642 875
390.655 875
390.669 878
390.682 877
390.695 864
390.709 878
390.722 862
390.735 860
390.749 855
390.762 861
390.775 862
390.788 866
390.802 831
390.815 855
390.828 834
390.842 853
390.855 846
390.868 839
390.882 842
390.895 856
390.908 835
390.921 844
390.935 845
390.948 837
390.961 843
390.975 851
390.988 821
391.001 826
391.014 825
391.028 835
391.041 808
391.054 831
391.068 820
391.081 833
391.094 818
391.107 809
391.121 820
391.134 809
391.147 833
391.161 805
391.174 803
391.187 801
391.200 798
391.214 784
391.227 788
391.240 793
391.254 790
391.267 782
391.280 782
391.293 772
391.307 782
391.320 776
391.333 776
391.347 772
391.360 776
391.373 768
391.386 758
391.400 769
391.413 771
391.426 754
391.440 758
391.453 743
391.466 757
391.479 737
391.493 755
391.506 752
391.519 760
391.532 752
391.546 747
391.559 741
391.572 746
391.586 737
391.599 744
391.612 728
391.625 735
391.639 747
391.652 746
391.665 731
391.678 720
391.692 741
391.705 738
391.718 739
391.732 724
391.745 721
391.758 737
391.771 747
391.785 720
391.798 739
391.811 721
391.824 728
391.838 729
391.851 732
391.864 721
391.877 736
391.891 725
391.904 716
391.917 719
391.931 720
391.944 712
391.957 720
391.970 710
391.984 716
391.997 707
392.010 705
392.023 708
392.037 717
392.050 723
392.063 717
392.076 707
392.090 721
392.103 722
392.116 704
392.129 705
392.143 707
392.156 700
392.169 708
392.182 708
392.196 702
392.209 696
392.222 711
392.235 706
392.249 699
392.262 710
392.275 706
392.288 710
392.302 692
392.315 707
392.328 692
392.341 695
392.355 700
392.368 708
392.381 701
392.394 703
392.408 703
392.421 701
392.434 709
392.447 697
392.461 709
392.474 702
392.487 692
392.500 693
392.514 697
392.527 700
392.540 701
392.553 691
392.567 706
392.580 694
392.593 700
392.606 709
392.620 690
392.633 690
392.646 704
392.659 683
392.673 686
392.686 681
392.699 697
392.712 691
392.726 697
392.739 692
392.752 695
392.765 692
392.778 690
392.792 696
392.805 690
392.818 699
392.831 690
392.845 696
392.858 703
392.871 681
392.884 687
392.898 707
392.911 692
392.924 687
392.937 694
392.951 690
392.964 700
392.977 684
392.990 707
393.003 683
393.017 696
393.030 686
393.043 682
393.056 697
393.070 687
393.083 702
393.096 694
393.109 684
393.122 703
393.136 693
393.149 689
393.162 698
393.175 689
393.189 683
393.202 704
393.215 688
393.228 697
393.242 689
393.255 695
393.268 681
393.281 686
393.294 683
393.308 680
393.321 681
393.334 694
393.347 676
393.360 674
393.374 690
393.387 679
393.400 680
393.413 680
393.427 697
393.440 685
393.453 673
393.466 687
393.479 679
393.493 683
393.506 688
393.519 683
393.532 674
393.546 683
393.559 677
393.572 677
393.585 682
393.598 686
393.612 684
393.625 679
393.638 695
393.651 690
393.664 691
393.678 688
393.691 689
393.704 673
393.717 686
393.730 679
393.744 682
393.757 686
393.770 689
393.783 696
393.796 684
393.810 683
393.823 686
393.836 685
393.849 687
393.863 676
393.876 686
393.889 683
393.902 693
393.915 665
393.929 675
