375.891 688
375.905 695
375.919 697
375.933 700
375.946 695
375.960 698
375.974 703
375.987 691
376.001 696
376.015 693
376.029 695
376.042 693
376.056 708
376.070 713
376.084 711
376.097 716
376.111 707
376.125 706
376.139 703
376.152 711
376.166 718
376.180 713
376.193 719
376.207 723
376.221 721
376.235 724
376.248 718
376.262 723
376.276 721
376.290 708
376.303 728
376.317 733
376.331 723
376.345 726
376.358 737
376.372 724
376.386 732
376.399 735
376.413 753
376.427 734
376.441 735
376.454 731
376.468 744
376.482 745
376.495 746
376.509 744
376.523 762
376.537 754
376.550 754
376.564 761
376.578 758
376.592 773
376.605 767
376.619 772
376.633 781
376.646 777
376.660 763
376.674 765
376.688 766
376.701 790
376.715 778
376.729 794
376.742 788
376.756 783
376.770 785
376.784 791
376.797 814
376.811 764
376.825 809
376.838 811
376.852 801
376.866 806
376.880 821
376.893 793
376.907 802
376.921 813
376.934 805
376.948 795
376.962 817
376.976 844
376.989 841
377.003 822
377.017 837
377.030 839
377.044 860
377.058 878
377.071 846
377.085 848
377.099 872
377.113 860
377.126 870
377.140 855
377.154 873
377.167 879
377.181 870
377.195 877
377.208 906
377.222 884
377.236 897
377.250 875
377.263 885
377.277 909
377.291 922
377.304 910
377.318 922
377.332 909
377.345 926
377.359 924
377.373 930
377.387 944
377.400 933
377.414 937
377.428 903
377.441 927
377.455 936
377.469 938
377.482 958
377.496 962
377.510 977
377.524 979
377.537 984
377.551 979
377.565 971
377.578 987
377.592 987
377.606 993
377.619 986
377.633 977
377.647 983
377.660 992
377.674 991
377.688 960
377.701 1003
377.715 1007
377.729 1018
377.743 1009
377.756 1010
377.770 1031
377.784 1011
377.797 1025
377.811 1018
377.825 1008
377.838 1040
377.852 1032
377.866 1052
377.879 1044
377.893 1061
377.907 1057
377.920 1051
377.934 1027
377.948 1060
377.961 1040
377.975 1058
377.989 1084
378.002 1071
378.016 1079
378.030 1075
378.044 1078
378.057 1079
378.071 1066
378.085 1093
378.098 1091
378.112 1097
378.126 1088
378.139 1097
378.153 1097
378.167 1100
378.180 1116
378.194 1092
378.208 1119
378.221 1112
378.235 1106
378.249 1140
378.262 1102
378.276 1104
378.290 1112
378.303 1135
378.317 1101
378.331 1134
378.344 1135
378.358 1105
378.372 1149
378.385 1146
378.399 1145
378.413 1160
378.426 1138
378.440 1149
378.454 1151
378.467 1173
378.481 1149
378.495 1166
378.508 1160
378.522 1169
378.536 1145
378.549 1175
378.563 1152
378.577 1179
378.590 1174
378.604 1202
378.618 1201
378.631 1184
378.645 1205
378.659 1190
378.672 1205
378.686 1198
378.700 1239
378.713 1251
378.727 1248
378.740 1259
378.754 1242
378.768 1268
378.781 1257
378.795 1233
378.809 1272
378.822 1258
378.836 1237
378.850 1252
378.863 1249
378.877 1249
378.891 1270
378.904 1228
378.918 1260
378.932 1279
378.945 1262
378.959 1237
378.973 1270
378.986 1272
379.000 1296
379.014 1302
379.027 1268
379.041 1287
379.054 1299
379.068 1284
379.082 1281
379.095 1299
379.109 1296
379.123 1289
379.136 1328
379.150 1299
379.164 1307
379.177 1341
379.191 1299
379.205 1309
379.218 1334
379.232 1370
379.245 1335
379.259 1336
379.273 1359
379.286 1335
379.300 1359
379.314 1334
379.327 1355
379.341 1376
379.355 1387
379.368 1369
379.382 1366
379.396 1391
379.409 1410
379.423 1431
379.436 1422
379.450 1419
379.464 1423
379.477 1449
379.491 1441
379.505 1438
379.518 1462
379.532 1453
379.546 1478
379.559 1474
379.573 1481
379.586 1506
379.600 1479
379.614 1514
379.627 1540
379.641 1556
379.655 1583
379.668 1515
379.682 1519
379.695 1532
379.709 1563
379.723 1569
379.736 1607
379.750 1611
379.764 1624
379.777 1699
379.791 1702
379.804 1726
379.818 1705
379.832 1698
379.845 1658
379.859 1665
379.873 1682
379.886 1712
379.900 1683
379.913 1759
379.927 1752
379.941 1763
379.954 1732
379.968 1783
379.982 1867
379.995 1780
380.009 1811
380.022 1881
380.036 1887
380.050 1889
380.063 1947
380.077 1975
380.090 2043
380.104 2014
380.118 2079
380.131 2090
380.145 2055
380.159 2109
380.172 2135
380.186 2119
380.199 2190
380.213 2198
380.227 2269
380.240 2296
380.254 2256
380.267 2243
380.281 2265
380.295 2300
380.308 2293
380.322 2336
380.336 2368
380.349 2350
380.363 2402
380.376 2387
380.390 2450
380.404 2519
380.417 2516
380.431 2488
380.444 2557
380.458 2577
380.472 2634
380.485 2641
380.499 2642
380.512 2632
380.526 2659
380.540 2722
380.553 2730
380.567 2763
380.580 2808
380.594 2887
380.608 2919
380.621 3004
380.635 2971
380.648 3001
380.662 3047
380.676 3108
380.689 3105
380.703 3107
380.716 3156
380.730 3164
380.744 3248
380.757 3260
380.771 3376
380.784 3424
380.798 3415
380.812 3348
380.825 3440
380.839 3538
380.852 3571
380.866 3674
380.880 3686
380.893 3634
380.907 3590
380.920 3650
380.934 3722
380.948 3769
380.961 3703
380.975 3775
380.988 3858
381.002 3776
381.015 3811
381.029 3903
381.043 3908
381.056 3944
381.070 3935
381.083 3958
381.097 3965
381.111 4066
381.124 3997
381.138 4121
381.151 4127
381.165 4154
381.179 4106
381.192 4180
381.206 4138
381.219 4156
381.233 4176
381.246 4233
381.260 4267
381.274 4229
381.287 4266
381.301 4293
381.314 4282
381.328 4349
381.341 4365
381.355 4345
381.369 4393
381.382 4526
381.396 4450
381.409 4498
381.423 4528
381.437 4548
381.450 4669
381.464 4584
381.477 4638
381.491 4719
381.504 4753
381.518 4709
381.532 4747
381.545 4799
381.559 4924
381.572 4877
381.586 4865
381.599 4911
381.613 4898
381.627 4990
381.640 4968
381.654 4916
381.667 4963
381.681 4960
381.694 4902
381.708 4834
381.722 4857
381.735 4805
381.749 4858
381.762 4880
381.776 4835
381.789 4824
381.803 4807
381.817 4835
381.830 4916
381.844 4897
381.857 4964
381.871 4960
381.884 5056
381.898 4977
381.911 4928
381.925 4892
381.939 4968
381.952 4984
381.966 5042
381.979 5021
381.993 5148
382.006 5184
382.020 5220
382.034 5269
382.047 5198
382.061 5146
382.074 5052
382.088 5094
382.101 5174
382.115 5187
382.128 5243
382.142 5314
382.156 5519
382.169 5563
382.183 5513
382.196 5457
382.210 5455
382.223 5503
382.237 5386
382.250 5511
382.264 5401
382.278 5481
382.291 5500
382.305 5621
382.318 5720
382.332 5704
382.345 5516
382.359 5459
382.372 5534
382.386 5471
382.399 5483
382.413 5482
382.427 5539
382.440 5559
382.454 5668
382.467 5662
382.481 5784
382.494 5802
382.508 5905
382.521 5867
382.535 5892
382.548 5846
382.562 5908
382.576 5907
382.589 5891
382.603 6014
382.616 5999
382.630 6098
382.643 6167
382.657 6239
382.670 6165
382.684 6243
382.697 6237
382.711 6285
382.724 6388
382.738 6374
382.752 6390
382.765 6407
382.779 6461
382.792 6575
382.806 6632
382.819 6736
382.833 6724
382.846 6850
382.860 6790
382.873 6880
382.887 6987
382.900 6996
382.914 7056
382.928 7178
382.941 7321
382.955 7296
382.968 7381
382.982 7566
382.995 7620
383.009 7607
383.022 7666
383.036 7769
383.049 7837
383.063 7891
383.076 7951
383.090 8042
383.103 8129
383.117 8146
383.130 8113
383.144 8382
383.158 8356
383.171 8368
383.185 8541
383.198 8708
383.212 8841
383.225 8923
383.239 9045
383.252 9092
383.266 9279
383.279 9389
383.293 9514
383.306 9586
383.320 9690
383.333 9961
383.347 10165
383.360 10207
383.374 10257
383.387 10332
383.401 10488
383.414 10454
383.428 10457
383.441 10514
383.455 10626
383.468 10733
383.482 11132
383.496 11456
383.509 11516
383.523 11506
383.536 11603
383.550 11742
383.563 11813
383.577 12027
383.590 12257
383.604 12191
383.617 12268
383.631 12278
383.644 12213
383.658 12216
383.671 12346
383.685 12553
383.698 12614
383.712 12939
383.725 13014
383.739 13042
383.752 13108
383.766 13169
383.779 13388
383.793 13459
383.806 13716
383.820 14140
383.833 14347
383.847 14369
383.860 14680
383.874 14645
383.887 14485
383.901 14724
383.914 14960
383.928 15247
383.941 15265
383.955 15259
383.968 15306
383.982 15419
383.995 15377
384.009 15572
384.022 15918
384.036 16161
384.049 16372
384.063 16369
384.076 16763
384.090 17335
384.103 17710
384.117 18028
384.130 18123
384.144 17767
384.157 17938
384.171 18020
384.184 18189
384.198 18406
384.211 18642
384.225 18839
384.238 19231
384.252 19583
384.265 19730
384.279 20000
384.292 20229
384.306 20515
384.319 20570
384.333 20516
384.346 20815
384.360 20979
384.373 21048
384.387 21470
384.400 21615
384.414 21796
384.427 22241
384.441 22287
384.454 22488
384.468 22765
384.481 22777
384.495 23116
384.508 23408
384.522 23519
384.535 23747
384.549 23988
384.562 24273
384.575 24568
384.589 25187
384.602 26098
384.616 26428
384.629 26772
384.643 26876
384.656 27164
384.670 26998
384.683 27119
384.697 27321
384.710 27440
384.724 27716
384.737 27762
384.751 27837
384.764 27886
384.778 28540
384.791 28586
384.805 28572
384.818 28633
384.832 28456
384.845 28492
384.859 28463
384.872 28061
384.885 27744
384.899 27439
384.912 27119
384.926 27124
384.939 26980
384.953 26845
384.966 26342
384.980 26190
384.993 26054
385.007 25778
385.020 25464
385.034 24985
385.047 24627
385.061 24050
385.074 23542
385.088 23145
385.101 22520
385.114 22220
385.128 21767
385.141 21011
385.155 20717
385.168 20773
385.182 20259
385.195 19745
385.209 19274
385.222 18221
385.236 17771
385.249 17122
385.263 16668
385.276 15856
385.290 15203
385.303 14632
385.316 14042
385.330 13759
385.343 13451
385.357 12898
385.370 12369
385.384 11904
385.397 11423
385.411 11215
385.424 10679
385.438 10534
385.451 10169
385.464 9813
385.478 9609
385.491 9281
385.505 8980
385.518 8642
385.532 8535
385.545 7983
385.559 7711
385.572 7640
385.586 7357
385.599 7301
385.612 7095
385.626 6897
385.639 6601
385.653 6660
385.666 6621
385.680 6343
385.693 6188
385.707 5919
385.720 5784
385.734 5646
385.747 5512
385.760 5311
385.774 5294
385.787 5104
385.801 5038
385.814 4818
385.828 4614
385.841 4601
385.855 4473
385.868 4403
385.881 4318
385.895 4255
385.908 4119
385.922 4075
385.935 4062
385.949 3945
385.962 3914
385.976 3846
385.989 3739
386.002 3812
386.016 3805
386.029 3791
386.043 3717
386.056 3655
386.070 3561
386.083 3476
386.097 3463
386.110 3435
386.123 3434
386.137 3305
386.150 3343
386.164 3209
386.177 3263
386.191 3218
386.204 3202
386.217 3082
386.231 3071
386.244 3120
386.258 3094
386.271 3051
386.285 3034
386.298 2971
386.311 2937
386.325 2888
386.338 2841
386.352 2822
386.365 2821
386.379 2788
386.392 2757
386.405 2742
386.419 2646
386.432 2722
386.446 2751
386.459 2752
386.473 2662
386.486 2603
386.499 2554
386.513 2613
386.526 2624
386.540 2535
386.553 2500
386.567 2549
386.580 2595
386.593 2533
386.607 2578
386.620 2612
386.634 2592
386.647 2496
386.661 2498
386.674 2480
386.687 2406
386.701 2412
386.714 2412
386.728 2363
386.741 2328
386.754 2380
386.768 2333
386.781 2350
386.795 2318
386.808 2271
386.822 2290
386.835 2266
386.848 2276
386.862 2211
386.875 2261
386.889 2190
386.902 2210
386.915 2172
386.929 2218
386.942 2187
386.956 2166
386.969 2130
386.983 2157
386.996 2147
387.009 2124
387.023 2096
387.036 2098
387.050 2133
387.063 2148
387.076 2142
387.090 2139
387.103 2105
387.117 2109
387.130 2088
387.143 2081
387.157 2136
387.170 2049
387.184 2090
387.197 2047
387.210 2082
387.224 2038
387.237 2024
387.251 1993
387.264 2031
387.278 1977
387.291 2015
387.304 1985
387.318 1953
387.331 1981
387.345 2001
387.358 1995
387.371 1977
387.385 1919
387.398 1926
387.412 1881
387.425 1893
387.438 1836
387.452 1877
387.465 1870
387.478 1858
387.492 1833
387.505 1799
387.519 1844
387.532 1892
387.545 1924
387.559 1934
387.572 1952
387.586 1892
387.599 1844
387.612 1921
387.626 1892
387.639 1900
387.653 1875
387.666 1813
387.679 1762
387.693 1765
387.706 1733
387.720 1769
387.733 1758
387.746 1777
387.760 1845
387.773 1731
387.787 1710
387.800 1762
387.813 1782
387.827 1740
387.840 1682
387.853 1660
387.867 1731
387.880 1721
387.894 1732
387.907 1738
387.920 1693
387.934 1680
387.947 1628
387.961 1642
387.974 1629
387.987 1642
388.001 1654
388.014 1601
388.027 1627
388.041 1604
388.054 1592
388.068 1568
388.081 1593
388.094 1613
388.108 1579
388.121 1577
388.134 1539
388.148 1537
388.161 1507
388.175 1500
388.188 1462
388.201 1508
388.215 1442
388.228 1446
388.241 1403
388.255 1403
388.268 1401
388.282 1397
388.295 1380
388.308 1379
388.322 1362
388.335 1337
388.348 1320
388.362 1289
388.375 1284
388.389 1316
388.402 1300
388.415 1285
388.429 1305
388.442 1308
388.455 1310
388.469 1318
388.482 1290
388.495 1250
388.509 1277
388.522 1268
388.536 1225
388.549 1213
388.562 1216
388.576 1195
388.589 1181
388.602 1193
388.616 1180
388.629 1157
388.642 1138
388.656 1166
388.669 1177
388.683 1116
388.696 1166
388.709 1149
388.723 1152
388.736 1121
388.749 1117
388.763 1122
388.776 1129
388.789 1100
388.803 1125
388.816 1104
388.829 1106
388.843 1102
388.856 1066
388.870 1079
388.883 1082
388.896 1068
388.910 1075
388.923 1104
388.936 1117
388.950 1123
388.963 1111
388.976 1112
388.990 1085
389.003 1083
389.016 1092
389.030 1117
389.043 1093
389.056 1096
389.070 1098
389.083 1083
389.097 1103
389.110 1104
389.123 1081
389.137 1091
389.150 1085
389.163 1086
389.177 1077
389.190 1089
389.203 1113
389.217 1046
389.230 1094
389.243 1081
389.257 1075
389.270 1062
389.283 1079
389.297 1045
389.310 1033
389.323 1062
389.337 1050
389.350 1072
389.363 1060
389.377 1053
389.390 1039
389.403 1064
389.417 1028
389.430 1049
389.443 1040
389.457 1038
389.470 1062
389.483 1061
389.497 1069
389.510 1060
389.523 1039
389.537 1052
389.550 1026
389.563 1021
389.577 1019
389.590 993
389.603 996
389.617 1015
389.630 975
389.643 1006
389.657 989
389.670 1004
389.683 1007
389.697 996
389.710 993
389.723 972
389.737 1009
389.750 1006
389.763 986
389.777 995
389.790 980
389.803 976
389.817 988
389.830 960
389.843 985
389.857 970
389.870 966
389.883 945
389.897 944
389.910 956
389.923 966
389.937 962
389.950 979
389.963 969
389.977 975
389.990 969
390.003 955
390.017 958
390.030 940
390.043 942
390.057 966
390.070 943
390.083 937
390.096 924
390.110 936
390.123 948
390.136 957
390.150 927
390.163 953
390.176 926
390.190 923
390.203 942
390.216 926
390.230 917
390.243 920
390.256 932
390.270 926
390.283 940
390.296 921
390.310 933
390.323 917
390.336 914
390.349 911
390.363 916
390.376 942
390.389 925
390.403 906
390.416 903
390.429 904
390.443 910
390.456 889
390.469 917
390.483 918
390.496 896
390.509 903
390.522 885
390.536 889
390.549 909
390.562 891
390.576 896
390.589 894
390.602 895
390.616 889
390.629 875
390.642 886
390.655 888
390.669 884
390.682 884
390.695 872
390.709 890
390.722 880
390.735 867
390.749 882
390.762 873
390.775 855
390.788 859
390.802 841
390.815 878
390.828 879
390.842 864
390.855 849
390.868 858
390.882 860
390.895 848
390.908 845
390.921 852
390.935 844
390.948 843
390.961 849
390.975 827
390.988 820
391.001 822
391.014 824
391.028 817
391.041 825
391.054 837
391.068 822
391.081 832
391.094 814
391.107 813
391.121 804
391.134 816
391.147 826
391.161 806
391.174 803
391.187 789
391.200 774
391.214 825
391.227 783
391.240 786
391.254 780
391.267 792
391.280 788
391.293 784
391.307 774
391.320 768
391.333 768
391.347 780
391.360 783
391.373 758
391.386 767
391.400 752
391.413 767
391.426 764
391.440 759
391.453 744
391.466 754
391.479 771
391.493 759
391.506 744
391.519 740
391.532 742
391.546 764
391.559 752
391.572 732
391.586 733
391.599 736
391.612 740
391.625 742
391.639 729
391.652 738
391.665 744
391.678 738
391.692 734
391.705 727
391.718 726
391.732 726
391.745 721
391.758 734
391.771 747
391.785 731
391.798 719
391.811 722
391.824 724
391.838 731
391.851 719
391.864 710
391.877 730
391.891 717
391.904 716
391.917 707
391.931 714
391.944 709
391.957 706
391.970 724
391.984 708
391.997 709
392.010 700
392.023 714
392.037 724
392.050 714
392.063 701
392.076 707
392.090 718
392.103 700
392.116 705
392.129 707
392.143 716
392.156 710
392.169 703
392.182 713
392.196 693
392.209 708
392.222 691
392.235 704
392.249 699
392.262 699
392.275 706
392.288 711
392.302 710
392.315 708
392.328 689
392.341 702
392.355 706
392.368 702
392.381 704
392.394 697
392.408 701
392.421 695
392.434 690
392.447 692
392.461 696
392.474 682
392.487 703
392.500 696
392.514 698
392.527 694
392.540 708
392.553 700
392.567 693
392.580 704
392.593 694
392.606 694
392.620 706
392.633 686
392.646 692
392.659 698
392.673 682
392.686 700
392.699 684
392.712 676
392.726 685
392.739 695
392.752 686
392.765 693
392.778 695
392.792 687
392.805 691
392.818 678
392.831 679
392.845 688
392.858 676
392.871 691
392.884 698
392.898 687
392.911 693
392.924 691
392.937 694
392.951 688
392.964 694
392.977 691
392.990 692
393.003 693
393.017 689
393.030 676
393.043 684
393.056 686
393.070 690
393.083 694
393.096 667
393.109 680
393.122 679
393.136 691
393.149 692
393.162 697
393.175 692
393.189 700
393.202 690
393.215 679
393.228 679
393.242 662
393.255 689
393.268 684
393.281 683
393.294 685
393.308 674
393.321 692
393.334 682
393.347 694
393.360 686
393.374 679
393.387 678
393.400 693
393.413 677
393.427 683
393.440 680
393.453 674
393.466 682
393.479 682
393.493 680
393.506 679
393.519 678
393.532 678
393.546 689
393.559 677
393.572 685
393.585 680
393.598 668
393.612 686
393.625 677
393.638 679
393.651 678
393.664 679
393.678 677
393.691 682
393.704 684
393.717 678
393.730 685
393.744 682
393.757 675
393.770 671
393.783 683
393.796 663
393.810 683
393.823 680
393.836 676
393.849 677
393.863 675
393.876 675
393.889 672
393.902 678
393.915 683
393.929 675
