375.891 693
375.905 696
375.919 699
375.933 695
375.946 705
375.960 705
375.974 713
375.987 708
376.001 700
376.015 700
376.029 711
376.042 694
376.056 720
376.070 719
376.084 717
376.097 717
376.111 713
376.125 718
376.139 705
376.152 714
376.166 719
376.180 723
376.193 727
376.207 725
376.221 723
376.235 728
376.248 710
376.262 738
376.276 732
376.290 732
376.303 738
376.317 727
376.331 739
376.345 729
376.358 734
376.372 731
376.386 738
376.399 740
376.413 735
376.427 771
376.441 740
376.454 755
376.468 759
376.482 745
376.495 752
376.509 767
376.523 780
376.537 775
376.550 777
376.564 786
376.578 772
376.592 782
376.605 788
376.619 785
376.633 805
376.646 780
376.660 780
376.674 768
376.688 784
376.701 786
376.715 785
376.729 789
376.742 793
376.756 806
376.770 802
376.784 806
376.797 811
376.811 808
376.825 824
376.838 829
376.852 828
376.866 818
376.880 819
376.893 827
376.907 831
376.921 820
376.934 819
376.948 829
376.962 840
376.976 839
376.989 830
377.003 842
377.017 881
377.030 858
377.044 877
377.058 875
377.071 893
377.085 877
377.099 867
377.113 868
377.126 887
377.140 902
377.154 896
377.167 890
377.181 913
377.195 891
377.208 910
377.222 900
377.236 913
377.250 910
377.263 914
377.277 934
377.291 901
377.304 939
377.318 952
377.332 929
377.345 955
377.359 943
377.373 937
377.387 953
377.400 965
377.414 940
377.428 962
377.441 961
377.455 970
377.469 979
377.482 964
377.496 986
377.510 968
377.524 987
377.537 1002
377.551 997
377.565 987
377.578 990
377.592 992
377.606 995
377.619 1040
377.633 1020
377.647 975
377.660 1002
377.674 1025
377.688 1031
377.701 1026
377.715 1022
377.729 1045
377.743 1068
377.756 1043
377.770 1056
377.784 1035
377.797 1052
377.811 1058
377.825 1060
377.838 1042
377.852 1051
377.866 1049
377.879 1089
377.893 1104
377.907 1068
377.920 1091
377.934 1083
377.948 1106
377.961 1076
377.975 1091
377.989 1121
378.002 1110
378.016 1111
378.030 1113
378.044 1100
378.057 1111
378.071 1110
378.085 1143
378.098 1141
378.112 1128
378.126 1128
378.139 1140
378.153 1114
378.167 1156
378.180 1127
378.194 1160
378.208 1144
378.221 1145
378.235 1147
378.249 1128
378.262 1149
378.276 1157
378.290 1160
378.303 1140
378.317 1146
378.331 1159
378.344 1169
378.358 1174
378.372 1158
378.385 1162
378.399 1148
378.413 1199
378.426 1182
378.440 1182
378.454 1182
378.467 1211
378.481 1202
378.495 1182
378.508 1196
378.522 1195
378.536 1186
378.549 1209
378.563 1197
378.577 1228
378.590 1238
378.604 1244
378.618 1214
378.631 1225
378.645 1260
378.659 1203
378.672 1269
378.686 1234
378.700 1261
378.713 1284
378.727 1277
378.740 1285
378.754 1285
378.768 1276
378.781 1316
378.795 1318
378.809 1314
378.822 1333
378.836 1317
378.850 1294
378.863 1275
378.877 1311
378.891 1308
378.904 1281
378.918 1295
378.932 1328
378.945 1299
378.959 1277
378.973 1298
378.986 1340
379.000 1312
379.014 1305
379.027 1292
379.041 1309
379.054 1315
379.068 1322
379.082 1332
379.095 1318
379.109 1315
379.123 1377
379.136 1362
379.150 1333
379.164 1338
379.177 1364
379.191 1350
379.205 1340
379.218 1367
379.232 1387
379.245 1360
379.259 1406
379.273 1359
379.286 1434
379.300 1419
379.314 1405
379.327 1391
379.341 1416
379.355 1422
379.368 1410
379.382 1390
379.396 1435
379.409 1445
379.423 1438
379.436 1443
379.450 1451
379.464 1476
379.477 1477
379.491 1462
379.505 1508
379.518 1509
379.532 1501
379.546 1535
379.559 1543
379.573 1532
379.586 1504
379.600 1509
379.614 1547
379.627 1599
379.641 1616
379.655 1608
379.668 1583
379.682 1554
379.695 1605
379.709 1622
379.723 1603
379.736 1671
379.750 1737
379.764 1763
379.777 1724
379.791 1744
379.804 1779
379.818 1795
379.832 1768
379.845 1716
379.859 1728
379.873 1749
379.886 1755
379.900 1729
379.913 1772
379.927 1822
379.941 1771
379.954 1850
379.968 1839
379.982 1871
379.995 1880
380.009 1871
380.022 1906
380.036 1934
380.050 1936
380.063 1988
380.077 2059
380.090 2092
380.104 2122
380.118 2135
380.131 2150
380.145 2162
380.159 2186
380.172 2248
380.186 2247
380.199 2272
380.213 2308
380.227 2348
380.240 2383
380.254 2281
380.267 2249
380.281 2319
380.295 2341
380.308 2388
380.322 2378
380.336 2422
380.349 2430
380.363 2440
380.376 2520
380.390 2533
380.404 2569
380.417 2564
380.431 2581
380.444 2653
380.458 2655
380.472 2655
380.485 2716
380.499 2776
380.512 2796
380.526 2778
380.540 2814
380.553 2851
380.567 2848
380.580 2966
380.594 2920
380.608 2985
380.621 3159
380.635 3137
380.648 3159
380.662 3177
380.676 3184
380.689 3231
380.703 3240
380.716 3268
380.730 3339
380.744 3313
380.757 3421
380.771 3472
380.784 3580
380.798 3567
380.812 3559
380.825 3584
380.839 3643
380.852 3775
380.866 3768
380.880 3838
380.893 3772
380.907 3759
380.920 3815
380.934 3865
380.948 3871
380.961 3895
380.975 3940
380.988 3963
381.002 3882
381.015 3951
381.029 4002
381.043 4099
381.056 4048
381.070 4045
381.083 4089
381.097 4088
381.111 4159
381.124 4228
381.138 4268
381.151 4287
381.165 4284
381.179 4339
381.192 4284
381.206 4325
381.219 4341
381.233 4386
381.246 4408
381.260 4438
381.274 4393
381.287 4484
381.301 4506
381.314 4510
381.328 4505
381.341 4521
381.355 4592
381.369 4579
381.382 4557
381.396 4632
381.409 4678
381.423 4692
381.437 4704
381.450 4713
381.464 4751
381.477 4851
381.491 4901
381.504 4930
381.518 4879
381.532 4903
381.545 5029
381.559 5181
381.572 5078
381.586 5043
381.599 5078
381.613 5185
381.627 5239
381.640 5122
381.654 5103
381.667 5154
381.681 5105
381.694 5158
381.708 5083
381.722 5073
381.735 5004
381.749 5122
381.762 5133
381.776 5041
381.789 5116
381.803 5073
381.817 5147
381.830 5028
381.844 5164
381.857 5126
381.871 5337
381.884 5289
381.898 5093
381.911 5095
381.925 5253
381.939 5179
381.952 5334
381.966 5232
381.979 5277
381.993 5341
382.006 5394
382.020 5502
382.034 5444
382.047 5366
382.061 5424
382.074 5379
382.088 5401
382.101 5351
382.115 5420
382.128 5459
382.142 5664
382.156 5802
382.169 5786
382.183 5801
382.196 5794
382.210 5645
382.223 5688
382.237 5656
382.250 5718
382.264 5744
382.278 5698
382.291 5754
382.305 5884
382.318 5908
382.332 6024
382.345 5704
382.359 5742
382.372 5876
382.386 5727
382.399 5834
382.413 5738
382.427 5798
382.440 5829
382.454 5879
382.467 5975
382.481 5911
382.494 6198
382.508 6207
382.521 6276
382.535 6214
382.548 6133
382.562 6278
382.576 6209
382.589 6244
382.603 6282
382.616 6373
382.630 6413
382.643 6394
382.657 6512
382.670 6515
382.684 6662
382.697 6537
382.711 6708
382.724 6772
382.738 6715
382.752 6742
382.765 6852
382.779 6956
382.792 6990
382.806 7012
382.819 7033
382.833 7174
382.846 7267
382.860 7258
382.873 7278
382.887 7211
382.900 7353
382.914 7462
382.928 7573
382.941 7685
382.955 7758
382.968 7798
382.982 7934
382.995 7992
383.009 8045
383.022 7968
383.036 8122
383.049 8248
383.063 8336
383.076 8321
383.090 8531
383.103 8533
383.117 8591
383.130 8648
383.144 8835
383.158 8780
383.171 9039
383.185 8995
383.198 9235
383.212 9184
383.225 9415
383.239 9672
383.252 9769
383.266 9753
383.279 9931
383.293 10018
383.306 10122
383.320 10344
383.333 10636
383.347 10625
383.360 10777
383.374 10791
383.387 10907
383.401 11071
383.414 11070
383.428 10977
383.441 11239
383.455 11282
383.468 11315
383.482 11565
383.496 11996
383.509 12121
383.523 12343
383.536 12253
383.550 12347
383.563 12512
383.577 12542
383.590 12891
383.604 12972
383.617 12670
383.631 12884
383.644 13033
383.658 12884
383.671 13098
383.685 13152
383.698 13421
383.712 13409
383.725 13711
383.739 13846
383.752 13800
383.766 13694
383.779 13909
383.793 14023
383.806 14458
383.820 14885
383.833 14903
383.847 14998
383.860 15414
383.874 15369
383.887 15168
383.901 15253
383.914 15615
383.928 15952
383.941 16009
383.955 15786
383.968 15751
383.982 16037
383.995 16176
384.009 16307
384.022 16429
384.036 16684
384.049 16793
384.063 17040
384.076 17571
384.090 17910
384.103 18213
384.117 18748
384.130 18758
384.144 18512
384.157 18662
384.171 18536
384.184 18712
384.198 18884
384.211 19183
384.225 19404
384.238 20070
384.252 20045
384.265 20382
384.279 20700
384.292 20832
384.306 21179
384.319 21017
384.333 21284
384.346 21474
384.360 21624
384.373 21935
384.387 22133
384.400 22368
384.414 22684
384.427 22854
384.441 23000
384.454 23196
384.468 23258
384.481 23598
384.495 23914
384.508 24073
384.522 24373
384.535 24613
384.549 24753
384.562 25004
384.575 25409
384.589 25944
384.602 26892
384.616 27362
384.629 27455
384.643 27899
384.656 28165
384.670 28311
384.683 28228
384.697 28408
384.710 28346
384.724 28801
384.737 28853
384.751 28931
384.764 29173
384.778 29412
384.791 29782
384.805 29974
384.818 29828
384.832 29772
384.845 29940
384.859 29867
384.872 29424
384.885 28698
384.899 28385
384.912 28351
384.926 27899
384.939 27682
384.953 27510
384.966 27096
384.980 26882
384.993 26677
385.007 26162
385.020 25612
385.034 25249
385.047 24726
385.061 23947
385.074 23416
385.088 22952
385.101 22402
385.114 21956
385.128 21438
385.141 20898
385.155 20266
385.168 20317
385.182 19803
385.195 19191
385.209 18673
385.222 17698
385.236 17022
385.249 16387
385.263 16038
385.276 15301
385.290 14679
385.303 13934
385.316 13502
385.330 13300
385.343 12895
385.357 12511
385.370 11826
385.384 11395
385.397 10909
385.411 10616
385.424 10258
385.438 10036
385.451 9731
385.464 9591
385.478 9300
385.491 9135
385.505 8706
385.518 8491
385.532 8208
385.545 7895
385.559 7549
385.572 7466
385.586 7155
385.599 7093
385.612 7049
385.626 6756
385.639 6672
385.653 6523
385.666 6525
385.680 6312
385.693 6122
385.707 6005
385.720 5801
385.734 5680
385.747 5556
385.760 5420
385.774 5362
385.787 5355
385.801 5115
385.814 4838
385.828 4827
385.841 4704
385.855 4654
385.868 4534
385.881 4515
385.895 4417
385.908 4425
385.922 4242
385.935 4115
385.949 4180
385.962 4003
385.976 4019
385.989 3981
386.002 4029
386.016 3998
386.029 3912
386.043 3775
386.056 3744
386.070 3651
386.083 3666
386.097 3614
386.110 3565
386.123 3505
386.137 3520
386.150 3493
386.164 3398
386.177 3422
386.191 3456
386.204 3359
386.217 3230
386.231 3210
386.244 3201
386.258 3182
386.271 3204
386.285 3136
386.298 3083
386.311 3148
386.325 3072
386.338 2960
386.352 2926
386.365 2982
386.379 2900
386.392 2917
386.405 2900
386.419 2889
386.432 2845
386.446 2868
386.459 2879
386.473 2820
386.486 2778
386.499 2702
386.513 2712
386.526 2678
386.540 2738
386.553 2631
386.567 2703
386.580 2641
386.593 2710
386.607 2739
386.620 2720
386.634 2709
386.647 2630
386.661 2582
386.674 2601
386.687 2589
386.701 2518
386.714 2440
386.728 2499
386.741 2507
386.754 2511
386.768 2424
386.781 2398
386.795 2444
386.808 2444
386.822 2384
386.835 2331
386.848 2365
386.862 2345
386.875 2355
386.889 2349
386.902 2373
386.915 2337
386.929 2324
386.942 2313
386.956 2303
386.969 2256
386.983 2271
386.996 2218
387.009 2216
387.023 2222
387.036 2265
387.050 2290
387.063 2307
387.076 2268
387.090 2214
387.103 2159
387.117 2239
387.130 2221
387.143 2194
387.157 2248
387.170 2232
387.184 2158
387.197 2161
387.210 2130
387.224 2145
387.237 2102
387.251 2122
387.264 2124
387.278 2078
387.291 2128
387.304 2117
387.318 2047
387.331 2118
387.345 2039
387.358 2071
387.371 2050
387.385 2024
387.398 2012
387.412 2034
387.425 2014
387.438 1990
387.452 1955
387.465 1937
387.478 1961
387.492 1942
387.505 2001
387.519 1947
387.532 1999
387.545 2048
387.559 2032
387.572 2020
387.586 1957
387.599 1954
387.612 1988
387.626 2001
387.639 1973
387.653 1996
387.666 1912
387.679 1885
387.693 1894
387.706 1844
387.720 1866
387.733 1915
387.746 1876
387.760 1890
387.773 1879
387.787 1853
387.800 1869
387.813 1875
387.827 1811
387.840 1779
387.853 1769
387.867 1755
387.880 1821
387.894 1818
387.907 1759
387.920 1740
387.934 1751
387.947 1747
387.961 1753
387.974 1696
387.987 1664
388.001 1696
388.014 1625
388.027 1655
388.041 1642
388.054 1615
388.068 1623
388.081 1614
388.094 1642
388.108 1602
388.121 1599
388.134 1580
388.148 1557
388.161 1529
388.175 1535
388.188 1497
388.201 1413
388.215 1452
388.228 1493
388.241 1412
388.255 1439
388.268 1464
388.282 1426
388.295 1383
388.308 1432
388.322 1360
388.335 1357
388.348 1347
388.362 1321
388.375 1320
388.389 1326
388.402 1326
388.415 1311
388.429 1338
388.442 1338
388.455 1320
388.469 1336
388.482 1299
388.495 1269
388.509 1279
388.522 1299
388.536 1294
388.549 1234
388.562 1238
388.576 1234
388.589 1213
388.602 1238
388.616 1207
388.629 1216
388.642 1191
388.656 1196
388.669 1208
388.683 1146
388.696 1176
388.709 1208
388.723 1199
388.736 1177
388.749 1158
388.763 1158
388.776 1173
388.789 1146
388.803 1136
388.816 1126
388.829 1136
388.843 1135
388.856 1125
388.870 1124
388.883 1137
388.896 1093
388.910 1100
388.923 1146
388.936 1115
388.950 1140
388.963 1143
388.976 1108
388.990 1099
389.003 1126
389.016 1135
389.030 1120
389.043 1146
389.056 1148
389.070 1125
389.083 1124
389.097 1107
389.110 1102
389.123 1082
389.137 1112
389.150 1097
389.163 1138
389.177 1119
389.190 1113
389.203 1123
389.217 1116
389.230 1110
389.243 1125
389.257 1113
389.270 1104
389.283 1062
389.297 1108
389.310 1092
389.323 1086
389.337 1085
389.350 1072
389.363 1096
389.377 1068
389.390 1091
389.403 1069
389.417 1077
389.430 1090
389.443 1110
389.457 1079
389.470 1085
389.483 1086
389.497 1102
389.510 1114
389.523 1074
389.537 1081
389.550 1039
389.563 1067
389.577 1052
389.590 1037
389.603 1019
389.617 1029
389.630 1008
389.643 1037
389.657 1040
389.670 1039
389.683 1033
389.697 1025
389.710 1034
389.723 1035
389.737 1056
389.750 1032
389.763 1009
389.777 1039
389.790 1016
389.803 1010
389.817 1018
389.830 1020
389.843 1012
389.857 981
389.870 976
389.883 978
389.897 968
389.910 1000
389.923 1000
389.937 980
389.950 1007
389.963 987
389.977 971
389.990 997
390.003 990
390.017 994
390.030 974
390.043 984
390.057 991
390.070 977
390.083 949
390.096 978
390.110 946
390.123 981
390.136 978
390.150 956
390.163 989
390.176 975
390.190 955
390.203 963
390.216 972
390.230 960
390.243 961
390.256 954
390.270 947
390.283 939
390.296 935
390.310 945
390.323 958
390.336 950
390.349 971
390.363 939
390.376 953
390.389 968
390.403 951
390.416 933
390.429 946
390.443 950
390.456 951
390.469 907
390.483 916
390.496 925
390.509 920
390.522 908
390.536 917
390.549 919
390.562 906
390.576 915
390.589 923
390.602 925
390.616 907
390.629 905
390.642 916
390.655 913
390.669 925
390.682 907
390.695 906
390.709 888
390.722 882
390.735 899
390.749 894
390.762 890
390.775 891
390.788 903
390.802 886
390.815 879
390.828 873
390.842 880
390.855 864
390.868 864
390.882 865
390.895 868
390.908 873
390.921 882
390.935 880
390.948 860
390.961 859
390.975 856
390.988 848
391.001 854
391.014 846
391.028 856
391.041 836
391.054 819
391.068 838
391.081 835
391.094 831
391.107 824
391.121 823
391.134 811
391.147 818
391.161 827
391.174 833
391.187 800
391.200 796
391.214 802
391.227 803
391.240 802
391.254 794
391.267 796
391.280 793
391.293 781
391.307 778
391.320 790
391.333 767
391.347 794
391.360 762
391.373 783
391.386 778
391.400 756
391.413 782
391.426 761
391.440 778
391.453 770
391.466 761
391.479 755
391.493 770
391.506 752
391.519 769
391.532 770
391.546 756
391.559 752
391.572 755
391.586 759
391.599 731
391.612 747
391.625 748
391.639 764
391.652 747
391.665 730
391.678 756
391.692 741
391.705 758
391.718 730
391.732 746
391.745 742
391.758 749
391.771 735
391.785 720
391.798 749
391.811 718
391.824 727
391.838 716
391.851 706
391.864 723
391.877 727
391.891 725
391.904 730
391.917 711
391.931 715
391.944 733
391.957 725
391.970 730
391.984 729
391.997 724
392.010 719
392.023 736
392.037 725
392.050 701
392.063 727
392.076 707
392.090 715
392.103 711
392.116 705
392.129 702
392.143 717
392.156 719
392.169 705
392.182 715
392.196 705
392.209 699
392.222 697
392.235 701
392.249 709
392.262 709
392.275 711
392.288 700
392.302 710
392.315 707
392.328 717
392.341 701
392.355 710
392.368 704
392.381 720
392.394 713
392.408 692
392.421 708
392.434 705
392.447 703
392.461 691
392.474 704
392.487 720
392.500 716
392.514 691
392.527 703
392.540 706
392.553 702
392.567 708
392.580 683
392.593 698
392.606 692
392.620 693
392.633 681
392.646 701
392.659 695
392.673 696
392.686 690
392.699 688
392.712 706
392.726 701
392.739 700
392.752 705
392.765 690
392.778 688
392.792 687
392.805 694
392.818 685
392.831 703
392.845 694
392.858 691
392.871 704
392.884 702
392.898 692
392.911 688
392.924 699
392.937 704
392.951 698
392.964 696
392.977 692
392.990 694
393.003 685
393.017 703
393.030 684
393.043 697
393.056 692
393.070 696
393.083 690
393.096 706
393.109 701
393.122 699
393.136 694
393.149 706
393.162 698
393.175 700
393.189 691
393.202 705
393.215 685
393.228 690
393.242 679
393.255 681
393.268 686
393.281 690
393.294 693
393.308 678
393.321 685
393.334 690
393.347 693
393.360 683
393.374 689
393.387 694
393.400 690
393.413 685
393.427 683
393.440 689
393.453 687
393.466 688
393.479 692
393.493 685
393.506 694
393.519 681
393.532 676
393.546 690
393.559 690
393.572 694
393.585 686
393.598 694
393.612 692
393.625 695
393.638 688
393.651 684
393.664 687
393.678 684
393.691 681
393.704 690
393.717 684
393.730 681
393.744 688
393.757 680
393.770 682
393.783 686
393.796 679
393.810 685
393.823 673
393.836 683
393.849 682
393.863 680
393.876 689
393.889 680
393.902 681
393.915 682
393.929 687
