375.891 701
375.905 688
375.919 681
375.933 696
375.946 692
375.960 685
375.974 684
375.987 696
376.001 715
376.015 707
376.029 697
376.042 700
376.056 711
376.070 722
376.084 712
376.097 712
376.111 706
376.125 725
376.139 717
376.152 718
376.166 722
376.180 707
376.193 713
376.207 727
376.221 721
376.235 715
376.248 730
376.262 712
376.276 705
376.290 725
376.303 710
376.317 729
376.331 739
376.345 742
376.358 717
376.372 739
376.386 742
376.399 733
376.413 733
376.427 740
376.441 742
376.454 739
376.468 752
376.482 738
376.495 738
376.509 753
376.523 736
376.537 743
376.550 751
376.564 747
376.578 757
376.592 766
376.605 753
376.619 762
376.633 756
376.646 774
376.660 754
376.674 766
376.688 746
376.701 763
376.715 784
376.729 762
376.742 803
376.756 790
376.770 790
376.784 774
376.797 768
376.811 796
376.825 800
376.838 804
376.852 791
376.866 803
376.880 807
376.893 810
376.907 821
376.921 824
376.934 790
376.948 798
376.962 815
376.976 824
376.989 813
377.003 836
377.017 821
377.030 837
377.044 846
377.058 847
377.071 853
377.085 843
377.099 859
377.113 829
377.126 847
377.140 838
377.154 849
377.167 849
377.181 859
377.195 855
377.208 869
377.222 863
377.236 861
377.250 860
377.263 877
377.277 897
377.291 885
377.304 889
377.318 898
377.332 891
377.345 898
377.359 909
377.373 903
377.387 905
377.400 914
377.414 926
377.428 920
377.441 932
377.455 915
377.469 929
377.482 907
377.496 946
377.510 951
377.524 966
377.537 958
377.551 964
377.565 929
377.578 958
377.592 956
377.606 938
377.619 957
377.633 945
377.647 967
377.660 958
377.674 987
377.688 983
377.701 978
377.715 977
377.729 988
377.743 959
377.756 994
377.770 1016
377.784 1024
377.797 1019
377.811 1008
377.825 1011
377.838 1012
377.852 1000
377.866 1017
377.879 1030
377.893 1010
377.907 1036
377.920 1031
377.934 1028
377.948 1017
377.961 1063
377.975 1060
377.989 1090
378.002 1034
378.016 1063
378.030 1070
378.044 1054
378.057 1042
378.071 1043
378.085 1082
378.098 1103
378.112 1093
378.126 1078
378.139 1099
378.153 1086
378.167 1086
378.180 1084
378.194 1108
378.208 1115
378.221 1123
378.235 1110
378.249 1069
378.262 1107
378.276 1124
378.290 1124
378.303 1106
378.317 1116
378.331 1129
378.344 1146
378.358 1120
378.372 1148
378.385 1158
378.399 1152
378.413 1155
378.426 1157
378.440 1168
378.454 1177
378.467 1166
378.481 1176
378.495 1176
378.508 1192
378.522 1170
378.536 1152
378.549 1171
378.563 1142
378.577 1171
378.590 1167
378.604 1222
378.618 1230
378.631 1196
378.645 1195
378.659 1218
378.672 1234
378.686 1251
378.700 1217
378.713 1253
378.727 1293
378.740 1255
378.754 1281
378.768 1267
378.781 1292
378.795 1291
378.809 1319
378.822 1290
378.836 1264
378.850 1271
378.863 1243
378.877 1260
378.891 1264
378.904 1307
378.918 1272
378.932 1305
378.945 1269
378.959 1268
378.973 1288
378.986 1292
379.000 1290
379.014 1302
379.027 1273
379.041 1288
379.054 1307
379.068 1282
379.082 1300
379.095 1290
379.109 1309
379.123 1288
379.136 1319
379.150 1319
379.164 1310
379.177 1350
379.191 1345
379.205 1370
379.218 1353
379.232 1353
379.245 1343
379.259 1379
379.273 1367
379.286 1372
379.300 1337
379.314 1424
379.327 1394
379.341 1412
379.355 1388
379.368 1383
379.382 1447
379.396 1419
379.409 1403
379.423 1413
379.436 1452
379.450 1443
379.464 1452
379.477 1483
379.491 1455
379.505 1480
379.518 1532
379.532 1506
379.546 1485
379.559 1498
379.573 1497
379.586 1509
379.600 1518
379.614 1537
379.627 1567
379.641 1575
379.655 1559
379.668 1594
379.682 1550
379.695 1570
379.709 1584
379.723 1585
379.736 1634
379.750 1673
379.764 1677
379.777 1751
379.791 1712
379.804 1728
379.818 1759
379.832 1747
379.845 1719
379.859 1726
379.873 1693
379.886 1716
379.900 1737
379.913 1746
379.927 1753
379.941 1769
379.954 1827
379.968 1791
379.982 1791
379.995 1854
380.009 1879
380.022 1887
380.036 1882
380.050 1856
380.063 1927
380.077 2018
380.090 2019
380.104 2060
380.118 2130
380.131 2063
380.145 2076
380.159 2126
380.172 2113
380.186 2156
380.199 2208
380.213 2224
380.227 2265
380.240 2325
380.254 2233
380.267 2233
380.281 2179
380.295 2236
380.308 2307
380.322 2315
380.336 2328
380.349 2282
380.363 2419
380.376 2325
380.390 2433
380.404 2439
380.417 2492
380.431 2447
380.444 2469
380.458 2494
380.472 2574
380.485 2546
380.499 2581
380.512 2625
380.526 2617
380.540 2680
380.553 2644
380.567 2679
380.580 2669
380.594 2713
380.608 2836
380.621 2968
380.635 3028
380.648 2970
380.662 2979
380.676 3002
380.689 3016
380.703 2994
380.716 3076
380.730 3124
380.744 3161
380.757 3190
380.771 3200
380.784 3327
380.798 3315
380.812 3278
380.825 3290
380.839 3397
380.852 3432
380.866 3433
380.880 3491
380.893 3425
380.907 3481
380.920 3448
380.934 3533
380.948 3610
380.961 3678
380.975 3577
380.988 3619
381.002 3594
381.015 3592
381.029 3701
381.043 3767
381.056 3688
381.070 3790
381.083 3743
381.097 3766
381.111 3868
381.124 3794
381.138 3876
381.151 3894
381.165 3908
381.179 3975
381.192 3973
381.206 3958
381.219 3950
381.233 4014
381.246 4028
381.260 3982
381.274 4007
381.287 4011
381.301 4116
381.314 4104
381.328 4087
381.341 4106
381.355 4110
381.369 4124
381.382 4132
381.396 4132
381.409 4193
381.423 4296
381.437 4290
381.450 4231
381.464 4340
381.477 4360
381.491 4395
381.504 4452
381.518 4461
381.532 4511
381.545 4540
381.559 4613
381.572 4620
381.586 4600
381.599 4633
381.613 4557
381.627 4530
381.640 4669
381.654 4636
381.667 4654
381.681 4685
381.694 4707
381.708 4601
381.722 4556
381.735 4533
381.749 4603
381.762 4544
381.776 4587
381.789 4536
381.803 4559
381.817 4663
381.830 4613
381.844 4581
381.857 4629
381.871 4739
381.884 4734
381.898 4583
381.911 4725
381.925 4715
381.939 4694
381.952 4767
381.966 4767
381.979 4720
381.993 4850
382.006 4873
382.020 4811
382.034 4958
382.047 4852
382.061 4852
382.074 4841
382.088 4839
382.101 4676
382.115 4794
382.128 4798
382.142 5084
382.156 5194
382.169 5253
382.183 5015
382.196 5111
382.210 5052
382.223 5124
382.237 5042
382.250 5131
382.264 5044
382.278 5229
382.291 5202
382.305 5226
382.318 5321
382.332 5383
382.345 5141
382.359 5108
382.372 5113
382.386 5161
382.399 5205
382.413 5183
382.427 5232
382.440 5099
382.454 5206
382.467 5356
382.481 5403
382.494 5374
382.508 5566
382.521 5563
382.535 5391
382.548 5441
382.562 5433
382.576 5567
382.589 5567
382.603 5506
382.616 5630
382.630 5674
382.643 5733
382.657 5683
382.670 5746
382.684 5738
382.697 5835
382.711 5825
382.724 5837
382.738 5925
382.752 5851
382.765 5904
382.779 6057
382.792 6004
382.806 6035
382.819 6107
382.833 6214
382.846 6134
382.860 6254
382.873 6305
382.887 6363
382.900 6441
382.914 6468
382.928 6425
382.941 6517
382.955 6644
382.968 6669
382.982 6690
382.995 6881
383.009 6811
383.022 6915
383.036 6955
383.049 6958
383.063 6983
383.076 7105
383.090 7182
383.103 7078
383.117 7202
383.130 7296
383.144 7331
383.158 7522
383.171 7452
383.185 7467
383.198 7554
383.212 7742
383.225 7790
383.239 7747
383.252 8068
383.266 8048
383.279 8105
383.293 8135
383.306 8176
383.320 8340
383.333 8585
383.347 8746
383.360 8810
383.374 8813
383.387 8747
383.401 8903
383.414 8974
383.428 9026
383.441 8946
383.455 9172
383.468 9075
383.482 9319
383.496 9563
383.509 9666
383.523 9631
383.536 9623
383.550 9738
383.563 9971
383.577 10108
383.590 10074
383.604 10439
383.617 10116
383.631 10354
383.644 10162
383.658 10154
383.671 10230
383.685 10300
383.698 10397
383.712 10479
383.725 10566
383.739 10674
383.752 10648
383.766 10638
383.779 10722
383.793 10643
383.806 11063
383.820 11394
383.833 11499
383.847 11458
383.860 11788
383.874 11732
383.887 11524
383.901 11574
383.914 11743
383.928 12045
383.941 12140
383.955 11964
383.968 12039
383.982 12024
383.995 12239
384.009 12307
384.022 12188
384.036 12450
384.049 12549
384.063 12736
384.076 12933
384.090 13122
384.103 13565
384.117 13673
384.130 13760
384.144 13294
384.157 13380
384.171 13478
384.184 13552
384.198 13685
384.211 13921
384.225 14076
384.238 14184
384.252 14601
384.265 14512
384.279 14584
384.292 14732
384.306 14812
384.319 14855
384.333 15041
384.346 14959
384.360 15039
384.373 15293
384.387 15262
384.400 15483
384.414 15597
384.427 15858
384.441 15867
384.454 15839
384.468 15971
384.481 16232
384.495 16176
384.508 16547
384.522 16646
384.535 16820
384.549 16726
384.562 17083
384.575 17124
384.589 17566
384.602 18180
384.616 18560
384.629 18818
384.643 18660
384.656 19072
384.670 19083
384.683 19028
384.697 19122
384.710 19233
384.724 19455
384.737 19529
384.751 19713
384.764 19737
384.778 19850
384.791 20032
384.805 20274
384.818 20286
384.832 20244
384.845 20687
384.859 20572
384.872 20149
384.885 19940
384.899 19945
384.912 20043
384.926 19821
384.939 19674
384.953 19777
384.966 19642
384.980 19751
384.993 19510
385.007 19487
385.020 19387
385.034 18978
385.047 18891
385.061 18680
385.074 18262
385.088 18046
385.101 17651
385.114 17621
385.128 17554
385.141 16987
385.155 16805
385.168 17112
385.182 16688
385.195 16259
385.209 16000
385.222 15456
385.236 14846
385.249 14643
385.263 14085
385.276 13596
385.290 13207
385.303 12642
385.316 12413
385.330 12174
385.343 11708
385.357 11351
385.370 11046
385.384 10629
385.397 10265
385.411 9902
385.424 9623
385.438 9284
385.451 9243
385.464 8967
385.478 8697
385.491 8529
385.505 8331
385.518 7972
385.532 7741
385.545 7373
385.559 7158
385.572 7046
385.586 6887
385.599 6771
385.612 6621
385.626 6451
385.639 6198
385.653 6161
385.666 6312
385.680 6017
385.693 5776
385.707 5506
385.720 5596
385.734 5447
385.747 5297
385.760 5183
385.774 5083
385.787 5052
385.801 4879
385.814 4631
385.828 4473
385.841 4455
385.855 4321
385.868 4323
385.881 4226
385.895 4263
385.908 4064
385.922 4144
385.935 4004
385.949 3876
385.962 3934
385.976 3846
385.989 3821
386.002 3804
386.016 3774
386.029 3794
386.043 3765
386.056 3602
386.070 3508
386.083 3466
386.097 3504
386.110 3468
386.123 3457
386.137 3380
386.150 3372
386.164 3319
386.177 3285
386.191 3300
386.204 3215
386.217 3147
386.231 3166
386.244 3134
386.258 3143
386.271 3104
386.285 3141
386.298 3031
386.311 3033
386.325 2914
386.338 2918
386.352 2915
386.365 2938
386.379 2858
386.392 2833
386.405 2843
386.419 2771
386.432 2753
386.446 2816
386.459 2829
386.473 2788
386.486 2702
386.499 2686
386.513 2687
386.526 2688
386.540 2601
386.553 2663
386.567 2621
386.580 2654
386.593 2709
386.607 2703
386.620 2630
386.634 2704
386.647 2599
386.661 2554
386.674 2599
386.687 2515
386.701 2448
386.714 2465
386.728 2489
386.741 2499
386.754 2526
386.768 2472
386.781 2493
386.795 2480
386.808 2447
386.822 2372
386.835 2361
386.848 2393
386.862 2350
386.875 2345
386.889 2318
386.902 2302
386.915 2365
386.929 2317
386.942 2344
386.956 2259
386.969 2298
386.983 2241
386.996 2302
387.009 2217
387.023 2243
387.036 2206
387.050 2232
387.063 2244
387.076 2251
387.090 2279
387.103 2220
387.117 2226
387.130 2224
387.143 2252
387.157 2215
387.170 2234
387.184 2244
387.197 2204
387.210 2179
387.224 2185
387.237 2145
387.251 2162
387.264 2127
387.278 2121
387.291 2151
387.304 2158
387.318 2141
387.331 2108
387.345 2132
387.358 2125
387.371 2131
387.385 2130
387.398 2061
387.412 2108
387.425 2118
387.438 2086
387.452 2046
387.465 2057
387.478 2059
387.492 2050
387.505 2010
387.519 2080
387.532 2102
387.545 2105
387.559 2142
387.572 2141
387.586 2134
387.599 2128
387.612 2104
387.626 2133
387.639 2105
387.653 2033
387.666 2017
387.679 1988
387.693 2000
387.706 2045
387.720 2039
387.733 2069
387.746 2067
387.760 2000
387.773 2064
387.787 2057
387.800 1978
387.813 1996
387.827 1943
387.840 1917
387.853 1924
387.867 1932
387.880 1952
387.894 1972
387.907 1966
387.920 1914
387.934 1906
387.947 1896
387.961 1899
387.974 1883
387.987 1843
388.001 1844
388.014 1857
388.027 1810
388.041 1804
388.054 1787
388.068 1805
388.081 1765
388.094 1732
388.108 1785
388.121 1722
388.134 1733
388.148 1700
388.161 1671
388.175 1633
388.188 1639
388.201 1633
388.215 1613
388.228 1583
388.241 1547
388.255 1585
388.268 1570
388.282 1579
388.295 1481
388.308 1523
388.322 1476
388.335 1487
388.348 1484
388.362 1458
388.375 1500
388.389 1459
388.402 1441
388.415 1437
388.429 1468
388.442 1432
388.455 1411
388.469 1432
388.482 1413
388.495 1368
388.509 1403
388.522 1412
388.536 1395
388.549 1326
388.562 1341
388.576 1327
388.589 1302
388.602 1368
388.616 1298
388.629 1315
388.642 1312
388.656 1292
388.669 1297
388.683 1284
388.696 1314
388.709 1275
388.723 1284
388.736 1277
388.749 1250
388.763 1249
388.776 1258
388.789 1251
388.803 1244
388.816 1211
388.829 1231
388.843 1242
388.856 1188
388.870 1202
388.883 1211
388.896 1221
388.910 1220
388.923 1250
388.936 1258
388.950 1218
388.963 1239
388.976 1212
388.990 1227
389.003 1245
389.016 1259
389.030 1226
389.043 1266
389.056 1206
389.070 1236
389.083 1235
389.097 1184
389.110 1232
389.123 1196
389.137 1221
389.150 1179
389.163 1222
389.177 1206
389.190 1196
389.203 1201
389.217 1188
389.230 1204
389.243 1186
389.257 1214
389.270 1196
389.283 1169
389.297 1198
389.310 1174
389.323 1136
389.337 1169
389.350 1160
389.363 1152
389.377 1170
389.390 1170
389.403 1161
389.417 1152
389.430 1113
389.443 1167
389.457 1161
389.470 1173
389.483 1139
389.497 1143
389.510 1135
389.523 1112
389.537 1117
389.550 1097
389.563 1099
389.577 1110
389.590 1086
389.603 1090
389.617 1047
389.630 1073
389.643 1107
389.657 1065
389.670 1066
389.683 1073
389.697 1072
389.710 1068
389.723 1088
389.737 1080
389.750 1096
389.763 1081
389.777 1077
389.790 1052
389.803 1058
389.817 1049
389.830 1037
389.843 1029
389.857 1018
389.870 1031
389.883 1017
389.897 1015
389.910 1043
389.923 1010
389.937 1011
389.950 1036
389.963 1019
389.977 1002
389.990 1015
390.003 1004
390.017 1014
390.030 1047
390.043 1022
390.057 1007
390.070 987
390.083 989
390.096 980
390.110 1003
390.123 1007
390.136 1004
390.150 998
390.163 983
390.176 1003
390.190 998
390.203 1013
390.216 987
390.230 941
390.243 1007
390.256 980
390.270 972
390.283 959
390.296 946
390.310 969
390.323 969
390.336 975
390.349 956
390.363 977
390.376 972
390.389 971
390.403 956
390.416 935
390.429 964
390.443 925
390.456 940
390.469 949
390.483 940
390.496 922
390.509 951
390.522 924
390.536 938
390.549 959
390.562 932
390.576 916
390.589 936
390.602 935
390.616 926
390.629 906
390.642 933
390.655 919
390.669 926
390.682 909
390.695 879
390.709 919
390.722 910
390.735 924
390.749 898
390.762 933
390.775 900
390.788 900
390.802 901
390.815 897
390.828 887
390.842 898
390.855 884
390.868 885
390.882 897
390.895 876
390.908 884
390.921 884
390.935 875
390.948 890
390.961 863
390.975 879
390.988 865
391.001 885
391.014 876
391.028 855
391.041 843
391.054 869
391.068 872
391.081 860
391.094 855
391.107 852
391.121 856
391.134 830
391.147 843
391.161 853
391.174 836
391.187 819
391.200 836
391.214 834
391.227 843
391.240 828
391.254 818
391.267 806
391.280 806
391.293 808
391.307 803
391.320 807
391.333 809
391.347 802
391.360 788
391.373 808
391.386 777
391.400 790
391.413 793
391.426 782
391.440 796
391.453 788
391.466 795
391.479 782
391.493 788
391.506 805
391.519 780
391.532 775
391.546 767
391.559 780
391.572 794
391.586 753
391.599 770
391.612 767
391.625 744
391.639 757
391.652 765
391.665 770
391.678 749
391.692 752
391.705 765
391.718 755
391.732 742
391.745 741
391.758 748
391.771 743
391.785 750
391.798 739
391.811 755
391.824 753
391.838 755
391.851 745
391.864 733
391.877 737
391.891 752
391.904 737
391.917 734
391.931 740
391.944 743
391.957 738
391.970 738
391.984 737
391.997 743
392.010 739
392.023 735
392.037 740
392.050 742
392.063 741
392.076 706
392.090 736
392.103 730
392.116 729
392.129 737
392.143 732
392.156 730
392.169 713
392.182 727
392.196 718
392.209 725
392.222 716
392.235 722
392.249 719
392.262 719
392.275 722
392.288 735
392.302 728
392.315 715
392.328 725
392.341 730
392.355 722
392.368 724
392.381 718
392.394 716
392.408 718
392.421 711
392.434 727
392.447 721
392.461 711
392.474 728
392.487 724
392.500 713
392.514 719
392.527 710
392.540 697
392.553 720
392.567 715
392.580 714
392.593 712
392.606 718
392.620 706
392.633 711
392.646 726
392.659 700
392.673 708
392.686 703
392.699 708
392.712 704
392.726 706
392.739 715
392.752 711
392.765 695
392.778 714
392.792 718
392.805 701
392.818 709
392.831 710
392.845 715
392.858 711
392.871 710
392.884 713
392.898 714
392.911 711
392.924 712
392.937 708
392.951 704
392.964 710
392.977 706
392.990 713
393.003 715
393.017 696
393.030 694
393.043 705
393.056 705
393.070 713
393.083 715
393.096 707
393.109 702
393.122 714
393.136 717
393.149 703
393.162 702
393.175 704
393.189 715
393.202 718
393.215 705
393.228 706
393.242 705
393.255 701
393.268 710
393.281 690
393.294 699
393.308 701
393.321 694
393.334 688
393.347 709
393.360 695
393.374 703
393.387 694
393.400 695
393.413 706
393.427 689
393.440 705
393.453 690
393.466 696
393.479 694
393.493 682
393.506 694
393.519 704
393.532 697
393.546 706
393.559 687
393.572 706
393.585 702
393.598 702
393.612 714
393.625 703
393.638 704
393.651 699
393.664 692
393.678 698
393.691 688
393.704 699
393.717 695
393.730 709
393.744 707
393.757 699
393.770 698
393.783 701
393.796 685
393.810 697
393.823 692
393.836 691
393.849 699
393.863 691
393.876 702
393.889 705
393.902 705
393.915 686
393.929 701
