375.891 699
375.905 691
375.919 701
375.933 698
375.946 702
375.960 698
375.974 709
375.987 710
376.001 709
376.015 708
376.029 714
376.042 711
376.056 707
376.070 699
376.084 716
376.097 709
376.111 714
376.125 709
376.139 720
376.152 719
376.166 729
376.180 724
376.193 722
376.207 723
376.221 731
376.235 733
376.248 730
376.262 720
376.276 730
376.290 731
376.303 720
376.317 731
376.331 726
376.345 737
376.358 751
376.372 738
376.386 742
376.399 746
376.413 742
376.427 757
376.441 752
376.454 733
376.468 741
376.482 751
376.495 755
376.509 760
376.523 760
376.537 776
376.550 773
376.564 762
376.578 782
376.592 764
376.605 778
376.619 777
376.633 777
376.646 779
376.660 766
376.674 784
376.688 780
376.701 788
376.715 787
376.729 802
376.742 807
376.756 798
376.770 790
376.784 806
376.797 817
376.811 813
376.825 799
376.838 818
376.852 823
376.866 806
376.880 818
376.893 825
376.907 827
376.921 828
376.934 817
376.948 845
376.962 827
376.976 848
376.989 834
377.003 848
377.017 846
377.030 882
377.044 881
377.058 876
377.071 855
377.085 872
377.099 871
377.113 865
377.126 875
377.140 891
377.154 887
377.167 891
377.181 898
377.195 897
377.208 900
377.222 909
377.236 894
377.250 910
377.263 930
377.277 917
377.291 949
377.304 926
377.318 929
377.332 948
377.345 936
377.359 941
377.373 926
377.387 943
377.400 914
377.414 943
377.428 952
377.441 945
377.455 987
377.469 965
377.482 969
377.496 938
377.510 976
377.524 1002
377.537 978
377.551 988
377.565 995
377.578 995
377.592 975
377.606 989
377.619 1019
377.633 1012
377.647 1013
377.660 1010
377.674 984
377.688 1002
377.701 992
377.715 1034
377.729 1038
377.743 1026
377.756 1028
377.770 1042
377.784 1061
377.797 1064
377.811 1053
377.825 1054
377.838 1068
377.852 1040
377.866 1044
377.879 1069
377.893 1050
377.907 1091
377.920 1080
377.934 1090
377.948 1076
377.961 1062
377.975 1095
377.989 1095
378.002 1088
378.016 1108
378.030 1108
378.044 1137
378.057 1105
378.071 1095
378.085 1121
378.098 1101
378.112 1101
378.126 1133
378.139 1140
378.153 1122
378.167 1147
378.180 1110
378.194 1149
378.208 1171
378.221 1148
378.235 1140
378.249 1157
378.262 1149
378.276 1122
378.290 1144
378.303 1151
378.317 1169
378.331 1122
378.344 1190
378.358 1150
378.372 1179
378.385 1174
378.399 1185
378.413 1177
378.426 1176
378.440 1188
378.454 1188
378.467 1190
378.481 1206
378.495 1194
378.508 1198
378.522 1227
378.536 1227
378.549 1232
378.563 1242
378.577 1198
378.590 1236
378.604 1213
378.618 1242
378.631 1257
378.645 1218
378.659 1271
378.672 1244
378.686 1267
378.700 1305
378.713 1243
378.727 1308
378.740 1280
378.754 1331
378.768 1278
378.781 1278
378.795 1322
378.809 1309
378.822 1329
378.836 1305
378.850 1292
378.863 1297
378.877 1322
378.891 1328
378.904 1297
378.918 1337
378.932 1334
378.945 1317
378.959 1290
378.973 1309
378.986 1328
379.000 1333
379.014 1338
379.027 1304
379.041 1335
379.054 1329
379.068 1373
379.082 1347
379.095 1351
379.109 1331
379.123 1353
379.136 1358
379.150 1355
379.164 1349
379.177 1353
379.191 1362
379.205 1370
379.218 1385
379.232 1416
379.245 1405
379.259 1409
379.273 1398
379.286 1398
379.300 1405
379.314 1432
379.327 1440
379.341 1444
379.355 1432
379.368 1413
379.382 1445
379.396 1410
379.409 1463
379.423 1428
379.436 1486
379.450 1463
379.464 1497
379.477 1513
379.491 1459
379.505 1499
379.518 1500
379.532 1520
379.546 1543
379.559 1548
379.573 1547
379.586 1561
379.600 1562
379.614 1578
379.627 1611
379.641 1612
379.655 1623
379.668 1616
379.682 1602
379.695 1607
379.709 1574
379.723 1587
379.736 1714
379.750 1774
379.764 1771
379.777 1719
379.791 1712
379.804 1790
379.818 1802
379.832 1747
379.845 1726
379.859 1724
379.873 1777
379.886 1750
379.900 1790
379.913 1825
379.927 1805
379.941 1859
379.954 1853
379.968 1923
379.982 1845
379.995 1948
380.009 1946
380.022 1941
380.036 1939
380.050 1978
380.063 1986
380.077 2100
380.090 2110
380.104 2179
380.118 2131
380.131 2172
380.145 2196
380.159 2180
380.172 2223
380.186 2223
380.199 2300
380.213 2323
380.227 2341
380.240 2384
380.254 2372
380.267 2342
380.281 2353
380.295 2376
380.308 2398
380.322 2400
380.336 2454
380.349 2438
380.363 2477
380.376 2519
380.390 2582
380.404 2640
380.417 2644
380.431 2635
380.444 2638
380.458 2737
380.472 2694
380.485 2779
380.499 2736
380.512 2763
380.526 2837
380.540 2882
380.553 2873
380.567 2892
380.580 2890
380.594 2959
380.608 3046
380.621 3148
380.635 3157
380.648 3196
380.662 3149
380.676 3205
380.689 3264
380.703 3243
380.716 3356
380.730 3348
380.744 3415
380.757 3471
380.771 3555
380.784 3567
380.798 3602
380.812 3636
380.825 3636
380.839 3637
380.852 3708
380.866 3814
380.880 3837
380.893 3774
380.907 3721
380.920 3842
380.934 3922
380.948 3963
380.961 4010
380.975 3933
380.988 4029
381.002 4023
381.015 4046
381.029 4055
381.043 4088
381.056 4207
381.070 4151
381.083 4196
381.097 4154
381.111 4236
381.124 4283
381.138 4299
381.151 4378
381.165 4364
381.179 4342
381.192 4400
381.206 4342
381.219 4422
381.233 4455
381.246 4420
381.260 4417
381.274 4457
381.287 4461
381.301 4568
381.314 4551
381.328 4564
381.341 4555
381.355 4585
381.369 4606
381.382 4614
381.396 4583
381.409 4722
381.423 4793
381.437 4759
381.450 4787
381.464 4860
381.477 4880
381.491 5026
381.504 4897
381.518 5045
381.532 4891
381.545 5073
381.559 5174
381.572 5120
381.586 5156
381.599 5134
381.613 5073
381.627 5121
381.640 5210
381.654 5222
381.667 5252
381.681 5147
381.694 5228
381.708 5123
381.722 5118
381.735 5099
381.749 5114
381.762 5140
381.776 5088
381.789 5113
381.803 5170
381.817 5149
381.830 5124
381.844 5156
381.857 5183
381.871 5227
381.884 5328
381.898 5154
381.911 5283
381.925 5180
381.939 5248
381.952 5298
381.966 5210
381.979 5322
381.993 5435
382.006 5434
382.020 5536
382.034 5586
382.047 5472
382.061 5465
382.074 5384
382.088 5376
382.101 5397
382.115 5444
382.128 5491
382.142 5573
382.156 5887
382.169 5823
382.183 5804
382.196 5734
382.210 5765
382.223 5731
382.237 5776
382.250 5672
382.264 5705
382.278 5856
382.291 5890
382.305 5932
382.318 6082
382.332 6067
382.345 5810
382.359 5725
382.372 5819
382.386 5813
382.399 5829
382.413 5781
382.427 5849
382.440 5854
382.454 5853
382.467 5998
382.481 6161
382.494 6146
382.508 6312
382.521 6322
382.535 6261
382.548 6153
382.562 6200
382.576 6268
382.589 6403
382.603 6308
382.616 6417
382.630 6425
382.643 6434
382.657 6523
382.670 6641
382.684 6663
382.697 6644
382.711 6647
382.724 6666
382.738 6768
382.752 6794
382.765 6809
382.779 6852
382.792 6866
382.806 6994
382.819 7118
382.833 7071
382.846 7153
382.860 7310
382.873 7218
382.887 7295
382.900 7467
382.914 7504
382.928 7615
382.941 7759
382.955 7824
382.968 7762
382.982 7995
382.995 8007
383.009 8010
383.022 8174
383.036 8229
383.049 8237
383.063 8304
383.076 8420
383.090 8354
383.103 8489
383.117 8525
383.130 8698
383.144 8691
383.158 8858
383.171 8927
383.185 9008
383.198 9204
383.212 9357
383.225 9279
383.239 9569
383.252 9716
383.266 9708
383.279 9851
383.293 9826
383.306 10025
383.320 10255
383.333 10409
383.347 10580
383.360 10775
383.374 10701
383.387 10806
383.401 10980
383.414 10969
383.428 10866
383.441 11176
383.455 11170
383.468 11081
383.482 11332
383.496 11929
383.509 11940
383.523 12057
383.536 12114
383.550 12102
383.563 12477
383.577 12408
383.590 12559
383.604 12808
383.617 12764
383.631 12691
383.644 12692
383.658 12750
383.671 12818
383.685 13098
383.698 13330
383.712 13241
383.725 13476
383.739 13431
383.752 13630
383.766 13567
383.779 13890
383.793 13859
383.806 14028
383.820 14716
383.833 14748
383.847 14761
383.860 15086
383.874 15245
383.887 14774
383.901 14961
383.914 15353
383.928 15547
383.941 15548
383.955 15557
383.968 15703
383.982 15938
383.995 15953
384.009 16132
384.022 16298
384.036 16504
384.049 16731
384.063 16963
384.076 17295
384.090 17800
384.103 18125
384.117 18526
384.130 18482
384.144 18370
384.157 18201
384.171 18360
384.184 18506
384.198 18914
384.211 18879
384.225 19233
384.238 19730
384.252 19891
384.265 20279
384.279 20406
384.292 20762
384.306 20971
384.319 20820
384.333 20940
384.346 21263
384.360 21407
384.373 21774
384.387 21931
384.400 21996
384.414 22361
384.427 22637
384.441 22909
384.454 23075
384.468 23362
384.481 23507
384.495 23727
384.508 24021
384.522 24070
384.535 24328
384.549 24207
384.562 24961
384.575 25103
384.589 25948
384.602 26795
384.616 27401
384.629 27531
384.643 27639
384.656 27984
384.670 28064
384.683 27980
384.697 28470
384.710 28645
384.724 28821
384.737 29000
384.751 28944
384.764 29334
384.778 29442
384.791 29963
384.805 30032
384.818 30007
384.832 29877
384.845 29920
384.859 30074
384.872 29474
384.885 29004
384.899 28805
384.912 28745
384.926 28626
384.939 28502
384.953 28297
384.966 27985
384.980 27879
384.993 27559
385.007 27352
385.020 26967
385.034 26565
385.047 26140
385.061 25476
385.074 25208
385.088 24668
385.101 24082
385.114 23525
385.128 23131
385.141 22715
385.155 22379
385.168 22191
385.182 21643
385.195 21155
385.209 20551
385.222 19300
385.236 18915
385.249 18357
385.263 17669
385.276 16957
385.290 16211
385.303 15622
385.316 15126
385.330 14776
385.343 14340
385.357 13770
385.370 13338
385.384 12650
385.397 12325
385.411 11912
385.424 11553
385.438 11070
385.451 10684
385.464 10590
385.478 10380
385.491 9878
385.505 9539
385.518 9227
385.532 9098
385.545 8589
385.559 8260
385.572 8021
385.586 7794
385.599 7642
385.612 7581
385.626 7301
385.639 6973
385.653 6978
385.666 6968
385.680 6603
385.693 6482
385.707 6213
385.720 6065
385.734 6056
385.747 5794
385.760 5609
385.774 5651
385.787 5541
385.801 5333
385.814 4979
385.828 4948
385.841 4869
385.855 4761
385.868 4740
385.881 4597
385.895 4488
385.908 4477
385.922 4319
385.935 4235
385.949 4205
385.962 4073
385.976 4050
385.989 4045
386.002 4079
386.016 3986
386.029 3960
386.043 3874
386.056 3723
386.070 3648
386.083 3661
386.097 3664
386.110 3659
386.123 3621
386.137 3546
386.150 3490
386.164 3408
386.177 3429
386.191 3469
386.204 3336
386.217 3340
386.231 3234
386.244 3234
386.258 3265
386.271 3241
386.285 3185
386.298 3163
386.311 3156
386.325 3063
386.338 3035
386.352 2968
386.365 2972
386.379 2940
386.392 2873
386.405 2851
386.419 2849
386.432 2876
386.446 2873
386.459 2803
386.473 2805
386.486 2775
386.499 2756
386.513 2752
386.526 2684
386.540 2662
386.553 2617
386.567 2721
386.580 2708
386.593 2714
386.607 2751
386.620 2685
386.634 2707
386.647 2621
386.661 2598
386.674 2645
386.687 2553
386.701 2534
386.714 2529
386.728 2530
386.741 2513
386.754 2512
386.768 2456
386.781 2420
386.795 2421
386.808 2403
386.822 2389
386.835 2363
386.848 2330
386.862 2360
386.875 2331
386.889 2356
386.902 2331
386.915 2316
386.929 2283
386.942 2249
386.956 2261
386.969 2272
386.983 2258
386.996 2283
387.009 2224
387.023 2280
387.036 2244
387.050 2237
387.063 2199
387.076 2232
387.090 2235
387.103 2206
387.117 2214
387.130 2188
387.143 2225
387.157 2199
387.170 2192
387.184 2147
387.197 2142
387.210 2208
387.224 2141
387.237 2133
387.251 2096
387.264 2048
387.278 2090
387.291 2100
387.304 2059
387.318 2093
387.331 2093
387.345 2060
387.358 2055
387.371 2087
387.385 2057
387.398 2027
387.412 1983
387.425 2031
387.438 1966
387.452 1975
387.465 1944
387.478 1926
387.492 1885
387.505 1916
387.519 1945
387.532 2002
387.545 1958
387.559 2018
387.572 2051
387.586 2003
387.599 1998
387.612 1991
387.626 2017
387.639 2037
387.653 1969
387.666 1905
387.679 1889
387.693 1856
387.706 1859
387.720 1865
387.733 1904
387.746 1897
387.760 1867
387.773 1851
387.787 1883
387.800 1868
387.813 1829
387.827 1806
387.840 1782
387.853 1784
387.867 1760
387.880 1798
387.894 1807
387.907 1814
387.920 1789
387.934 1757
387.947 1745
387.961 1762
387.974 1717
387.987 1686
388.001 1711
388.014 1710
388.027 1699
388.041 1703
388.054 1676
388.068 1684
388.081 1655
388.094 1661
388.108 1646
388.121 1639
388.134 1653
388.148 1602
388.161 1579
388.175 1560
388.188 1517
388.201 1541
388.215 1515
388.228 1500
388.241 1470
388.255 1458
388.268 1436
388.282 1448
388.295 1420
388.308 1413
388.322 1407
388.335 1354
388.348 1360
388.362 1368
388.375 1373
388.389 1349
388.402 1349
388.415 1297
388.429 1326
388.442 1324
388.455 1361
388.469 1340
388.482 1328
388.495 1320
388.509 1321
388.522 1283
388.536 1293
388.549 1234
388.562 1237
388.576 1207
388.589 1248
388.602 1216
388.616 1209
388.629 1181
388.642 1203
388.656 1194
388.669 1191
388.683 1175
388.696 1191
388.709 1187
388.723 1185
388.736 1186
388.749 1152
388.763 1143
388.776 1139
388.789 1131
388.803 1138
388.816 1135
388.829 1119
388.843 1132
388.856 1115
388.870 1137
388.883 1115
388.896 1099
388.910 1112
388.923 1137
388.936 1126
388.950 1154
388.963 1126
388.976 1127
388.990 1136
389.003 1118
389.016 1139
389.030 1106
389.043 1141
389.056 1113
389.070 1128
389.083 1126
389.097 1126
389.110 1123
389.123 1102
389.137 1108
389.150 1106
389.163 1125
389.177 1103
389.190 1119
389.203 1120
389.217 1119
389.230 1111
389.243 1098
389.257 1084
389.270 1127
389.283 1096
389.297 1097
389.310 1102
389.323 1088
389.337 1094
389.350 1103
389.363 1069
389.377 1097
389.390 1100
389.403 1069
389.417 1088
389.430 1076
389.443 1086
389.457 1101
389.470 1087
389.483 1093
389.497 1086
389.510 1082
389.523 1081
389.537 1068
389.550 1106
389.563 1072
389.577 1048
389.590 1056
389.603 1051
389.617 1031
389.630 1045
389.643 1038
389.657 1034
389.670 1025
389.683 1024
389.697 1008
389.710 1010
389.723 1027
389.737 1029
389.750 1025
389.763 1035
389.777 1013
389.790 1015
389.803 1025
389.817 1014
389.830 1014
389.843 1005
389.857 980
389.870 983
389.883 988
389.897 981
389.910 996
389.923 974
389.937 982
389.950 977
389.963 980
389.977 995
389.990 975
390.003 996
390.017 985
390.030 967
390.043 972
390.057 971
390.070 956
390.083 949
390.096 983
390.110 974
390.123 952
390.136 972
390.150 949
390.163 957
390.176 949
390.190 966
390.203 981
390.216 947
390.230 944
390.243 936
390.256 952
390.270 920
390.283 960
390.296 953
390.310 946
390.323 937
390.336 946
390.349 942
390.363 939
390.376 934
390.389 969
390.403 930
390.416 936
390.429 926
390.443 924
390.456 918
390.469 905
390.483 909
390.496 912
390.509 904
390.522 914
390.536 916
390.549 895
390.562 913
390.576 921
390.589 906
390.602 903
390.616 914
390.629 894
390.642 905
390.655 905
390.669 894
390.682 914
390.695 914
390.709 907
390.722 869
390.735 893
390.749 883
390.762 889
390.775 902
390.788 904
390.802 879
390.815 897
390.828 869
390.842 866
390.855 874
390.868 886
390.882 868
390.895 854
390.908 877
390.921 867
390.935 862
390.948 860
390.961 866
390.975 841
390.988 839
391.001 839
391.014 828
391.028 832
391.041 832
391.054 850
391.068 824
391.081 848
391.094 830
391.107 842
391.121 839
391.134 812
391.147 814
391.161 817
391.174 814
391.187 795
391.200 806
391.214 794
391.227 819
391.240 782
391.254 788
391.267 792
391.280 775
391.293 782
391.307 793
391.320 786
391.333 787
391.347 770
391.360 789
391.373 770
391.386 766
391.400 768
391.413 772
391.426 761
391.440 779
391.453 763
391.466 764
391.479 775
391.493 780
391.506 767
391.519 757
391.532 748
391.546 752
391.559 762
391.572 767
391.586 749
391.599 751
391.612 755
391.625 743
391.639 732
391.652 747
391.665 731
391.678 746
391.692 748
391.705 756
391.718 745
391.732 748
391.745 736
391.758 741
391.771 737
391.785 734
391.798 738
391.811 732
391.824 731
391.838 718
391.851 731
391.864 715
391.877 724
391.891 722
391.904 711
391.917 723
391.931 721
391.944 724
391.957 723
391.970 732
391.984 722
391.997 715
392.010 734
392.023 731
392.037 714
392.050 717
392.063 716
392.076 726
392.090 717
392.103 714
392.116 727
392.129 708
392.143 714
392.156 713
392.169 721
392.182 704
392.196 704
392.209 722
392.222 701
392.235 712
392.249 702
392.262 706
392.275 707
392.288 695
392.302 709
392.315 699
392.328 706
392.341 716
392.355 695
392.368 694
392.381 706
392.394 706
392.408 709
392.421 691
392.434 704
392.447 712
392.461 703
392.474 709
392.487 693
392.500 706
392.514 712
392.527 707
392.540 694
392.553 700
392.567 697
392.580 706
392.593 699
392.606 698
392.620 693
392.633 682
392.646 707
392.659 695
392.673 692
392.686 710
392.699 700
392.712 693
392.726 699
392.739 698
392.752 707
392.765 697
392.778 699
392.792 695
392.805 697
392.818 709
392.831 682
392.845 702
392.858 694
392.871 692
392.884 696
392.898 694
392.911 700
392.924 698
392.937 699
392.951 694
392.964 683
392.977 685
392.990 703
393.003 688
393.017 688
393.030 694
393.043 698
393.056 695
393.070 686
393.083 690
393.096 705
393.109 693
393.122 699
393.136 702
393.149 685
393.162 705
393.175 685
393.189 687
393.202 703
393.215 688
393.228 692
393.242 681
393.255 688
393.268 680
393.281 698
393.294 676
393.308 690
393.321 685
393.334 690
393.347 695
393.360 684
393.374 680
393.387 676
393.400 679
393.413 685
393.427 687
393.440 688
393.453 692
393.466 676
393.479 680
393.493 683
393.506 682
393.519 678
393.532 691
393.546 688
393.559 685
393.572 679
393.585 689
393.598 683
393.612 681
393.625 694
393.638 674
393.651 694
393.664 681
393.678 678
393.691 690
393.704 681
393.717 683
393.730 666
393.744 691
393.757 687
393.770 689
393.783 688
393.796 695
393.810 677
393.823 683
393.836 679
393.849 680
393.863 694
393.876 680
393.889 694
393.902 679
393.915 684
393.929 682
