375.891 725
375.905 729
375.919 735
375.933 730
375.946 727
375.960 709
375.974 740
375.987 733
376.001 731
376.015 733
376.029 747
376.042 741
376.056 741
376.070 737
376.084 739
376.097 725
376.111 736
376.125 754
376.139 744
376.152 759
376.166 748
376.180 740
376.193 766
376.207 759
376.221 753
376.235 759
376.248 756
376.262 753
376.276 767
376.290 778
376.303 774
376.317 773
376.331 775
376.345 767
376.358 758
376.372 788
376.386 802
376.399 777
376.413 790
376.427 803
376.441 780
376.454 781
376.468 789
376.482 786
376.495 794
376.509 829
376.523 799
376.537 813
376.550 826
376.564 830
376.578 808
376.592 818
376.605 838
376.619 838
376.633 816
376.646 821
376.660 827
376.674 820
376.688 840
376.701 848
376.715 833
376.729 866
376.742 861
376.756 843
376.770 856
376.784 868
376.797 849
376.811 872
376.825 915
376.838 902
376.852 898
376.866 894
376.880 892
376.893 896
376.907 890
376.921 889
376.934 897
376.948 903
376.962 916
376.976 905
376.989 916
377.003 934
377.017 906
377.030 919
377.044 954
377.058 956
377.071 932
377.085 926
377.099 944
377.113 933
377.126 966
377.140 937
377.154 978
377.167 995
377.181 994
377.195 986
377.208 980
377.222 983
377.236 986
377.250 997
377.263 1008
377.277 1023
377.291 1013
377.304 1046
377.318 1006
377.332 990
377.345 1008
377.359 1038
377.373 1017
377.387 1013
377.400 1044
377.414 1049
377.428 1057
377.441 1049
377.455 1064
377.469 1079
377.482 1055
377.496 1091
377.510 1095
377.524 1099
377.537 1095
377.551 1098
377.565 1115
377.578 1095
377.592 1118
377.606 1126
377.619 1118
377.633 1120
377.647 1136
377.660 1130
377.674 1115
377.688 1120
377.701 1149
377.715 1154
377.729 1145
377.743 1171
377.756 1175
377.770 1138
377.784 1163
377.797 1163
377.811 1182
377.825 1162
377.838 1152
377.852 1198
377.866 1217
377.879 1239
377.893 1226
377.907 1200
377.920 1225
377.934 1227
377.948 1221
377.961 1188
377.975 1228
377.989 1218
378.002 1236
378.016 1260
378.030 1250
378.044 1214
378.057 1235
378.071 1241
378.085 1241
378.098 1269
378.112 1266
378.126 1244
378.139 1268
378.153 1250
378.167 1314
378.180 1276
378.194 1251
378.208 1274
378.221 1287
378.235 1301
378.249 1327
378.262 1296
378.276 1300
378.290 1273
378.303 1256
378.317 1294
378.331 1326
378.344 1311
378.358 1321
378.372 1333
378.385 1338
378.399 1360
378.413 1337
378.426 1331
378.440 1326
378.454 1362
378.467 1362
378.481 1391
378.495 1381
378.508 1367
378.522 1338
378.536 1362
378.549 1386
378.563 1375
378.577 1372
378.590 1384
378.604 1403
378.618 1420
378.631 1392
378.645 1421
378.659 1416
378.672 1430
378.686 1436
378.700 1461
378.713 1449
378.727 1499
378.740 1490
378.754 1459
378.768 1491
378.781 1522
378.795 1504
378.809 1502
378.822 1508
378.836 1527
378.850 1481
378.863 1468
378.877 1506
378.891 1517
378.904 1492
378.918 1551
378.932 1495
378.945 1489
378.959 1497
378.973 1460
378.986 1481
379.000 1494
379.014 1480
379.027 1502
379.041 1484
379.054 1505
379.068 1525
379.082 1553
379.095 1548
379.109 1573
379.123 1530
379.136 1577
379.150 1545
379.164 1584
379.177 1569
379.191 1543
379.205 1578
379.218 1589
379.232 1599
379.245 1591
379.259 1602
379.273 1606
379.286 1627
379.300 1618
379.314 1620
379.327 1613
379.341 1603
379.355 1621
379.368 1684
379.382 1663
379.396 1698
379.409 1649
379.423 1690
379.436 1725
379.450 1678
379.464 1711
379.477 1695
379.491 1721
379.505 1757
379.518 1734
379.532 1745
379.546 1784
379.559 1801
379.573 1731
379.586 1769
379.600 1787
379.614 1796
379.627 1836
379.641 1867
379.655 1862
379.668 1851
379.682 1845
379.695 1885
379.709 1842
379.723 1904
379.736 1975
379.750 1991
379.764 2037
379.777 2060
379.791 2032
379.804 2105
379.818 2056
379.832 2039
379.845 2052
379.859 2045
379.873 2083
379.886 2040
379.900 2091
379.913 2124
379.927 2142
379.941 2172
379.954 2233
379.968 2216
379.982 2268
379.995 2196
380.009 2249
380.022 2277
380.036 2244
380.050 2304
380.063 2332
380.077 2418
380.090 2499
380.104 2570
380.118 2516
380.131 2578
380.145 2563
380.159 2569
380.172 2613
380.186 2638
380.199 2746
380.213 2758
380.227 2789
380.240 2793
380.254 2764
380.267 2793
380.281 2798
380.295 2836
380.308 2848
380.322 2910
380.336 2958
380.349 2907
380.363 2986
380.376 3030
380.390 3038
380.404 3036
380.417 3121
380.431 3193
380.444 3135
380.458 3224
380.472 3289
380.485 3186
380.499 3292
380.512 3303
380.526 3326
380.540 3407
380.553 3370
380.567 3506
380.580 3509
380.594 3538
380.608 3634
380.621 3716
380.635 3685
380.648 3821
380.662 3797
380.676 3830
380.689 3829
380.703 3841
380.716 3943
380.730 4039
380.744 3992
380.757 4103
380.771 4126
380.784 4273
380.798 4242
380.812 4256
380.825 4288
380.839 4370
380.852 4412
380.866 4551
380.880 4594
380.893 4565
380.907 4509
380.920 4552
380.934 4614
380.948 4676
380.961 4713
380.975 4747
380.988 4755
381.002 4716
381.015 4738
381.029 4821
381.043 4879
381.056 4886
381.070 4976
381.083 4927
381.097 4944
381.111 5070
381.124 5061
381.138 5116
381.151 5181
381.165 5177
381.179 5192
381.192 5179
381.206 5220
381.219 5115
381.233 5247
381.246 5216
381.260 5272
381.274 5361
381.287 5342
381.301 5274
381.314 5360
381.328 5348
381.341 5464
381.355 5449
381.369 5448
381.382 5467
381.396 5533
381.409 5624
381.423 5635
381.437 5689
381.450 5679
381.464 5709
381.477 5751
381.491 5943
381.504 5911
381.518 5795
381.532 5812
381.545 6038
381.559 6057
381.572 6083
381.586 6019
381.599 6118
381.613 6067
381.627 6017
381.640 6074
381.654 6072
381.667 6107
381.681 6200
381.694 6127
381.708 6047
381.722 6068
381.735 5934
381.749 5948
381.762 6039
381.776 6012
381.789 6045
381.803 5998
381.817 5965
381.830 5984
381.844 6055
381.857 6042
381.871 6194
381.884 6122
381.898 6098
381.911 6108
381.925 6137
381.939 6255
381.952 6098
381.966 6198
381.979 6212
381.993 6397
382.006 6338
382.020 6397
382.034 6486
382.047 6438
382.061 6411
382.074 6252
382.088 6288
382.101 6239
382.115 6408
382.128 6422
382.142 6623
382.156 6805
382.169 6716
382.183 6692
382.196 6602
382.210 6688
382.223 6589
382.237 6630
382.250 6679
382.264 6669
382.278 6825
382.291 6748
382.305 6999
382.318 6991
382.332 6942
382.345 6717
382.359 6642
382.372 6677
382.386 6725
382.399 6770
382.413 6762
382.427 6850
382.440 6885
382.454 6780
382.467 6941
382.481 7086
382.494 7123
382.508 7343
382.521 7224
382.535 7199
382.548 7138
382.562 7230
382.576 7182
382.589 7323
382.603 7330
382.616 7291
382.630 7390
382.643 7445
382.657 7665
382.670 7573
382.684 7684
382.697 7580
382.711 7491
382.724 7706
382.738 7719
382.752 7883
382.765 7842
382.779 7912
382.792 7991
382.806 7913
382.819 8062
382.833 8208
382.846 8262
382.860 8205
382.873 8300
382.887 8324
382.900 8455
382.914 8497
382.928 8717
382.941 8764
382.955 8734
382.968 8963
382.982 9091
382.995 9123
383.009 9109
383.022 9242
383.036 9230
383.049 9386
383.063 9484
383.076 9489
383.090 9534
383.103 9625
383.117 9711
383.130 9768
383.144 9962
383.158 9959
383.171 10063
383.185 10204
383.198 10416
383.212 10546
383.225 10606
383.239 10710
383.252 11012
383.266 10940
383.279 11226
383.293 11198
383.306 11208
383.320 11450
383.333 11993
383.347 12098
383.360 11949
383.374 11945
383.387 12013
383.401 12292
383.414 12308
383.428 12146
383.441 12364
383.455 12377
383.468 12590
383.482 12759
383.496 13295
383.509 13249
383.523 13350
383.536 13507
383.550 13454
383.563 13653
383.577 13829
383.590 14185
383.604 14298
383.617 14019
383.631 14101
383.644 13954
383.658 14110
383.671 14272
383.685 14416
383.698 14440
383.712 14710
383.725 14792
383.739 14851
383.752 14764
383.766 14930
383.779 14970
383.793 15208
383.806 15499
383.820 16014
383.833 16085
383.847 16098
383.860 16377
383.874 16615
383.887 16255
383.901 16460
383.914 16700
383.928 16856
383.941 16977
383.955 16816
383.968 16927
383.982 17079
383.995 17108
384.009 17327
384.022 17651
384.036 17614
384.049 17948
384.063 18140
384.076 18616
384.090 18996
384.103 19550
384.117 19794
384.130 19714
384.144 19553
384.157 19574
384.171 19725
384.184 19636
384.198 20255
384.211 20128
384.225 20550
384.238 21052
384.252 21513
384.265 21564
384.279 21710
384.292 21932
384.306 22177
384.319 22242
384.333 22435
384.346 22418
384.360 22834
384.373 23038
384.387 23337
384.400 23336
384.414 23464
384.427 24000
384.441 24031
384.454 24311
384.468 24529
384.481 24942
384.495 24822
384.508 25227
384.522 25593
384.535 25663
384.549 25893
384.562 26320
384.575 26538
384.589 27294
384.602 27910
384.616 28674
384.629 28817
384.643 28959
384.656 29541
384.670 29641
384.683 29470
384.697 29782
384.710 30061
384.724 30345
384.737 30382
384.751 30623
384.764 31011
384.778 31272
384.791 31518
384.805 31738
384.818 31643
384.832 31667
384.845 32026
384.859 31743
384.872 31340
384.885 30931
384.899 30861
384.912 30856
384.926 30493
384.939 30523
384.953 30465
384.966 30295
384.980 29845
384.993 30050
385.007 29703
385.020 29392
385.034 29041
385.047 28762
385.061 28070
385.074 27417
385.088 27253
385.101 26477
385.114 26021
385.128 25758
385.141 25293
385.155 24583
385.168 24348
385.182 24221
385.195 23698
385.209 22863
385.222 21902
385.236 21248
385.249 20437
385.263 19750
385.276 19001
385.290 18409
385.303 17761
385.316 17132
385.330 16761
385.343 16191
385.357 15417
385.370 14835
385.384 14354
385.397 14145
385.411 13512
385.424 13000
385.438 12567
385.451 12325
385.464 11968
385.478 11516
385.491 11282
385.505 10966
385.518 10612
385.532 10277
385.545 9698
385.559 9402
385.572 9194
385.586 8924
385.599 8877
385.612 8675
385.626 8353
385.639 7925
385.653 8009
385.666 7934
385.680 7705
385.693 7523
385.707 7341
385.720 7083
385.734 6798
385.747 6642
385.760 6569
385.774 6463
385.787 6415
385.801 6127
385.814 5883
385.828 5716
385.841 5720
385.855 5577
385.868 5529
385.881 5274
385.895 5205
385.908 5202
385.922 5036
385.935 4980
385.949 4939
385.962 4831
385.976 4796
385.989 4767
386.002 4805
386.016 4734
386.029 4693
386.043 4600
386.056 4434
386.070 4383
386.083 4368
386.097 4357
386.110 4280
386.123 4308
386.137 4198
386.150 4243
386.164 4015
386.177 4075
386.191 4023
386.204 3938
386.217 3895
386.231 3883
386.244 3901
386.258 3853
386.271 3804
386.285 3694
386.298 3790
386.311 3727
386.325 3678
386.338 3636
386.352 3487
386.365 3480
386.379 3456
386.392 3492
386.405 3394
386.419 3405
386.432 3430
386.446 3411
386.459 3434
386.473 3442
386.486 3248
386.499 3251
386.513 3191
386.526 3264
386.540 3229
386.553 3176
386.567 3217
386.580 3250
386.593 3293
386.607 3228
386.620 3230
386.634 3237
386.647 3153
386.661 3139
386.674 3061
386.687 3097
386.701 3036
386.714 3025
386.728 2964
386.741 2983
386.754 2941
386.768 2873
386.781 2902
386.795 2932
386.808 2868
386.822 2857
386.835 2865
386.848 2833
386.862 2789
386.875 2800
386.889 2779
386.902 2736
386.915 2740
386.929 2682
386.942 2728
386.956 2766
386.969 2701
386.983 2644
386.996 2660
387.009 2716
387.023 2617
387.036 2618
387.050 2673
387.063 2599
387.076 2620
387.090 2671
387.103 2597
387.117 2632
387.130 2631
387.143 2575
387.157 2610
387.170 2665
387.184 2589
387.197 2540
387.210 2581
387.224 2582
387.237 2490
387.251 2529
387.264 2482
387.278 2492
387.291 2522
387.304 2488
387.318 2524
387.331 2533
387.345 2475
387.358 2463
387.371 2427
387.385 2398
387.398 2446
387.412 2426
387.425 2438
387.438 2381
387.452 2415
387.465 2372
387.478 2372
387.492 2367
387.505 2321
387.519 2380
387.532 2480
387.545 2470
387.559 2458
387.572 2493
387.586 2438
387.599 2453
387.612 2497
387.626 2446
387.639 2407
387.653 2424
387.666 2335
387.679 2348
387.693 2228
387.706 2260
387.720 2295
387.733 2318
387.746 2327
387.760 2303
387.773 2308
387.787 2340
387.800 2267
387.813 2230
387.827 2241
387.840 2158
387.853 2125
387.867 2138
387.880 2231
387.894 2176
387.907 2244
387.920 2169
387.934 2138
387.947 2126
387.961 2099
387.974 2093
387.987 2086
388.001 2043
388.014 2039
388.027 2063
388.041 1996
388.054 1957
388.068 1946
388.081 1973
388.094 1988
388.108 1960
388.121 1934
388.134 1874
388.148 1922
388.161 1843
388.175 1853
388.188 1823
388.201 1853
388.215 1804
388.228 1760
388.241 1780
388.255 1763
388.268 1760
388.282 1755
388.295 1697
388.308 1699
388.322 1648
388.335 1644
388.348 1672
388.362 1622
388.375 1636
388.389 1601
388.402 1573
388.415 1538
388.429 1612
388.442 1569
388.455 1541
388.469 1557
388.482 1527
388.495 1521
388.509 1559
388.522 1535
388.536 1521
388.549 1470
388.562 1426
388.576 1422
388.589 1442
388.602 1408
388.616 1399
388.629 1426
388.642 1389
388.656 1378
388.669 1367
388.683 1410
388.696 1403
388.709 1380
388.723 1375
388.736 1415
388.749 1348
388.763 1335
388.776 1313
388.789 1336
388.803 1327
388.816 1324
388.829 1302
388.843 1270
388.856 1316
388.870 1296
388.883 1295
388.896 1278
388.910 1264
388.923 1280
388.936 1287
388.950 1291
388.963 1312
388.976 1287
388.990 1308
389.003 1278
389.016 1310
389.030 1300
389.043 1265
389.056 1316
389.070 1313
389.083 1284
389.097 1269
389.110 1279
389.123 1295
389.137 1285
389.150 1284
389.163 1304
389.177 1270
389.190 1298
389.203 1258
389.217 1265
389.230 1271
389.243 1291
389.257 1287
389.270 1263
389.283 1270
389.297 1259
389.310 1276
389.323 1260
389.337 1278
389.350 1234
389.363 1264
389.377 1275
389.390 1239
389.403 1271
389.417 1220
389.430 1220
389.443 1262
389.457 1224
389.470 1265
389.483 1252
389.497 1225
389.510 1233
389.523 1225
389.537 1206
389.550 1256
389.563 1236
389.577 1173
389.590 1170
389.603 1155
389.617 1167
389.630 1142
389.643 1154
389.657 1156
389.670 1205
389.683 1169
389.697 1158
389.710 1122
389.723 1166
389.737 1158
389.750 1148
389.763 1151
389.777 1158
389.790 1109
389.803 1145
389.817 1133
389.830 1122
389.843 1138
389.857 1094
389.870 1096
389.883 1089
389.897 1102
389.910 1075
389.923 1099
389.937 1095
389.950 1082
389.963 1099
389.977 1070
389.990 1070
390.003 1115
390.017 1084
390.030 1081
390.043 1126
390.057 1067
390.070 1048
390.083 1059
390.096 1057
390.110 1088
390.123 1076
390.136 1089
390.150 1084
390.163 1071
390.176 1074
390.190 1076
390.203 1063
390.216 1028
390.230 1029
390.243 1023
390.256 1045
390.270 1041
390.283 1057
390.296 1044
390.310 1035
390.323 1035
390.336 1034
390.349 1019
390.363 1039
390.376 1060
390.389 1071
390.403 1048
390.416 1023
390.429 1047
390.443 1042
390.456 1025
390.469 1028
390.483 1008
390.496 1002
390.509 1023
390.522 989
390.536 1008
390.549 1012
390.562 1001
390.576 1008
390.589 983
390.602 992
390.616 999
390.629 982
390.642 981
390.655 996
390.669 991
390.682 987
390.695 964
390.709 972
390.722 989
390.735 992
390.749 974
390.762 962
390.775 953
390.788 987
390.802 932
390.815 971
390.828 959
390.842 968
390.855 963
390.868 922
390.882 961
390.895 940
390.908 923
390.921 943
390.935 944
390.948 933
390.961 961
390.975 913
390.988 911
391.001 898
391.014 922
391.028 918
391.041 878
391.054 902
391.068 920
391.081 907
391.094 897
391.107 911
391.121 923
391.134 870
391.147 889
391.161 879
391.174 886
391.187 865
391.200 883
391.214 854
391.227 879
391.240 867
391.254 844
391.267 864
391.280 853
391.293 836
391.307 842
391.320 840
391.333 844
391.347 857
391.360 841
391.373 837
391.386 819
391.400 814
391.413 825
391.426 833
391.440 824
391.453 817
391.466 796
391.479 803
391.493 819
391.506 819
391.519 809
391.532 780
391.546 821
391.559 812
391.572 816
391.586 798
391.599 809
391.612 786
391.625 804
391.639 786
391.652 783
391.665 810
391.678 760
391.692 788
391.705 775
391.718 777
391.732 789
391.745 789
391.758 790
391.771 772
391.785 775
391.798 774
391.811 763
391.824 777
391.838 772
391.851 763
391.864 757
391.877 759
391.891 758
391.904 758
391.917 752
391.931 772
391.944 750
391.957 759
391.970 755
391.984 759
391.997 761
392.010 751
392.023 750
392.037 770
392.050 749
392.063 758
392.076 757
392.090 744
392.103 750
392.116 732
392.129 751
392.143 770
392.156 745
392.169 756
392.182 744
392.196 739
392.209 738
392.222 738
392.235 731
392.249 750
392.262 736
392.275 731
392.288 733
392.302 745
392.315 743
392.328 736
392.341 741
392.355 747
392.368 745
392.381 731
392.394 729
392.408 739
392.421 727
392.434 738
392.447 736
392.461 717
392.474 721
392.487 733
392.500 724
392.514 746
392.527 739
392.540 732
392.553 729
392.567 723
392.580 726
392.593 727
392.606 727
392.620 720
392.633 721
392.646 733
392.659 726
392.673 709
392.686 722
392.699 729
392.712 715
392.726 721
392.739 728
392.752 736
392.765 717
392.778 723
392.792 712
392.805 734
392.818 734
392.831 725
392.845 730
392.858 727
392.871 723
392.884 725
392.898 738
392.911 736
392.924 720
392.937 726
392.951 720
392.964 725
392.977 722
392.990 713
393.003 727
393.017 717
393.030 730
393.043 729
393.056 714
393.070 721
393.083 718
393.096 718
393.109 720
393.122 718
393.136 715
393.149 726
393.162 723
393.175 724
393.189 726
393.202 717
393.215 711
393.228 707
393.242 715
393.255 715
393.268 712
393.281 728
393.294 719
393.308 713
393.321 720
393.334 721
393.347 699
393.360 709
393.374 719
393.387 712
393.400 720
393.413 712
393.427 715
393.440 699
393.453 724
393.466 711
393.479 706
393.493 717
393.506 709
393.519 710
393.532 713
393.546 721
393.559 722
393.572 720
393.585 718
393.598 697
393.612 705
393.625 703
393.638 715
393.651 696
393.664 714
393.678 709
393.691 721
393.704 710
393.717 717
393.730 708
393.744 698
393.757 715
393.770 709
393.783 715
393.796 714
393.810 700
393.823 699
393.836 688
393.849 707
393.863 718
393.876 710
393.889 709
393.902 697
393.915 703
393.929 703
