375.891 705
375.905 714
375.919 709
375.933 714
375.946 705
375.960 714
375.974 720
375.987 724
376.001 709
376.015 724
376.029 727
376.042 723
376.056 718
376.070 732
376.084 721
376.097 726
376.111 737
376.125 737
376.139 724
376.152 736
376.166 732
376.180 733
376.193 728
376.207 743
376.221 742
376.235 743
376.248 748
376.262 757
376.276 754
376.290 755
376.303 744
376.317 726
376.331 771
376.345 750
376.358 753
376.372 762
376.386 751
376.399 754
376.413 756
376.427 769
376.441 765
376.454 749
376.468 777
376.482 760
376.495 748
376.509 774
376.523 784
376.537 777
376.550 797
376.564 814
376.578 797
376.592 809
376.605 806
376.619 772
376.633 793
376.646 799
376.660 782
376.674 796
376.688 797
376.701 805
376.715 807
376.729 829
376.742 829
376.756 820
376.770 803
376.784 823
376.797 829
376.811 836
376.825 850
376.838 841
376.852 866
376.866 842
376.880 857
376.893 834
376.907 854
376.921 844
376.934 859
376.948 858
376.962 860
376.976 856
376.989 885
377.003 861
377.017 897
377.030 879
377.044 930
377.058 915
377.071 891
377.085 918
377.099 921
377.113 892
377.126 893
377.140 905
377.154 908
377.167 935
377.181 932
377.195 909
377.208 932
377.222 940
377.236 901
377.250 947
377.263 968
377.277 953
377.291 945
377.304 964
377.318 960
377.332 956
377.345 962
377.359 986
377.373 961
377.387 983
377.400 989
377.414 1001
377.428 982
377.441 1017
377.455 1017
377.469 1015
377.482 1036
377.496 1019
377.510 1038
377.524 1037
377.537 1039
377.551 1040
377.565 1034
377.578 1039
377.592 1038
377.606 1047
377.619 1064
377.633 1039
377.647 1053
377.660 1053
377.674 1035
377.688 1086
377.701 1073
377.715 1061
377.729 1091
377.743 1065
377.756 1094
377.770 1087
377.784 1091
377.797 1113
377.811 1114
377.825 1117
377.838 1102
377.852 1097
377.866 1111
377.879 1129
377.893 1139
377.907 1121
377.920 1131
377.934 1147
377.948 1126
377.961 1122
377.975 1119
377.989 1141
378.002 1148
378.016 1126
378.030 1150
378.044 1172
378.057 1188
378.071 1155
378.085 1167
378.098 1204
378.112 1171
378.126 1185
378.139 1162
378.153 1180
378.167 1186
378.180 1188
378.194 1207
378.208 1223
378.221 1184
378.235 1239
378.249 1206
378.262 1223
378.276 1220
378.290 1207
378.303 1227
378.317 1248
378.331 1216
378.344 1214
378.358 1204
378.372 1268
378.385 1255
378.399 1230
378.413 1289
378.426 1241
378.440 1272
378.454 1227
378.467 1247
378.481 1246
378.495 1250
378.508 1289
378.522 1282
378.536 1276
378.549 1290
378.563 1282
378.577 1295
378.590 1269
378.604 1292
378.618 1318
378.631 1328
378.645 1287
378.659 1312
378.672 1305
378.686 1335
378.700 1334
378.713 1354
378.727 1338
378.740 1350
378.754 1357
378.768 1331
378.781 1359
378.795 1355
378.809 1373
378.822 1405
378.836 1371
378.850 1391
378.863 1382
378.877 1376
378.891 1387
378.904 1397
378.918 1356
378.932 1380
378.945 1417
378.959 1413
378.973 1401
378.986 1371
379.000 1374
379.014 1382
379.027 1394
379.041 1397
379.054 1406
379.068 1443
379.082 1388
379.095 1396
379.109 1408
379.123 1433
379.136 1416
379.150 1463
379.164 1449
379.177 1410
379.191 1436
379.205 1437
379.218 1429
379.232 1469
379.245 1473
379.259 1483
379.273 1522
379.286 1422
379.300 1498
379.314 1482
379.327 1514
379.341 1486
379.355 1490
379.368 1524
379.382 1518
379.396 1489
379.409 1536
379.423 1557
379.436 1586
379.450 1571
379.464 1591
379.477 1580
379.491 1555
379.505 1584
379.518 1572
379.532 1633
379.546 1622
379.559 1671
379.573 1620
379.586 1626
379.600 1656
379.614 1672
379.627 1691
379.641 1724
379.655 1707
379.668 1708
379.682 1681
379.695 1708
379.709 1673
379.723 1709
379.736 1773
379.750 1865
379.764 1873
379.777 1882
379.791 1906
379.804 1955
379.818 1892
379.832 1878
379.845 1842
379.859 1856
379.873 1867
379.886 1850
379.900 1871
379.913 1912
379.927 1908
379.941 1946
379.954 1989
379.968 1980
379.982 2040
379.995 2030
380.009 2053
380.022 2065
380.036 2050
380.050 2116
380.063 2133
380.077 2224
380.090 2309
380.104 2237
380.118 2290
380.131 2265
380.145 2378
380.159 2369
380.172 2382
380.186 2419
380.199 2424
380.213 2505
380.227 2501
380.240 2534
380.254 2462
380.267 2504
380.281 2480
380.295 2536
380.308 2545
380.322 2604
380.336 2594
380.349 2669
380.363 2593
380.376 2630
380.390 2657
380.404 2725
380.417 2811
380.431 2787
380.444 2864
380.458 2856
380.472 2883
380.485 2886
380.499 2914
380.512 2966
380.526 3054
380.540 3002
380.553 3101
380.567 3102
380.580 3082
380.594 3195
380.608 3232
380.621 3323
380.635 3401
380.648 3380
380.662 3394
380.676 3375
380.689 3531
380.703 3514
380.716 3511
380.730 3616
380.744 3559
380.757 3615
380.771 3774
380.784 3831
380.798 3800
380.812 3868
380.825 3826
380.839 3913
380.852 3973
380.866 4049
380.880 4129
380.893 4080
380.907 4084
380.920 4099
380.934 4076
380.948 4110
380.961 4148
380.975 4181
380.988 4280
381.002 4143
381.015 4226
381.029 4333
381.043 4318
381.056 4409
381.070 4387
381.083 4362
381.097 4427
381.111 4530
381.124 4513
381.138 4559
381.151 4578
381.165 4560
381.179 4615
381.192 4672
381.206 4543
381.219 4627
381.233 4666
381.246 4691
381.260 4658
381.274 4757
381.287 4730
381.301 4851
381.314 4884
381.328 4695
381.341 4841
381.355 4908
381.369 4932
381.382 4936
381.396 4942
381.409 4967
381.423 5028
381.437 5065
381.450 5096
381.464 5090
381.477 5260
381.491 5236
381.504 5237
381.518 5200
381.532 5260
381.545 5469
381.559 5523
381.572 5554
381.586 5455
381.599 5473
381.613 5438
381.627 5464
381.640 5459
381.654 5469
381.667 5504
381.681 5613
381.694 5588
381.708 5484
381.722 5327
381.735 5510
381.749 5336
381.762 5343
381.776 5446
381.789 5445
381.803 5464
381.817 5416
381.830 5484
381.844 5446
381.857 5526
381.871 5581
381.884 5551
381.898 5556
381.911 5547
381.925 5668
381.939 5531
381.952 5603
381.966 5588
381.979 5657
381.993 5783
382.006 5749
382.020 5870
382.034 5883
382.047 5758
382.061 5746
382.074 5760
382.088 5792
382.101 5714
382.115 5799
382.128 5791
382.142 5877
382.156 6185
382.169 6275
382.183 6077
382.196 6068
382.210 5961
382.223 6080
382.237 6113
382.250 6137
382.264 6128
382.278 6105
382.291 6228
382.305 6362
382.318 6319
382.332 6381
382.345 6157
382.359 6031
382.372 6179
382.386 6170
382.399 6165
382.413 6101
382.427 6229
382.440 6262
382.454 6273
382.467 6180
382.481 6449
382.494 6592
382.508 6609
382.521 6691
382.535 6657
382.548 6587
382.562 6595
382.576 6719
382.589 6721
382.603 6661
382.616 6647
382.630 6841
382.643 6855
382.657 7001
382.670 7021
382.684 7019
382.697 7010
382.711 6963
382.724 7095
382.738 7206
382.752 7268
382.765 7324
382.779 7237
382.792 7417
382.806 7271
382.819 7445
382.833 7517
382.846 7529
382.860 7667
382.873 7660
382.887 7893
382.900 7811
382.914 7968
382.928 7989
382.941 8037
382.955 8168
382.968 8284
382.982 8358
382.995 8388
383.009 8540
383.022 8523
383.036 8596
383.049 8718
383.063 8803
383.076 8954
383.090 8883
383.103 9054
383.117 9223
383.130 9357
383.144 9397
383.158 9424
383.171 9480
383.185 9559
383.198 9741
383.212 9864
383.225 9920
383.239 10184
383.252 10229
383.266 10127
383.279 10310
383.293 10467
383.306 10597
383.320 10802
383.333 11070
383.347 11219
383.360 11292
383.374 11205
383.387 11375
383.401 11470
383.414 11532
383.428 11529
383.441 11699
383.455 11794
383.468 11808
383.482 12059
383.496 12597
383.509 12563
383.523 12555
383.536 12654
383.550 12916
383.563 12940
383.577 13175
383.590 13250
383.604 13520
383.617 13246
383.631 13403
383.644 13246
383.658 13245
383.671 13354
383.685 13603
383.698 13762
383.712 14057
383.725 13949
383.739 14033
383.752 14183
383.766 14144
383.779 14426
383.793 14510
383.806 14722
383.820 15275
383.833 15256
383.847 15302
383.860 15479
383.874 15806
383.887 15340
383.901 15512
383.914 15933
383.928 16160
383.941 16065
383.955 16109
383.968 16254
383.982 16448
383.995 16611
384.009 16607
384.022 16802
384.036 16976
384.049 17049
384.063 17429
384.076 17943
384.090 18290
384.103 18612
384.117 18958
384.130 18943
384.144 18791
384.157 18827
384.171 18956
384.184 19125
384.198 19241
384.211 19350
384.225 19754
384.238 20216
384.252 20478
384.265 20613
384.279 20895
384.292 21134
384.306 21536
384.319 21426
384.333 21542
384.346 21685
384.360 21763
384.373 22212
384.387 22293
384.400 22438
384.414 22784
384.427 23186
384.441 23157
384.454 23386
384.468 23564
384.481 24034
384.495 23952
384.508 24462
384.522 24562
384.535 24907
384.549 25125
384.562 25331
384.575 25552
384.589 26253
384.602 27125
384.616 27546
384.629 27699
384.643 28138
384.656 28295
384.670 28562
384.683 28477
384.697 28534
384.710 28766
384.724 28828
384.737 29178
384.751 29242
384.764 29341
384.778 29821
384.791 29806
384.805 29969
384.818 30079
384.832 30229
384.845 30215
384.859 30184
384.872 29449
384.885 29158
384.899 28928
384.912 28956
384.926 28668
384.939 28505
384.953 28417
384.966 28216
384.980 27897
384.993 27552
385.007 27367
385.020 27138
385.034 26758
385.047 26217
385.061 25784
385.074 25098
385.088 24693
385.101 24175
385.114 23613
385.128 23051
385.141 22620
385.155 22229
385.168 22108
385.182 21686
385.195 21143
385.209 20414
385.222 19442
385.236 18597
385.249 18051
385.263 17354
385.276 16908
385.290 16271
385.303 15585
385.316 15055
385.330 14722
385.343 14249
385.357 13663
385.370 13160
385.384 12738
385.397 12369
385.411 11969
385.424 11520
385.438 11171
385.451 10955
385.464 10663
385.478 10377
385.491 10048
385.505 9743
385.518 9404
385.532 9163
385.545 8757
385.559 8458
385.572 8343
385.586 7959
385.599 7937
385.612 7830
385.626 7583
385.639 7239
385.653 7326
385.666 7323
385.680 7058
385.693 6765
385.707 6687
385.720 6406
385.734 6332
385.747 6149
385.760 5997
385.774 5825
385.787 5898
385.801 5641
385.814 5373
385.828 5343
385.841 5180
385.855 5175
385.868 5028
385.881 4967
385.895 4876
385.908 4795
385.922 4772
385.935 4622
385.949 4602
385.962 4447
385.976 4401
385.989 4430
386.002 4456
386.016 4396
386.029 4326
386.043 4276
386.056 4144
386.070 4038
386.083 4066
386.097 4052
386.110 3984
386.123 3944
386.137 3934
386.150 3867
386.164 3811
386.177 3762
386.191 3753
386.204 3725
386.217 3638
386.231 3625
386.244 3558
386.258 3650
386.271 3584
386.285 3476
386.298 3510
386.311 3504
386.325 3441
386.338 3386
386.352 3243
386.365 3309
386.379 3263
386.392 3283
386.405 3134
386.419 3177
386.432 3159
386.446 3151
386.459 3182
386.473 3127
386.486 3095
386.499 3052
386.513 3062
386.526 3017
386.540 2985
386.553 3020
386.567 3000
386.580 2947
386.593 3032
386.607 3036
386.620 3012
386.634 2976
386.647 2935
386.661 2919
386.674 2908
386.687 2869
386.701 2781
386.714 2844
386.728 2729
386.741 2767
386.754 2758
386.768 2771
386.781 2761
386.795 2699
386.808 2622
386.822 2610
386.835 2657
386.848 2662
386.862 2553
386.875 2593
386.889 2606
386.902 2608
386.915 2644
386.929 2534
386.942 2593
386.956 2503
386.969 2496
386.983 2512
386.996 2516
387.009 2466
387.023 2457
387.036 2491
387.050 2506
387.063 2562
387.076 2503
387.090 2479
387.103 2463
387.117 2438
387.130 2482
387.143 2445
387.157 2490
387.170 2418
387.184 2362
387.197 2438
387.210 2361
387.224 2406
387.237 2343
387.251 2334
387.264 2290
387.278 2275
387.291 2306
387.304 2325
387.318 2318
387.331 2320
387.345 2266
387.358 2314
387.371 2280
387.385 2251
387.398 2193
387.412 2191
387.425 2230
387.438 2178
387.452 2168
387.465 2142
387.478 2128
387.492 2133
387.505 2152
387.519 2147
387.532 2212
387.545 2273
387.559 2213
387.572 2226
387.586 2229
387.599 2171
387.612 2180
387.626 2190
387.639 2180
387.653 2170
387.666 2101
387.679 2004
387.693 2013
387.706 2090
387.720 2099
387.733 2056
387.746 2111
387.760 2085
387.773 2034
387.787 2045
387.800 2002
387.813 2033
387.827 2009
387.840 1956
387.853 1929
387.867 1944
387.880 2022
387.894 2017
387.907 1976
387.920 1965
387.934 1940
387.947 1940
387.961 1916
387.974 1852
387.987 1868
388.001 1898
388.014 1828
388.027 1881
388.041 1872
388.054 1821
388.068 1813
388.081 1781
388.094 1806
388.108 1791
388.121 1785
388.134 1755
388.148 1763
388.161 1718
388.175 1704
388.188 1685
388.201 1655
388.215 1641
388.228 1611
388.241 1619
388.255 1587
388.268 1595
388.282 1559
388.295 1595
388.308 1539
388.322 1533
388.335 1503
388.348 1498
388.362 1457
388.375 1488
388.389 1484
388.402 1484
388.415 1455
388.429 1461
388.442 1453
388.455 1454
388.469 1461
388.482 1425
388.495 1435
388.509 1426
388.522 1419
388.536 1402
388.549 1350
388.562 1376
388.576 1317
388.589 1315
388.602 1323
388.616 1304
388.629 1311
388.642 1278
388.656 1279
388.669 1287
388.683 1304
388.696 1295
388.709 1286
388.723 1251
388.736 1289
388.749 1255
388.763 1254
388.776 1254
388.789 1222
388.803 1240
388.816 1257
388.829 1219
388.843 1206
388.856 1230
388.870 1195
388.883 1207
388.896 1216
388.910 1229
388.923 1184
388.936 1193
388.950 1239
388.963 1222
388.976 1211
388.990 1231
389.003 1203
389.016 1219
389.030 1250
389.043 1228
389.056 1221
389.070 1206
389.083 1204
389.097 1214
389.110 1193
389.123 1230
389.137 1180
389.150 1204
389.163 1202
389.177 1171
389.190 1190
389.203 1209
389.217 1192
389.230 1190
389.243 1202
389.257 1172
389.270 1186
389.283 1185
389.297 1204
389.310 1179
389.323 1177
389.337 1206
389.350 1178
389.363 1170
389.377 1173
389.390 1169
389.403 1164
389.417 1154
389.430 1181
389.443 1156
389.457 1163
389.470 1192
389.483 1172
389.497 1186
389.510 1167
389.523 1158
389.537 1153
389.550 1144
389.563 1141
389.577 1111
389.590 1137
389.603 1105
389.617 1125
389.630 1119
389.643 1111
389.657 1126
389.670 1115
389.683 1091
389.697 1094
389.710 1089
389.723 1092
389.737 1096
389.750 1102
389.763 1097
389.777 1091
389.790 1104
389.803 1096
389.817 1066
389.830 1098
389.843 1086
389.857 1055
389.870 1060
389.883 1036
389.897 1061
389.910 1050
389.923 1058
389.937 1056
389.950 1043
389.963 1072
389.977 1055
389.990 1070
390.003 1071
390.017 1072
390.030 1041
390.043 1052
390.057 1023
390.070 1039
390.083 1028
390.096 1040
390.110 1019
390.123 1047
390.136 1040
390.150 1032
390.163 1052
390.176 1031
390.190 1057
390.203 1008
390.216 1025
390.230 986
390.243 1016
390.256 1001
390.270 1009
390.283 1006
390.296 1003
390.310 1001
390.323 1025
390.336 987
390.349 971
390.363 1014
390.376 1004
390.389 1020
390.403 1005
390.416 993
390.429 1001
390.443 1006
390.456 1001
390.469 995
390.483 972
390.496 991
390.509 1001
390.522 957
390.536 987
390.549 976
390.562 956
390.576 973
390.589 975
390.602 968
390.616 956
390.629 937
390.642 967
390.655 943
390.669 941
390.682 965
390.695 945
390.709 939
390.722 953
390.735 941
390.749 942
390.762 942
390.775 920
390.788 935
390.802 933
390.815 925
390.828 915
390.842 923
390.855 923
390.868 906
390.882 917
390.895 905
390.908 907
390.921 926
390.935 912
390.948 907
390.961 894
390.975 887
390.988 894
391.001 891
391.014 878
391.028 888
391.041 868
391.054 871
391.068 873
391.081 865
391.094 878
391.107 867
391.121 866
391.134 864
391.147 898
391.161 861
391.174 836
391.187 860
391.200 825
391.214 847
391.227 831
391.240 826
391.254 832
391.267 824
391.280 834
391.293 815
391.307 819
391.320 810
391.333 821
391.347 796
391.360 820
391.373 805
391.386 821
391.400 786
391.413 784
391.426 790
391.440 789
391.453 796
391.466 788
391.479 807
391.493 778
391.506 789
391.519 784
391.532 807
391.546 776
391.559 786
391.572 786
391.586 770
391.599 771
391.612 764
391.625 771
391.639 760
391.652 781
391.665 768
391.678 757
391.692 773
391.705 766
391.718 767
391.732 771
391.745 752
391.758 752
391.771 756
391.785 747
391.798 766
391.811 755
391.824 731
391.838 736
391.851 745
391.864 748
391.877 731
391.891 745
391.904 750
391.917 746
391.931 750
391.944 729
391.957 751
391.970 738
391.984 736
391.997 732
392.010 739
392.023 745
392.037 746
392.050 761
392.063 724
392.076 728
392.090 729
392.103 733
392.116 721
392.129 729
392.143 703
392.156 729
392.169 730
392.182 733
392.196 739
392.209 736
392.222 739
392.235 722
392.249 723
392.262 718
392.275 733
392.288 722
392.302 714
392.315 714
392.328 717
392.341 718
392.355 721
392.368 702
392.381 726
392.394 720
392.408 720
392.421 716
392.434 715
392.447 721
392.461 724
392.474 727
392.487 716
392.500 713
392.514 724
392.527 724
392.540 712
392.553 718
392.567 721
392.580 733
392.593 703
392.606 710
392.620 710
392.633 732
392.646 719
392.659 718
392.673 704
392.686 709
392.699 719
392.712 703
392.726 716
392.739 726
392.752 712
392.765 709
392.778 708
392.792 705
392.805 707
392.818 706
392.831 712
392.845 710
392.858 712
392.871 706
392.884 695
392.898 726
392.911 705
392.924 721
392.937 719
392.951 710
392.964 709
392.977 708
392.990 706
393.003 695
393.017 712
393.030 710
393.043 700
393.056 706
393.070 722
393.083 713
393.096 702
393.109 715
393.122 706
393.136 716
393.149 705
393.162 708
393.175 698
393.189 698
393.202 704
393.215 706
393.228 702
393.242 712
393.255 688
393.268 702
393.281 707
393.294 700
393.308 703
393.321 702
393.334 703
393.347 694
393.360 701
393.374 707
393.387 706
393.400 706
393.413 692
393.427 688
393.440 711
393.453 709
393.466 697
393.479 701
393.493 683
393.506 700
393.519 708
393.532 709
393.546 698
393.559 701
393.572 708
393.585 702
393.598 715
393.612 703
393.625 706
393.638 697
393.651 695
393.664 698
393.678 694
393.691 700
393.704 699
393.717 705
393.730 699
393.744 698
393.757 699
393.770 681
393.783 685
393.796 703
393.810 706
393.823 687
393.836 701
393.849 699
393.863 696
393.876 687
393.889 696
393.902 694
393.915 692
393.929 692
