375.891 698
375.905 694
375.919 698
375.933 714
375.946 717
375.960 694
375.974 717
375.987 713
376.001 716
376.015 709
376.029 722
376.042 707
376.056 724
376.070 729
376.084 708
376.097 729
376.111 723
376.125 720
376.139 724
376.152 731
376.166 725
376.180 731
376.193 718
376.207 728
376.221 732
376.235 732
376.248 738
376.262 730
376.276 735
376.290 744
376.303 745
376.317 755
376.331 745
376.345 757
376.358 746
376.372 755
376.386 764
376.399 748
376.413 766
376.427 772
376.441 768
376.454 760
376.468 772
376.482 772
376.495 750
376.509 778
376.523 784
376.537 780
376.550 799
376.564 788
376.578 777
376.592 793
376.605 804
376.619 808
376.633 789
376.646 791
376.660 786
376.674 794
376.688 814
376.701 786
376.715 802
376.729 807
376.742 809
376.756 814
376.770 801
376.784 818
376.797 825
376.811 816
376.825 835
376.838 827
376.852 842
376.866 838
376.880 818
376.893 834
376.907 854
376.921 852
376.934 856
376.948 869
376.962 873
376.976 869
376.989 875
377.003 862
377.017 884
377.030 888
377.044 884
377.058 905
377.071 907
377.085 887
377.099 872
377.113 900
377.126 890
377.140 898
377.154 886
377.167 931
377.181 924
377.195 911
377.208 932
377.222 910
377.236 941
377.250 932
377.263 937
377.277 937
377.291 948
377.304 939
377.318 948
377.332 944
377.345 963
377.359 972
377.373 963
377.387 979
377.400 974
377.414 984
377.428 965
377.441 1008
377.455 980
377.469 982
377.482 1012
377.496 1024
377.510 1007
377.524 1040
377.537 1061
377.551 1031
377.565 1049
377.578 1029
377.592 1008
377.606 1010
377.619 1041
377.633 1031
377.647 1038
377.660 1051
377.674 1055
377.688 1063
377.701 1040
377.715 1044
377.729 1070
377.743 1036
377.756 1075
377.770 1080
377.784 1078
377.797 1104
377.811 1093
377.825 1096
377.838 1124
377.852 1088
377.866 1103
377.879 1098
377.893 1130
377.907 1111
377.920 1127
377.934 1133
377.948 1119
377.961 1102
377.975 1125
377.989 1152
378.002 1144
378.016 1157
378.030 1151
378.044 1109
378.057 1150
378.071 1152
378.085 1146
378.098 1152
378.112 1129
378.126 1144
378.139 1203
378.153 1190
378.167 1178
378.180 1159
378.194 1198
378.208 1204
378.221 1188
378.235 1184
378.249 1192
378.262 1164
378.276 1213
378.290 1205
378.303 1184
378.317 1184
378.331 1214
378.344 1236
378.358 1208
378.372 1239
378.385 1247
378.399 1197
378.413 1237
378.426 1224
378.440 1252
378.454 1247
378.467 1223
378.481 1268
378.495 1253
378.508 1246
378.522 1248
378.536 1252
378.549 1281
378.563 1265
378.577 1258
378.590 1236
378.604 1269
378.618 1305
378.631 1316
378.645 1275
378.659 1282
378.672 1280
378.686 1314
378.700 1315
378.713 1323
378.727 1342
378.740 1335
378.754 1338
378.768 1348
378.781 1329
378.795 1358
378.809 1377
378.822 1390
378.836 1368
378.850 1330
378.863 1333
378.877 1361
378.891 1353
378.904 1337
378.918 1392
378.932 1360
378.945 1373
378.959 1386
378.973 1368
378.986 1347
379.000 1381
379.014 1391
379.027 1389
379.041 1367
379.054 1367
379.068 1424
379.082 1412
379.095 1387
379.109 1398
379.123 1373
379.136 1402
379.150 1385
379.164 1403
379.177 1415
379.191 1415
379.205 1428
379.218 1443
379.232 1430
379.245 1468
379.259 1429
379.273 1469
379.286 1481
379.300 1466
379.314 1454
379.327 1481
379.341 1436
379.355 1475
379.368 1505
379.382 1506
379.396 1500
379.409 1490
379.423 1504
379.436 1516
379.450 1509
379.464 1521
379.477 1539
379.491 1555
379.505 1556
379.518 1568
379.532 1551
379.546 1619
379.559 1554
379.573 1549
379.586 1590
379.600 1627
379.614 1682
379.627 1602
379.641 1684
379.655 1659
379.668 1686
379.682 1683
379.695 1675
379.709 1677
379.723 1690
379.736 1768
379.750 1817
379.764 1813
379.777 1836
379.791 1864
379.804 1822
379.818 1887
379.832 1822
379.845 1762
379.859 1801
379.873 1861
379.886 1847
379.900 1880
379.913 1894
379.927 1893
379.941 1948
379.954 1956
379.968 1964
379.982 1965
379.995 1998
380.009 2016
380.022 2002
380.036 2009
380.050 2030
380.063 2102
380.077 2147
380.090 2256
380.104 2230
380.118 2258
380.131 2246
380.145 2196
380.159 2274
380.172 2305
380.186 2380
380.199 2396
380.213 2431
380.227 2487
380.240 2532
380.254 2412
380.267 2430
380.281 2470
380.295 2466
380.308 2475
380.322 2547
380.336 2549
380.349 2606
380.363 2630
380.376 2623
380.390 2658
380.404 2707
380.417 2707
380.431 2763
380.444 2796
380.458 2785
380.472 2830
380.485 2825
380.499 2823
380.512 2893
380.526 2938
380.540 2983
380.553 2971
380.567 2981
380.580 2987
380.594 3086
380.608 3184
380.621 3265
380.635 3284
380.648 3304
380.662 3340
380.676 3276
380.689 3342
380.703 3416
380.716 3493
380.730 3441
380.744 3524
380.757 3579
380.771 3674
380.784 3684
380.798 3690
380.812 3633
380.825 3682
380.839 3747
380.852 3935
380.866 3853
380.880 3961
380.893 3929
380.907 3892
380.920 3969
380.934 3963
380.948 4069
380.961 4042
380.975 4070
380.988 4098
381.002 4152
381.015 4068
381.029 4214
381.043 4236
381.056 4189
381.070 4223
381.083 4313
381.097 4298
381.111 4344
381.124 4380
381.138 4391
381.151 4373
381.165 4414
381.179 4464
381.192 4494
381.206 4473
381.219 4468
381.233 4566
381.246 4524
381.260 4615
381.274 4596
381.287 4573
381.301 4658
381.314 4633
381.328 4627
381.341 4727
381.355 4725
381.369 4708
381.382 4763
381.396 4825
381.409 4803
381.423 4866
381.437 4876
381.450 4892
381.464 4906
381.477 5016
381.491 5072
381.504 5086
381.518 5015
381.532 5090
381.545 5200
381.559 5311
381.572 5292
381.586 5260
381.599 5315
381.613 5199
381.627 5326
381.640 5343
381.654 5314
381.667 5365
381.681 5416
381.694 5340
381.708 5241
381.722 5141
381.735 5223
381.749 5205
381.762 5199
381.776 5186
381.789 5350
381.803 5231
381.817 5321
381.830 5276
381.844 5263
381.857 5379
381.871 5401
381.884 5370
381.898 5354
381.911 5349
381.925 5382
381.939 5406
381.952 5436
381.966 5404
381.979 5445
381.993 5560
382.006 5666
382.020 5676
382.034 5722
382.047 5622
382.061 5544
382.074 5473
382.088 5557
382.101 5506
382.115 5521
382.128 5550
382.142 5710
382.156 5930
382.169 5974
382.183 5824
382.196 5903
382.210 5871
382.223 5862
382.237 5865
382.250 5933
382.264 5932
382.278 5939
382.291 6064
382.305 6143
382.318 6227
382.332 6175
382.345 5956
382.359 5865
382.372 5904
382.386 5949
382.399 5950
382.413 6027
382.427 6014
382.440 6007
382.454 6065
382.467 6114
382.481 6291
382.494 6373
382.508 6454
382.521 6433
382.535 6341
382.548 6407
382.562 6427
382.576 6414
382.589 6415
382.603 6545
382.616 6568
382.630 6545
382.643 6663
382.657 6651
382.670 6747
382.684 6698
382.697 6788
382.711 6742
382.724 6850
382.738 6861
382.752 6988
382.765 6932
382.779 7102
382.792 7106
382.806 7178
382.819 7254
382.833 7313
382.846 7329
382.860 7427
382.873 7462
382.887 7606
382.900 7594
382.914 7731
382.928 7775
382.941 7839
382.955 7800
382.968 7974
382.982 8074
382.995 8150
383.009 8080
383.022 8229
383.036 8413
383.049 8345
383.063 8466
383.076 8512
383.090 8578
383.103 8721
383.117 8669
383.130 8809
383.144 8876
383.158 9022
383.171 9097
383.185 9219
383.198 9186
383.212 9440
383.225 9509
383.239 9640
383.252 9800
383.266 9731
383.279 9874
383.293 10120
383.306 10123
383.320 10299
383.333 10612
383.347 10759
383.360 10810
383.374 10854
383.387 10980
383.401 11086
383.414 11052
383.428 10999
383.441 11264
383.455 11260
383.468 11284
383.482 11672
383.496 11891
383.509 12185
383.523 12132
383.536 12217
383.550 12310
383.563 12426
383.577 12677
383.590 12814
383.604 12926
383.617 12813
383.631 12880
383.644 12810
383.658 12921
383.671 12981
383.685 13141
383.698 13365
383.712 13514
383.725 13637
383.739 13455
383.752 13687
383.766 13737
383.779 13854
383.793 13995
383.806 14117
383.820 14800
383.833 14937
383.847 14925
383.860 15064
383.874 15412
383.887 14905
383.901 15188
383.914 15539
383.928 15803
383.941 15854
383.955 15695
383.968 15757
383.982 15891
383.995 16196
384.009 16327
384.022 16491
384.036 16555
384.049 16751
384.063 17215
384.076 17459
384.090 17803
384.103 18440
384.117 18582
384.130 18502
384.144 18341
384.157 18238
384.171 18336
384.184 18734
384.198 18776
384.211 18863
384.225 19258
384.238 19653
384.252 20000
384.265 20060
384.279 20493
384.292 20477
384.306 20814
384.319 20841
384.333 20921
384.346 20962
384.360 21223
384.373 21501
384.387 21519
384.400 21865
384.414 22196
384.427 22308
384.441 22360
384.454 22654
384.468 22751
384.481 22985
384.495 23398
384.508 23531
384.522 23615
384.535 23886
384.549 24148
384.562 24387
384.575 24802
384.589 25366
384.602 26058
384.616 26577
384.629 26637
384.643 26819
384.656 27304
384.670 27035
384.683 27101
384.697 27181
384.710 27472
384.724 27709
384.737 27951
384.751 27877
384.764 28240
384.778 28171
384.791 28594
384.805 28595
384.818 28539
384.832 28727
384.845 28522
384.859 28691
384.872 28062
384.885 27409
384.899 27364
384.912 27202
384.926 27174
384.939 26963
384.953 26677
384.966 26467
384.980 26385
384.993 26240
385.007 26014
385.020 25534
385.034 25135
385.047 24624
385.061 24210
385.074 23770
385.088 23049
385.101 22801
385.114 22202
385.128 21826
385.141 21556
385.155 21028
385.168 20924
385.182 20445
385.195 20081
385.209 19498
385.222 18739
385.236 18065
385.249 17560
385.263 16875
385.276 16042
385.290 15481
385.303 14829
385.316 14338
385.330 13944
385.343 13482
385.357 13135
385.370 12519
385.384 11950
385.397 11505
385.411 11256
385.424 10965
385.438 10598
385.451 10158
385.464 9939
385.478 9620
385.491 9494
385.505 9117
385.518 8842
385.532 8366
385.545 8142
385.559 7838
385.572 7600
385.586 7542
385.599 7385
385.612 7234
385.626 7023
385.639 6752
385.653 6691
385.666 6593
385.680 6512
385.693 6200
385.707 5991
385.720 5981
385.734 5747
385.747 5633
385.760 5491
385.774 5429
385.787 5398
385.801 5132
385.814 4926
385.828 4752
385.841 4700
385.855 4630
385.868 4559
385.881 4421
385.895 4412
385.908 4246
385.922 4218
385.935 4186
385.949 4091
385.962 4001
385.976 3997
385.989 3947
386.002 3953
386.016 3942
386.029 3932
386.043 3749
386.056 3721
386.070 3684
386.083 3559
386.097 3612
386.110 3563
386.123 3557
386.137 3510
386.150 3435
386.164 3399
386.177 3394
386.191 3380
386.204 3295
386.217 3315
386.231 3248
386.244 3208
386.258 3140
386.271 3167
386.285 3153
386.298 3153
386.311 3145
386.325 3053
386.338 2954
386.352 2919
386.365 2912
386.379 2964
386.392 2848
386.405 2841
386.419 2849
386.432 2815
386.446 2804
386.459 2879
386.473 2825
386.486 2793
386.499 2712
386.513 2700
386.526 2704
386.540 2684
386.553 2654
386.567 2610
386.580 2670
386.593 2734
386.607 2759
386.620 2700
386.634 2680
386.647 2680
386.661 2619
386.674 2617
386.687 2564
386.701 2524
386.714 2526
386.728 2549
386.741 2472
386.754 2456
386.768 2439
386.781 2441
386.795 2432
386.808 2439
386.822 2388
386.835 2371
386.848 2371
386.862 2373
386.875 2357
386.889 2308
386.902 2365
386.915 2328
386.929 2338
386.942 2310
386.956 2254
386.969 2242
386.983 2280
386.996 2234
387.009 2264
387.023 2285
387.036 2210
387.050 2276
387.063 2239
387.076 2214
387.090 2254
387.103 2206
387.117 2181
387.130 2199
387.143 2229
387.157 2214
387.170 2258
387.184 2171
387.197 2126
387.210 2197
387.224 2180
387.237 2106
387.251 2097
387.264 2067
387.278 2067
387.291 2119
387.304 2114
387.318 2054
387.331 2024
387.345 2065
387.358 2091
387.371 2086
387.385 2042
387.398 2033
387.412 2002
387.425 2011
387.438 1948
387.452 1966
387.465 1971
387.478 1975
387.492 1974
387.505 1949
387.519 2019
387.532 2004
387.545 2022
387.559 2057
387.572 2028
387.586 2022
387.599 2022
387.612 2034
387.626 2012
387.639 2040
387.653 2016
387.666 1929
387.679 1887
387.693 1867
387.706 1884
387.720 1892
387.733 1912
387.746 1937
387.760 1846
387.773 1881
387.787 1826
387.800 1863
387.813 1814
387.827 1865
387.840 1771
387.853 1798
387.867 1788
387.880 1814
387.894 1842
387.907 1824
387.920 1807
387.934 1733
387.947 1749
387.961 1734
387.974 1746
387.987 1710
388.001 1675
388.014 1660
388.027 1670
388.041 1649
388.054 1674
388.068 1607
388.081 1669
388.094 1643
388.108 1629
388.121 1586
388.134 1599
388.148 1539
388.161 1534
388.175 1480
388.188 1527
388.201 1458
388.215 1490
388.228 1496
388.241 1451
388.255 1487
388.268 1426
388.282 1446
388.295 1458
388.308 1423
388.322 1368
388.335 1380
388.348 1377
388.362 1354
388.375 1376
388.389 1368
388.402 1357
388.415 1338
388.429 1336
388.442 1370
388.455 1328
388.469 1331
388.482 1335
388.495 1313
388.509 1312
388.522 1306
388.536 1306
388.549 1257
388.562 1282
388.576 1232
388.589 1238
388.602 1230
388.616 1214
388.629 1225
388.642 1236
388.656 1211
388.669 1205
388.683 1194
388.696 1208
388.709 1209
388.723 1211
388.736 1182
388.749 1169
388.763 1139
388.776 1139
388.789 1153
388.803 1154
388.816 1136
388.829 1164
388.843 1130
388.856 1152
388.870 1138
388.883 1150
388.896 1138
388.910 1113
388.923 1147
388.936 1134
388.950 1133
388.963 1156
388.976 1148
388.990 1125
389.003 1125
389.016 1134
389.030 1152
389.043 1156
389.056 1139
389.070 1135
389.083 1124
389.097 1134
389.110 1117
389.123 1122
389.137 1142
389.150 1125
389.163 1117
389.177 1135
389.190 1108
389.203 1102
389.217 1138
389.230 1136
389.243 1097
389.257 1095
389.270 1100
389.283 1094
389.297 1093
389.310 1110
389.323 1085
389.337 1094
389.350 1113
389.363 1076
389.377 1078
389.390 1085
389.403 1088
389.417 1077
389.430 1061
389.443 1082
389.457 1092
389.470 1106
389.483 1105
389.497 1100
389.510 1109
389.523 1099
389.537 1090
389.550 1075
389.563 1078
389.577 1045
389.590 1041
389.603 1046
389.617 1035
389.630 1038
389.643 1037
389.657 1043
389.670 1041
389.683 1029
389.697 1024
389.710 1003
389.723 1046
389.737 1058
389.750 1036
389.763 1035
389.777 1025
389.790 1026
389.803 1028
389.817 1039
389.830 990
389.843 1030
389.857 981
389.870 992
389.883 975
389.897 988
389.910 972
389.923 996
389.937 999
389.950 969
389.963 1021
389.977 992
389.990 977
390.003 995
390.017 995
390.030 989
390.043 968
390.057 974
390.070 973
390.083 984
390.096 977
390.110 1000
390.123 974
390.136 985
390.150 982
390.163 971
390.176 969
390.190 961
390.203 963
390.216 933
390.230 948
390.243 972
390.256 958
390.270 947
390.283 962
390.296 956
390.310 953
390.323 947
390.336 952
390.349 956
390.363 947
390.376 948
390.389 947
390.403 962
390.416 946
390.429 959
390.443 943
390.456 917
390.469 933
390.483 936
390.496 933
390.509 916
390.522 932
390.536 907
390.549 926
390.562 905
390.576 913
390.589 922
390.602 931
390.616 896
390.629 920
390.642 897
390.655 886
390.669 904
390.682 903
390.695 908
390.709 901
390.722 882
390.735 879
390.749 910
390.762 879
390.775 894
390.788 864
390.802 870
390.815 884
390.828 883
390.842 885
390.855 865
390.868 869
390.882 866
390.895 852
390.908 853
390.921 859
390.935 877
390.948 848
390.961 855
390.975 873
390.988 854
391.001 828
391.014 835
391.028 843
391.041 827
391.054 817
391.068 833
391.081 828
391.094 838
391.107 851
391.121 811
391.134 818
391.147 806
391.161 827
391.174 809
391.187 800
391.200 812
391.214 786
391.227 800
391.240 798
391.254 778
391.267 790
391.280 802
391.293 793
391.307 769
391.320 794
391.333 795
391.347 784
391.360 771
391.373 764
391.386 782
391.400 762
391.413 781
391.426 767
391.440 770
391.453 764
391.466 758
391.479 775
391.493 762
391.506 768
391.519 770
391.532 762
391.546 770
391.559 765
391.572 761
391.586 747
391.599 758
391.612 745
391.625 743
391.639 752
391.652 748
391.665 732
391.678 734
391.692 740
391.705 742
391.718 744
391.732 740
391.745 740
391.758 724
391.771 731
391.785 728
391.798 743
391.811 727
391.824 717
391.838 728
391.851 727
391.864 727
391.877 731
391.891 722
391.904 725
391.917 721
391.931 718
391.944 721
391.957 728
391.970 732
391.984 713
391.997 715
392.010 706
392.023 721
392.037 704
392.050 716
392.063 720
392.076 708
392.090 699
392.103 718
392.116 713
392.129 708
392.143 722
392.156 702
392.169 703
392.182 714
392.196 698
392.209 703
392.222 709
392.235 718
392.249 697
392.262 701
392.275 707
392.288 713
392.302 695
392.315 706
392.328 706
392.341 717
392.355 708
392.368 715
392.381 705
392.394 720
392.408 708
392.421 705
392.434 709
392.447 718
392.461 700
392.474 703
392.487 691
392.500 687
392.514 702
392.527 704
392.540 703
392.553 706
392.567 708
392.580 699
392.593 698
392.606 711
392.620 706
392.633 701
392.646 698
392.659 711
392.673 706
392.686 693
392.699 693
392.712 707
392.726 706
392.739 700
392.752 680
392.765 687
392.778 703
392.792 695
392.805 702
392.818 699
392.831 709
392.845 703
392.858 693
392.871 689
392.884 699
392.898 700
392.911 687
392.924 702
392.937 711
392.951 704
392.964 690
392.977 686
392.990 695
393.003 692
393.017 693
393.030 703
393.043 697
393.056 692
393.070 677
393.083 685
393.096 695
393.109 682
393.122 696
393.136 682
393.149 684
393.162 682
393.175 687
393.189 692
393.202 703
393.215 684
393.228 684
393.242 682
393.255 688
393.268 683
393.281 687
393.294 693
393.308 670
393.321 682
393.334 686
393.347 686
393.360 690
393.374 679
393.387 687
393.400 684
393.413 690
393.427 680
393.440 685
393.453 682
393.466 697
393.479 687
393.493 676
393.506 682
393.519 690
393.532 685
393.546 690
393.559 690
393.572 687
393.585 685
393.598 689
393.612 681
393.625 682
393.638 693
393.651 693
393.664 690
393.678 694
393.691 692
393.704 684
393.717 679
393.730 690
393.744 683
393.757 680
393.770 676
393.783 678
393.796 679
393.810 684
393.823 680
393.836 681
393.849 693
393.863 693
393.876 683
393.889 685
393.902 690
393.915 678
393.929 684
