375.891 712
375.905 724
375.919 735
375.933 713
375.946 727
375.960 732
375.974 731
375.987 734
376.001 704
376.015 739
376.029 734
376.042 722
376.056 732
376.070 729
376.084 726
376.097 744
376.111 725
376.125 744
376.139 741
376.152 746
376.166 755
376.180 720
376.193 733
376.207 755
376.221 733
376.235 752
376.248 748
376.262 748
376.276 763
376.290 757
376.303 754
376.317 758
376.331 768
376.345 760
376.358 753
376.372 776
376.386 784
376.399 768
376.413 775
376.427 794
376.441 772
376.454 783
376.468 776
376.482 788
376.495 793
376.509 792
376.523 802
376.537 793
376.550 787
376.564 813
376.578 809
376.592 808
376.605 820
376.619 807
376.633 794
376.646 814
376.660 792
376.674 823
376.688 823
376.701 811
376.715 834
376.729 842
376.742 855
376.756 835
376.770 835
376.784 857
376.797 858
376.811 853
376.825 873
376.838 852
376.852 865
376.866 860
376.880 879
376.893 874
376.907 866
376.921 867
376.934 868
376.948 879
376.962 881
376.976 880
376.989 898
377.003 914
377.017 908
377.030 928
377.044 907
377.058 920
377.071 942
377.085 933
377.099 945
377.113 944
377.126 961
377.140 942
377.154 944
377.167 964
377.181 960
377.195 965
377.208 954
377.222 978
377.236 986
377.250 978
377.263 966
377.277 980
377.291 985
377.304 1008
377.318 1020
377.332 982
377.345 1015
377.359 1020
377.373 1013
377.387 1031
377.400 1032
377.414 1029
377.428 1032
377.441 1049
377.455 1039
377.469 1066
377.482 1029
377.496 1074
377.510 1060
377.524 1079
377.537 1102
377.551 1081
377.565 1066
377.578 1072
377.592 1085
377.606 1112
377.619 1084
377.633 1077
377.647 1091
377.660 1093
377.674 1121
377.688 1106
377.701 1092
377.715 1120
377.729 1096
377.743 1121
377.756 1123
377.770 1157
377.784 1134
377.797 1116
377.811 1162
377.825 1153
377.838 1169
377.852 1155
377.866 1160
377.879 1176
377.893 1191
377.907 1186
377.920 1186
377.934 1187
377.948 1180
377.961 1206
377.975 1191
377.989 1190
378.002 1166
378.016 1218
378.030 1185
378.044 1188
378.057 1194
378.071 1219
378.085 1218
378.098 1240
378.112 1225
378.126 1238
378.139 1258
378.153 1210
378.167 1185
378.180 1207
378.194 1224
378.208 1233
378.221 1264
378.235 1269
378.249 1270
378.262 1265
378.276 1251
378.290 1250
378.303 1272
378.317 1276
378.331 1292
378.344 1272
378.358 1274
378.372 1314
378.385 1288
378.399 1313
378.413 1328
378.426 1294
378.440 1312
378.454 1304
378.467 1317
378.481 1305
378.495 1306
378.508 1314
378.522 1333
378.536 1332
378.549 1316
378.563 1354
378.577 1328
378.590 1340
378.604 1357
378.618 1357
378.631 1373
378.645 1366
378.659 1378
378.672 1386
378.686 1408
378.700 1432
378.713 1423
378.727 1429
378.740 1426
378.754 1389
378.768 1415
378.781 1432
378.795 1416
378.809 1449
378.822 1458
378.836 1429
378.850 1390
378.863 1441
378.877 1402
378.891 1415
378.904 1416
378.918 1458
378.932 1454
378.945 1420
378.959 1443
378.973 1447
378.986 1442
379.000 1461
379.014 1446
379.027 1428
379.041 1426
379.054 1444
379.068 1449
379.082 1484
379.095 1442
379.109 1460
379.123 1448
379.136 1506
379.150 1497
379.164 1504
379.177 1509
379.191 1510
379.205 1508
379.218 1521
379.232 1515
379.245 1554
379.259 1498
379.273 1531
379.286 1548
379.300 1549
379.314 1562
379.327 1587
379.341 1591
379.355 1589
379.368 1589
379.382 1579
379.396 1584
379.409 1583
379.423 1595
379.436 1597
379.450 1606
379.464 1614
379.477 1637
379.491 1651
379.505 1642
379.518 1652
379.532 1708
379.546 1683
379.559 1677
379.573 1695
379.586 1709
379.600 1729
379.614 1766
379.627 1770
379.641 1771
379.655 1778
379.668 1736
379.682 1714
379.695 1772
379.709 1750
379.723 1789
379.736 1862
379.750 1922
379.764 1914
379.777 1952
379.791 1942
379.804 1988
379.818 1983
379.832 1923
379.845 1952
379.859 1905
379.873 1931
379.886 1962
379.900 1955
379.913 2031
379.927 2037
379.941 2030
379.954 2077
379.968 2063
379.982 2138
379.995 2139
380.009 2112
380.022 2143
380.036 2127
380.050 2182
380.063 2231
380.077 2309
380.090 2361
380.104 2396
380.118 2411
380.131 2452
380.145 2402
380.159 2497
380.172 2425
380.186 2532
380.199 2591
380.213 2591
380.227 2623
380.240 2676
380.254 2626
380.267 2606
380.281 2546
380.295 2630
380.308 2729
380.322 2725
380.336 2735
380.349 2777
380.363 2801
380.376 2810
380.390 2854
380.404 2910
380.417 2909
380.431 2890
380.444 2959
380.458 3047
380.472 2979
380.485 2995
380.499 3092
380.512 3044
380.526 3139
380.540 3136
380.553 3195
380.567 3237
380.580 3290
380.594 3290
380.608 3398
380.621 3535
380.635 3505
380.648 3518
380.662 3589
380.676 3611
380.689 3667
380.703 3661
380.716 3647
380.730 3705
380.744 3808
380.757 3832
380.771 3933
380.784 4015
380.798 3930
380.812 4023
380.825 3980
380.839 4032
380.852 4169
380.866 4297
380.880 4361
380.893 4193
380.907 4263
380.920 4269
380.934 4349
380.948 4360
380.961 4380
380.975 4468
380.988 4498
381.002 4459
381.015 4456
381.029 4446
381.043 4658
381.056 4641
381.070 4552
381.083 4607
381.097 4753
381.111 4633
381.124 4728
381.138 4796
381.151 4804
381.165 4857
381.179 4859
381.192 4843
381.206 4890
381.219 4931
381.233 4856
381.246 4909
381.260 4928
381.274 5031
381.287 4989
381.301 4985
381.314 5056
381.328 5136
381.341 5068
381.355 5096
381.369 5241
381.382 5168
381.396 5234
381.409 5274
381.423 5310
381.437 5255
381.450 5318
381.464 5406
381.477 5420
381.491 5552
381.504 5482
381.518 5521
381.532 5472
381.545 5645
381.559 5732
381.572 5808
381.586 5673
381.599 5666
381.613 5726
381.627 5771
381.640 5761
381.654 5792
381.667 5805
381.681 5795
381.694 5783
381.708 5744
381.722 5685
381.735 5599
381.749 5706
381.762 5648
381.776 5674
381.789 5692
381.803 5697
381.817 5744
381.830 5740
381.844 5738
381.857 5767
381.871 5896
381.884 5856
381.898 5825
381.911 5810
381.925 5831
381.939 5950
381.952 5927
381.966 5962
381.979 5870
381.993 6100
382.006 6130
382.020 6184
382.034 6233
382.047 6141
382.061 6053
382.074 6054
382.088 6008
382.101 6098
382.115 6014
382.128 6111
382.142 6278
382.156 6532
382.169 6436
382.183 6429
382.196 6305
382.210 6324
382.223 6418
382.237 6380
382.250 6418
382.264 6384
382.278 6486
382.291 6589
382.305 6623
382.318 6699
382.332 6811
382.345 6450
382.359 6463
382.372 6436
382.386 6564
382.399 6464
382.413 6501
382.427 6616
382.440 6555
382.454 6522
382.467 6740
382.481 6850
382.494 6961
382.508 6961
382.521 7047
382.535 6991
382.548 6967
382.562 6927
382.576 7004
382.589 6977
382.603 7084
382.616 7064
382.630 7129
382.643 7245
382.657 7255
382.670 7424
382.684 7377
382.697 7381
382.711 7463
382.724 7551
382.738 7593
382.752 7496
382.765 7654
382.779 7710
382.792 7762
382.806 7838
382.819 7894
382.833 7954
382.846 8029
382.860 8179
382.873 8167
382.887 8127
382.900 8448
382.914 8417
382.928 8571
382.941 8622
382.955 8519
382.968 8817
382.982 8824
382.995 8933
383.009 8919
383.022 9058
383.036 9115
383.049 9179
383.063 9309
383.076 9433
383.090 9511
383.103 9511
383.117 9674
383.130 9693
383.144 9600
383.158 9906
383.171 10020
383.185 10126
383.198 10278
383.212 10479
383.225 10601
383.239 10733
383.252 11050
383.266 10994
383.279 11042
383.293 11103
383.306 11302
383.320 11486
383.333 11750
383.347 12012
383.360 12026
383.374 12171
383.387 12258
383.401 12316
383.414 12343
383.428 12314
383.441 12535
383.455 12467
383.468 12644
383.482 12809
383.496 13417
383.509 13536
383.523 13513
383.536 13654
383.550 13756
383.563 14045
383.577 14065
383.590 14341
383.604 14713
383.617 14290
383.631 14436
383.644 14348
383.658 14378
383.671 14431
383.685 14795
383.698 14886
383.712 15191
383.725 15315
383.739 15130
383.752 15243
383.766 15518
383.779 15589
383.793 15781
383.806 16046
383.820 16615
383.833 16826
383.847 16664
383.860 17044
383.874 17202
383.887 16803
383.901 17039
383.914 17463
383.928 17661
383.941 17713
383.955 17671
383.968 17693
383.982 17977
383.995 18098
384.009 18367
384.022 18446
384.036 18753
384.049 18991
384.063 19344
384.076 19732
384.090 20229
384.103 20729
384.117 20762
384.130 21128
384.144 20700
384.157 20719
384.171 20988
384.184 21005
384.198 21320
384.211 21732
384.225 21946
384.238 22496
384.252 22757
384.265 22998
384.279 23305
384.292 23586
384.306 23849
384.319 23857
384.333 24034
384.346 24142
384.360 24265
384.373 24565
384.387 24952
384.400 25116
384.414 25204
384.427 25746
384.441 25773
384.454 26089
384.468 26116
384.481 26659
384.495 26736
384.508 26867
384.522 27385
384.535 27549
384.549 28022
384.562 27957
384.575 28245
384.589 29002
384.602 29925
384.616 30345
384.629 31004
384.643 31131
384.656 31285
384.670 31124
384.683 31444
384.697 31488
384.710 31689
384.724 31704
384.737 32021
384.751 32192
384.764 32441
384.778 32607
384.791 32856
384.805 33067
384.818 32905
384.832 32922
384.845 33027
384.859 32708
384.872 32192
384.885 31612
384.899 31439
384.912 31234
384.926 31143
384.939 30951
384.953 30558
384.966 30308
384.980 30087
384.993 29433
385.007 29237
385.020 28719
385.034 28232
385.047 27787
385.061 27170
385.074 26690
385.088 26018
385.101 25550
385.114 24688
385.128 24291
385.141 23629
385.155 23164
385.168 23015
385.182 22662
385.195 21919
385.209 21109
385.222 20184
385.236 19509
385.249 18823
385.263 18270
385.276 17367
385.290 16639
385.303 16081
385.316 15466
385.330 15152
385.343 14578
385.357 14166
385.370 13570
385.384 13041
385.397 12446
385.411 12184
385.424 11654
385.438 11283
385.451 11109
385.464 10754
385.478 10604
385.491 10280
385.505 9819
385.518 9519
385.532 9236
385.545 8795
385.559 8487
385.572 8293
385.586 8188
385.599 7916
385.612 7879
385.626 7704
385.639 7400
385.653 7264
385.666 7175
385.680 7019
385.693 6811
385.707 6661
385.720 6401
385.734 6265
385.747 5946
385.760 6013
385.774 5829
385.787 5850
385.801 5545
385.814 5348
385.828 5147
385.841 5173
385.855 5011
385.868 5003
385.881 4803
385.895 4766
385.908 4697
385.922 4588
385.935 4474
385.949 4431
385.962 4428
385.976 4352
385.989 4337
386.002 4329
386.016 4237
386.029 4180
386.043 4181
386.056 4025
386.070 3954
386.083 3821
386.097 3928
386.110 3829
386.123 3821
386.137 3782
386.150 3745
386.164 3668
386.177 3674
386.191 3585
386.204 3547
386.217 3511
386.231 3468
386.244 3462
386.258 3421
386.271 3459
386.285 3439
386.298 3391
386.311 3382
386.325 3297
386.338 3146
386.352 3211
386.365 3201
386.379 3088
386.392 3090
386.405 3070
386.419 3056
386.432 3103
386.446 3013
386.459 3025
386.473 2999
386.486 2991
386.499 2933
386.513 2961
386.526 2930
386.540 2905
386.553 2816
386.567 2825
386.580 2908
386.593 2880
386.607 2933
386.620 2870
386.634 2959
386.647 2860
386.661 2825
386.674 2693
386.687 2729
386.701 2631
386.714 2672
386.728 2630
386.741 2684
386.754 2686
386.768 2577
386.781 2654
386.795 2566
386.808 2500
386.822 2520
386.835 2559
386.848 2522
386.862 2512
386.875 2496
386.889 2478
386.902 2500
386.915 2470
386.929 2419
386.942 2468
386.956 2460
386.969 2451
386.983 2404
386.996 2412
387.009 2359
387.023 2398
387.036 2354
387.050 2351
387.063 2364
387.076 2381
387.090 2338
387.103 2307
387.117 2326
387.130 2370
387.143 2374
387.157 2317
387.170 2322
387.184 2310
387.197 2285
387.210 2266
387.224 2279
387.237 2273
387.251 2157
387.264 2194
387.278 2184
387.291 2198
387.304 2267
387.318 2177
387.331 2164
387.345 2170
387.358 2186
387.371 2135
387.385 2138
387.398 2108
387.412 2122
387.425 2105
387.438 2065
387.452 2058
387.465 2042
387.478 2064
387.492 2036
387.505 2019
387.519 2069
387.532 2061
387.545 2089
387.559 2103
387.572 2097
387.586 2061
387.599 2068
387.612 2081
387.626 2109
387.639 2067
387.653 2052
387.666 1972
387.679 1948
387.693 1969
387.706 1891
387.720 1937
387.733 1972
387.746 1961
387.760 1986
387.773 1951
387.787 1931
387.800 1913
387.813 1868
387.827 1904
387.840 1830
387.853 1833
387.867 1786
387.880 1847
387.894 1875
387.907 1906
387.920 1853
387.934 1832
387.947 1842
387.961 1819
387.974 1821
387.987 1777
388.001 1717
388.014 1756
388.027 1715
388.041 1730
388.054 1678
388.068 1708
388.081 1666
388.094 1701
388.108 1685
388.121 1647
388.134 1651
388.148 1626
388.161 1610
388.175 1573
388.188 1564
388.201 1552
388.215 1548
388.228 1520
388.241 1518
388.255 1529
388.268 1476
388.282 1470
388.295 1477
388.308 1442
388.322 1444
388.335 1428
388.348 1387
388.362 1408
388.375 1397
388.389 1404
388.402 1367
388.415 1385
388.429 1386
388.442 1382
388.455 1384
388.469 1397
388.482 1341
388.495 1348
388.509 1345
388.522 1337
388.536 1300
388.549 1266
388.562 1290
388.576 1250
388.589 1276
388.602 1276
388.616 1256
388.629 1242
388.642 1223
388.656 1248
388.669 1225
388.683 1237
388.696 1245
388.709 1245
388.723 1216
388.736 1216
388.749 1204
388.763 1203
388.776 1205
388.789 1206
388.803 1191
388.816 1179
388.829 1195
388.843 1137
388.856 1168
388.870 1167
388.883 1163
388.896 1139
388.910 1154
388.923 1151
388.936 1163
388.950 1198
388.963 1166
388.976 1167
388.990 1161
389.003 1152
389.016 1166
389.030 1186
389.043 1148
389.056 1157
389.070 1190
389.083 1174
389.097 1159
389.110 1149
389.123 1150
389.137 1137
389.150 1127
389.163 1158
389.177 1126
389.190 1116
389.203 1152
389.217 1155
389.230 1160
389.243 1149
389.257 1146
389.270 1124
389.283 1127
389.297 1148
389.310 1121
389.323 1129
389.337 1154
389.350 1129
389.363 1102
389.377 1158
389.390 1111
389.403 1122
389.417 1121
389.430 1113
389.443 1114
389.457 1120
389.470 1129
389.483 1136
389.497 1126
389.510 1123
389.523 1141
389.537 1090
389.550 1126
389.563 1067
389.577 1084
389.590 1059
389.603 1034
389.617 1056
389.630 1070
389.643 1076
389.657 1073
389.670 1053
389.683 1081
389.697 1058
389.710 1035
389.723 1088
389.737 1063
389.750 1065
389.763 1071
389.777 1056
389.790 1062
389.803 1030
389.817 1069
389.830 1049
389.843 1042
389.857 1020
389.870 1010
389.883 1006
389.897 1025
389.910 1020
389.923 1028
389.937 1009
389.950 1042
389.963 1027
389.977 1023
389.990 1019
390.003 1007
390.017 1020
390.030 1012
390.043 999
390.057 987
390.070 992
390.083 995
390.096 1006
390.110 1022
390.123 1029
390.136 992
390.150 992
390.163 988
390.176 992
390.190 999
390.203 1001
390.216 977
390.230 971
390.243 983
390.256 984
390.270 978
390.283 985
390.296 952
390.310 978
390.323 983
390.336 971
390.349 969
390.363 971
390.376 976
390.389 987
390.403 972
390.416 958
390.429 959
390.443 953
390.456 958
390.469 962
390.483 946
390.496 957
390.509 945
390.522 950
390.536 948
390.549 940
390.562 967
390.576 949
390.589 955
390.602 928
390.616 946
390.629 913
390.642 925
390.655 915
390.669 938
390.682 929
390.695 932
390.709 917
390.722 916
390.735 917
390.749 906
390.762 915
390.775 925
390.788 910
390.802 906
390.815 899
390.828 910
390.842 905
390.855 890
390.868 892
390.882 873
390.895 891
390.908 881
390.921 885
390.935 889
390.948 874
390.961 884
390.975 882
390.988 862
391.001 868
391.014 880
391.028 849
391.041 864
391.054 864
391.068 856
391.081 851
391.094 860
391.107 841
391.121 822
391.134 846
391.147 845
391.161 824
391.174 829
391.187 824
391.200 818
391.214 810
391.227 811
391.240 807
391.254 824
391.267 798
391.280 806
391.293 808
391.307 798
391.320 785
391.333 791
391.347 798
391.360 804
391.373 782
391.386 771
391.400 793
391.413 779
391.426 780
391.440 787
391.453 778
391.466 777
391.479 773
391.493 786
391.506 759
391.519 771
391.532 768
391.546 762
391.559 766
391.572 767
391.586 762
391.599 758
391.612 757
391.625 756
391.639 749
391.652 748
391.665 763
391.678 749
391.692 753
391.705 749
391.718 747
391.732 751
391.745 747
391.758 737
391.771 756
391.785 732
391.798 750
391.811 741
391.824 738
391.838 738
391.851 735
391.864 733
391.877 732
391.891 720
391.904 741
391.917 737
391.931 726
391.944 730
391.957 735
391.970 729
391.984 735
391.997 736
392.010 732
392.023 729
392.037 733
392.050 716
392.063 727
392.076 718
392.090 737
392.103 728
392.116 733
392.129 723
392.143 716
392.156 721
392.169 718
392.182 732
392.196 717
392.209 720
392.222 716
392.235 708
392.249 720
392.262 706
392.275 712
392.288 708
392.302 712
392.315 720
392.328 716
392.341 705
392.355 707
392.368 707
392.381 715
392.394 712
392.408 717
392.421 722
392.434 716
392.447 716
392.461 703
392.474 712
392.487 705
392.500 722
392.514 703
392.527 718
392.540 709
392.553 711
392.567 718
392.580 705
392.593 700
392.606 708
392.620 707
392.633 688
392.646 709
392.659 710
392.673 706
392.686 694
392.699 701
392.712 695
392.726 698
392.739 705
392.752 693
392.765 707
392.778 700
392.792 696
392.805 693
392.818 705
392.831 701
392.845 708
392.858 702
392.871 704
392.884 704
392.898 704
392.911 719
392.924 705
392.937 718
392.951 707
392.964 705
392.977 697
392.990 702
393.003 699
393.017 699
393.030 698
393.043 707
393.056 704
393.070 698
393.083 693
393.096 698
393.109 709
393.122 707
393.136 701
393.149 699
393.162 696
393.175 710
393.189 684
393.202 701
393.215 692
393.228 703
393.242 691
393.255 697
393.268 690
393.281 696
393.294 677
393.308 690
393.321 685
393.334 690
393.347 696
393.360 695
393.374 688
393.387 678
393.400 687
393.413 679
393.427 690
393.440 684
393.453 686
393.466 701
393.479 677
393.493 690
393.506 685
393.519 683
393.532 698
393.546 699
393.559 692
393.572 696
393.585 689
393.598 698
393.612 691
393.625 690
393.638 689
393.651 690
393.664 688
393.678 691
393.691 683
393.704 702
393.717 688
393.730 695
393.744 691
393.757 690
393.770 684
393.783 689
393.796 683
393.810 689
393.823 682
393.836 687
393.849 695
393.863 686
393.876 698
393.889 692
393.902 681
393.915 678
393.929 682
