375.891 688
375.905 692
375.919 696
375.933 697
375.946 690
375.960 700
375.974 711
375.987 704
376.001 708
376.015 703
376.029 701
376.042 703
376.056 712
376.070 703
376.084 720
376.097 724
376.111 709
376.125 716
376.139 718
376.152 707
376.166 715
376.180 719
376.193 719
376.207 713
376.221 725
376.235 717
376.248 713
376.262 734
376.276 725
376.290 717
376.303 735
376.317 731
376.331 725
376.345 749
376.358 728
376.372 735
376.386 724
376.399 744
376.413 738
376.427 744
376.441 733
376.454 743
376.468 740
376.482 745
376.495 748
376.509 761
376.523 764
376.537 763
376.550 768
376.564 786
376.578 786
376.592 783
376.605 785
376.619 766
376.633 772
376.646 768
376.660 777
376.674 771
376.688 756
376.701 773
376.715 798
376.729 789
376.742 788
376.756 789
376.770 795
376.784 789
376.797 764
376.811 800
376.825 818
376.838 815
376.852 807
376.866 826
376.880 821
376.893 826
376.907 815
376.921 835
376.934 841
376.948 823
376.962 833
376.976 831
376.989 837
377.003 834
377.017 845
377.030 847
377.044 850
377.058 863
377.071 855
377.085 856
377.099 846
377.113 871
377.126 875
377.140 872
377.154 876
377.167 878
377.181 883
377.195 875
377.208 911
377.222 872
377.236 886
377.250 905
377.263 910
377.277 913
377.291 919
377.304 912
377.318 943
377.332 930
377.345 925
377.359 943
377.373 914
377.387 920
377.400 954
377.414 962
377.428 944
377.441 941
377.455 949
377.469 964
377.482 974
377.496 964
377.510 979
377.524 999
377.537 985
377.551 989
377.565 1000
377.578 980
377.592 1010
377.606 955
377.619 979
377.633 979
377.647 1000
377.660 1001
377.674 1004
377.688 1007
377.701 972
377.715 1003
377.729 1011
377.743 1021
377.756 1025
377.770 1038
377.784 1038
377.797 1040
377.811 1026
377.825 1050
377.838 1042
377.852 1061
377.866 1045
377.879 1058
377.893 1057
377.907 1054
377.920 1058
377.934 1050
377.948 1041
377.961 1078
377.975 1070
377.989 1079
378.002 1103
378.016 1084
378.030 1088
378.044 1103
378.057 1092
378.071 1106
378.085 1090
378.098 1096
378.112 1111
378.126 1095
378.139 1122
378.153 1114
378.167 1108
378.180 1117
378.194 1113
378.208 1161
378.221 1125
378.235 1122
378.249 1174
378.262 1135
378.276 1148
378.290 1145
378.303 1116
378.317 1127
378.331 1148
378.344 1154
378.358 1166
378.372 1149
378.385 1185
378.399 1135
378.413 1177
378.426 1157
378.440 1169
378.454 1189
378.467 1169
378.481 1141
378.495 1212
378.508 1151
378.522 1202
378.536 1177
378.549 1190
378.563 1206
378.577 1172
378.590 1206
378.604 1218
378.618 1179
378.631 1223
378.645 1196
378.659 1230
378.672 1200
378.686 1253
378.700 1289
378.713 1264
378.727 1255
378.740 1269
378.754 1275
378.768 1283
378.781 1295
378.795 1308
378.809 1308
378.822 1324
378.836 1280
378.850 1242
378.863 1266
378.877 1316
378.891 1299
378.904 1262
378.918 1274
378.932 1302
378.945 1295
378.959 1298
378.973 1300
378.986 1310
379.000 1299
379.014 1267
379.027 1300
379.041 1292
379.054 1297
379.068 1298
379.082 1310
379.095 1308
379.109 1299
379.123 1300
379.136 1291
379.150 1340
379.164 1313
379.177 1364
379.191 1327
379.205 1323
379.218 1343
379.232 1346
379.245 1366
379.259 1384
379.273 1379
379.286 1375
379.300 1380
379.314 1365
379.327 1384
379.341 1416
379.355 1412
379.368 1418
379.382 1418
379.396 1447
379.409 1408
379.423 1434
379.436 1426
379.450 1445
379.464 1456
379.477 1451
379.491 1448
379.505 1494
379.518 1474
379.532 1459
379.546 1532
379.559 1511
379.573 1487
379.586 1510
379.600 1570
379.614 1561
379.627 1574
379.641 1602
379.655 1588
379.668 1572
379.682 1589
379.695 1599
379.709 1572
379.723 1607
379.736 1624
379.750 1735
379.764 1734
379.777 1722
379.791 1728
379.804 1752
379.818 1744
379.832 1730
379.845 1722
379.859 1764
379.873 1694
379.886 1750
379.900 1757
379.913 1770
379.927 1816
379.941 1807
379.954 1852
379.968 1878
379.982 1843
379.995 1830
380.009 1901
380.022 1895
380.036 1941
380.050 1899
380.063 2026
380.077 2114
380.090 2098
380.104 2105
380.118 2118
380.131 2135
380.145 2148
380.159 2143
380.172 2206
380.186 2151
380.199 2260
380.213 2309
380.227 2321
380.240 2363
380.254 2319
380.267 2293
380.281 2300
380.295 2321
380.308 2358
380.322 2395
380.336 2424
380.349 2454
380.363 2480
380.376 2482
380.390 2505
380.404 2552
380.417 2580
380.431 2622
380.444 2582
380.458 2664
380.472 2650
380.485 2685
380.499 2722
380.512 2700
380.526 2744
380.540 2763
380.553 2787
380.567 2865
380.580 2955
380.594 2923
380.608 3024
380.621 3128
380.635 3173
380.648 3144
380.662 3137
380.676 3169
380.689 3213
380.703 3237
380.716 3248
380.730 3224
380.744 3399
380.757 3408
380.771 3424
380.784 3491
380.798 3494
380.812 3580
380.825 3620
380.839 3561
380.852 3742
380.866 3740
380.880 3831
380.893 3778
380.907 3752
380.920 3739
380.934 3798
380.948 3904
380.961 3842
380.975 3893
380.988 3925
381.002 3926
381.015 3940
381.029 4012
381.043 4052
381.056 4065
381.070 4050
381.083 4151
381.097 4138
381.111 4127
381.124 4239
381.138 4258
381.151 4236
381.165 4303
381.179 4277
381.192 4323
381.206 4224
381.219 4359
381.233 4421
381.246 4364
381.260 4324
381.274 4305
381.287 4400
381.301 4380
381.314 4479
381.328 4503
381.341 4484
381.355 4533
381.369 4535
381.382 4527
381.396 4519
381.409 4600
381.423 4608
381.437 4782
381.450 4691
381.464 4842
381.477 4830
381.491 4960
381.504 4853
381.518 4876
381.532 4898
381.545 5030
381.559 5041
381.572 5099
381.586 5131
381.599 5105
381.613 5100
381.627 5077
381.640 5078
381.654 5094
381.667 5074
381.681 5070
381.694 5117
381.708 5040
381.722 4872
381.735 5019
381.749 5017
381.762 5012
381.776 5092
381.789 5062
381.803 5044
381.817 5006
381.830 5050
381.844 5076
381.857 5168
381.871 5228
381.884 5164
381.898 5143
381.911 5109
381.925 5189
381.939 5197
381.952 5238
381.966 5195
381.979 5176
381.993 5325
382.006 5353
382.020 5449
382.034 5432
382.047 5410
382.061 5437
382.074 5377
382.088 5300
382.101 5343
382.115 5309
382.128 5424
382.142 5538
382.156 5704
382.169 5724
382.183 5712
382.196 5651
382.210 5644
382.223 5554
382.237 5629
382.250 5620
382.264 5687
382.278 5660
382.291 5776
382.305 5862
382.318 5914
382.332 5903
382.345 5700
382.359 5663
382.372 5713
382.386 5699
382.399 5824
382.413 5700
382.427 5674
382.440 5796
382.454 5831
382.467 5836
382.481 5896
382.494 6047
382.508 6074
382.521 6217
382.535 6076
382.548 6159
382.562 6153
382.576 6190
382.589 6133
382.603 6198
382.616 6296
382.630 6286
382.643 6256
382.657 6320
382.670 6439
382.684 6498
382.697 6482
382.711 6514
382.724 6605
382.738 6668
382.752 6716
382.765 6704
382.779 6797
382.792 6819
382.806 6920
382.819 6929
382.833 6958
382.846 7009
382.860 7056
382.873 7270
382.887 7280
382.900 7300
382.914 7294
382.928 7584
382.941 7624
382.955 7609
382.968 7726
382.982 7777
382.995 7881
383.009 8007
383.022 7933
383.036 8048
383.049 8158
383.063 8253
383.076 8218
383.090 8334
383.103 8331
383.117 8376
383.130 8543
383.144 8529
383.158 8651
383.171 8746
383.185 8834
383.198 9050
383.212 8983
383.225 9201
383.239 9339
383.252 9561
383.266 9574
383.279 9686
383.293 9685
383.306 9745
383.320 9999
383.333 10125
383.347 10437
383.360 10456
383.374 10409
383.387 10674
383.401 10735
383.414 10731
383.428 10736
383.441 10877
383.455 10980
383.468 10991
383.482 11187
383.496 11658
383.509 11786
383.523 11852
383.536 11913
383.550 12107
383.563 12177
383.577 12312
383.590 12552
383.604 12754
383.617 12602
383.631 12609
383.644 12526
383.658 12645
383.671 12641
383.685 12874
383.698 12907
383.712 13301
383.725 13283
383.739 13238
383.752 13502
383.766 13474
383.779 13562
383.793 13890
383.806 14020
383.820 14685
383.833 14608
383.847 14619
383.860 15015
383.874 15030
383.887 14729
383.901 14893
383.914 15316
383.928 15533
383.941 15601
383.955 15423
383.968 15576
383.982 15668
383.995 15916
384.009 16061
384.022 15926
384.036 16289
384.049 16625
384.063 16797
384.076 17054
384.090 17496
384.103 18126
384.117 18452
384.130 18192
384.144 18162
384.157 18037
384.171 18210
384.184 18226
384.198 18518
384.211 18773
384.225 18904
384.238 19538
384.252 19619
384.265 19951
384.279 20220
384.292 20400
384.306 20542
384.319 20566
384.333 20762
384.346 20941
384.360 21164
384.373 21370
384.387 21652
384.400 21651
384.414 21823
384.427 22053
384.441 22343
384.454 22756
384.468 22770
384.481 22781
384.495 23143
384.508 23563
384.522 23670
384.535 23810
384.549 23995
384.562 24411
384.575 24625
384.589 25258
384.602 25887
384.616 26528
384.629 26753
384.643 26955
384.656 27058
384.670 27330
384.683 27362
384.697 27115
384.710 27589
384.724 27639
384.737 27794
384.751 28147
384.764 28238
384.778 28334
384.791 28580
384.805 28906
384.818 28685
384.832 28697
384.845 28744
384.859 28547
384.872 27976
384.885 27635
384.899 27699
384.912 27553
384.926 27393
384.939 26780
384.953 26843
384.966 26742
384.980 26286
384.993 26296
385.007 25953
385.020 25897
385.034 25378
385.047 24934
385.061 24450
385.074 23818
385.088 23393
385.101 22950
385.114 22600
385.128 22112
385.141 21761
385.155 21078
385.168 21079
385.182 20759
385.195 20110
385.209 19612
385.222 18498
385.236 17947
385.249 17457
385.263 16983
385.276 16172
385.290 15439
385.303 14841
385.316 14268
385.330 14231
385.343 13461
385.357 13270
385.370 12718
385.384 12184
385.397 11806
385.411 11425
385.424 10960
385.438 10585
385.451 10333
385.464 10036
385.478 9732
385.491 9471
385.505 9138
385.518 8850
385.532 8509
385.545 8224
385.559 7813
385.572 7624
385.586 7535
385.599 7246
385.612 7285
385.626 7039
385.639 6695
385.653 6604
385.666 6700
385.680 6436
385.693 6249
385.707 6086
385.720 5823
385.734 5773
385.747 5588
385.760 5449
385.774 5322
385.787 5336
385.801 5162
385.814 4758
385.828 4737
385.841 4629
385.855 4562
385.868 4507
385.881 4382
385.895 4335
385.908 4144
385.922 4185
385.935 4089
385.949 3950
385.962 3952
385.976 3926
385.989 3865
386.002 3935
386.016 3839
386.029 3786
386.043 3722
386.056 3647
386.070 3552
386.083 3469
386.097 3498
386.110 3463
386.123 3421
386.137 3389
386.150 3320
386.164 3284
386.177 3272
386.191 3232
386.204 3209
386.217 3170
386.231 3148
386.244 3115
386.258 3055
386.271 3125
386.285 3021
386.298 3067
386.311 3004
386.325 2885
386.338 2866
386.352 2842
386.365 2833
386.379 2848
386.392 2768
386.405 2779
386.419 2772
386.432 2736
386.446 2767
386.459 2748
386.473 2699
386.486 2698
386.499 2619
386.513 2580
386.526 2586
386.540 2631
386.553 2537
386.567 2570
386.580 2659
386.593 2581
386.607 2621
386.620 2633
386.634 2629
386.647 2597
386.661 2556
386.674 2496
386.687 2461
386.701 2428
386.714 2376
386.728 2407
386.741 2411
386.754 2372
386.768 2378
386.781 2353
386.795 2326
386.808 2277
386.822 2284
386.835 2275
386.848 2281
386.862 2252
386.875 2233
386.889 2249
386.902 2242
386.915 2262
386.929 2217
386.942 2227
386.956 2210
386.969 2192
386.983 2126
386.996 2178
387.009 2172
387.023 2137
387.036 2122
387.050 2138
387.063 2162
387.076 2160
387.090 2151
387.103 2132
387.117 2089
387.130 2136
387.143 2137
387.157 2174
387.170 2149
387.184 2114
387.197 2080
387.210 2087
387.224 2017
387.237 2063
387.251 1976
387.264 1945
387.278 1968
387.291 2006
387.304 1997
387.318 1991
387.331 2005
387.345 2022
387.358 2017
387.371 2030
387.385 2032
387.398 1930
387.412 1951
387.425 1916
387.438 1924
387.452 1921
387.465 1882
387.478 1889
387.492 1849
387.505 1879
387.519 1918
387.532 1931
387.545 1999
387.559 1954
387.572 1961
387.586 1928
387.599 1924
387.612 1963
387.626 1943
387.639 1928
387.653 1909
387.666 1841
387.679 1872
387.693 1806
387.706 1826
387.720 1825
387.733 1853
387.746 1830
387.760 1855
387.773 1796
387.787 1845
387.800 1792
387.813 1782
387.827 1777
387.840 1727
387.853 1705
387.867 1737
387.880 1798
387.894 1782
387.907 1750
387.920 1722
387.934 1718
387.947 1682
387.961 1660
387.974 1680
387.987 1682
388.001 1630
388.014 1649
388.027 1652
388.041 1648
388.054 1579
388.068 1615
388.081 1603
388.094 1598
388.108 1589
388.121 1583
388.134 1536
388.148 1540
388.161 1527
388.175 1499
388.188 1481
388.201 1488
388.215 1455
388.228 1483
388.241 1433
388.255 1396
388.268 1418
388.282 1450
388.295 1402
388.308 1378
388.322 1372
388.335 1343
388.348 1337
388.362 1322
388.375 1347
388.389 1337
388.402 1306
388.415 1274
388.429 1287
388.442 1282
388.455 1293
388.469 1310
388.482 1259
388.495 1284
388.509 1267
388.522 1258
388.536 1276
388.549 1207
388.562 1202
388.576 1216
388.589 1195
388.602 1195
388.616 1184
388.629 1208
388.642 1161
388.656 1154
388.669 1157
388.683 1170
388.696 1188
388.709 1164
388.723 1175
388.736 1154
388.749 1101
388.763 1148
388.776 1117
388.789 1128
388.803 1115
388.816 1111
388.829 1123
388.843 1092
388.856 1138
388.870 1103
388.883 1061
388.896 1097
388.910 1092
388.923 1105
388.936 1113
388.950 1118
388.963 1114
388.976 1123
388.990 1100
389.003 1088
389.016 1135
389.030 1114
389.043 1083
389.056 1094
389.070 1078
389.083 1091
389.097 1089
389.110 1065
389.123 1077
389.137 1072
389.150 1100
389.163 1106
389.177 1060
389.190 1089
389.203 1066
389.217 1085
389.230 1057
389.243 1079
389.257 1087
389.270 1069
389.283 1042
389.297 1079
389.310 1057
389.323 1088
389.337 1057
389.350 1047
389.363 1050
389.377 1044
389.390 1048
389.403 1038
389.417 1054
389.430 1047
389.443 1049
389.457 1064
389.470 1041
389.483 1060
389.497 1053
389.510 1067
389.523 1044
389.537 1025
389.550 1023
389.563 1022
389.577 1036
389.590 1019
389.603 1033
389.617 1018
389.630 1013
389.643 1012
389.657 1023
389.670 1006
389.683 999
389.697 1007
389.710 1014
389.723 1006
389.737 1012
389.750 1016
389.763 1005
389.777 1006
389.790 1009
389.803 983
389.817 998
389.830 981
389.843 975
389.857 955
389.870 976
389.883 949
389.897 970
389.910 945
389.923 970
389.937 961
389.950 968
389.963 996
389.977 939
389.990 962
390.003 964
390.017 955
390.030 966
390.043 965
390.057 965
390.070 963
390.083 962
390.096 952
390.110 964
390.123 956
390.136 941
390.150 930
390.163 934
390.176 944
390.190 955
390.203 925
390.216 909
390.230 931
390.243 916
390.256 926
390.270 920
390.283 930
390.296 939
390.310 914
390.323 930
390.336 915
390.349 915
390.363 932
390.376 929
390.389 949
390.403 937
390.416 918
390.429 904
390.443 914
390.456 894
390.469 904
390.483 917
390.496 894
390.509 900
390.522 904
390.536 892
390.549 892
390.562 901
390.576 894
390.589 898
390.602 891
390.616 892
390.629 868
390.642 883
390.655 894
390.669 883
390.682 878
390.695 879
390.709 861
390.722 873
390.735 881
390.749 875
390.762 893
390.775 880
390.788 881
390.802 858
390.815 873
390.828 856
390.842 872
390.855 870
390.868 852
390.882 856
390.895 862
390.908 859
390.921 845
390.935 838
390.948 871
390.961 831
390.975 839
390.988 839
391.001 845
391.014 828
391.028 816
391.041 826
391.054 807
391.068 819
391.081 827
391.094 818
391.107 828
391.121 826
391.134 792
391.147 814
391.161 810
391.174 804
391.187 785
391.200 787
391.214 792
391.227 776
391.240 785
391.254 775
391.267 777
391.280 789
391.293 785
391.307 773
391.320 773
391.333 768
391.347 772
391.360 767
391.373 772
391.386 770
391.400 771
391.413 761
391.426 743
391.440 758
391.453 754
391.466 774
391.479 753
391.493 757
391.506 742
391.519 744
391.532 744
391.546 746
391.559 738
391.572 751
391.586 727
391.599 756
391.612 724
391.625 732
391.639 742
391.652 727
391.665 740
391.678 736
391.692 742
391.705 708
391.718 733
391.732 726
391.745 738
391.758 729
391.771 707
391.785 730
391.798 709
391.811 721
391.824 719
391.838 732
391.851 728
391.864 719
391.877 716
391.891 718
391.904 722
391.917 715
391.931 713
391.944 707
391.957 723
391.970 704
391.984 715
391.997 719
392.010 722
392.023 718
392.037 721
392.050 705
392.063 723
392.076 720
392.090 713
392.103 692
392.116 702
392.129 717
392.143 702
392.156 700
392.169 718
392.182 704
392.196 710
392.209 703
392.222 708
392.235 700
392.249 722
392.262 703
392.275 694
392.288 710
392.302 692
392.315 716
392.328 695
392.341 699
392.355 705
392.368 700
392.381 675
392.394 698
392.408 705
392.421 716
392.434 707
392.447 692
392.461 708
392.474 694
392.487 707
392.500 709
392.514 704
392.527 685
392.540 682
392.553 699
392.567 698
392.580 690
392.593 688
392.606 693
392.620 695
392.633 697
392.646 684
392.659 689
392.673 699
392.686 686
392.699 681
392.712 693
392.726 702
392.739 695
392.752 684
392.765 679
392.778 688
392.792 681
392.805 688
392.818 683
392.831 686
392.845 696
392.858 679
392.871 691
392.884 696
392.898 689
392.911 701
392.924 682
392.937 695
392.951 697
392.964 691
392.977 684
392.990 697
393.003 691
393.017 701
393.030 676
393.043 681
393.056 676
393.070 693
393.083 689
393.096 691
393.109 684
393.122 684
393.136 679
393.149 693
393.162 676
393.175 692
393.189 688
393.202 687
393.215 689
393.228 691
393.242 669
393.255 695
393.268 688
393.281 684
393.294 673
393.308 686
393.321 685
393.334 680
393.347 679
393.360 685
393.374 685
393.387 688
393.400 683
393.413 679
393.427 690
393.440 686
393.453 683
393.466 678
393.479 671
393.493 682
393.506 681
393.519 679
393.532 683
393.546 688
393.559 681
393.572 698
393.585 688
393.598 679
393.612 691
393.625 690
393.638 691
393.651 688
393.664 676
393.678 680
393.691 685
393.704 694
393.717 672
393.730 680
393.744 683
393.757 677
393.770 676
393.783 689
393.796 680
393.810 681
393.823 670
393.836 674
393.849 692
393.863 675
393.876 671
393.889 687
393.902 668
393.915 673
393.929 682
