375.891 720
375.905 711
375.919 719
375.933 727
375.946 726
375.960 709
375.974 740
375.987 725
376.001 725
376.015 728
376.029 744
376.042 730
376.056 734
376.070 737
376.084 736
376.097 725
376.111 734
376.125 733
376.139 738
376.152 737
376.166 748
376.180 740
376.193 738
376.207 759
376.221 752
376.235 759
376.248 752
376.262 764
376.276 761
376.290 761
376.303 764
376.317 761
376.331 747
376.345 760
376.358 758
376.372 771
376.386 759
376.399 765
376.413 775
376.427 787
376.441 780
376.454 781
376.468 780
376.482 777
376.495 787
376.509 786
376.523 799
376.537 797
376.550 809
376.564 789
376.578 808
376.592 806
376.605 822
376.619 828
376.633 816
376.646 806
376.660 812
376.674 806
376.688 836
376.701 818
376.715 833
376.729 830
376.742 849
376.756 830
376.770 834
376.784 853
376.797 846
376.811 845
376.825 871
376.838 866
376.852 858
376.866 855
376.880 874
376.893 886
376.907 887
376.921 871
376.934 885
376.948 875
376.962 880
376.976 885
376.989 900
377.003 900
377.017 896
377.030 918
377.044 917
377.058 950
377.071 932
377.085 926
377.099 927
377.113 902
377.126 928
377.140 937
377.154 952
377.167 950
377.181 967
377.195 943
377.208 944
377.222 983
377.236 965
377.250 957
377.263 970
377.277 989
377.291 994
377.304 990
377.318 996
377.332 990
377.345 1005
377.359 1017
377.373 1017
377.387 1013
377.400 1012
377.414 1016
377.428 1027
377.441 1010
377.455 1017
377.469 1036
377.482 1028
377.496 1044
377.510 1059
377.524 1061
377.537 1095
377.551 1088
377.565 1063
377.578 1065
377.592 1098
377.606 1088
377.619 1075
377.633 1078
377.647 1080
377.660 1111
377.674 1088
377.688 1097
377.701 1088
377.715 1096
377.729 1098
377.743 1104
377.756 1174
377.770 1138
377.784 1145
377.797 1125
377.811 1128
377.825 1127
377.838 1136
377.852 1132
377.866 1161
377.879 1161
377.893 1163
377.907 1200
377.920 1141
377.934 1186
377.948 1216
377.961 1188
377.975 1213
377.989 1190
378.002 1171
378.016 1224
378.030 1209
378.044 1214
378.057 1202
378.071 1223
378.085 1194
378.098 1229
378.112 1210
378.126 1244
378.139 1215
378.153 1211
378.167 1231
378.180 1259
378.194 1243
378.208 1264
378.221 1223
378.235 1276
378.249 1298
378.262 1247
378.276 1277
378.290 1266
378.303 1256
378.317 1247
378.331 1277
378.344 1276
378.358 1251
378.372 1303
378.385 1308
378.399 1298
378.413 1289
378.426 1331
378.440 1306
378.454 1292
378.467 1297
378.481 1327
378.495 1328
378.508 1314
378.522 1333
378.536 1292
378.549 1336
378.563 1341
378.577 1369
378.590 1332
378.604 1380
378.618 1346
378.631 1382
378.645 1409
378.659 1362
378.672 1394
378.686 1392
378.700 1415
378.713 1429
378.727 1439
378.740 1455
378.754 1415
378.768 1418
378.781 1452
378.795 1481
378.809 1463
378.822 1472
378.836 1399
378.850 1435
378.863 1385
378.877 1458
378.891 1458
378.904 1455
378.918 1466
378.932 1457
378.945 1459
378.959 1436
378.973 1445
378.986 1431
379.000 1494
379.014 1445
379.027 1459
379.041 1475
379.054 1473
379.068 1495
379.082 1449
379.095 1478
379.109 1427
379.123 1487
379.136 1479
379.150 1505
379.164 1470
379.177 1534
379.191 1509
379.205 1524
379.218 1483
379.232 1536
379.245 1508
379.259 1555
379.273 1562
379.286 1535
379.300 1594
379.314 1571
379.327 1551
379.341 1601
379.355 1548
379.368 1616
379.382 1559
379.396 1585
379.409 1597
379.423 1598
379.436 1652
379.450 1632
379.464 1623
379.477 1637
379.491 1635
379.505 1684
379.518 1634
379.532 1680
379.546 1677
379.559 1696
379.573 1701
379.586 1696
379.600 1711
379.614 1763
379.627 1752
379.641 1780
379.655 1782
379.668 1789
379.682 1771
379.695 1800
379.709 1810
379.723 1848
379.736 1950
379.750 1955
379.764 1968
379.777 1908
379.791 1931
379.804 1934
379.818 1929
379.832 1949
379.845 1927
379.859 1964
379.873 1927
379.886 1994
379.900 1972
379.913 2038
379.927 2050
379.941 2083
379.954 2078
379.968 2094
379.982 2124
379.995 2105
380.009 2144
380.022 2158
380.036 2167
380.050 2204
380.063 2265
380.077 2368
380.090 2335
380.104 2432
380.118 2391
380.131 2352
380.145 2414
380.159 2449
380.172 2491
380.186 2555
380.199 2566
380.213 2640
380.227 2668
380.240 2642
380.254 2623
380.267 2661
380.281 2593
380.295 2642
380.308 2709
380.322 2709
380.336 2759
380.349 2753
380.363 2805
380.376 2872
380.390 2830
380.404 2883
380.417 2910
380.431 2947
380.444 2967
380.458 3024
380.472 3070
380.485 3126
380.499 3121
380.512 3135
380.526 3119
380.540 3140
380.553 3187
380.567 3248
380.580 3285
380.594 3305
380.608 3407
380.621 3548
380.635 3606
380.648 3572
380.662 3524
380.676 3572
380.689 3577
380.703 3684
380.716 3677
380.730 3744
380.744 3772
380.757 3946
380.771 3956
380.784 3947
380.798 3997
380.812 4066
380.825 4061
380.839 4114
380.852 4250
380.866 4345
380.880 4295
380.893 4247
380.907 4287
380.920 4209
380.934 4366
380.948 4362
380.961 4337
380.975 4420
380.988 4450
381.002 4394
381.015 4496
381.029 4510
381.043 4543
381.056 4527
381.070 4586
381.083 4663
381.097 4669
381.111 4623
381.124 4723
381.138 4758
381.151 4788
381.165 4779
381.179 4832
381.192 4754
381.206 4895
381.219 4847
381.233 4880
381.246 4905
381.260 4859
381.274 4894
381.287 5058
381.301 5054
381.314 5066
381.328 5000
381.341 5112
381.355 5072
381.369 5175
381.382 5188
381.396 5157
381.409 5288
381.423 5197
381.437 5293
381.450 5369
381.464 5342
381.477 5484
381.491 5438
381.504 5530
381.518 5528
381.532 5527
381.545 5645
381.559 5805
381.572 5686
381.586 5711
381.599 5659
381.613 5682
381.627 5820
381.640 5740
381.654 5766
381.667 5794
381.681 5686
381.694 5786
381.708 5659
381.722 5514
381.735 5555
381.749 5543
381.762 5604
381.776 5678
381.789 5728
381.803 5553
381.817 5662
381.830 5551
381.844 5649
381.857 5732
381.871 5782
381.884 5865
381.898 5758
381.911 5776
381.925 5813
381.939 5860
381.952 5808
381.966 5758
381.979 5880
381.993 5990
382.006 5980
382.020 6013
382.034 6023
382.047 6088
382.061 5945
382.074 5855
382.088 5936
382.101 5865
382.115 5916
382.128 6001
382.142 5981
382.156 6251
382.169 6448
382.183 6327
382.196 6269
382.210 6183
382.223 6259
382.237 6144
382.250 6231
382.264 6222
382.278 6282
382.291 6409
382.305 6448
382.318 6619
382.332 6585
382.345 6371
382.359 6361
382.372 6226
382.386 6339
382.399 6339
382.413 6268
382.427 6352
382.440 6260
382.454 6419
382.467 6448
382.481 6496
382.494 6642
382.508 6833
382.521 6858
382.535 6738
382.548 6686
382.562 6787
382.576 6697
382.589 6868
382.603 6868
382.616 6861
382.630 6989
382.643 7046
382.657 7066
382.670 7139
382.684 7201
382.697 7103
382.711 7264
382.724 7166
382.738 7238
382.752 7406
382.765 7349
382.779 7414
382.792 7529
382.806 7478
382.819 7406
382.833 7521
382.846 7638
382.860 7811
382.873 7795
382.887 7846
382.900 7940
382.914 7973
382.928 8129
382.941 8209
382.955 8255
382.968 8343
382.982 8406
382.995 8496
383.009 8563
383.022 8554
383.036 8621
383.049 8665
383.063 8798
383.076 8863
383.090 8864
383.103 9045
383.117 9199
383.130 9124
383.144 9250
383.158 9465
383.171 9453
383.185 9586
383.198 9730
383.212 9824
383.225 10019
383.239 10252
383.252 10168
383.266 10363
383.279 10425
383.293 10408
383.306 10559
383.320 10712
383.333 11042
383.347 11186
383.360 11192
383.374 11154
383.387 11321
383.401 11457
383.414 11465
383.428 11346
383.441 11543
383.455 11650
383.468 11766
383.482 12038
383.496 12415
383.509 12562
383.523 12497
383.536 12443
383.550 12701
383.563 12882
383.577 13057
383.590 13314
383.604 13410
383.617 13282
383.631 13106
383.644 12991
383.658 13174
383.671 13302
383.685 13497
383.698 13686
383.712 13921
383.725 13931
383.739 13922
383.752 13911
383.766 14034
383.779 14123
383.793 14334
383.806 14430
383.820 15052
383.833 15000
383.847 15165
383.860 15273
383.874 15568
383.887 15312
383.901 15360
383.914 15684
383.928 16020
383.941 15881
383.955 15955
383.968 15983
383.982 16148
383.995 16162
384.009 16303
384.022 16613
384.036 16702
384.049 16827
384.063 17226
384.076 17491
384.090 17909
384.103 18482
384.117 18617
384.130 18542
384.144 18453
384.157 18419
384.171 18394
384.184 18585
384.198 18876
384.211 18872
384.225 19260
384.238 19963
384.252 20034
384.265 20173
384.279 20276
384.292 20658
384.306 20925
384.319 21054
384.333 21160
384.346 21158
384.360 21445
384.373 21537
384.387 21830
384.400 22076
384.414 22209
384.427 22780
384.441 22517
384.454 22685
384.468 22899
384.481 23280
384.495 23427
384.508 23805
384.522 24031
384.535 24263
384.549 24318
384.562 24865
384.575 24989
384.589 25948
384.602 26585
384.616 26954
384.629 27174
384.643 27520
384.656 27656
384.670 27930
384.683 28061
384.697 27920
384.710 28124
384.724 28486
384.737 28763
384.751 29017
384.764 29076
384.778 29530
384.791 29888
384.805 29845
384.818 29744
384.832 29865
384.845 29761
384.859 29999
384.872 29667
384.885 29087
384.899 28837
384.912 29099
384.926 28590
384.939 28395
384.953 28607
384.966 28156
384.980 28201
384.993 28006
385.007 27833
385.020 27460
385.034 27286
385.047 26442
385.061 26229
385.074 25716
385.088 25371
385.101 24977
385.114 24287
385.128 23736
385.141 23356
385.155 22984
385.168 22768
385.182 22463
385.195 21897
385.209 21296
385.222 20191
385.236 19488
385.249 18936
385.263 18332
385.276 17537
385.290 16776
385.303 16111
385.316 15669
385.330 15378
385.343 14885
385.357 14429
385.370 13940
385.384 13231
385.397 12855
385.411 12344
385.424 11884
385.438 11620
385.451 11386
385.464 10956
385.478 10699
385.491 10542
385.505 10066
385.518 9662
385.532 9237
385.545 8949
385.559 8661
385.572 8468
385.586 8255
385.599 8071
385.612 8023
385.626 7764
385.639 7437
385.653 7499
385.666 7314
385.680 7182
385.693 6831
385.707 6737
385.720 6604
385.734 6530
385.747 6151
385.760 6066
385.774 5972
385.787 5976
385.801 5740
385.814 5571
385.828 5406
385.841 5230
385.855 5209
385.868 5003
385.881 4997
385.895 4916
385.908 4825
385.922 4739
385.935 4772
385.949 4598
385.962 4550
385.976 4505
385.989 4459
386.002 4401
386.016 4423
386.029 4261
386.043 4335
386.056 4203
386.070 4096
386.083 4085
386.097 4048
386.110 3997
386.123 3924
386.137 3880
386.150 3827
386.164 3826
386.177 3833
386.191 3764
386.204 3688
386.217 3628
386.231 3670
386.244 3647
386.258 3644
386.271 3588
386.285 3531
386.298 3598
386.311 3526
386.325 3426
386.338 3333
386.352 3343
386.365 3334
386.379 3244
386.392 3265
386.405 3266
386.419 3248
386.432 3227
386.446 3219
386.459 3235
386.473 3205
386.486 3078
386.499 3068
386.513 3079
386.526 3064
386.540 2969
386.553 2948
386.567 2980
386.580 3078
386.593 3068
386.607 3084
386.620 3128
386.634 3037
386.647 3080
386.661 3036
386.674 2903
386.687 2883
386.701 2807
386.714 2832
386.728 2807
386.741 2851
386.754 2831
386.768 2781
386.781 2719
386.795 2747
386.808 2717
386.822 2739
386.835 2607
386.848 2685
386.862 2681
386.875 2634
386.889 2601
386.902 2553
386.915 2642
386.929 2633
386.942 2642
386.956 2579
386.969 2588
386.983 2547
386.996 2534
387.009 2542
387.023 2535
387.036 2546
387.050 2563
387.063 2534
387.076 2511
387.090 2539
387.103 2526
387.117 2468
387.130 2496
387.143 2519
387.157 2431
387.170 2522
387.184 2427
387.197 2413
387.210 2444
387.224 2454
387.237 2427
387.251 2387
387.264 2385
387.278 2318
387.291 2325
387.304 2442
387.318 2396
387.331 2335
387.345 2382
387.358 2305
387.371 2346
387.385 2309
387.398 2309
387.412 2297
387.425 2196
387.438 2237
387.452 2239
387.465 2166
387.478 2242
387.492 2196
387.505 2186
387.519 2168
387.532 2223
387.545 2281
387.559 2253
387.572 2296
387.586 2221
387.599 2230
387.612 2264
387.626 2229
387.639 2205
387.653 2202
387.666 2128
387.679 2087
387.693 2121
387.706 2114
387.720 2092
387.733 2056
387.746 2159
387.760 2093
387.773 2034
387.787 2115
387.800 2136
387.813 2064
387.827 2050
387.840 2008
387.853 2003
387.867 1977
387.880 2036
387.894 2068
387.907 2045
387.920 1961
387.934 2005
387.947 2029
387.961 2018
387.974 1991
387.987 1914
388.001 1900
388.014 1914
388.027 1893
388.041 1870
388.054 1884
388.068 1858
388.081 1867
388.094 1886
388.108 1836
388.121 1811
388.134 1821
388.148 1791
388.161 1784
388.175 1736
388.188 1724
388.201 1696
388.215 1647
388.228 1693
388.241 1707
388.255 1664
388.268 1644
388.282 1645
388.295 1598
388.308 1615
388.322 1546
388.335 1598
388.348 1563
388.362 1537
388.375 1546
388.389 1529
388.402 1522
388.415 1478
388.429 1549
388.442 1488
388.455 1496
388.469 1471
388.482 1485
388.495 1513
388.509 1443
388.522 1442
388.536 1437
388.549 1394
388.562 1361
388.576 1339
388.589 1359
388.602 1376
388.616 1354
388.629 1348
388.642 1316
388.656 1294
388.669 1313
388.683 1341
388.696 1337
388.709 1303
388.723 1305
388.736 1327
388.749 1305
388.763 1288
388.776 1267
388.789 1299
388.803 1246
388.816 1274
388.829 1243
388.843 1256
388.856 1264
388.870 1186
388.883 1223
388.896 1194
388.910 1264
388.923 1258
388.936 1241
388.950 1272
388.963 1266
388.976 1226
388.990 1223
389.003 1250
389.016 1260
389.030 1257
389.043 1265
389.056 1260
389.070 1267
389.083 1253
389.097 1260
389.110 1202
389.123 1230
389.137 1237
389.150 1208
389.163 1263
389.177 1251
389.190 1239
389.203 1219
389.217 1247
389.230 1220
389.243 1227
389.257 1234
389.270 1245
389.283 1218
389.297 1227
389.310 1204
389.323 1211
389.337 1176
389.350 1191
389.363 1215
389.377 1187
389.390 1194
389.403 1200
389.417 1198
389.430 1220
389.443 1184
389.457 1162
389.470 1206
389.483 1189
389.497 1208
389.510 1183
389.523 1186
389.537 1206
389.550 1186
389.563 1139
389.577 1142
389.590 1141
389.603 1150
389.617 1125
389.630 1135
389.643 1119
389.657 1133
389.670 1144
389.683 1120
389.697 1105
389.710 1122
389.723 1120
389.737 1102
389.750 1148
389.763 1117
389.777 1135
389.790 1095
389.803 1088
389.817 1105
389.830 1103
389.843 1070
389.857 1094
389.870 1065
389.883 1071
389.897 1069
389.910 1075
389.923 1069
389.937 1061
389.950 1065
389.963 1085
389.977 1038
389.990 1070
390.003 1032
390.017 1080
390.030 1058
390.043 1049
390.057 1042
390.070 1045
390.083 1048
390.096 1033
390.110 1052
390.123 1057
390.136 1067
390.150 1031
390.163 1050
390.176 1052
390.190 1041
390.203 1033
390.216 1028
390.230 1020
390.243 1023
390.256 1037
390.270 1038
390.283 1027
390.296 1004
390.310 999
390.323 1024
390.336 1034
390.349 983
390.363 999
390.376 1024
390.389 1003
390.403 1032
390.416 1023
390.429 1014
390.443 1000
390.456 1000
390.469 984
390.483 982
390.496 970
390.509 975
390.522 989
390.536 997
390.549 971
390.562 993
390.576 966
390.589 967
390.602 978
390.616 967
390.629 953
390.642 949
390.655 962
390.669 968
390.682 972
390.695 964
390.709 946
390.722 931
390.735 957
390.749 945
390.762 943
390.775 953
390.788 981
390.802 932
390.815 932
390.828 933
390.842 937
390.855 912
390.868 922
390.882 937
390.895 926
390.908 923
390.921 917
390.935 923
390.948 917
390.961 926
390.975 893
390.988 911
391.001 898
391.014 900
391.028 888
391.041 867
391.054 849
391.068 895
391.081 884
391.094 890
391.107 907
391.121 866
391.134 863
391.147 874
391.161 861
391.174 862
391.187 865
391.200 851
391.214 854
391.227 854
391.240 857
391.254 844
391.267 816
391.280 825
391.293 826
391.307 833
391.320 824
391.333 819
391.347 828
391.360 802
391.373 818
391.386 816
391.400 814
391.413 825
391.426 805
391.440 802
391.453 800
391.466 796
391.479 788
391.493 819
391.506 786
391.519 799
391.532 780
391.546 796
391.559 798
391.572 785
391.586 796
391.599 783
391.612 767
391.625 770
391.639 756
391.652 780
391.665 783
391.678 760
391.692 782
391.705 772
391.718 777
391.732 777
391.745 756
391.758 770
391.771 765
391.785 753
391.798 769
391.811 763
391.824 762
391.838 748
391.851 771
391.864 757
391.877 745
391.891 742
391.904 758
391.917 752
391.931 752
391.944 750
391.957 733
391.970 755
391.984 759
391.997 737
392.010 751
392.023 750
392.037 733
392.050 749
392.063 740
392.076 749
392.090 744
392.103 750
392.116 732
392.129 732
392.143 750
392.156 739
392.169 748
392.182 731
392.196 739
392.209 737
392.222 728
392.235 733
392.249 741
392.262 736
392.275 731
392.288 733
392.302 718
392.315 732
392.328 736
392.341 732
392.355 723
392.368 745
392.381 731
392.394 730
392.408 739
392.421 716
392.434 738
392.447 719
392.461 717
392.474 721
392.487 736
392.500 724
392.514 716
392.527 739
392.540 721
392.553 721
392.567 721
392.580 716
392.593 727
392.606 725
392.620 732
392.633 718
392.646 722
392.659 712
392.673 709
392.686 704
392.699 726
392.712 715
392.726 713
392.739 715
392.752 720
392.765 703
392.778 717
392.792 720
392.805 720
392.818 722
392.831 719
392.845 711
392.858 727
392.871 722
392.884 708
392.898 726
392.911 718
392.924 711
392.937 723
392.951 720
392.964 725
392.977 722
392.990 713
393.003 706
393.017 712
393.030 711
393.043 714
393.056 714
393.070 704
393.083 716
393.096 708
393.109 720
393.122 712
393.136 712
393.149 697
393.162 715
393.175 724
393.189 726
393.202 707
393.215 711
393.228 715
393.242 696
393.255 699
393.268 712
393.281 702
393.294 708
393.308 708
393.321 710
393.334 721
393.347 699
393.360 718
393.374 709
393.387 712
393.400 720
393.413 713
393.427 710
393.440 699
393.453 692
393.466 698
393.479 706
393.493 711
393.506 709
393.519 710
393.532 713
393.546 714
393.559 691
393.572 713
393.585 707
393.598 697
393.612 705
393.625 690
393.638 715
393.651 696
393.664 704
393.678 709
393.691 692
393.704 703
393.717 717
393.730 708
393.744 698
393.757 714
393.770 706
393.783 706
393.796 697
393.810 697
393.823 699
393.836 688
393.849 704
393.863 712
393.876 705
393.889 698
393.902 694
393.915 701
393.929 698
