375.891 687
375.905 683
375.919 703
375.933 699
375.946 695
375.960 696
375.974 695
375.987 704
376.001 688
376.015 693
376.029 695
376.042 694
376.056 711
376.070 711
376.084 711
376.097 719
376.111 702
376.125 712
376.139 703
376.152 709
376.166 710
376.180 734
376.193 723
376.207 723
376.221 712
376.235 724
376.248 718
376.262 731
376.276 736
376.290 708
376.303 730
376.317 733
376.331 722
376.345 726
376.358 726
376.372 728
376.386 733
376.399 730
376.413 735
376.427 738
376.441 735
376.454 731
376.468 744
376.482 745
376.495 751
376.509 744
376.523 760
376.537 754
376.550 768
376.564 761
376.578 759
376.592 754
376.605 783
376.619 771
376.633 759
376.646 747
376.660 761
376.674 765
376.688 772
376.701 774
376.715 775
376.729 791
376.742 788
376.756 770
376.770 785
376.784 791
376.797 805
376.811 797
376.825 808
376.838 797
376.852 801
376.866 785
376.880 822
376.893 809
376.907 802
376.921 813
376.934 805
376.948 795
376.962 830
376.976 846
376.989 842
377.003 834
377.017 837
377.030 839
377.044 864
377.058 860
377.071 846
377.085 866
377.099 872
377.113 860
377.126 854
377.140 855
377.154 850
377.167 879
377.181 870
377.195 877
377.208 909
377.222 893
377.236 889
377.250 888
377.263 885
377.277 909
377.291 906
377.304 913
377.318 913
377.332 925
377.345 922
377.359 924
377.373 930
377.387 908
377.400 935
377.414 936
377.428 937
377.441 927
377.455 936
377.469 951
377.482 960
377.496 953
377.510 966
377.524 955
377.537 984
377.551 979
377.565 968
377.578 965
377.592 987
377.606 1000
377.619 975
377.633 984
377.647 986
377.660 992
377.674 1000
377.688 994
377.701 1003
377.715 1017
377.729 1002
377.743 1009
377.756 1005
377.770 1015
377.784 1021
377.797 1025
377.811 1023
377.825 1008
377.838 1032
377.852 1039
377.866 1044
377.879 1044
377.893 1065
377.907 1057
377.920 1045
377.934 1027
377.948 1056
377.961 1040
377.975 1077
377.989 1073
378.002 1066
378.016 1076
378.030 1075
378.044 1066
378.057 1087
378.071 1091
378.085 1092
378.098 1069
378.112 1102
378.126 1098
378.139 1093
378.153 1097
378.167 1114
378.180 1100
378.194 1080
378.208 1111
378.221 1123
378.235 1100
378.249 1127
378.262 1126
378.276 1115
378.290 1103
378.303 1134
378.317 1101
378.331 1138
378.344 1135
378.358 1105
378.372 1172
378.385 1128
378.399 1148
378.413 1143
378.426 1138
378.440 1149
378.454 1151
378.467 1172
378.481 1180
378.495 1169
378.508 1160
378.522 1157
378.536 1182
378.549 1172
378.563 1152
378.577 1187
378.590 1154
378.604 1203
378.618 1168
378.631 1184
378.645 1205
378.659 1213
378.672 1186
378.686 1204
378.700 1233
378.713 1250
378.727 1262
378.740 1259
378.754 1242
378.768 1230
378.781 1257
378.795 1233
378.809 1259
378.822 1258
378.836 1235
378.850 1220
378.863 1203
378.877 1249
378.891 1238
378.904 1228
378.918 1258
378.932 1279
378.945 1262
378.959 1208
378.973 1262
378.986 1266
379.000 1262
379.014 1284
379.027 1262
379.041 1257
379.054 1269
379.068 1277
379.082 1253
379.095 1318
379.109 1300
379.123 1289
379.136 1297
379.150 1274
379.164 1287
379.177 1321
379.191 1299
379.205 1298
379.218 1304
379.232 1365
379.245 1362
379.259 1343
379.273 1316
379.286 1336
379.300 1359
379.314 1358
379.327 1341
379.341 1356
379.355 1383
379.368 1369
379.382 1362
379.396 1358
379.409 1362
379.423 1432
379.436 1408
379.450 1419
379.464 1426
379.477 1399
379.491 1412
379.505 1407
379.518 1462
379.532 1453
379.546 1449
379.559 1476
379.573 1448
379.586 1463
379.600 1479
379.614 1514
379.627 1518
379.641 1534
379.655 1588
379.668 1503
379.682 1519
379.695 1532
379.709 1532
379.723 1536
379.736 1607
379.750 1611
379.764 1624
379.777 1627
379.791 1677
379.804 1687
379.818 1697
379.832 1704
379.845 1653
379.859 1665
379.873 1674
379.886 1706
379.900 1703
379.913 1742
379.927 1752
379.941 1768
379.954 1769
379.968 1780
379.982 1783
379.995 1780
380.009 1811
380.022 1863
380.036 1843
380.050 1889
380.063 1929
380.077 1973
380.090 2020
380.104 2014
380.118 2002
380.131 2004
380.145 2039
380.159 2075
380.172 2112
380.186 2119
380.199 2174
380.213 2198
380.227 2260
380.240 2262
380.254 2241
380.267 2185
380.281 2234
380.295 2247
380.308 2293
380.322 2336
380.336 2353
380.349 2350
380.363 2359
380.376 2387
380.390 2395
380.404 2482
380.417 2465
380.431 2488
380.444 2498
380.458 2483
380.472 2583
380.485 2578
380.499 2638
380.512 2632
380.526 2659
380.540 2671
380.553 2726
380.567 2728
380.580 2788
380.594 2839
380.608 2846
380.621 2995
380.635 2971
380.648 2978
380.662 3000
380.676 3037
380.689 3039
380.703 3107
380.716 3152
380.730 3163
380.744 3202
380.757 3262
380.771 3367
380.784 3367
380.798 3385
380.812 3348
380.825 3432
380.839 3479
380.852 3571
380.866 3623
380.880 3594
380.893 3603
380.907 3590
380.920 3587
380.934 3642
380.948 3634
380.961 3716
380.975 3734
380.988 3739
381.002 3732
381.015 3782
381.029 3834
381.043 3833
381.056 3935
381.070 3874
381.083 3931
381.097 3965
381.111 3989
381.124 3997
381.138 4098
381.151 3983
381.165 4105
381.179 4122
381.192 4098
381.206 4093
381.219 4043
381.233 4176
381.246 4131
381.260 4184
381.274 4199
381.287 4220
381.301 4293
381.314 4295
381.328 4317
381.341 4365
381.355 4344
381.369 4280
381.382 4332
381.396 4385
381.409 4466
381.423 4481
381.437 4525
381.450 4553
381.464 4548
381.477 4638
381.491 4578
381.504 4638
381.518 4675
381.532 4670
381.545 4764
381.559 4859
381.572 4833
381.586 4865
381.599 4750
381.613 4803
381.627 4901
381.640 4821
381.654 4793
381.667 4868
381.681 4888
381.694 4888
381.708 4834
381.722 4716
381.735 4805
381.749 4770
381.762 4837
381.776 4738
381.789 4824
381.803 4779
381.817 4792
381.830 4935
381.844 4815
381.857 4845
381.871 4935
381.884 4877
381.898 4874
381.911 4816
381.925 4890
381.939 4968
381.952 4984
381.966 4925
381.979 4965
381.993 4965
382.006 5045
382.020 5152
382.034 5237
382.047 5049
382.061 5066
382.074 5052
382.088 5018
382.101 5067
382.115 5109
382.128 5001
382.142 5265
382.156 5336
382.169 5336
382.183 5292
382.196 5361
382.210 5296
382.223 5316
382.237 5312
382.250 5413
382.264 5271
382.278 5289
382.291 5476
382.305 5508
382.318 5620
382.332 5615
382.345 5412
382.359 5428
382.372 5372
382.386 5402
382.399 5327
382.413 5458
382.427 5364
382.440 5507
382.454 5491
382.467 5614
382.481 5659
382.494 5723
382.508 5846
382.521 5847
382.535 5810
382.548 5748
382.562 5666
382.576 5760
382.589 5874
382.603 5885
382.616 5999
382.630 5937
382.643 6020
382.657 6023
382.670 6009
382.684 6044
382.697 6100
382.711 6189
382.724 6263
382.738 6374
382.752 6285
382.765 6366
382.779 6328
382.792 6384
382.806 6399
382.819 6501
382.833 6588
382.846 6704
382.860 6678
382.873 6757
382.887 6822
382.900 6906
382.914 7044
382.928 7007
382.941 7060
382.955 7160
382.968 7252
382.982 7405
382.995 7399
383.009 7471
383.022 7608
383.036 7683
383.049 7658
383.063 7682
383.076 7878
383.090 7884
383.103 7975
383.117 8062
383.130 8103
383.144 8195
383.158 8243
383.171 8368
383.185 8491
383.198 8615
383.212 8686
383.225 8854
383.239 8999
383.252 9081
383.266 9169
383.279 9270
383.293 9313
383.306 9440
383.320 9626
383.333 9961
383.347 10057
383.360 9922
383.374 10186
383.387 10256
383.401 10387
383.414 10383
383.428 10386
383.441 10426
383.455 10546
383.468 10628
383.482 10837
383.496 11265
383.509 11479
383.523 11301
383.536 11479
383.550 11634
383.563 11734
383.577 11950
383.590 12118
383.604 12122
383.617 12024
383.631 12021
383.644 12055
383.658 12106
383.671 12215
383.685 12313
383.698 12528
383.712 12824
383.725 12742
383.739 12746
383.752 12956
383.766 12922
383.779 13153
383.793 13376
383.806 13518
383.820 14140
383.833 14056
383.847 14190
383.860 14343
383.874 14435
383.887 14247
383.901 14450
383.914 14878
383.928 15017
383.941 15105
383.955 15048
383.968 14977
383.982 15070
383.995 15344
384.009 15449
384.022 15664
384.036 15785
384.049 15942
384.063 16184
384.076 16645
384.090 16979
384.103 17649
384.117 17747
384.130 17680
384.144 17366
384.157 17422
384.171 17727
384.184 17829
384.198 17955
384.211 18269
384.225 18366
384.238 18957
384.252 19203
384.265 19460
384.279 19542
384.292 19949
384.306 19998
384.319 20167
384.333 20114
384.346 20269
384.360 20516
384.373 20518
384.387 20934
384.400 21164
384.414 21331
384.427 21610
384.441 21523
384.454 21982
384.468 22008
384.481 22386
384.495 22441
384.508 22591
384.522 22742
384.535 23056
384.549 23177
384.562 23443
384.575 23602
384.589 24242
384.602 24832
384.616 25426
384.629 25762
384.643 25734
384.656 26055
384.670 25852
384.683 26198
384.697 26116
384.710 26268
384.724 26263
384.737 26666
384.751 26515
384.764 26794
384.778 26946
384.791 27157
384.805 27154
384.818 27066
384.832 26928
384.845 27235
384.859 27058
384.872 26578
384.885 26135
384.899 25833
384.912 25795
384.926 25696
384.939 25306
384.953 25205
384.966 25084
384.980 24764
384.993 24572
385.007 24133
385.020 23808
385.034 23514
385.047 22975
385.061 22340
385.074 22099
385.088 21497
385.101 21113
385.114 20587
385.128 20139
385.141 19625
385.155 19360
385.168 19328
385.182 18817
385.195 18459
385.209 17843
385.222 16943
385.236 16381
385.249 15858
385.263 15475
385.276 14883
385.290 14113
385.303 13563
385.316 13154
385.330 12781
385.343 12519
385.357 12023
385.370 11475
385.384 11034
385.397 10623
385.411 10288
385.424 9922
385.438 9732
385.451 9385
385.464 9187
385.478 8855
385.491 8673
385.505 8290
385.518 7994
385.532 7897
385.545 7482
385.559 7273
385.572 7083
385.586 6982
385.599 6828
385.612 6666
385.626 6510
385.639 6167
385.653 6127
385.666 6208
385.680 5963
385.693 5643
385.707 5511
385.720 5421
385.734 5364
385.747 5143
385.760 5064
385.774 4942
385.787 5000
385.801 4713
385.814 4533
385.828 4393
385.841 4354
385.855 4303
385.868 4233
385.881 4094
385.895 4045
385.908 3998
385.922 3898
385.935 3768
385.949 3806
385.962 3694
385.976 3660
385.989 3644
386.002 3623
386.016 3617
386.029 3547
386.043 3472
386.056 3388
386.070 3250
386.083 3295
386.097 3262
386.110 3245
386.123 3156
386.137 3237
386.150 3116
386.164 3086
386.177 3093
386.191 3050
386.204 2996
386.217 2904
386.231 2986
386.244 2948
386.258 2989
386.271 2919
386.285 2868
386.298 2931
386.311 2805
386.325 2787
386.338 2700
386.352 2704
386.365 2733
386.379 2628
386.392 2624
386.405 2546
386.419 2579
386.432 2632
386.446 2590
386.459 2613
386.473 2555
386.486 2499
386.499 2537
386.513 2466
386.526 2497
386.540 2473
386.553 2398
386.567 2429
386.580 2486
386.593 2503
386.607 2461
386.620 2488
386.634 2450
386.647 2459
386.661 2401
386.674 2368
386.687 2379
386.701 2254
386.714 2310
386.728 2272
386.741 2305
386.754 2269
386.768 2251
386.781 2289
386.795 2236
386.808 2151
386.822 2193
386.835 2128
386.848 2204
386.862 2120
386.875 2125
386.889 2090
386.902 2066
386.915 2101
386.929 2146
386.942 2084
386.956 2108
386.969 2066
386.983 2035
386.996 2042
387.009 2058
387.023 2022
387.036 2030
387.050 2028
387.063 2013
387.076 2033
387.090 2039
387.103 2043
387.117 2011
387.130 1959
387.143 2016
387.157 2048
387.170 1985
387.184 1952
387.197 1947
387.210 1942
387.224 1976
387.237 1922
387.251 1890
387.264 1906
387.278 1904
387.291 1877
387.304 1921
387.318 1878
387.331 1905
387.345 1886
387.358 1889
387.371 1888
387.385 1861
387.398 1852
387.412 1844
387.425 1828
387.438 1814
387.452 1778
387.465 1846
387.478 1820
387.492 1800
387.505 1774
387.519 1805
387.532 1867
387.545 1904
387.559 1871
387.572 1882
387.586 1797
387.599 1822
387.612 1845
387.626 1821
387.639 1808
387.653 1795
387.666 1771
387.679 1753
387.693 1686
387.706 1690
387.720 1769
387.733 1724
387.746 1777
387.760 1764
387.773 1716
387.787 1710
387.800 1726
387.813 1678
387.827 1705
387.840 1654
387.853 1660
387.867 1620
387.880 1715
387.894 1687
387.907 1682
387.920 1662
387.934 1596
387.947 1593
387.961 1637
387.974 1628
387.987 1520
388.001 1581
388.014 1561
388.027 1586
388.041 1519
388.054 1517
388.068 1521
388.081 1535
388.094 1530
388.108 1487
388.121 1501
388.134 1486
388.148 1436
388.161 1453
388.175 1463
388.188 1410
388.201 1413
388.215 1390
388.228 1385
388.241 1356
388.255 1375
388.268 1334
388.282 1376
388.295 1360
388.308 1302
388.322 1276
388.335 1283
388.348 1294
388.362 1289
388.375 1276
388.389 1228
388.402 1253
388.415 1247
388.429 1244
388.442 1254
388.455 1257
388.469 1235
388.482 1226
388.495 1237
388.509 1250
388.522 1208
388.536 1215
388.549 1178
388.562 1203
388.576 1161
388.589 1146
388.602 1184
388.616 1161
388.629 1146
388.642 1138
388.656 1148
388.669 1114
388.683 1116
388.696 1134
388.709 1134
388.723 1120
388.736 1107
388.749 1081
388.763 1082
388.776 1089
388.789 1078
388.803 1076
388.816 1077
388.829 1061
388.843 1070
388.856 1066
388.870 1072
388.883 1066
388.896 1068
388.910 1046
388.923 1079
388.936 1062
388.950 1043
388.963 1088
388.976 1071
388.990 1047
389.003 1067
389.016 1056
389.030 1082
389.043 1078
389.056 1072
389.070 1068
389.083 1063
389.097 1060
389.110 1047
389.123 1057
389.137 1040
389.150 1077
389.163 1030
389.177 1049
389.190 1044
389.203 1044
389.217 1046
389.230 1043
389.243 1019
389.257 1037
389.270 1024
389.283 1030
389.297 1041
389.310 1039
389.323 1042
389.337 1016
389.350 1035
389.363 1018
389.377 1018
389.390 1037
389.403 1014
389.417 1028
389.430 1036
389.443 996
389.457 1022
389.470 1047
389.483 1023
389.497 1033
389.510 1028
389.523 1033
389.537 1011
389.550 991
389.563 986
389.577 1006
389.590 971
389.603 1021
389.617 992
389.630 962
389.643 967
389.657 989
389.670 1004
389.683 967
389.697 977
389.710 979
389.723 972
389.737 977
389.750 1006
389.763 986
389.777 995
389.790 979
389.803 963
389.817 969
389.830 960
389.843 960
389.857 949
389.870 935
389.883 945
389.897 939
389.910 956
389.923 945
389.937 932
389.950 940
389.963 956
389.977 950
389.990 934
390.003 929
390.017 946
390.030 940
390.043 942
390.057 938
390.070 955
390.083 937
390.096 914
390.110 942
390.123 933
390.136 938
390.150 930
390.163 949
390.176 917
390.190 911
390.203 937
390.216 926
390.230 902
390.243 896
390.256 912
390.270 901
390.283 917
390.296 900
390.310 927
390.323 910
390.336 908
390.349 911
390.363 909
390.376 914
390.389 916
390.403 909
390.416 903
390.429 899
390.443 899
390.456 889
390.469 889
390.483 905
390.496 873
390.509 907
390.522 898
390.536 887
390.549 889
390.562 893
390.576 896
390.589 874
390.602 873
390.616 883
390.629 867
390.642 860
390.655 833
390.669 884
390.682 856
390.695 873
390.709 856
390.722 877
390.735 853
390.749 841
390.762 853
390.775 862
390.788 839
390.802 834
390.815 857
390.828 842
390.842 838
390.855 849
390.868 839
390.882 832
390.895 829
390.908 844
390.921 831
390.935 832
390.948 843
390.961 848
390.975 822
390.988 820
391.001 826
391.014 824
391.028 799
391.041 825
391.054 806
391.068 808
391.081 822
391.094 785
391.107 810
391.121 803
391.134 795
391.147 814
391.161 803
391.174 787
391.187 789
391.200 774
391.214 773
391.227 783
391.240 775
391.254 775
391.267 763
391.280 768
391.293 784
391.307 769
391.320 768
391.333 746
391.347 747
391.360 759
391.373 751
391.386 751
391.400 748
391.413 752
391.426 743
391.440 727
391.453 744
391.466 760
391.479 739
391.493 757
391.506 740
391.519 731
391.532 742
391.546 747
391.559 750
391.572 732
391.586 733
391.599 740
391.612 740
391.625 728
391.639 732
391.652 712
391.665 723
391.678 732
391.692 732
391.705 727
391.718 724
391.732 725
391.745 721
391.758 723
391.771 731
391.785 710
391.798 723
391.811 715
391.824 724
391.838 738
391.851 716
391.864 710
391.877 712
391.891 720
391.904 713
391.917 694
391.931 714
391.944 720
391.957 706
391.970 716
391.984 708
391.997 696
392.010 700
392.023 709
392.037 707
392.050 710
392.063 701
392.076 707
392.090 696
392.103 700
392.116 697
392.129 685
392.143 709
392.156 693
392.169 700
392.182 706
392.196 695
392.209 694
392.222 691
392.235 693
392.249 697
392.262 699
392.275 691
392.288 680
392.302 690
392.315 696
392.328 682
392.341 685
392.355 707
392.368 698
392.381 677
392.394 698
392.408 689
392.421 689
392.434 690
392.447 700
392.461 695
392.474 688
392.487 703
392.500 703
392.514 698
392.527 690
392.540 688
392.553 691
392.567 693
392.580 706
392.593 686
392.606 693
392.620 681
392.633 680
392.646 692
392.659 685
392.673 683
392.686 678
392.699 687
392.712 692
392.726 676
392.739 680
392.752 681
392.765 692
392.778 695
392.792 685
392.805 694
392.818 690
392.831 679
392.845 688
392.858 676
392.871 692
392.884 682
392.898 687
392.911 693
392.924 693
392.937 698
392.951 688
392.964 692
392.977 693
392.990 692
393.003 692
393.017 688
393.030 665
393.043 684
393.056 686
393.070 689
393.083 690
393.096 667
393.109 680
393.122 679
393.136 673
393.149 673
393.162 681
393.175 668
393.189 677
393.202 691
393.215 679
393.228 679
393.242 662
393.255 677
393.268 681
393.281 682
393.294 679
393.308 679
393.321 676
393.334 673
393.347 665
393.360 674
393.374 679
393.387 672
393.400 670
393.413 656
393.427 685
393.440 679
393.453 665
393.466 673
393.479 682
393.493 670
393.506 677
393.519 688
393.532 677
393.546 681
393.559 677
393.572 687
393.585 682
393.598 668
393.612 686
393.625 677
393.638 676
393.651 664
393.664 665
393.678 677
393.691 682
393.704 684
393.717 679
393.730 665
393.744 682
393.757 670
393.770 671
393.783 677
393.796 663
393.810 675
393.823 670
393.836 681
393.849 672
393.863 674
393.876 667
393.889 671
393.902 682
393.915 671
393.929 665
