375.891 668
375.905 680
375.919 674
375.933 686
375.946 684
375.960 689
375.974 679
375.987 679
376.001 680
376.015 682
376.029 695
376.042 695
376.056 676
376.070 687
376.084 683
376.097 668
376.111 686
376.125 691
376.139 684
376.152 689
376.166 697
376.180 685
376.193 695
376.207 692
376.221 686
376.235 689
376.248 707
376.262 705
376.276 705
376.290 704
376.303 694
376.317 693
376.331 699
376.345 701
376.358 702
376.372 711
376.386 712
376.399 715
376.413 703
376.427 720
376.441 715
376.454 718
376.468 711
376.482 710
376.495 720
376.509 724
376.523 720
376.537 710
376.550 716
376.564 730
376.578 733
376.592 741
376.605 723
376.619 721
376.633 738
376.646 722
376.660 743
376.674 749
376.688 744
376.701 727
376.715 728
376.729 747
376.742 747
376.756 754
376.770 749
376.784 748
376.797 752
376.811 748
376.825 747
376.838 742
376.852 750
376.866 748
376.880 780
376.893 761
376.907 752
376.921 764
376.934 759
376.948 775
376.962 769
376.976 773
376.989 772
377.003 779
377.017 790
377.030 785
377.044 792
377.058 796
377.071 786
377.085 793
377.099 796
377.113 799
377.126 798
377.140 799
377.154 799
377.167 811
377.181 815
377.195 808
377.208 816
377.222 804
377.236 820
377.250 822
377.263 832
377.277 844
377.291 822
377.304 823
377.318 827
377.332 851
377.345 831
377.359 845
377.373 836
377.387 836
377.400 874
377.414 853
377.428 858
377.441 869
377.455 849
377.469 867
377.482 865
377.496 867
377.510 892
377.524 889
377.537 903
377.551 871
377.565 900
377.578 891
377.592 868
377.606 912
377.619 877
377.633 901
377.647 908
377.660 907
377.674 892
377.688 896
377.701 915
377.715 916
377.729 915
377.743 919
377.756 933
377.770 916
377.784 924
377.797 941
377.811 942
377.825 939
377.838 946
377.852 939
377.866 951
377.879 938
377.893 953
377.907 962
377.920 960
377.934 961
377.948 975
377.961 970
377.975 971
377.989 982
378.002 976
378.016 976
378.030 992
378.044 966
378.057 982
378.071 985
378.085 980
378.098 1024
378.112 986
378.126 987
378.139 987
378.153 995
378.167 992
378.180 996
378.194 1006
378.208 999
378.221 1016
378.235 1012
378.249 1026
378.262 1018
378.276 1038
378.290 1024
378.303 1003
378.317 1029
378.331 1020
378.344 1051
378.358 1035
378.372 1040
378.385 1051
378.399 1069
378.413 1033
378.426 1046
378.440 1045
378.454 1064
378.467 1058
378.481 1060
378.495 1052
378.508 1062
378.522 1076
378.536 1070
378.549 1086
378.563 1068
378.577 1078
378.590 1096
378.604 1099
378.618 1080
378.631 1104
378.645 1103
378.659 1096
378.672 1108
378.686 1118
378.700 1157
378.713 1117
378.727 1149
378.740 1168
378.754 1150
378.768 1159
378.781 1163
378.795 1145
378.809 1163
378.822 1155
378.836 1189
378.850 1170
378.863 1158
378.877 1157
378.891 1154
378.904 1137
378.918 1170
378.932 1196
378.945 1196
378.959 1157
378.973 1167
378.986 1170
379.000 1160
379.014 1175
379.027 1182
379.041 1193
379.054 1166
379.068 1177
379.082 1180
379.095 1230
379.109 1194
379.123 1196
379.136 1202
379.150 1200
379.164 1200
379.177 1237
379.191 1213
379.205 1206
379.218 1217
379.232 1243
379.245 1263
379.259 1238
379.273 1268
379.286 1240
379.300 1227
379.314 1256
379.327 1268
379.341 1259
379.355 1274
379.368 1270
379.382 1309
379.396 1290
379.409 1309
379.423 1303
379.436 1280
379.450 1337
379.464 1352
379.477 1322
379.491 1326
379.505 1346
379.518 1342
379.532 1373
379.546 1372
379.559 1402
379.573 1378
379.586 1378
379.600 1390
379.614 1401
379.627 1412
379.641 1427
379.655 1454
379.668 1411
379.682 1394
379.695 1415
379.709 1404
379.723 1465
379.736 1487
379.750 1502
379.764 1550
379.777 1573
379.791 1555
379.804 1576
379.818 1587
379.832 1572
379.845 1509
379.859 1553
379.873 1547
379.886 1558
379.900 1580
379.913 1557
379.927 1604
379.941 1642
379.954 1662
379.968 1633
379.982 1668
379.995 1718
380.009 1661
380.022 1678
380.036 1684
380.050 1722
380.063 1758
380.077 1848
380.090 1882
380.104 1859
380.118 1863
380.131 1859
380.145 1892
380.159 1903
380.172 1931
380.186 1939
380.199 2018
380.213 1992
380.227 2046
380.240 2097
380.254 2020
380.267 2013
380.281 2058
380.295 2015
380.308 2067
380.322 2093
380.336 2109
380.349 2168
380.363 2177
380.376 2209
380.390 2201
380.404 2250
380.417 2225
380.431 2230
380.444 2290
380.458 2350
380.472 2319
380.485 2356
380.499 2349
380.512 2389
380.526 2441
380.540 2326
380.553 2420
380.567 2514
380.580 2483
380.594 2533
380.608 2604
380.621 2668
380.635 2742
380.648 2709
380.662 2666
380.676 2723
380.689 2786
380.703 2763
380.716 2728
380.730 2866
380.744 2816
380.757 2896
380.771 2964
380.784 3046
380.798 3001
380.812 3109
380.825 3086
380.839 3062
380.852 3151
380.866 3231
380.880 3274
380.893 3180
380.907 3116
380.920 3230
380.934 3270
380.948 3309
380.961 3291
380.975 3311
380.988 3330
381.002 3368
381.015 3403
381.029 3401
381.043 3413
381.056 3440
381.070 3418
381.083 3489
381.097 3501
381.111 3521
381.124 3593
381.138 3625
381.151 3560
381.165 3609
381.179 3622
381.192 3610
381.206 3608
381.219 3687
381.233 3665
381.246 3685
381.260 3703
381.274 3713
381.287 3762
381.301 3735
381.314 3746
381.328 3746
381.341 3810
381.355 3807
381.369 3877
381.382 3893
381.396 3890
381.409 4008
381.423 3972
381.437 3980
381.450 3967
381.464 4014
381.477 4070
381.491 4159
381.504 4099
381.518 4102
381.532 4149
381.545 4181
381.559 4310
381.572 4223
381.586 4247
381.599 4249
381.613 4297
381.627 4220
381.640 4309
381.654 4311
381.667 4373
381.681 4390
381.694 4365
381.708 4241
381.722 4194
381.735 4201
381.749 4185
381.762 4218
381.776 4254
381.789 4278
381.803 4287
381.817 4328
381.830 4301
381.844 4273
381.857 4268
381.871 4377
381.884 4338
381.898 4350
381.911 4433
381.925 4355
381.939 4386
381.952 4430
381.966 4361
381.979 4370
381.993 4511
382.006 4545
382.020 4506
382.034 4655
382.047 4517
382.061 4477
382.074 4551
382.088 4512
382.101 4464
382.115 4519
382.128 4499
382.142 4725
382.156 4848
382.169 4908
382.183 4826
382.196 4681
382.210 4773
382.223 4746
382.237 4735
382.250 4676
382.264 4731
382.278 4695
382.291 4901
382.305 4939
382.318 4993
382.332 5009
382.345 4842
382.359 4755
382.372 4777
382.386 4840
382.399 4860
382.413 4802
382.427 4888
382.440 4817
382.454 4924
382.467 4894
382.481 5055
382.494 5097
382.508 5175
382.521 5274
382.535 5257
382.548 5126
382.562 5187
382.576 5144
382.589 5159
382.603 5163
382.616 5223
382.630 5299
382.643 5341
382.657 5377
382.670 5400
382.684 5470
382.697 5482
382.711 5502
382.724 5583
382.738 5528
382.752 5549
382.765 5566
382.779 5602
382.792 5748
382.806 5792
382.819 5766
382.833 5812
382.846 5878
382.860 5959
382.873 5984
382.887 6028
382.900 6186
382.914 6074
382.928 6148
382.941 6192
382.955 6249
382.968 6369
382.982 6369
382.995 6438
383.009 6485
383.022 6512
383.036 6629
383.049 6663
383.063 6747
383.076 6812
383.090 6843
383.103 6857
383.117 6926
383.130 7098
383.144 6989
383.158 7055
383.171 7181
383.185 7296
383.198 7325
383.212 7489
383.225 7465
383.239 7639
383.252 7790
383.266 7743
383.279 7816
383.293 7985
383.306 7971
383.320 8168
383.333 8290
383.347 8405
383.360 8432
383.374 8508
383.387 8628
383.401 8635
383.414 8606
383.428 8700
383.441 8582
383.455 8766
383.468 8856
383.482 8894
383.496 9320
383.509 9449
383.523 9484
383.536 9482
383.550 9513
383.563 9598
383.577 9874
383.590 9914
383.604 9855
383.617 9879
383.631 9767
383.644 9809
383.658 9887
383.671 9893
383.685 10079
383.698 10012
383.712 10117
383.725 10296
383.739 10332
383.752 10190
383.766 10297
383.779 10275
383.793 10481
383.806 10740
383.820 11094
383.833 11113
383.847 11078
383.860 11455
383.874 11290
383.887 11123
383.901 11149
383.914 11546
383.928 11524
383.941 11404
383.955 11340
383.968 11498
383.982 11622
383.995 11716
384.009 11668
384.022 11812
384.036 12027
384.049 12064
384.063 12327
384.076 12400
384.090 12805
384.103 13058
384.117 13234
384.130 13396
384.144 12953
384.157 13021
384.171 13009
384.184 13126
384.198 13263
384.211 13435
384.225 13629
384.238 13840
384.252 13913
384.265 14177
384.279 14233
384.292 14403
384.306 14551
384.319 14490
384.333 14452
384.346 14548
384.360 14659
384.373 14643
384.387 14744
384.400 15090
384.414 15044
384.427 15296
384.441 15298
384.454 15456
384.468 15570
384.481 15686
384.495 15802
384.508 15947
384.522 16031
384.535 16290
384.549 16362
384.562 16301
384.575 16729
384.589 16944
384.602 17489
384.616 17800
384.629 17873
384.643 18206
384.656 18195
384.670 18238
384.683 18202
384.697 18277
384.710 18411
384.724 18650
384.737 18645
384.751 18746
384.764 18835
384.778 19069
384.791 19008
384.805 19267
384.818 19255
384.832 19274
384.845 19270
384.859 19261
384.872 19193
384.885 18885
384.899 18699
384.912 18770
384.926 18831
384.939 18633
384.953 18668
384.966 18624
384.980 18468
384.993 18453
385.007 18287
385.020 18051
385.034 18007
385.047 17694
385.061 17435
385.074 17205
385.088 16889
385.101 16720
385.114 16367
385.128 16188
385.141 16050
385.155 15543
385.168 15702
385.182 15628
385.195 15163
385.209 14633
385.222 14132
385.236 13639
385.249 13461
385.263 12902
385.276 12444
385.290 12068
385.303 11616
385.316 11324
385.330 11030
385.343 10885
385.357 10402
385.370 9967
385.384 9606
385.397 9503
385.411 9239
385.424 8938
385.438 8647
385.451 8378
385.464 8183
385.478 7988
385.491 7655
385.505 7599
385.518 7376
385.532 7117
385.545 6802
385.559 6452
385.572 6254
385.586 6148
385.599 6060
385.612 6084
385.626 5837
385.639 5706
385.653 5622
385.666 5607
385.680 5371
385.693 5278
385.707 5042
385.720 4981
385.734 4961
385.747 4708
385.760 4679
385.774 4511
385.787 4501
385.801 4307
385.814 4113
385.828 4061
385.841 3992
385.855 4011
385.868 3874
385.881 3716
385.895 3681
385.908 3649
385.922 3591
385.935 3512
385.949 3447
385.962 3402
385.976 3435
385.989 3403
386.002 3374
386.016 3340
386.029 3333
386.043 3231
386.056 3131
386.070 3161
386.083 3025
386.097 3115
386.110 3089
386.123 3058
386.137 2990
386.150 2910
386.164 2882
386.177 2895
386.191 2844
386.204 2775
386.217 2786
386.231 2745
386.244 2790
386.258 2721
386.271 2766
386.285 2700
386.298 2648
386.311 2598
386.325 2652
386.338 2562
386.352 2541
386.365 2466
386.379 2533
386.392 2504
386.405 2437
386.419 2466
386.432 2412
386.446 2464
386.459 2484
386.473 2377
386.486 2447
386.499 2370
386.513 2383
386.526 2345
386.540 2364
386.553 2293
386.567 2330
386.580 2370
386.593 2364
386.607 2373
386.620 2389
386.634 2330
386.647 2361
386.661 2258
386.674 2279
386.687 2268
386.701 2182
386.714 2164
386.728 2156
386.741 2179
386.754 2201
386.768 2228
386.781 2188
386.795 2162
386.808 2121
386.822 2123
386.835 2096
386.848 2091
386.862 2097
386.875 2041
386.889 2101
386.902 2084
386.915 2094
386.929 2027
386.942 2040
386.956 2019
386.969 2026
386.983 1995
386.996 1997
387.009 2002
387.023 2016
387.036 1998
387.050 1962
387.063 2018
387.076 2066
387.090 1989
387.103 1966
387.117 2012
387.130 2007
387.143 1998
387.157 2017
387.170 2009
387.184 1939
387.197 2005
387.210 1966
387.224 1925
387.237 1943
387.251 1905
387.264 1937
387.278 1899
387.291 1921
387.304 1937
387.318 1932
387.331 1897
387.345 1898
387.358 1919
387.371 1908
387.385 1873
387.398 1899
387.412 1905
387.425 1879
387.438 1881
387.452 1864
387.465 1833
387.478 1853
387.492 1823
387.505 1812
387.519 1875
387.532 1946
387.545 1900
387.559 1924
387.572 1921
387.586 1926
387.599 1891
387.612 1895
387.626 1882
387.639 1860
387.653 1892
387.666 1843
387.679 1828
387.693 1788
387.706 1773
387.720 1804
387.733 1819
387.746 1845
387.760 1816
387.773 1787
387.787 1716
387.800 1809
387.813 1793
387.827 1753
387.840 1730
387.853 1748
387.867 1702
387.880 1796
387.894 1759
387.907 1753
387.920 1773
387.934 1727
387.947 1711
387.961 1687
387.974 1691
387.987 1666
388.001 1635
388.014 1663
388.027 1652
388.041 1628
388.054 1609
388.068 1599
388.081 1595
388.094 1602
388.108 1570
388.121 1582
388.134 1539
388.148 1549
388.161 1522
388.175 1488
388.188 1456
388.201 1466
388.215 1439
388.228 1415
388.241 1440
388.255 1428
388.268 1411
388.282 1398
388.295 1346
388.308 1384
388.322 1361
388.335 1319
388.348 1322
388.362 1333
388.375 1337
388.389 1298
388.402 1302
388.415 1294
388.429 1306
388.442 1339
388.455 1296
388.469 1265
388.482 1275
388.495 1292
388.509 1254
388.522 1268
388.536 1299
388.549 1199
388.562 1237
388.576 1204
388.589 1211
388.602 1212
388.616 1215
388.629 1191
388.642 1201
388.656 1190
388.669 1185
388.683 1191
388.696 1193
388.709 1189
388.723 1193
388.736 1182
388.749 1207
388.763 1182
388.776 1170
388.789 1165
388.803 1163
388.816 1126
388.829 1177
388.843 1130
388.856 1171
388.870 1148
388.883 1142
388.896 1158
388.910 1155
388.923 1108
388.936 1140
388.950 1149
388.963 1136
388.976 1135
388.990 1135
389.003 1145
389.016 1135
389.030 1129
389.043 1134
389.056 1143
389.070 1147
389.083 1125
389.097 1126
389.110 1118
389.123 1119
389.137 1093
389.150 1131
389.163 1118
389.177 1097
389.190 1098
389.203 1098
389.217 1107
389.230 1088
389.243 1083
389.257 1092
389.270 1075
389.283 1071
389.297 1060
389.310 1087
389.323 1063
389.337 1041
389.350 1073
389.363 1060
389.377 1053
389.390 1048
389.403 1044
389.417 1071
389.430 1039
389.443 1039
389.457 1067
389.470 1033
389.483 1068
389.497 1056
389.510 1056
389.523 1020
389.537 1040
389.550 1010
389.563 1022
389.577 1012
389.590 1012
389.603 1008
389.617 1006
389.630 996
389.643 994
389.657 994
389.670 987
389.683 995
389.697 965
389.710 969
389.723 992
389.737 998
389.750 1001
389.763 966
389.777 991
389.790 968
389.803 965
389.817 971
389.830 988
389.843 970
389.857 946
389.870 968
389.883 931
389.897 948
389.910 911
389.923 951
389.937 946
389.950 943
389.963 938
389.977 932
389.990 935
390.003 955
390.017 948
390.030 951
390.043 946
390.057 917
390.070 910
390.083 943
390.096 956
390.110 928
390.123 914
390.136 949
390.150 930
390.163 923
390.176 915
390.190 925
390.203 925
390.216 922
390.230 917
390.243 914
390.256 909
390.270 875
390.283 893
390.296 872
390.310 890
390.323 906
390.336 910
390.349 887
390.363 880
390.376 905
390.389 899
390.403 879
390.416 899
390.429 897
390.443 881
390.456 884
390.469 884
390.483 871
390.496 904
390.509 873
390.522 889
390.536 872
390.549 877
390.562 883
390.576 886
390.589 889
390.602 876
390.616 868
390.629 887
390.642 875
390.655 864
390.669 869
390.682 860
390.695 864
390.709 878
390.722 845
390.735 860
390.749 855
390.762 856
390.775 862
390.788 866
390.802 831
390.815 841
390.828 834
390.842 804
390.855 837
390.868 839
390.882 826
390.895 843
390.908 835
390.921 816
390.935 845
390.948 832
390.961 838
390.975 830
390.988 819
391.001 826
391.014 818
391.028 811
391.041 808
391.054 819
391.068 816
391.081 802
391.094 811
391.107 804
391.121 813
391.134 788
391.147 808
391.161 808
391.174 804
391.187 790
391.200 798
391.214 782
391.227 768
391.240 791
391.254 779
391.267 782
391.280 773
391.293 756
391.307 779
391.320 773
391.333 769
391.347 766
391.360 771
391.373 768
391.386 758
391.400 739
391.413 769
391.426 754
391.440 754
391.453 743
391.466 739
391.479 740
391.493 754
391.506 745
391.519 760
391.532 738
391.546 755
391.559 741
391.572 738
391.586 737
391.599 749
391.612 741
391.625 737
391.639 747
391.652 736
391.665 731
391.678 729
391.692 741
391.705 728
391.718 734
391.732 724
391.745 721
391.758 737
391.771 734
391.785 720
391.798 722
391.811 721
391.824 713
391.838 728
391.851 724
391.864 720
391.877 720
391.891 722
391.904 716
391.917 697
391.931 718
391.944 712
391.957 722
391.970 728
391.984 722
391.997 707
392.010 705
392.023 722
392.037 718
392.050 720
392.063 709
392.076 707
392.090 698
392.103 722
392.116 704
392.129 714
392.143 718
392.156 721
392.169 708
392.182 707
392.196 704
392.209 696
392.222 711
392.235 706
392.249 704
392.262 689
392.275 706
392.288 709
392.302 696
392.315 707
392.328 692
392.341 701
392.355 700
392.368 698
392.381 671
392.394 703
392.408 696
392.421 694
392.434 695
392.447 698
392.461 706
392.474 679
392.487 711
392.500 693
392.514 707
392.527 700
392.540 687
392.553 691
392.567 706
392.580 706
392.593 699
392.606 694
392.620 703
392.633 692
392.646 694
392.659 687
392.673 686
392.686 690
392.699 700
392.712 691
392.726 697
392.739 692
392.752 695
392.765 692
392.778 693
392.792 695
392.805 690
392.818 696
392.831 690
392.845 706
392.858 688
392.871 692
392.884 687
392.898 699
392.911 698
392.924 699
392.937 694
392.951 691
392.964 704
392.977 684
392.990 696
393.003 707
393.017 696
393.030 684
393.043 693
393.056 687
393.070 691
393.083 702
393.096 683
393.109 684
393.122 695
393.136 693
393.149 689
393.162 687
393.175 696
393.189 683
393.202 695
393.215 688
393.228 691
393.242 686
393.255 685
393.268 681
393.281 684
393.294 681
393.308 688
393.321 681
393.334 694
393.347 692
393.360 689
393.374 690
393.387 679
393.400 680
393.413 673
393.427 674
393.440 694
393.453 681
393.466 682
393.479 679
393.493 683
393.506 688
393.519 690
393.532 674
393.546 684
393.559 677
393.572 684
393.585 675
393.598 683
393.612 684
393.625 679
393.638 694
393.651 678
393.664 673
393.678 673
393.691 687
393.704 673
393.717 685
393.730 677
393.744 676
393.757 678
393.770 690
393.783 692
393.796 678
393.810 674
393.823 677
393.836 679
393.849 693
393.863 677
393.876 686
393.889 692
393.902 682
393.915 665
393.929 683
