375.891 687
375.905 683
375.919 703
375.933 689
375.946 697
375.960 692
375.974 695
375.987 704
376.001 688
376.015 701
376.029 701
376.042 694
376.056 702
376.070 711
376.084 716
376.097 714
376.111 702
376.125 692
376.139 717
376.152 706
376.166 710
376.180 723
376.193 711
376.207 706
376.221 712
376.235 723
376.248 707
376.262 720
376.276 742
376.290 715
376.303 726
376.317 725
376.331 716
376.345 727
376.358 726
376.372 728
376.386 735
376.399 730
376.413 735
376.427 730
376.441 736
376.454 732
376.468 737
376.482 733
376.495 754
376.509 756
376.523 752
376.537 741
376.550 767
376.564 777
376.578 759
376.592 754
376.605 752
376.619 771
376.633 759
376.646 747
376.660 761
376.674 773
376.688 761
376.701 763
376.715 775
376.729 791
376.742 796
376.756 770
376.770 781
376.784 798
376.797 802
376.811 795
376.825 808
376.838 797
376.852 813
376.866 785
376.880 816
376.893 811
376.907 802
376.921 818
376.934 823
376.948 830
376.962 803
376.976 838
376.989 843
377.003 830
377.017 846
377.030 855
377.044 874
377.058 860
377.071 871
377.085 860
377.099 885
377.113 866
377.126 854
377.140 867
377.154 850
377.167 890
377.181 895
377.195 877
377.208 885
377.222 886
377.236 886
377.250 871
377.263 890
377.277 909
377.291 906
377.304 913
377.318 913
377.332 917
377.345 918
377.359 930
377.373 930
377.387 908
377.400 935
377.414 936
377.428 940
377.441 930
377.455 933
377.469 939
377.482 935
377.496 953
377.510 966
377.524 955
377.537 986
377.551 984
377.565 968
377.578 965
377.592 973
377.606 956
377.619 975
377.633 997
377.647 986
377.660 997
377.674 1000
377.688 996
377.701 976
377.715 1008
377.729 1002
377.743 1010
377.756 1005
377.770 1013
377.784 1021
377.797 1039
377.811 1017
377.825 1060
377.838 1029
377.852 1039
377.866 1044
377.879 1067
377.893 1044
377.907 1033
377.920 1045
377.934 1052
377.948 1056
377.961 1077
377.975 1065
377.989 1071
378.002 1066
378.016 1076
378.030 1064
378.044 1066
378.057 1074
378.071 1075
378.085 1092
378.098 1069
378.112 1087
378.126 1098
378.139 1093
378.153 1075
378.167 1114
378.180 1100
378.194 1080
378.208 1111
378.221 1123
378.235 1100
378.249 1127
378.262 1123
378.276 1115
378.290 1103
378.303 1134
378.317 1127
378.331 1138
378.344 1109
378.358 1142
378.372 1144
378.385 1128
378.399 1152
378.413 1143
378.426 1156
378.440 1149
378.454 1169
378.467 1168
378.481 1180
378.495 1172
378.508 1155
378.522 1153
378.536 1186
378.549 1172
378.563 1167
378.577 1187
378.590 1154
378.604 1203
378.618 1168
378.631 1206
378.645 1225
378.659 1205
378.672 1186
378.686 1205
378.700 1231
378.713 1250
378.727 1265
378.740 1275
378.754 1260
378.768 1230
378.781 1226
378.795 1234
378.809 1259
378.822 1282
378.836 1235
378.850 1220
378.863 1203
378.877 1257
378.891 1238
378.904 1258
378.918 1258
378.932 1281
378.945 1267
378.959 1208
378.973 1262
378.986 1266
379.000 1262
379.014 1271
379.027 1241
379.041 1257
379.054 1269
379.068 1277
379.082 1253
379.095 1318
379.109 1300
379.123 1291
379.136 1297
379.150 1274
379.164 1287
379.177 1321
379.191 1310
379.205 1298
379.218 1304
379.232 1365
379.245 1385
379.259 1343
379.273 1316
379.286 1347
379.300 1394
379.314 1358
379.327 1341
379.341 1356
379.355 1350
379.368 1379
379.382 1362
379.396 1358
379.409 1362
379.423 1408
379.436 1408
379.450 1429
379.464 1463
379.477 1399
379.491 1412
379.505 1407
379.518 1471
379.532 1458
379.546 1449
379.559 1483
379.573 1448
379.586 1463
379.600 1481
379.614 1529
379.627 1518
379.641 1534
379.655 1558
379.668 1503
379.682 1529
379.695 1532
379.709 1532
379.723 1536
379.736 1661
379.750 1616
379.764 1670
379.777 1627
379.791 1677
379.804 1687
379.818 1697
379.832 1704
379.845 1653
379.859 1676
379.873 1674
379.886 1706
379.900 1703
379.913 1742
379.927 1736
379.941 1773
379.954 1774
379.968 1780
379.982 1783
379.995 1787
380.009 1815
380.022 1863
380.036 1843
380.050 1913
380.063 1929
380.077 1973
380.090 2020
380.104 2073
380.118 2002
380.131 2004
380.145 2039
380.159 2075
380.172 2112
380.186 2187
380.199 2174
380.213 2215
380.227 2254
380.240 2262
380.254 2241
380.267 2185
380.281 2234
380.295 2247
380.308 2293
380.322 2367
380.336 2353
380.349 2391
380.363 2359
380.376 2419
380.390 2395
380.404 2482
380.417 2465
380.431 2518
380.444 2498
380.458 2483
380.472 2583
380.485 2578
380.499 2638
380.512 2692
380.526 2692
380.540 2671
380.553 2726
380.567 2728
380.580 2788
380.594 2811
380.608 2846
380.621 2995
380.635 3012
380.648 2978
380.662 3000
380.676 3037
380.689 3039
380.703 3124
380.716 3152
380.730 3163
380.744 3202
380.757 3262
380.771 3367
380.784 3367
380.798 3385
380.812 3374
380.825 3432
380.839 3479
380.852 3586
380.866 3623
380.880 3594
380.893 3603
380.907 3623
380.920 3587
380.934 3642
380.948 3634
380.961 3716
380.975 3734
380.988 3739
381.002 3732
381.015 3782
381.029 3834
381.043 3833
381.056 3935
381.070 3874
381.083 3931
381.097 4016
381.111 3989
381.124 4062
381.138 4098
381.151 3983
381.165 4105
381.179 4192
381.192 4098
381.206 4093
381.219 4043
381.233 4245
381.246 4131
381.260 4184
381.274 4199
381.287 4220
381.301 4295
381.314 4320
381.328 4317
381.341 4377
381.355 4344
381.369 4280
381.382 4332
381.396 4385
381.409 4466
381.423 4481
381.437 4525
381.450 4553
381.464 4548
381.477 4680
381.491 4578
381.504 4638
381.518 4675
381.532 4670
381.545 4764
381.559 4859
381.572 4833
381.586 4868
381.599 4750
381.613 4803
381.627 4901
381.640 4821
381.654 4793
381.667 4868
381.681 4888
381.694 4888
381.708 4841
381.722 4716
381.735 4819
381.749 4770
381.762 4837
381.776 4738
381.789 4844
381.803 4779
381.817 4792
381.830 4939
381.844 4815
381.857 4845
381.871 4935
381.884 4877
381.898 4874
381.911 4816
381.925 4890
381.939 5021
381.952 4997
381.966 4925
381.979 4965
381.993 4965
382.006 5045
382.020 5152
382.034 5237
382.047 5049
382.061 5066
382.074 5096
382.088 5018
382.101 5067
382.115 5109
382.128 5001
382.142 5265
382.156 5336
382.169 5336
382.183 5292
382.196 5361
382.210 5296
382.223 5316
382.237 5312
382.250 5413
382.264 5271
382.278 5289
382.291 5476
382.305 5508
382.318 5620
382.332 5615
382.345 5412
382.359 5428
382.372 5372
382.386 5402
382.399 5327
382.413 5458
382.427 5364
382.440 5507
382.454 5491
382.467 5614
382.481 5659
382.494 5723
382.508 5846
382.521 5847
382.535 5810
382.548 5748
382.562 5666
382.576 5760
382.589 5874
382.603 5885
382.616 6001
382.630 5937
382.643 6020
382.657 6023
382.670 6009
382.684 6044
382.697 6100
382.711 6189
382.724 6263
382.738 6375
382.752 6285
382.765 6366
382.779 6328
382.792 6384
382.806 6399
382.819 6501
382.833 6588
382.846 6704
382.860 6678
382.873 6757
382.887 6822
382.900 6906
382.914 7044
382.928 7007
382.941 7060
382.955 7160
382.968 7252
382.982 7405
382.995 7399
383.009 7471
383.022 7608
383.036 7683
383.049 7658
383.063 7682
383.076 7878
383.090 7884
383.103 7975
383.117 8062
383.130 8103
383.144 8195
383.158 8243
383.171 8389
383.185 8491
383.198 8615
383.212 8686
383.225 8854
383.239 8999
383.252 9081
383.266 9169
383.279 9270
383.293 9313
383.306 9440
383.320 9626
383.333 9973
383.347 10057
383.360 9922
383.374 10186
383.387 10256
383.401 10387
383.414 10383
383.428 10386
383.441 10426
383.455 10546
383.468 10628
383.482 10837
383.496 11265
383.509 11479
383.523 11301
383.536 11479
383.550 11634
383.563 11734
383.577 11950
383.590 12118
383.604 12122
383.617 12024
383.631 12021
383.644 12055
383.658 12106
383.671 12215
383.685 12313
383.698 12528
383.712 12824
383.725 12742
383.739 12746
383.752 12956
383.766 12922
383.779 13153
383.793 13376
383.806 13518
383.820 14195
383.833 14056
383.847 14190
383.860 14343
383.874 14435
383.887 14247
383.901 14450
383.914 14878
383.928 15017
383.941 15105
383.955 15048
383.968 14977
383.982 15070
383.995 15344
384.009 15449
384.022 15664
384.036 15785
384.049 15942
384.063 16184
384.076 16645
384.090 16979
384.103 17649
384.117 17747
384.130 17673
384.144 17366
384.157 17422
384.171 17639
384.184 17761
384.198 17955
384.211 18033
384.225 18366
384.238 18851
384.252 18972
384.265 19168
384.279 19231
384.292 19577
384.306 19636
384.319 19803
384.333 20049
384.346 20033
384.360 20151
384.373 20268
384.387 20285
384.400 20556
384.414 20703
384.427 20880
384.441 21114
384.454 21260
384.468 21428
384.481 21548
384.495 21626
384.508 21800
384.522 22102
384.535 22308
384.549 22314
384.562 22471
384.575 22650
384.589 23190
384.602 24055
384.616 24212
384.629 24436
384.643 24381
384.656 24778
384.670 24690
384.683 24630
384.697 24670
384.710 24796
384.724 24753
384.737 25019
384.751 24937
384.764 25199
384.778 25257
384.791 25254
384.805 25423
384.818 25435
384.832 25161
384.845 25272
384.859 24978
384.872 24634
384.885 24180
384.899 23994
384.912 23702
384.926 23653
384.939 23107
384.953 23195
384.966 22748
384.980 22623
384.993 22208
385.007 22048
385.020 21518
385.034 21394
385.047 20834
385.061 20203
385.074 19707
385.088 19275
385.101 19006
385.114 18340
385.128 17996
385.141 17580
385.155 17124
385.168 16887
385.182 16757
385.195 16324
385.209 15812
385.222 14940
385.236 14628
385.249 14171
385.263 13586
385.276 13007
385.290 12508
385.303 12020
385.316 11715
385.330 11299
385.343 11052
385.357 10659
385.370 10191
385.384 9812
385.397 9485
385.411 9353
385.424 8986
385.438 8544
385.451 8460
385.464 8208
385.478 8041
385.491 7720
385.505 7562
385.518 7256
385.532 6999
385.545 6706
385.559 6613
385.572 6486
385.586 6243
385.599 6076
385.612 6093
385.626 5893
385.639 5716
385.653 5654
385.666 5610
385.680 5412
385.693 5284
385.707 5049
385.720 5030
385.734 4968
385.747 4727
385.760 4615
385.774 4569
385.787 4536
385.801 4347
385.814 4227
385.828 4051
385.841 4063
385.855 4044
385.868 3898
385.881 3805
385.895 3749
385.908 3729
385.922 3611
385.935 3606
385.949 3543
385.962 3432
385.976 3426
385.989 3378
386.002 3361
386.016 3384
386.029 3378
386.043 3190
386.056 3218
386.070 3055
386.083 3121
386.097 3096
386.110 3104
386.123 2977
386.137 3008
386.150 2949
386.164 2872
386.177 2888
386.191 2975
386.204 2863
386.217 2780
386.231 2786
386.244 2761
386.258 2733
386.271 2685
386.285 2677
386.298 2668
386.311 2718
386.325 2619
386.338 2554
386.352 2476
386.365 2567
386.379 2509
386.392 2515
386.405 2496
386.419 2456
386.432 2486
386.446 2449
386.459 2437
386.473 2408
386.486 2424
386.499 2364
386.513 2292
386.526 2374
386.540 2320
386.553 2372
386.567 2304
386.580 2331
386.593 2322
386.607 2361
386.620 2331
386.634 2249
386.647 2318
386.661 2249
386.674 2235
386.687 2209
386.701 2191
386.714 2198
386.728 2147
386.741 2157
386.754 2166
386.768 2135
386.781 2096
386.795 2129
386.808 2053
386.822 2104
386.835 2050
386.848 2048
386.862 1991
386.875 2042
386.889 1999
386.902 2013
386.915 2040
386.929 1975
386.942 1988
386.956 2008
386.969 1983
386.983 1965
386.996 1944
387.009 1946
387.023 1971
387.036 1903
387.050 1930
387.063 1940
387.076 1897
387.090 1896
387.103 1865
387.117 1914
387.130 1867
387.143 1930
387.157 1943
387.170 1934
387.184 1874
387.197 1851
387.210 1860
387.224 1861
387.237 1819
387.251 1862
387.264 1785
387.278 1801
387.291 1833
387.304 1812
387.318 1813
387.331 1775
387.345 1774
387.358 1745
387.371 1806
387.385 1786
387.398 1762
387.412 1713
387.425 1693
387.438 1731
387.452 1710
387.465 1691
387.478 1639
387.492 1651
387.505 1714
387.519 1713
387.532 1720
387.545 1754
387.559 1697
387.572 1708
387.586 1710
387.599 1719
387.612 1675
387.626 1764
387.639 1678
387.653 1638
387.666 1641
387.679 1620
387.693 1600
387.706 1580
387.720 1639
387.733 1611
387.746 1587
387.760 1597
387.773 1627
387.787 1585
387.800 1569
387.813 1582
387.827 1600
387.840 1536
387.853 1524
387.867 1546
387.880 1512
387.894 1528
387.907 1538
387.920 1505
387.934 1509
387.947 1461
387.961 1504
387.974 1462
387.987 1457
388.001 1454
388.014 1438
388.027 1411
388.041 1461
388.054 1376
388.068 1374
388.081 1430
388.094 1355
388.108 1407
388.121 1412
388.134 1369
388.148 1363
388.161 1335
388.175 1320
388.188 1324
388.201 1325
388.215 1319
388.228 1298
388.241 1287
388.255 1244
388.268 1259
388.282 1278
388.295 1248
388.308 1251
388.322 1234
388.335 1216
388.348 1224
388.362 1204
388.375 1193
388.389 1198
388.402 1189
388.415 1167
388.429 1151
388.442 1157
388.455 1200
388.469 1177
388.482 1155
388.495 1174
388.509 1154
388.522 1154
388.536 1174
388.549 1098
388.562 1097
388.576 1110
388.589 1091
388.602 1089
388.616 1079
388.629 1064
388.642 1080
388.656 1044
388.669 1087
388.683 1055
388.696 1052
388.709 1079
388.723 1079
388.736 1052
388.749 1029
388.763 1065
388.776 1009
388.789 1075
388.803 1056
388.816 1021
388.829 1010
388.843 1028
388.856 1019
388.870 1023
388.883 1014
388.896 994
388.910 1031
388.923 1033
388.936 1036
388.950 1028
388.963 1012
388.976 1013
388.990 990
389.003 1007
389.016 1038
389.030 1026
389.043 1021
389.056 1016
389.070 1039
389.083 1002
389.097 1019
389.110 1026
389.123 1015
389.137 992
389.150 1024
389.163 1008
389.177 976
389.190 998
389.203 992
389.217 1009
389.230 985
389.243 965
389.257 975
389.270 991
389.283 983
389.297 958
389.310 979
389.323 987
389.337 964
389.350 949
389.363 1002
389.377 983
389.390 970
389.403 993
389.417 977
389.430 999
389.443 996
389.457 959
389.470 974
389.483 1011
389.497 987
389.510 995
389.523 990
389.537 971
389.550 991
389.563 935
389.577 965
389.590 968
389.603 946
389.617 987
389.630 944
389.643 945
389.657 956
389.670 970
389.683 928
389.697 958
389.710 940
389.723 965
389.737 947
389.750 975
389.763 955
389.777 952
389.790 925
389.803 938
389.817 959
389.830 932
389.843 926
389.857 946
389.870 916
389.883 906
389.897 914
389.910 927
389.923 926
389.937 931
389.950 935
389.963 931
389.977 935
389.990 906
390.003 929
390.017 923
390.030 940
390.043 916
390.057 938
390.070 914
390.083 927
390.096 914
390.110 898
390.123 921
390.136 924
390.150 900
390.163 913
390.176 917
390.190 911
390.203 903
390.216 897
390.230 902
390.243 896
390.256 871
390.270 886
390.283 901
390.296 878
390.310 908
390.323 877
390.336 908
390.349 882
390.363 894
390.376 902
390.389 887
390.403 886
390.416 892
390.429 868
390.443 899
390.456 880
390.469 848
390.483 864
390.496 861
390.509 882
390.522 865
390.536 871
390.549 854
390.562 871
390.576 858
390.589 863
390.602 873
390.616 879
390.629 829
390.642 857
390.655 833
390.669 863
390.682 855
390.695 868
390.709 856
390.722 823
390.735 841
390.749 839
390.762 838
390.775 834
390.788 836
390.802 817
390.815 818
390.828 842
390.842 838
390.855 829
390.868 834
390.882 828
390.895 816
390.908 816
390.921 825
390.935 825
390.948 831
390.961 821
390.975 784
390.988 818
391.001 826
391.014 800
391.028 789
391.041 797
391.054 795
391.068 797
391.081 801
391.094 785
391.107 798
391.121 796
391.134 787
391.147 778
391.161 789
391.174 764
391.187 759
391.200 788
391.214 757
391.227 771
391.240 772
391.254 750
391.267 752
391.280 744
391.293 763
391.307 760
391.320 752
391.333 738
391.347 741
391.360 751
391.373 747
391.386 751
391.400 739
391.413 736
391.426 743
391.440 727
391.453 723
391.466 741
391.479 739
391.493 720
391.506 723
391.519 731
391.532 738
391.546 732
391.559 738
391.572 726
391.586 712
391.599 721
391.612 709
391.625 699
391.639 722
391.652 712
391.665 709
391.678 732
391.692 732
391.705 721
391.718 711
391.732 725
391.745 715
391.758 705
391.771 715
391.785 710
391.798 704
391.811 712
391.824 701
391.838 701
391.851 716
391.864 713
391.877 712
391.891 687
391.904 698
391.917 685
391.931 704
391.944 704
391.957 700
391.970 699
391.984 714
391.997 686
392.010 704
392.023 700
392.037 707
392.050 691
392.063 685
392.076 693
392.090 696
392.103 688
392.116 688
392.129 685
392.143 680
392.156 693
392.169 700
392.182 697
392.196 695
392.209 694
392.222 693
392.235 677
392.249 695
392.262 696
392.275 691
392.288 680
392.302 690
392.315 696
392.328 677
392.341 685
392.355 687
392.368 692
392.381 677
392.394 692
392.408 689
392.421 687
392.434 683
392.447 694
392.461 686
392.474 687
392.487 685
392.500 689
392.514 689
392.527 681
392.540 688
392.553 691
392.567 669
392.580 676
392.593 684
392.606 678
392.620 681
392.633 680
392.646 684
392.659 681
392.673 683
392.686 678
392.699 668
392.712 682
392.726 672
392.739 661
392.752 681
392.765 687
392.778 670
392.792 672
392.805 673
392.818 687
392.831 679
392.845 682
392.858 666
392.871 679
392.884 681
392.898 685
392.911 667
392.924 674
392.937 691
392.951 675
392.964 690
392.977 677
392.990 666
393.003 676
393.017 677
393.030 665
393.043 687
393.056 693
393.070 685
393.083 678
393.096 686
393.109 672
393.122 669
393.136 673
393.149 672
393.162 680
393.175 668
393.189 661
393.202 669
393.215 672
393.228 668
393.242 666
393.255 676
393.268 670
393.281 676
393.294 669
393.308 676
393.321 676
393.334 673
393.347 665
393.360 674
393.374 678
393.387 665
393.400 670
393.413 653
393.427 658
393.440 679
393.453 665
393.466 673
393.479 654
393.493 670
393.506 671
393.519 659
393.532 653
393.546 664
393.559 661
393.572 682
393.585 681
393.598 675
393.612 670
393.625 672
393.638 672
393.651 659
393.664 665
393.678 665
393.691 653
393.704 678
393.717 676
393.730 665
393.744 671
393.757 661
393.770 649
393.783 663
393.796 668
393.810 670
393.823 669
393.836 669
393.849 672
393.863 670
393.876 667
393.889 664
393.902 663
393.915 664
393.929 660
