375.891 718
375.905 710
375.919 730
375.933 736
375.946 720
375.960 738
375.974 725
375.987 731
376.001 739
376.015 737
376.029 741
376.042 746
376.056 735
376.070 751
376.084 733
376.097 747
376.111 753
376.125 742
376.139 745
376.152 745
376.166 746
376.180 773
376.193 755
376.207 742
376.221 762
376.235 759
376.248 759
376.262 769
376.276 765
376.290 747
376.303 775
376.317 769
376.331 768
376.345 765
376.358 784
376.372 769
376.386 785
376.399 784
376.413 790
376.427 800
376.441 784
376.454 783
376.468 789
376.482 797
376.495 784
376.509 800
376.523 823
376.537 819
376.550 814
376.564 846
376.578 806
376.592 834
376.605 814
376.619 827
376.633 818
376.646 818
376.660 825
376.674 839
376.688 835
376.701 829
376.715 845
376.729 838
376.742 866
376.756 863
376.770 851
376.784 875
376.797 851
376.811 870
376.825 888
376.838 884
376.852 889
376.866 881
376.880 862
376.893 883
376.907 888
376.921 880
376.934 893
376.948 891
376.962 912
376.976 921
376.989 908
377.003 916
377.017 932
377.030 929
377.044 926
377.058 946
377.071 940
377.085 949
377.099 941
377.113 944
377.126 962
377.140 964
377.154 958
377.167 954
377.181 973
377.195 976
377.208 979
377.222 996
377.236 986
377.250 973
377.263 1025
377.277 1010
377.291 1040
377.304 1020
377.318 1024
377.332 1031
377.345 1030
377.359 1051
377.373 1014
377.387 1043
377.400 1043
377.414 1065
377.428 1048
377.441 1077
377.455 1076
377.469 1091
377.482 1083
377.496 1101
377.510 1079
377.524 1134
377.537 1098
377.551 1095
377.565 1108
377.578 1119
377.592 1087
377.606 1096
377.619 1120
377.633 1095
377.647 1114
377.660 1128
377.674 1143
377.688 1157
377.701 1147
377.715 1138
377.729 1148
377.743 1129
377.756 1189
377.770 1182
377.784 1183
377.797 1174
377.811 1153
377.825 1170
377.838 1191
377.852 1197
377.866 1172
377.879 1204
377.893 1220
377.907 1182
377.920 1220
377.934 1237
377.948 1214
377.961 1215
377.975 1222
377.989 1216
378.002 1253
378.016 1196
378.030 1231
378.044 1249
378.057 1209
378.071 1238
378.085 1286
378.098 1264
378.112 1248
378.126 1261
378.139 1276
378.153 1288
378.167 1234
378.180 1269
378.194 1280
378.208 1292
378.221 1286
378.235 1303
378.249 1311
378.262 1271
378.276 1317
378.290 1306
378.303 1312
378.317 1332
378.331 1323
378.344 1336
378.358 1338
378.372 1328
378.385 1313
378.399 1366
378.413 1349
378.426 1345
378.440 1337
378.454 1366
378.467 1372
378.481 1374
378.495 1348
378.508 1369
378.522 1381
378.536 1383
378.549 1371
378.563 1395
378.577 1363
378.590 1385
378.604 1401
378.618 1391
378.631 1415
378.645 1419
378.659 1413
378.672 1414
378.686 1452
378.700 1498
378.713 1480
378.727 1466
378.740 1469
378.754 1492
378.768 1445
378.781 1492
378.795 1529
378.809 1526
378.822 1511
378.836 1523
378.850 1486
378.863 1441
378.877 1499
378.891 1513
378.904 1507
378.918 1498
378.932 1557
378.945 1479
378.959 1489
378.973 1488
378.986 1503
379.000 1478
379.014 1510
379.027 1507
379.041 1518
379.054 1510
379.068 1516
379.082 1536
379.095 1527
379.109 1547
379.123 1522
379.136 1551
379.150 1556
379.164 1562
379.177 1581
379.191 1556
379.205 1569
379.218 1548
379.232 1584
379.245 1600
379.259 1626
379.273 1562
379.286 1624
379.300 1632
379.314 1627
379.327 1623
379.341 1655
379.355 1620
379.368 1639
379.382 1659
379.396 1664
379.409 1700
379.423 1694
379.436 1681
379.450 1692
379.464 1698
379.477 1718
379.491 1750
379.505 1709
379.518 1735
379.532 1777
379.546 1762
379.559 1795
379.573 1788
379.586 1760
379.600 1797
379.614 1869
379.627 1853
379.641 1907
379.655 1899
379.668 1882
379.682 1836
379.695 1867
379.709 1879
379.723 1883
379.736 1974
379.750 2014
379.764 2051
379.777 2046
379.791 2088
379.804 2103
379.818 2082
379.832 2075
379.845 2057
379.859 2075
379.873 1998
379.886 2083
379.900 2098
379.913 2134
379.927 2142
379.941 2142
379.954 2203
379.968 2200
379.982 2224
379.995 2259
380.009 2268
380.022 2261
380.036 2334
380.050 2318
380.063 2392
380.077 2518
380.090 2498
380.104 2564
380.118 2491
380.131 2596
380.145 2586
380.159 2628
380.172 2663
380.186 2632
380.199 2766
380.213 2786
380.227 2833
380.240 2872
380.254 2791
380.267 2788
380.281 2740
380.295 2906
380.308 2830
380.322 2871
380.336 2957
380.349 2973
380.363 2973
380.376 3053
380.390 3029
380.404 3142
380.417 3123
380.431 3139
380.444 3244
380.458 3194
380.472 3245
380.485 3265
380.499 3330
380.512 3373
380.526 3408
380.540 3462
380.553 3445
380.567 3494
380.580 3530
380.594 3579
380.608 3684
380.621 3768
380.635 3799
380.648 3751
380.662 3814
380.676 3864
380.689 3955
380.703 3983
380.716 3971
380.730 4056
380.744 4081
380.757 4077
380.771 4175
380.784 4335
380.798 4349
380.812 4363
380.825 4398
380.839 4373
380.852 4486
380.866 4626
380.880 4629
380.893 4588
380.907 4545
380.920 4609
380.934 4676
380.948 4677
380.961 4832
380.975 4752
380.988 4827
381.002 4760
381.015 4825
381.029 4931
381.043 4977
381.056 5001
381.070 4981
381.083 4935
381.097 5031
381.111 5050
381.124 5105
381.138 5239
381.151 5239
381.165 5205
381.179 5186
381.192 5224
381.206 5118
381.219 5230
381.233 5292
381.246 5231
381.260 5409
381.274 5343
381.287 5410
381.301 5436
381.314 5489
381.328 5342
381.341 5431
381.355 5428
381.369 5525
381.382 5556
381.396 5589
381.409 5694
381.423 5742
381.437 5816
381.450 5716
381.464 5813
381.477 5907
381.491 5961
381.504 5932
381.518 5955
381.532 6010
381.545 6050
381.559 6249
381.572 6167
381.586 6121
381.599 6125
381.613 6137
381.627 6190
381.640 6194
381.654 6315
381.667 6306
381.681 6274
381.694 6198
381.708 6175
381.722 6131
381.735 6147
381.749 6059
381.762 6052
381.776 6139
381.789 6090
381.803 6188
381.817 6143
381.830 6232
381.844 6245
381.857 6295
381.871 6357
381.884 6343
381.898 6341
381.911 6341
381.925 6302
381.939 6330
381.952 6310
381.966 6289
381.979 6390
381.993 6547
382.006 6658
382.020 6702
382.034 6675
382.047 6525
382.061 6537
382.074 6478
382.088 6517
382.101 6511
382.115 6544
382.128 6494
382.142 6663
382.156 7068
382.169 6976
382.183 7004
382.196 6843
382.210 6936
382.223 6939
382.237 6859
382.250 6876
382.264 6908
382.278 7044
382.291 7074
382.305 7220
382.318 7257
382.332 7148
382.345 6997
382.359 6935
382.372 6893
382.386 7070
382.399 6952
382.413 7041
382.427 7120
382.440 7161
382.454 7163
382.467 7120
382.481 7473
382.494 7413
382.508 7590
382.521 7594
382.535 7504
382.548 7583
382.562 7580
382.576 7617
382.589 7627
382.603 7785
382.616 7701
382.630 7776
382.643 7868
382.657 7804
382.670 8172
382.684 8146
382.697 7927
382.711 8056
382.724 8233
382.738 8105
382.752 8190
382.765 8284
382.779 8329
382.792 8340
382.806 8521
382.819 8648
382.833 8569
382.846 8754
382.860 8888
382.873 8962
382.887 8907
382.900 9010
382.914 9003
382.928 9168
382.941 9366
382.955 9365
382.968 9521
382.982 9843
382.995 9810
383.009 9689
383.022 9889
383.036 10066
383.049 10078
383.063 10145
383.076 10197
383.090 10349
383.103 10342
383.117 10425
383.130 10577
383.144 10650
383.158 10784
383.171 10770
383.185 10989
383.198 11244
383.212 11362
383.225 11528
383.239 11747
383.252 12002
383.266 11993
383.279 12016
383.293 12085
383.306 12338
383.320 12461
383.333 12728
383.347 12914
383.360 12966
383.374 13029
383.387 13243
383.401 13480
383.414 13379
383.428 13372
383.441 13700
383.455 13626
383.468 13678
383.482 14013
383.496 14366
383.509 14727
383.523 14657
383.536 15024
383.550 14940
383.563 15135
383.577 15378
383.590 15569
383.604 15581
383.617 15476
383.631 15589
383.644 15568
383.658 15650
383.671 15747
383.685 15888
383.698 16032
383.712 16334
383.725 16368
383.739 16412
383.752 16656
383.766 16497
383.779 16839
383.793 17108
383.806 17365
383.820 17908
383.833 18142
383.847 18022
383.860 18456
383.874 18728
383.887 18153
383.901 18137
383.914 18859
383.928 19090
383.941 18930
383.955 18979
383.968 19116
383.982 19193
383.995 19320
384.009 19600
384.022 19767
384.036 19955
384.049 20262
384.063 20628
384.076 20905
384.090 21562
384.103 22186
384.117 22554
384.130 22653
384.144 21903
384.157 22194
384.171 22174
384.184 22596
384.198 22657
384.211 23033
384.225 23131
384.238 23811
384.252 24262
384.265 24319
384.279 24705
384.292 25071
384.306 25480
384.319 25293
384.333 25284
384.346 25589
384.360 25641
384.373 25942
384.387 26301
384.400 26562
384.414 26999
384.427 27018
384.441 27540
384.454 27515
384.468 27838
384.481 28073
384.495 28284
384.508 28573
384.522 29009
384.535 28975
384.549 29532
384.562 29584
384.575 29770
384.589 30527
384.602 31500
384.616 32022
384.629 32464
384.643 32613
384.656 33021
384.670 33309
384.683 33071
384.697 33083
384.710 33176
384.724 33451
384.737 33747
384.751 33893
384.764 34204
384.778 34330
384.791 34675
384.805 34740
384.818 34834
384.832 34644
384.845 34483
384.859 34374
384.872 33751
384.885 33509
384.899 33109
384.912 33168
384.926 32694
384.939 32391
384.953 32214
384.966 32040
384.980 31494
384.993 31350
385.007 30596
385.020 30329
385.034 29873
385.047 29484
385.061 28328
385.074 27973
385.088 27253
385.101 26756
385.114 26003
385.128 25794
385.141 24919
385.155 24528
385.168 24279
385.182 23980
385.195 23051
385.209 22345
385.222 21375
385.236 20860
385.249 20105
385.263 19198
385.276 18493
385.290 17816
385.303 17034
385.316 16571
385.330 16311
385.343 15798
385.357 15247
385.370 14655
385.384 13962
385.397 13588
385.411 13074
385.424 12642
385.438 12302
385.451 11811
385.464 11801
385.478 11288
385.491 11015
385.505 10654
385.518 10407
385.532 10048
385.545 9594
385.559 9452
385.572 9000
385.586 8934
385.599 8889
385.612 8567
385.626 8421
385.639 8077
385.653 8054
385.666 8025
385.680 7958
385.693 7546
385.707 7376
385.720 7090
385.734 7098
385.747 6906
385.760 6734
385.774 6681
385.787 6451
385.801 6397
385.814 6038
385.828 5943
385.841 5808
385.855 5702
385.868 5628
385.881 5426
385.895 5443
385.908 5372
385.922 5257
385.935 5209
385.949 5063
385.962 5012
385.976 4970
385.989 4912
386.002 4988
386.016 4873
386.029 4876
386.043 4852
386.056 4591
386.070 4596
386.083 4448
386.097 4527
386.110 4493
386.123 4516
386.137 4371
386.150 4309
386.164 4242
386.177 4195
386.191 4221
386.204 4242
386.217 4107
386.231 4018
386.244 4084
386.258 3987
386.271 4027
386.285 3985
386.298 3876
386.311 3948
386.325 3764
386.338 3749
386.352 3744
386.365 3674
386.379 3625
386.392 3587
386.405 3538
386.419 3547
386.432 3532
386.446 3580
386.459 3565
386.473 3550
386.486 3451
386.499 3459
386.513 3429
386.526 3432
386.540 3402
386.553 3375
386.567 3368
386.580 3438
386.593 3422
386.607 3404
386.620 3404
386.634 3426
386.647 3400
386.661 3377
386.674 3263
386.687 3188
386.701 3172
386.714 3158
386.728 3195
386.741 3088
386.754 3156
386.768 3097
386.781 3051
386.795 3028
386.808 3008
386.822 3004
386.835 2931
386.848 2905
386.862 2966
386.875 2950
386.889 2899
386.902 2882
386.915 2860
386.929 2923
386.942 2914
386.956 2854
386.969 2834
386.983 2838
386.996 2806
387.009 2797
387.023 2777
387.036 2738
387.050 2750
387.063 2804
387.076 2794
387.090 2686
387.103 2790
387.117 2694
387.130 2739
387.143 2762
387.157 2756
387.170 2749
387.184 2729
387.197 2702
387.210 2624
387.224 2626
387.237 2608
387.251 2610
387.264 2603
387.278 2561
387.291 2617
387.304 2587
387.318 2571
387.331 2525
387.345 2595
387.358 2568
387.371 2558
387.385 2563
387.398 2540
387.412 2519
387.425 2505
387.438 2400
387.452 2443
387.465 2420
387.478 2385
387.492 2398
387.505 2405
387.519 2423
387.532 2473
387.545 2496
387.559 2514
387.572 2481
387.586 2429
387.599 2456
387.612 2484
387.626 2480
387.639 2452
387.653 2418
387.666 2340
387.679 2312
387.693 2256
387.706 2288
387.720 2260
387.733 2350
387.746 2304
387.760 2290
387.773 2260
387.787 2270
387.800 2252
387.813 2262
387.827 2167
387.840 2149
387.853 2136
387.867 2178
387.880 2200
387.894 2233
387.907 2185
387.920 2140
387.934 2095
387.947 2063
387.961 2089
387.974 2032
387.987 2051
388.001 2012
388.014 2002
388.027 1997
388.041 2017
388.054 1942
388.068 1915
388.081 2002
388.094 1949
388.108 1977
388.121 1921
388.134 1868
388.148 1875
388.161 1826
388.175 1811
388.188 1764
388.201 1783
388.215 1738
388.228 1728
388.241 1766
388.255 1728
388.268 1698
388.282 1713
388.295 1696
388.308 1628
388.322 1637
388.335 1606
388.348 1591
388.362 1600
388.375 1572
388.389 1577
388.402 1570
388.415 1572
388.429 1577
388.442 1554
388.455 1570
388.469 1536
388.482 1533
388.495 1555
388.509 1478
388.522 1516
388.536 1505
388.549 1490
388.562 1430
388.576 1419
388.589 1426
388.602 1405
388.616 1416
388.629 1414
388.642 1391
388.656 1379
388.669 1372
388.683 1361
388.696 1380
388.709 1402
388.723 1352
388.736 1385
388.749 1369
388.763 1388
388.776 1349
388.789 1374
388.803 1316
388.816 1331
388.829 1327
388.843 1322
388.856 1329
388.870 1299
388.883 1317
388.896 1316
388.910 1296
388.923 1299
388.936 1344
388.950 1319
388.963 1310
388.976 1319
388.990 1294
389.003 1329
389.016 1300
389.030 1345
389.043 1330
389.056 1324
389.070 1319
389.083 1279
389.097 1274
389.110 1307
389.123 1286
389.137 1306
389.150 1297
389.163 1282
389.177 1269
389.190 1290
389.203 1303
389.217 1290
389.230 1302
389.243 1275
389.257 1249
389.270 1246
389.283 1300
389.297 1254
389.310 1237
389.323 1262
389.337 1231
389.350 1266
389.363 1277
389.377 1257
389.390 1257
389.403 1266
389.417 1264
389.430 1260
389.443 1254
389.457 1268
389.470 1261
389.483 1271
389.497 1222
389.510 1284
389.523 1258
389.537 1255
389.550 1220
389.563 1219
389.577 1210
389.590 1205
389.603 1205
389.617 1218
389.630 1206
389.643 1197
389.657 1187
389.670 1176
389.683 1166
389.697 1175
389.710 1171
389.723 1183
389.737 1165
389.750 1208
389.763 1173
389.777 1138
389.790 1166
389.803 1171
389.817 1170
389.830 1148
389.843 1164
389.857 1114
389.870 1121
389.883 1129
389.897 1110
389.910 1108
389.923 1123
389.937 1128
389.950 1119
389.963 1139
389.977 1127
389.990 1124
390.003 1113
390.017 1128
390.030 1137
390.043 1119
390.057 1093
390.070 1081
390.083 1093
390.096 1141
390.110 1119
390.123 1118
390.136 1078
390.150 1107
390.163 1090
390.176 1125
390.190 1094
390.203 1097
390.216 1056
390.230 1069
390.243 1086
390.256 1073
390.270 1084
390.283 1043
390.296 1078
390.310 1071
390.323 1084
390.336 1071
390.349 1061
390.363 1072
390.376 1083
390.389 1066
390.403 1084
390.416 1051
390.429 1055
390.443 1081
390.456 1046
390.469 1034
390.483 1049
390.496 1032
390.509 998
390.522 1049
390.536 1062
390.549 1028
390.562 1031
390.576 1006
390.589 1045
390.602 1019
390.616 1021
390.629 1028
390.642 1021
390.655 1013
390.669 986
390.682 1015
390.695 1018
390.709 995
390.722 990
390.735 1004
390.749 1003
390.762 995
390.775 979
390.788 970
390.802 972
390.815 967
390.828 988
390.842 943
390.855 966
390.868 974
390.882 944
390.895 953
390.908 955
390.921 948
390.935 945
390.948 972
390.961 940
390.975 938
390.988 950
391.001 935
391.014 920
391.028 932
391.041 926
391.054 904
391.068 892
391.081 919
391.094 924
391.107 899
391.121 891
391.134 916
391.147 889
391.161 907
391.174 876
391.187 874
391.200 873
391.214 891
391.227 852
391.240 864
391.254 858
391.267 872
391.280 855
391.293 849
391.307 834
391.320 837
391.333 827
391.347 830
391.360 835
391.373 838
391.386 837
391.400 829
391.413 815
391.426 823
391.440 820
391.453 835
391.466 810
391.479 804
391.493 830
391.506 812
391.519 824
391.532 795
391.546 806
391.559 799
391.572 794
391.586 799
391.599 778
391.612 793
391.625 788
391.639 785
391.652 799
391.665 793
391.678 804
391.692 782
391.705 777
391.718 785
391.732 801
391.745 784
391.758 785
391.771 793
391.785 780
391.798 768
391.811 764
391.824 768
391.838 780
391.851 765
391.864 763
391.877 756
391.891 765
391.904 760
391.917 760
391.931 760
391.944 760
391.957 771
391.970 763
391.984 756
391.997 756
392.010 753
392.023 751
392.037 753
392.050 732
392.063 757
392.076 761
392.090 750
392.103 749
392.116 734
392.129 743
392.143 740
392.156 755
392.169 754
392.182 739
392.196 745
392.209 747
392.222 744
392.235 740
392.249 744
392.262 742
392.275 732
392.288 744
392.302 737
392.315 732
392.328 730
392.341 734
392.355 735
392.368 720
392.381 720
392.394 736
392.408 751
392.421 735
392.434 728
392.447 725
392.461 742
392.474 740
392.487 734
392.500 742
392.514 739
392.527 754
392.540 720
392.553 741
392.567 733
392.580 728
392.593 728
392.606 729
392.620 730
392.633 729
392.646 735
392.659 724
392.673 734
392.686 722
392.699 722
392.712 708
392.726 720
392.739 730
392.752 717
392.765 728
392.778 715
392.792 717
392.805 730
392.818 723
392.831 709
392.845 733
392.858 721
392.871 712
392.884 721
392.898 720
392.911 728
392.924 730
392.937 726
392.951 721
392.964 724
392.977 716
392.990 712
393.003 724
393.017 728
393.030 722
393.043 706
393.056 730
393.070 714
393.083 731
393.096 722
393.109 724
393.122 729
393.136 722
393.149 719
393.162 715
393.175 713
393.189 720
393.202 709
393.215 712
393.228 707
393.242 717
393.255 707
393.268 712
393.281 695
393.294 703
393.308 709
393.321 714
393.334 709
393.347 724
393.360 731
393.374 709
393.387 708
393.400 706
393.413 716
393.427 700
393.440 711
393.453 706
393.466 714
393.479 692
393.493 709
393.506 692
393.519 706
393.532 700
393.546 706
393.559 710
393.572 716
393.585 717
393.598 707
393.612 715
393.625 708
393.638 711
393.651 715
393.664 715
393.678 713
393.691 708
393.704 717
393.717 703
393.730 704
393.744 723
393.757 711
393.770 708
393.783 709
393.796 710
393.810 710
393.823 697
393.836 682
393.849 708
393.863 699
393.876 706
393.889 700
393.902 706
393.915 704
393.929 700
