375.891 694
375.905 706
375.919 710
375.933 714
375.946 708
375.960 707
375.974 721
375.987 704
376.001 709
376.015 711
376.029 710
376.042 703
376.056 714
376.070 722
376.084 724
376.097 717
376.111 723
376.125 722
376.139 715
376.152 727
376.166 726
376.180 722
376.193 724
376.207 737
376.221 726
376.235 732
376.248 715
376.262 731
376.276 735
376.290 744
376.303 739
376.317 734
376.331 747
376.345 735
376.358 725
376.372 745
376.386 743
376.399 743
376.413 760
376.427 769
376.441 763
376.454 756
376.468 746
376.482 758
376.495 767
376.509 780
376.523 761
376.537 776
376.550 782
376.564 778
376.578 770
376.592 781
376.605 784
376.619 788
376.633 772
376.646 783
376.660 780
376.674 790
376.688 785
376.701 787
376.715 781
376.729 809
376.742 793
376.756 795
376.770 825
376.784 814
376.797 805
376.811 817
376.825 825
376.838 818
376.852 817
376.866 832
376.880 837
376.893 815
376.907 834
376.921 804
376.934 845
376.948 832
376.962 859
376.976 856
376.989 851
377.003 856
377.017 853
377.030 868
377.044 858
377.058 857
377.071 867
377.085 874
377.099 856
377.113 884
377.126 861
377.140 882
377.154 882
377.167 898
377.181 919
377.195 898
377.208 902
377.222 915
377.236 921
377.250 915
377.263 906
377.277 940
377.291 920
377.304 942
377.318 937
377.332 950
377.345 949
377.359 969
377.373 935
377.387 947
377.400 939
377.414 939
377.428 969
377.441 988
377.455 967
377.469 979
377.482 981
377.496 986
377.510 1002
377.524 1024
377.537 1010
377.551 1001
377.565 1000
377.578 1016
377.592 992
377.606 983
377.619 1025
377.633 1009
377.647 1014
377.660 1021
377.674 994
377.688 1020
377.701 1009
377.715 1031
377.729 1025
377.743 1021
377.756 1061
377.770 1034
377.784 1072
377.797 1070
377.811 1048
377.825 1042
377.838 1057
377.852 1092
377.866 1055
377.879 1084
377.893 1043
377.907 1082
377.920 1090
377.934 1077
377.948 1086
377.961 1126
377.975 1099
377.989 1087
378.002 1111
378.016 1087
378.030 1111
378.044 1081
378.057 1130
378.071 1116
378.085 1102
378.098 1112
378.112 1126
378.126 1118
378.139 1140
378.153 1144
378.167 1147
378.180 1146
378.194 1158
378.208 1142
378.221 1140
378.235 1135
378.249 1173
378.262 1134
378.276 1172
378.290 1151
378.303 1191
378.317 1162
378.331 1200
378.344 1180
378.358 1200
378.372 1196
378.385 1189
378.399 1219
378.413 1226
378.426 1212
378.440 1213
378.454 1228
378.467 1218
378.481 1242
378.495 1233
378.508 1200
378.522 1185
378.536 1190
378.549 1218
378.563 1218
378.577 1216
378.590 1216
378.604 1234
378.618 1264
378.631 1228
378.645 1246
378.659 1247
378.672 1268
378.686 1286
378.700 1306
378.713 1291
378.727 1311
378.740 1305
378.754 1339
378.768 1336
378.781 1298
378.795 1300
378.809 1323
378.822 1290
378.836 1322
378.850 1295
378.863 1329
378.877 1292
378.891 1334
378.904 1340
378.918 1332
378.932 1322
378.945 1301
378.959 1329
378.973 1318
378.986 1311
379.000 1316
379.014 1341
379.027 1351
379.041 1365
379.054 1356
379.068 1334
379.082 1355
379.095 1374
379.109 1350
379.123 1337
379.136 1360
379.150 1372
379.164 1373
379.177 1384
379.191 1384
379.205 1407
379.218 1379
379.232 1433
379.245 1434
379.259 1387
379.273 1444
379.286 1456
379.300 1433
379.314 1426
379.327 1406
379.341 1420
379.355 1446
379.368 1426
379.382 1483
379.396 1465
379.409 1461
379.423 1468
379.436 1487
379.450 1533
379.464 1494
379.477 1491
379.491 1503
379.505 1482
379.518 1518
379.532 1540
379.546 1558
379.559 1544
379.573 1585
379.586 1531
379.600 1561
379.614 1636
379.627 1603
379.641 1634
379.655 1581
379.668 1630
379.682 1586
379.695 1661
379.709 1652
379.723 1655
379.736 1703
379.750 1730
379.764 1782
379.777 1770
379.791 1812
379.804 1778
379.818 1833
379.832 1769
379.845 1747
379.859 1795
379.873 1779
379.886 1839
379.900 1812
379.913 1849
379.927 1832
379.941 1902
379.954 1879
379.968 1895
379.982 1897
379.995 1958
380.009 1913
380.022 1989
380.036 1993
380.050 2010
380.063 2100
380.077 2145
380.090 2122
380.104 2161
380.118 2236
380.131 2196
380.145 2128
380.159 2181
380.172 2253
380.186 2284
380.199 2322
380.213 2310
380.227 2370
380.240 2421
380.254 2374
380.267 2374
380.281 2328
380.295 2383
380.308 2446
380.322 2444
380.336 2394
380.349 2509
380.363 2558
380.376 2542
380.390 2584
380.404 2606
380.417 2646
380.431 2565
380.444 2655
380.458 2679
380.472 2753
380.485 2725
380.499 2756
380.512 2751
380.526 2860
380.540 2822
380.553 2816
380.567 2903
380.580 2948
380.594 2981
380.608 3077
380.621 3130
380.635 3151
380.648 3184
380.662 3162
380.676 3225
380.689 3221
380.703 3281
380.716 3282
380.730 3294
380.744 3399
380.757 3474
380.771 3511
380.784 3612
380.798 3506
380.812 3587
380.825 3614
380.839 3655
380.852 3707
380.866 3802
380.880 3840
380.893 3795
380.907 3788
380.920 3788
380.934 3855
380.948 3898
380.961 3979
380.975 3904
380.988 3958
381.002 3914
381.015 3976
381.029 3970
381.043 4104
381.056 4121
381.070 4064
381.083 4077
381.097 4101
381.111 4203
381.124 4241
381.138 4252
381.151 4291
381.165 4277
381.179 4316
381.192 4316
381.206 4318
381.219 4296
381.233 4350
381.246 4289
381.260 4389
381.274 4416
381.287 4373
381.301 4451
381.314 4522
381.328 4578
381.341 4521
381.355 4547
381.369 4567
381.382 4604
381.396 4588
381.409 4612
381.423 4720
381.437 4732
381.450 4747
381.464 4712
381.477 4853
381.491 4843
381.504 4887
381.518 4824
381.532 4840
381.545 4892
381.559 5165
381.572 5113
381.586 5051
381.599 5041
381.613 5049
381.627 5172
381.640 5145
381.654 5148
381.667 5166
381.681 5203
381.694 5136
381.708 4954
381.722 4937
381.735 4953
381.749 5066
381.762 5032
381.776 5169
381.789 5067
381.803 5066
381.817 5080
381.830 5071
381.844 5156
381.857 5124
381.871 5227
381.884 5160
381.898 5142
381.911 5122
381.925 5179
381.939 5129
381.952 5250
381.966 5162
381.979 5264
381.993 5381
382.006 5343
382.020 5440
382.034 5483
382.047 5378
382.061 5433
382.074 5375
382.088 5258
382.101 5379
382.115 5371
382.128 5332
382.142 5572
382.156 5840
382.169 5776
382.183 5709
382.196 5624
382.210 5601
382.223 5588
382.237 5624
382.250 5667
382.264 5707
382.278 5701
382.291 5746
382.305 5898
382.318 5990
382.332 6066
382.345 5711
382.359 5701
382.372 5702
382.386 5747
382.399 5751
382.413 5861
382.427 5762
382.440 5771
382.454 5809
382.467 5824
382.481 5977
382.494 6146
382.508 6182
382.521 6234
382.535 6032
382.548 6197
382.562 6060
382.576 6190
382.589 6196
382.603 6292
382.616 6170
382.630 6253
382.643 6259
382.657 6457
382.670 6507
382.684 6571
382.697 6487
382.711 6622
382.724 6707
382.738 6580
382.752 6610
382.765 6652
382.779 6768
382.792 6807
382.806 6870
382.819 6964
382.833 6868
382.846 6961
382.860 7144
382.873 7086
382.887 7234
382.900 7341
382.914 7300
382.928 7359
382.941 7405
382.955 7431
382.968 7652
382.982 7835
382.995 7802
383.009 7800
383.022 7949
383.036 7947
383.049 8059
383.063 7972
383.076 8231
383.090 8212
383.103 8276
383.117 8416
383.130 8389
383.144 8460
383.158 8643
383.171 8750
383.185 8710
383.198 8840
383.212 8976
383.225 9173
383.239 9203
383.252 9266
383.266 9396
383.279 9499
383.293 9516
383.306 9706
383.320 9856
383.333 10020
383.347 10171
383.360 10245
383.374 10231
383.387 10463
383.401 10556
383.414 10608
383.428 10583
383.441 10601
383.455 10679
383.468 10837
383.482 10890
383.496 11362
383.509 11488
383.523 11361
383.536 11451
383.550 11687
383.563 11721
383.577 11937
383.590 12204
383.604 12340
383.617 12078
383.631 12202
383.644 12013
383.658 12182
383.671 12354
383.685 12445
383.698 12615
383.712 12756
383.725 12799
383.739 12674
383.752 12936
383.766 12964
383.779 13089
383.793 13228
383.806 13290
383.820 13836
383.833 13921
383.847 13900
383.860 14547
383.874 14337
383.887 14073
383.901 14288
383.914 14585
383.928 14787
383.941 14646
383.955 14839
383.968 14660
383.982 14894
383.995 14981
384.009 14968
384.022 15191
384.036 15293
384.049 15485
384.063 15729
384.076 15968
384.090 16328
384.103 16904
384.117 17072
384.130 17244
384.144 16821
384.157 16911
384.171 17024
384.184 17165
384.198 17286
384.211 17544
384.225 17636
384.238 18044
384.252 18153
384.265 18500
384.279 18574
384.292 19025
384.306 19139
384.319 19115
384.333 19311
384.346 19311
384.360 19363
384.373 19617
384.387 19869
384.400 20023
384.414 20175
384.427 20512
384.441 20714
384.454 20857
384.468 20839
384.481 21232
384.495 21263
384.508 21600
384.522 21857
384.535 21844
384.549 22000
384.562 22383
384.575 22573
384.589 23225
384.602 23807
384.616 24251
384.629 24674
384.643 24679
384.656 24898
384.670 24868
384.683 24930
384.697 25150
384.710 25326
384.724 25380
384.737 25609
384.751 25731
384.764 25819
384.778 26210
384.791 26277
384.805 26421
384.818 26495
384.832 26373
384.845 26391
384.859 26589
384.872 26329
384.885 25670
384.899 25574
384.912 25436
384.926 25556
384.939 25454
384.953 25008
384.966 24902
384.980 24756
384.993 24633
385.007 24239
385.020 23915
385.034 23900
385.047 23239
385.061 22887
385.074 22795
385.088 22115
385.101 21856
385.114 21410
385.128 21063
385.141 20582
385.155 20142
385.168 20444
385.182 19896
385.195 19558
385.209 19001
385.222 17926
385.236 17582
385.249 16915
385.263 16376
385.276 15752
385.290 15272
385.303 14416
385.316 14110
385.330 13941
385.343 13376
385.357 13078
385.370 12613
385.384 12021
385.397 11700
385.411 11225
385.424 10976
385.438 10472
385.451 10236
385.464 10091
385.478 9716
385.491 9601
385.505 9259
385.518 8924
385.532 8684
385.545 8302
385.559 8184
385.572 7907
385.586 7663
385.599 7485
385.612 7351
385.626 7057
385.639 6922
385.653 6929
385.666 6869
385.680 6581
385.693 6469
385.707 6310
385.720 6110
385.734 5915
385.747 5825
385.760 5669
385.774 5593
385.787 5582
385.801 5361
385.814 5110
385.828 5041
385.841 4909
385.855 4830
385.868 4809
385.881 4663
385.895 4554
385.908 4543
385.922 4430
385.935 4384
385.949 4261
385.962 4234
385.976 4210
385.989 4221
386.002 4177
386.016 4074
386.029 3992
386.043 4103
386.056 3897
386.070 3785
386.083 3851
386.097 3831
386.110 3746
386.123 3707
386.137 3762
386.150 3676
386.164 3560
386.177 3576
386.191 3561
386.204 3444
386.217 3424
386.231 3378
386.244 3424
386.258 3329
386.271 3408
386.285 3338
386.298 3337
386.311 3283
386.325 3181
386.338 3155
386.352 3186
386.365 3137
386.379 3122
386.392 3086
386.405 3017
386.419 3010
386.432 3006
386.446 3056
386.459 3011
386.473 3021
386.486 2921
386.499 2901
386.513 2870
386.526 2851
386.540 2777
386.553 2832
386.567 2817
386.580 2893
386.593 2904
386.607 2900
386.620 2911
386.634 2830
386.647 2865
386.661 2813
386.674 2790
386.687 2684
386.701 2626
386.714 2635
386.728 2601
386.741 2693
386.754 2621
386.768 2660
386.781 2594
386.795 2582
386.808 2517
386.822 2530
386.835 2538
386.848 2515
386.862 2459
386.875 2527
386.889 2482
386.902 2468
386.915 2404
386.929 2425
386.942 2427
386.956 2427
386.969 2388
386.983 2382
386.996 2423
387.009 2391
387.023 2376
387.036 2396
387.050 2389
387.063 2378
387.076 2386
387.090 2373
387.103 2334
387.117 2359
387.130 2362
387.143 2321
387.157 2370
387.170 2359
387.184 2284
387.197 2260
387.210 2322
387.224 2267
387.237 2269
387.251 2240
387.264 2259
387.278 2194
387.291 2258
387.304 2206
387.318 2203
387.331 2208
387.345 2230
387.358 2237
387.371 2199
387.385 2209
387.398 2205
387.412 2153
387.425 2149
387.438 2098
387.452 2087
387.465 2069
387.478 2040
387.492 2055
387.505 2082
387.519 2120
387.532 2089
387.545 2138
387.559 2198
387.572 2188
387.586 2144
387.599 2131
387.612 2130
387.626 2134
387.639 2136
387.653 2120
387.666 2023
387.679 1987
387.693 2027
387.706 1985
387.720 2012
387.733 2009
387.746 2064
387.760 2036
387.773 2006
387.787 1997
387.800 1958
387.813 1963
387.827 1933
387.840 1933
387.853 1899
387.867 1914
387.880 1969
387.894 1957
387.907 1957
387.920 1931
387.934 1908
387.947 1876
387.961 1811
387.974 1880
387.987 1840
388.001 1811
388.014 1828
388.027 1788
388.041 1806
388.054 1792
388.068 1789
388.081 1758
388.094 1784
388.108 1780
388.121 1739
388.134 1733
388.148 1723
388.161 1705
388.175 1641
388.188 1655
388.201 1644
388.215 1608
388.228 1616
388.241 1577
388.255 1558
388.268 1567
388.282 1546
388.295 1551
388.308 1524
388.322 1484
388.335 1462
388.348 1450
388.362 1445
388.375 1449
388.389 1435
388.402 1422
388.415 1408
388.429 1430
388.442 1418
388.455 1400
388.469 1416
388.482 1381
388.495 1395
388.509 1362
388.522 1403
388.536 1347
388.549 1326
388.562 1292
388.576 1271
388.589 1309
388.602 1285
388.616 1297
388.629 1284
388.642 1289
388.656 1265
388.669 1237
388.683 1277
388.696 1270
388.709 1264
388.723 1270
388.736 1239
388.749 1229
388.763 1219
388.776 1240
388.789 1210
388.803 1208
388.816 1202
388.829 1196
388.843 1204
388.856 1193
388.870 1170
388.883 1193
388.896 1194
388.910 1193
388.923 1203
388.936 1208
388.950 1201
388.963 1200
388.976 1192
388.990 1165
389.003 1204
389.016 1186
389.030 1182
389.043 1180
389.056 1193
389.070 1192
389.083 1196
389.097 1179
389.110 1140
389.123 1173
389.137 1200
389.150 1193
389.163 1186
389.177 1211
389.190 1181
389.203 1187
389.217 1187
389.230 1175
389.243 1172
389.257 1168
389.270 1163
389.283 1161
389.297 1162
389.310 1166
389.323 1145
389.337 1177
389.350 1147
389.363 1124
389.377 1157
389.390 1126
389.403 1153
389.417 1146
389.430 1137
389.443 1148
389.457 1159
389.470 1147
389.483 1125
389.497 1149
389.510 1152
389.523 1152
389.537 1113
389.550 1123
389.563 1105
389.577 1084
389.590 1110
389.603 1068
389.617 1107
389.630 1063
389.643 1076
389.657 1075
389.670 1087
389.683 1086
389.697 1080
389.710 1058
389.723 1085
389.737 1074
389.750 1088
389.763 1057
389.777 1068
389.790 1063
389.803 1080
389.817 1053
389.830 1052
389.843 1073
389.857 1050
389.870 1013
389.883 1016
389.897 1043
389.910 1003
389.923 1013
389.937 1041
389.950 1039
389.963 1034
389.977 1019
389.990 1031
390.003 1058
390.017 1018
390.030 1048
390.043 1023
390.057 1016
390.070 1004
390.083 984
390.096 1012
390.110 1010
390.123 1022
390.136 1002
390.150 1001
390.163 1006
390.176 1015
390.190 992
390.203 1004
390.216 975
390.230 979
390.243 991
390.256 966
390.270 978
390.283 970
390.296 982
390.310 1001
390.323 1006
390.336 991
390.349 954
390.363 969
390.376 983
390.389 996
390.403 982
390.416 978
390.429 954
390.443 976
390.456 966
390.469 955
390.483 957
390.496 955
390.509 969
390.522 926
390.536 941
390.549 949
390.562 959
390.576 950
390.589 966
390.602 940
390.616 933
390.629 917
390.642 932
390.655 908
390.669 931
390.682 938
390.695 921
390.709 943
390.722 944
390.735 918
390.749 920
390.762 928
390.775 912
390.788 921
390.802 918
390.815 897
390.828 889
390.842 905
390.855 905
390.868 883
390.882 920
390.895 901
390.908 895
390.921 867
390.935 880
390.948 888
390.961 879
390.975 871
390.988 881
391.001 889
391.014 879
391.028 882
391.041 862
391.054 865
391.068 869
391.081 853
391.094 870
391.107 852
391.121 832
391.134 848
391.147 845
391.161 857
391.174 834
391.187 825
391.200 838
391.214 839
391.227 813
391.240 821
391.254 818
391.267 805
391.280 814
391.293 810
391.307 813
391.320 803
391.333 813
391.347 811
391.360 819
391.373 797
391.386 800
391.400 775
391.413 805
391.426 783
391.440 793
391.453 792
391.466 791
391.479 783
391.493 795
391.506 771
391.519 787
391.532 774
391.546 777
391.559 774
391.572 772
391.586 770
391.599 769
391.612 768
391.625 774
391.639 755
391.652 771
391.665 757
391.678 759
391.692 758
391.705 754
391.718 759
391.732 752
391.745 758
391.758 754
391.771 748
391.785 752
391.798 741
391.811 742
391.824 752
391.838 745
391.851 743
391.864 745
391.877 746
391.891 744
391.904 745
391.917 726
391.931 741
391.944 745
391.957 725
391.970 742
391.984 748
391.997 731
392.010 755
392.023 733
392.037 720
392.050 744
392.063 733
392.076 716
392.090 725
392.103 725
392.116 734
392.129 729
392.143 719
392.156 733
392.169 716
392.182 728
392.196 718
392.209 734
392.222 723
392.235 712
392.249 723
392.262 717
392.275 726
392.288 726
392.302 718
392.315 706
392.328 717
392.341 720
392.355 720
392.368 705
392.381 720
392.394 724
392.408 708
392.421 724
392.434 716
392.447 710
392.461 709
392.474 727
392.487 730
392.500 708
392.514 716
392.527 706
392.540 708
392.553 706
392.567 713
392.580 707
392.593 702
392.606 717
392.620 706
392.633 702
392.646 708
392.659 715
392.673 706
392.686 700
392.699 713
392.712 697
392.726 709
392.739 708
392.752 705
392.765 704
392.778 721
392.792 706
392.805 706
392.818 710
392.831 697
392.845 714
392.858 695
392.871 711
392.884 707
392.898 713
392.911 702
392.924 693
392.937 715
392.951 708
392.964 713
392.977 713
392.990 698
393.003 713
393.017 710
393.030 711
393.043 693
393.056 695
393.070 706
393.083 709
393.096 688
393.109 706
393.122 693
393.136 696
393.149 716
393.162 698
393.175 701
393.189 697
393.202 714
393.215 693
393.228 691
393.242 689
393.255 684
393.268 700
393.281 696
393.294 696
393.308 695
393.321 704
393.334 699
393.347 695
393.360 702
393.374 700
393.387 696
393.400 683
393.413 704
393.427 692
393.440 694
393.453 699
393.466 698
393.479 694
393.493 690
393.506 696
393.519 696
393.532 696
393.546 697
393.559 682
393.572 692
393.585 696
393.598 683
393.612 686
393.625 703
393.638 694
393.651 678
393.664 686
393.678 703
393.691 684
393.704 697
393.717 697
393.730 700
393.744 684
393.757 690
393.770 686
393.783 689
393.796 698
393.810 702
393.823 695
393.836 694
393.849 695
393.863 693
393.876 688
393.889 693
393.902 699
393.915 684
393.929 704
