375.891 681
375.905 679
375.919 688
375.933 693
375.946 701
375.960 678
375.974 704
375.987 689
376.001 711
376.015 702
376.029 704
376.042 703
376.056 703
376.070 698
376.084 696
376.097 705
376.111 721
376.125 707
376.139 705
376.152 709
376.166 707
376.180 727
376.193 704
376.207 724
376.221 715
376.235 719
376.248 701
376.262 710
376.276 731
376.290 734
376.303 735
376.317 723
376.331 734
376.345 725
376.358 731
376.372 731
376.386 736
376.399 732
376.413 748
376.427 745
376.441 733
376.454 741
376.468 739
376.482 742
376.495 750
376.509 751
376.523 753
376.537 761
376.550 763
376.564 763
376.578 765
376.592 766
376.605 764
376.619 770
376.633 785
376.646 747
376.660 765
376.674 773
376.688 764
376.701 783
376.715 788
376.729 779
376.742 787
376.756 795
376.770 777
376.784 791
376.797 801
376.811 789
376.825 819
376.838 804
376.852 803
376.866 809
376.880 810
376.893 816
376.907 809
376.921 826
376.934 823
376.948 824
376.962 834
376.976 829
376.989 822
377.003 834
377.017 843
377.030 854
377.044 862
377.058 848
377.071 856
377.085 842
377.099 863
377.113 867
377.126 854
377.140 842
377.154 868
377.167 898
377.181 858
377.195 884
377.208 874
377.222 871
377.236 900
377.250 871
377.263 881
377.277 876
377.291 897
377.304 905
377.318 902
377.332 904
377.345 908
377.359 916
377.373 918
377.387 914
377.400 952
377.414 936
377.428 944
377.441 917
377.455 946
377.469 945
377.482 946
377.496 955
377.510 969
377.524 993
377.537 966
377.551 972
377.565 967
377.578 983
377.592 994
377.606 982
377.619 983
377.633 991
377.647 971
377.660 971
377.674 983
377.688 1016
377.701 990
377.715 1008
377.729 978
377.743 1010
377.756 1005
377.770 1020
377.784 1044
377.797 1027
377.811 1010
377.825 1030
377.838 1017
377.852 1014
377.866 1034
377.879 1052
377.893 1036
377.907 1024
377.920 1041
377.934 1028
377.948 1050
377.961 1045
377.975 1084
377.989 1060
378.002 1063
378.016 1045
378.030 1070
378.044 1065
378.057 1088
378.071 1098
378.085 1066
378.098 1089
378.112 1068
378.126 1094
378.139 1063
378.153 1115
378.167 1088
378.180 1117
378.194 1113
378.208 1104
378.221 1092
378.235 1102
378.249 1132
378.262 1109
378.276 1132
378.290 1108
378.303 1129
378.317 1119
378.331 1144
378.344 1142
378.358 1128
378.372 1136
378.385 1158
378.399 1145
378.413 1164
378.426 1149
378.440 1137
378.454 1149
378.467 1163
378.481 1158
378.495 1152
378.508 1157
378.522 1166
378.536 1154
378.549 1163
378.563 1156
378.577 1129
378.590 1186
378.604 1164
378.618 1193
378.631 1197
378.645 1207
378.659 1176
378.672 1205
378.686 1207
378.700 1202
378.713 1237
378.727 1255
378.740 1263
378.754 1225
378.768 1265
378.781 1260
378.795 1244
378.809 1255
378.822 1249
378.836 1250
378.850 1230
378.863 1240
378.877 1234
378.891 1279
378.904 1254
378.918 1269
378.932 1276
378.945 1278
378.959 1230
378.973 1263
378.986 1286
379.000 1297
379.014 1267
379.027 1260
379.041 1251
379.054 1241
379.068 1305
379.082 1277
379.095 1299
379.109 1323
379.123 1278
379.136 1285
379.150 1292
379.164 1278
379.177 1297
379.191 1278
379.205 1302
379.218 1336
379.232 1305
379.245 1335
379.259 1322
379.273 1332
379.286 1341
379.300 1338
379.314 1334
379.327 1370
379.341 1324
379.355 1375
379.368 1391
379.382 1355
379.396 1398
379.409 1413
379.423 1401
379.436 1386
379.450 1423
379.464 1448
379.477 1417
379.491 1415
379.505 1434
379.518 1446
379.532 1448
379.546 1471
379.559 1474
379.573 1492
379.586 1491
379.600 1481
379.614 1497
379.627 1532
379.641 1521
379.655 1531
379.668 1555
379.682 1542
379.695 1561
379.709 1546
379.723 1563
379.736 1584
379.750 1671
379.764 1672
379.777 1665
379.791 1687
379.804 1694
379.818 1668
379.832 1690
379.845 1637
379.859 1616
379.873 1658
379.886 1710
379.900 1728
379.913 1736
379.927 1695
379.941 1726
379.954 1788
379.968 1779
379.982 1801
379.995 1803
380.009 1818
380.022 1841
380.036 1855
380.050 1853
380.063 1874
380.077 1988
380.090 2012
380.104 2066
380.118 2020
380.131 2086
380.145 2054
380.159 2137
380.172 2116
380.186 2123
380.199 2185
380.213 2162
380.227 2248
380.240 2294
380.254 2197
380.267 2194
380.281 2193
380.295 2277
380.308 2283
380.322 2266
380.336 2316
380.349 2317
380.363 2365
380.376 2362
380.390 2424
380.404 2404
380.417 2422
380.431 2468
380.444 2509
380.458 2527
380.472 2538
380.485 2575
380.499 2554
380.512 2651
380.526 2666
380.540 2673
380.553 2723
380.567 2740
380.580 2751
380.594 2799
380.608 2938
380.621 2982
380.635 2961
380.648 3045
380.662 2995
380.676 3063
380.689 3062
380.703 3091
380.716 3095
380.730 3120
380.744 3201
380.757 3315
380.771 3362
380.784 3402
380.798 3369
380.812 3393
380.825 3362
380.839 3449
380.852 3602
380.866 3655
380.880 3612
380.893 3605
380.907 3576
380.920 3623
380.934 3644
380.948 3738
380.961 3750
380.975 3688
380.988 3761
381.002 3782
381.015 3812
381.029 3794
381.043 3921
381.056 3836
381.070 3933
381.083 3922
381.097 3951
381.111 3958
381.124 4012
381.138 4010
381.151 4050
381.165 4024
381.179 4108
381.192 4169
381.206 4112
381.219 4130
381.233 4113
381.246 4146
381.260 4178
381.274 4256
381.287 4169
381.301 4232
381.314 4240
381.328 4228
381.341 4331
381.355 4338
381.369 4286
381.382 4422
381.396 4390
381.409 4475
381.423 4504
381.437 4560
381.450 4563
381.464 4564
381.477 4677
381.491 4702
381.504 4617
381.518 4591
381.532 4638
381.545 4785
381.559 4782
381.572 4872
381.586 4757
381.599 4834
381.613 4833
381.627 4864
381.640 4885
381.654 4868
381.667 4882
381.681 4860
381.694 4871
381.708 4865
381.722 4727
381.735 4733
381.749 4802
381.762 4841
381.776 4832
381.789 4913
381.803 4788
381.817 4889
381.830 4837
381.844 4863
381.857 4913
381.871 4992
381.884 4924
381.898 4940
381.911 4965
381.925 4972
381.939 4896
381.952 4916
381.966 4996
381.979 5098
381.993 5176
382.006 5222
382.020 5138
382.034 5172
382.047 5122
382.061 5130
382.074 5148
382.088 5088
382.101 5164
382.115 5158
382.128 5089
382.142 5285
382.156 5448
382.169 5509
382.183 5479
382.196 5408
382.210 5348
382.223 5420
382.237 5444
382.250 5350
382.264 5402
382.278 5491
382.291 5586
382.305 5529
382.318 5768
382.332 5660
382.345 5444
382.359 5463
382.372 5447
382.386 5539
382.399 5423
382.413 5545
382.427 5590
382.440 5655
382.454 5560
382.467 5641
382.481 5778
382.494 5813
382.508 5970
382.521 5931
382.535 5969
382.548 5933
382.562 5984
382.576 5926
382.589 5936
382.603 5915
382.616 5936
382.630 6135
382.643 6116
382.657 6217
382.670 6224
382.684 6284
382.697 6219
382.711 6288
382.724 6328
382.738 6409
382.752 6462
382.765 6523
382.779 6466
382.792 6621
382.806 6674
382.819 6796
382.833 6734
382.846 6925
382.860 6872
382.873 6923
382.887 7034
382.900 7080
382.914 7105
382.928 7245
382.941 7256
382.955 7317
382.968 7444
382.982 7633
382.995 7618
383.009 7648
383.022 7677
383.036 7841
383.049 7796
383.063 8040
383.076 7963
383.090 8082
383.103 8171
383.117 8258
383.130 8248
383.144 8417
383.158 8405
383.171 8618
383.185 8623
383.198 8759
383.212 8851
383.225 8992
383.239 9061
383.252 9246
383.266 9434
383.279 9416
383.293 9438
383.306 9602
383.320 9769
383.333 10087
383.347 10240
383.360 10148
383.374 10260
383.387 10403
383.401 10434
383.414 10572
383.428 10505
383.441 10676
383.455 10893
383.468 10834
383.482 11005
383.496 11504
383.509 11558
383.523 11738
383.536 11762
383.550 11767
383.563 11927
383.577 12084
383.590 12313
383.604 12562
383.617 12498
383.631 12432
383.644 12391
383.658 12496
383.671 12565
383.685 12690
383.698 12973
383.712 13047
383.725 13119
383.739 13156
383.752 13223
383.766 13413
383.779 13599
383.793 13663
383.806 13980
383.820 14304
383.833 14362
383.847 14448
383.860 14878
383.874 15062
383.887 14696
383.901 14818
383.914 15284
383.928 15528
383.941 15559
383.955 15459
383.968 15581
383.982 15691
383.995 15725
384.009 16033
384.022 16205
384.036 16294
384.049 16513
384.063 16653
384.076 17192
384.090 17490
384.103 18105
384.117 18343
384.130 18297
384.144 17980
384.157 17984
384.171 18363
384.184 18509
384.198 18525
384.211 18864
384.225 19105
384.238 19657
384.252 19777
384.265 19923
384.279 20214
384.292 20383
384.306 20847
384.319 20803
384.333 20721
384.346 20861
384.360 21264
384.373 21443
384.387 21775
384.400 21760
384.414 22086
384.427 22173
384.441 22660
384.454 22614
384.468 22851
384.481 23139
384.495 23538
384.508 23557
384.522 23841
384.535 23945
384.549 24082
384.562 24443
384.575 24777
384.589 25463
384.602 26142
384.616 26507
384.629 26947
384.643 26943
384.656 27287
384.670 27342
384.683 27392
384.697 27396
384.710 27655
384.724 27903
384.737 28056
384.751 28109
384.764 28186
384.778 28505
384.791 28583
384.805 28839
384.818 28775
384.832 28796
384.845 28775
384.859 28927
384.872 28220
384.885 27748
384.899 27464
384.912 27336
384.926 27100
384.939 27131
384.953 26770
384.966 26718
384.980 26202
384.993 26585
385.007 25985
385.020 25514
385.034 25106
385.047 24656
385.061 24144
385.074 23687
385.088 23245
385.101 22692
385.114 22130
385.128 21829
385.141 21319
385.155 20996
385.168 20982
385.182 20445
385.195 19831
385.209 19253
385.222 18556
385.236 17729
385.249 17137
385.263 16627
385.276 16036
385.290 15346
385.303 14612
385.316 14259
385.330 13897
385.343 13409
385.357 12862
385.370 12440
385.384 11937
385.397 11545
385.411 11112
385.424 10762
385.438 10367
385.451 10172
385.464 9936
385.478 9649
385.491 9216
385.505 8928
385.518 8680
385.532 8407
385.545 8129
385.559 7725
385.572 7541
385.586 7320
385.599 7269
385.612 7073
385.626 6909
385.639 6657
385.653 6550
385.666 6583
385.680 6314
385.693 6037
385.707 5924
385.720 5832
385.734 5647
385.747 5464
385.760 5370
385.774 5272
385.787 5242
385.801 4978
385.814 4798
385.828 4591
385.841 4609
385.855 4460
385.868 4403
385.881 4279
385.895 4231
385.908 4180
385.922 4126
385.935 4053
385.949 3983
385.962 3938
385.976 3809
385.989 3910
386.002 3756
386.016 3802
386.029 3717
386.043 3701
386.056 3565
386.070 3513
386.083 3564
386.097 3496
386.110 3470
386.123 3430
386.137 3346
386.150 3272
386.164 3335
386.177 3223
386.191 3223
386.204 3195
386.217 3085
386.231 3133
386.244 3145
386.258 3063
386.271 3096
386.285 3033
386.298 3042
386.311 3002
386.325 2941
386.338 2947
386.352 2787
386.365 2895
386.379 2810
386.392 2761
386.405 2723
386.419 2768
386.432 2746
386.446 2732
386.459 2747
386.473 2665
386.486 2681
386.499 2655
386.513 2636
386.526 2583
386.540 2572
386.553 2528
386.567 2555
386.580 2624
386.593 2648
386.607 2700
386.620 2633
386.634 2588
386.647 2508
386.661 2582
386.674 2536
386.687 2421
386.701 2416
386.714 2434
386.728 2375
386.741 2437
386.754 2372
386.768 2364
386.781 2437
386.795 2363
386.808 2274
386.822 2273
386.835 2257
386.848 2303
386.862 2251
386.875 2237
386.889 2212
386.902 2253
386.915 2219
386.929 2263
386.942 2200
386.956 2218
386.969 2202
386.983 2165
386.996 2165
387.009 2134
387.023 2169
387.036 2144
387.050 2190
387.063 2157
387.076 2166
387.090 2156
387.103 2151
387.117 2099
387.130 2091
387.143 2159
387.157 2125
387.170 2145
387.184 2089
387.197 2050
387.210 2050
387.224 2039
387.237 2080
387.251 2035
387.264 1954
387.278 1933
387.291 2061
387.304 1945
387.318 2023
387.331 1995
387.345 1998
387.358 2045
387.371 2009
387.385 1956
387.398 1962
387.412 1961
387.425 1972
387.438 1890
387.452 1881
387.465 1877
387.478 1867
387.492 1863
387.505 1869
387.519 1872
387.532 1884
387.545 1933
387.559 1973
387.572 1915
387.586 1885
387.599 1928
387.612 1893
387.626 1885
387.639 1932
387.653 1888
387.666 1837
387.679 1827
387.693 1795
387.706 1795
387.720 1793
387.733 1820
387.746 1883
387.760 1845
387.773 1803
387.787 1786
387.800 1759
387.813 1741
387.827 1716
387.840 1681
387.853 1738
387.867 1735
387.880 1735
387.894 1770
387.907 1731
387.920 1756
387.934 1690
387.947 1692
387.961 1647
387.974 1640
387.987 1604
388.001 1582
388.014 1613
388.027 1598
388.041 1579
388.054 1583
388.068 1577
388.081 1603
388.094 1572
388.108 1555
388.121 1525
388.134 1488
388.148 1494
388.161 1496
388.175 1444
388.188 1438
388.201 1460
388.215 1427
388.228 1430
388.241 1432
388.255 1380
388.268 1373
388.282 1366
388.295 1380
388.308 1351
388.322 1354
388.335 1328
388.348 1321
388.362 1308
388.375 1282
388.389 1293
388.402 1285
388.415 1290
388.429 1292
388.442 1291
388.455 1286
388.469 1263
388.482 1264
388.495 1263
388.509 1283
388.522 1250
388.536 1255
388.549 1184
388.562 1175
388.576 1206
388.589 1189
388.602 1167
388.616 1155
388.629 1152
388.642 1159
388.656 1181
388.669 1175
388.683 1164
388.696 1166
388.709 1143
388.723 1166
388.736 1149
388.749 1125
388.763 1100
388.776 1111
388.789 1109
388.803 1113
388.816 1093
388.829 1085
388.843 1125
388.856 1132
388.870 1103
388.883 1057
388.896 1078
388.910 1101
388.923 1088
388.936 1100
388.950 1101
388.963 1127
388.976 1124
388.990 1094
389.003 1099
389.016 1097
389.030 1104
389.043 1107
389.056 1105
389.070 1117
389.083 1095
389.097 1065
389.110 1074
389.123 1067
389.137 1071
389.150 1065
389.163 1096
389.177 1085
389.190 1106
389.203 1063
389.217 1070
389.230 1090
389.243 1081
389.257 1065
389.270 1065
389.283 1086
389.297 1063
389.310 1053
389.323 1065
389.337 1091
389.350 1026
389.363 1053
389.377 1068
389.390 1054
389.403 1079
389.417 1071
389.430 1016
389.443 1034
389.457 1052
389.470 1069
389.483 1051
389.497 1063
389.510 1035
389.523 1059
389.537 1048
389.550 1077
389.563 997
389.577 1028
389.590 1004
389.603 1028
389.617 998
389.630 1043
389.643 1014
389.657 1014
389.670 1016
389.683 1024
389.697 999
389.710 1010
389.723 1005
389.737 1008
389.750 1024
389.763 1009
389.777 973
389.790 994
389.803 1006
389.817 1003
389.830 993
389.843 966
389.857 974
389.870 970
389.883 952
389.897 960
389.910 988
389.923 971
389.937 966
389.950 953
389.963 954
389.977 969
389.990 974
390.003 966
390.017 955
390.030 948
390.043 968
390.057 954
390.070 954
390.083 933
390.096 963
390.110 935
390.123 949
390.136 959
390.150 952
390.163 960
390.176 927
390.190 948
390.203 941
390.216 939
390.230 922
390.243 912
390.256 940
390.270 929
390.283 933
390.296 907
390.310 923
390.323 926
390.336 933
390.349 911
390.363 937
390.376 937
390.389 919
390.403 926
390.416 919
390.429 924
390.443 925
390.456 914
390.469 933
390.483 895
390.496 908
390.509 890
390.522 915
390.536 900
390.549 897
390.562 886
390.576 891
390.589 908
390.602 900
390.616 898
390.629 857
390.642 886
390.655 887
390.669 889
390.682 875
390.695 883
390.709 885
390.722 862
390.735 868
390.749 868
390.762 878
390.775 861
390.788 866
390.802 869
390.815 867
390.828 873
390.842 866
390.855 881
390.868 855
390.882 848
390.895 857
390.908 855
390.921 837
390.935 857
390.948 850
390.961 852
390.975 836
390.988 839
391.001 845
391.014 838
391.028 834
391.041 802
391.054 821
391.068 818
391.081 804
391.094 802
391.107 834
391.121 808
391.134 812
391.147 812
391.161 805
391.174 820
391.187 799
391.200 794
391.214 795
391.227 789
391.240 788
391.254 762
391.267 786
391.280 793
391.293 787
391.307 769
391.320 775
391.333 761
391.347 754
391.360 765
391.373 772
391.386 774
391.400 767
391.413 762
391.426 754
391.440 760
391.453 761
391.466 771
391.479 754
391.493 760
391.506 764
391.519 765
391.532 743
391.546 747
391.559 756
391.572 735
391.586 739
391.599 755
391.612 747
391.625 744
391.639 741
391.652 743
391.665 750
391.678 729
391.692 730
391.705 746
391.718 732
391.732 722
391.745 739
391.758 728
391.771 723
391.785 719
391.798 719
391.811 710
391.824 723
391.838 719
391.851 720
391.864 728
391.877 718
391.891 712
391.904 719
391.917 718
391.931 710
391.944 716
391.957 708
391.970 711
391.984 716
391.997 713
392.010 713
392.023 709
392.037 710
392.050 707
392.063 719
392.076 709
392.090 708
392.103 719
392.116 714
392.129 714
392.143 713
392.156 712
392.169 711
392.182 707
392.196 709
392.209 708
392.222 708
392.235 718
392.249 693
392.262 715
392.275 714
392.288 713
392.302 708
392.315 703
392.328 697
392.341 703
392.355 709
392.368 701
392.381 689
392.394 691
392.408 708
392.421 701
392.434 699
392.447 693
392.461 696
392.474 705
392.487 707
392.500 708
392.514 693
392.527 706
392.540 673
392.553 702
392.567 704
392.580 686
392.593 698
392.606 692
392.620 699
392.633 691
392.646 698
392.659 684
392.673 682
392.686 695
392.699 689
392.712 681
392.726 693
392.739 683
392.752 696
392.765 678
392.778 686
392.792 688
392.805 687
392.818 690
392.831 696
392.845 689
392.858 688
392.871 695
392.884 686
392.898 700
392.911 694
392.924 688
392.937 697
392.951 675
392.964 693
392.977 691
392.990 699
393.003 678
393.017 707
393.030 684
393.043 690
393.056 681
393.070 693
393.083 696
393.096 682
393.109 681
393.122 688
393.136 698
393.149 695
393.162 678
393.175 686
393.189 694
393.202 695
393.215 683
393.228 683
393.242 683
393.255 687
393.268 672
393.281 678
393.294 685
393.308 677
393.321 680
393.334 672
393.347 679
393.360 688
393.374 672
393.387 672
393.400 682
393.413 670
393.427 684
393.440 669
393.453 679
393.466 676
393.479 685
393.493 673
393.506 687
393.519 687
393.532 687
393.546 682
393.559 689
393.572 677
393.585 688
393.598 684
393.612 679
393.625 683
393.638 688
393.651 670
393.664 689
393.678 670
393.691 675
393.704 687
393.717 675
393.730 678
393.744 675
393.757 684
393.770 672
393.783 676
393.796 676
393.810 679
393.823 674
393.836 679
393.849 675
393.863 678
393.876 687
393.889 669
393.902 676
393.915 681
393.929 674
