375.891 691
375.905 695
375.919 698
375.933 696
375.946 687
375.960 705
375.974 710
375.987 704
376.001 706
376.015 708
376.029 701
376.042 698
376.056 712
376.070 704
376.084 714
376.097 719
376.111 711
376.125 699
376.139 717
376.152 722
376.166 700
376.180 727
376.193 714
376.207 728
376.221 722
376.235 726
376.248 719
376.262 729
376.276 738
376.290 735
376.303 736
376.317 732
376.331 741
376.345 741
376.358 728
376.372 738
376.386 738
376.399 743
376.413 757
376.427 751
376.441 752
376.454 735
376.468 744
376.482 751
376.495 751
376.509 758
376.523 769
376.537 767
376.550 772
376.564 754
376.578 769
376.592 777
376.605 763
376.619 766
376.633 764
376.646 774
376.660 777
376.674 765
376.688 759
376.701 777
376.715 792
376.729 784
376.742 794
376.756 805
376.770 805
376.784 791
376.797 788
376.811 822
376.825 798
376.838 804
376.852 816
376.866 838
376.880 791
376.893 816
376.907 823
376.921 814
376.934 818
376.948 834
376.962 811
376.976 826
376.989 809
377.003 862
377.017 857
377.030 865
377.044 860
377.058 866
377.071 878
377.085 875
377.099 848
377.113 867
377.126 874
377.140 868
377.154 871
377.167 887
377.181 880
377.195 878
377.208 894
377.222 923
377.236 882
377.250 899
377.263 904
377.277 907
377.291 913
377.304 942
377.318 931
377.332 925
377.345 937
377.359 922
377.373 944
377.387 962
377.400 940
377.414 918
377.428 940
377.441 960
377.455 963
377.469 957
377.482 970
377.496 964
377.510 982
377.524 990
377.537 1009
377.551 979
377.565 997
377.578 1013
377.592 982
377.606 1003
377.619 995
377.633 993
377.647 1011
377.660 1008
377.674 1014
377.688 1012
377.701 1012
377.715 1017
377.729 1014
377.743 997
377.756 1034
377.770 1041
377.784 1036
377.797 1037
377.811 1045
377.825 1045
377.838 1044
377.852 1039
377.866 1048
377.879 1043
377.893 1064
377.907 1061
377.920 1051
377.934 1080
377.948 1039
377.961 1071
377.975 1081
377.989 1077
378.002 1080
378.016 1091
378.030 1091
378.044 1070
378.057 1085
378.071 1125
378.085 1077
378.098 1106
378.112 1106
378.126 1117
378.139 1124
378.153 1091
378.167 1112
378.180 1117
378.194 1120
378.208 1146
378.221 1138
378.235 1126
378.249 1138
378.262 1159
378.276 1165
378.290 1138
378.303 1120
378.317 1136
378.331 1128
378.344 1138
378.358 1157
378.372 1141
378.385 1136
378.399 1160
378.413 1157
378.426 1161
378.440 1147
378.454 1157
378.467 1160
378.481 1188
378.495 1182
378.508 1183
378.522 1172
378.536 1184
378.549 1183
378.563 1195
378.577 1186
378.590 1190
378.604 1179
378.618 1204
378.631 1204
378.645 1203
378.659 1211
378.672 1203
378.686 1233
378.700 1268
378.713 1277
378.727 1248
378.740 1283
378.754 1305
378.768 1240
378.781 1278
378.795 1276
378.809 1294
378.822 1267
378.836 1293
378.850 1253
378.863 1259
378.877 1272
378.891 1290
378.904 1289
378.918 1274
378.932 1285
378.945 1321
378.959 1264
378.973 1295
378.986 1293
379.000 1306
379.014 1296
379.027 1294
379.041 1332
379.054 1280
379.068 1309
379.082 1277
379.095 1294
379.109 1322
379.123 1284
379.136 1308
379.150 1345
379.164 1351
379.177 1293
379.191 1325
379.205 1340
379.218 1335
379.232 1375
379.245 1387
379.259 1367
379.273 1372
379.286 1390
379.300 1369
379.314 1362
379.327 1397
379.341 1410
379.355 1377
379.368 1430
379.382 1401
379.396 1408
379.409 1394
379.423 1428
379.436 1436
379.450 1443
379.464 1459
379.477 1474
379.491 1464
379.505 1460
379.518 1458
379.532 1495
379.546 1491
379.559 1521
379.573 1514
379.586 1503
379.600 1503
379.614 1522
379.627 1526
379.641 1548
379.655 1558
379.668 1570
379.682 1540
379.695 1592
379.709 1580
379.723 1589
379.736 1604
379.750 1680
379.764 1703
379.777 1725
379.791 1712
379.804 1696
379.818 1721
379.832 1691
379.845 1674
379.859 1701
379.873 1694
379.886 1727
379.900 1734
379.913 1782
379.927 1771
379.941 1782
379.954 1810
379.968 1865
379.982 1817
379.995 1845
380.009 1865
380.022 1870
380.036 1902
380.050 1918
380.063 1958
380.077 2010
380.090 2092
380.104 2090
380.118 2100
380.131 2112
380.145 2088
380.159 2139
380.172 2210
380.186 2231
380.199 2206
380.213 2263
380.227 2320
380.240 2324
380.254 2242
380.267 2223
380.281 2253
380.295 2303
380.308 2322
380.322 2315
380.336 2342
380.349 2418
380.363 2450
380.376 2483
380.390 2435
380.404 2510
380.417 2506
380.431 2558
380.444 2607
380.458 2622
380.472 2597
380.485 2646
380.499 2715
380.512 2712
380.526 2736
380.540 2772
380.553 2729
380.567 2847
380.580 2846
380.594 2860
380.608 2948
380.621 3061
380.635 3105
380.648 3087
380.662 3090
380.676 3118
380.689 3136
380.703 3174
380.716 3214
380.730 3266
380.744 3322
380.757 3334
380.771 3415
380.784 3464
380.798 3446
380.812 3440
380.825 3477
380.839 3559
380.852 3668
380.866 3657
380.880 3739
380.893 3662
380.907 3696
380.920 3754
380.934 3808
380.948 3770
380.961 3828
380.975 3888
380.988 3921
381.002 3843
381.015 3824
381.029 3937
381.043 3942
381.056 3992
381.070 3996
381.083 4023
381.097 4060
381.111 4108
381.124 4123
381.138 4099
381.151 4186
381.165 4144
381.179 4226
381.192 4169
381.206 4244
381.219 4211
381.233 4243
381.246 4250
381.260 4308
381.274 4245
381.287 4351
381.301 4343
381.314 4362
381.328 4345
381.341 4430
381.355 4476
381.369 4519
381.382 4484
381.396 4485
381.409 4547
381.423 4620
381.437 4620
381.450 4607
381.464 4709
381.477 4800
381.491 4782
381.504 4793
381.518 4736
381.532 4824
381.545 4908
381.559 4961
381.572 5021
381.586 4961
381.599 5025
381.613 5029
381.627 4999
381.640 5051
381.654 5074
381.667 5087
381.681 5020
381.694 5051
381.708 4975
381.722 4954
381.735 4950
381.749 4958
381.762 4987
381.776 4994
381.789 4992
381.803 5033
381.817 4926
381.830 4961
381.844 5067
381.857 5026
381.871 5183
381.884 5144
381.898 5078
381.911 5108
381.925 5114
381.939 5213
381.952 5131
381.966 5096
381.979 5223
381.993 5274
382.006 5330
382.020 5383
382.034 5369
382.047 5333
382.061 5431
382.074 5247
382.088 5213
382.101 5297
382.115 5380
382.128 5290
382.142 5484
382.156 5760
382.169 5730
382.183 5678
382.196 5585
382.210 5679
382.223 5554
382.237 5630
382.250 5584
382.264 5682
382.278 5657
382.291 5834
382.305 5825
382.318 5918
382.332 5963
382.345 5724
382.359 5681
382.372 5687
382.386 5671
382.399 5683
382.413 5700
382.427 5753
382.440 5833
382.454 5778
382.467 5905
382.481 6034
382.494 6052
382.508 6122
382.521 6153
382.535 6147
382.548 6098
382.562 6106
382.576 6014
382.589 6227
382.603 6230
382.616 6255
382.630 6269
382.643 6276
382.657 6421
382.670 6484
382.684 6518
382.697 6533
382.711 6512
382.724 6706
382.738 6532
382.752 6640
382.765 6771
382.779 6889
382.792 6825
382.806 6852
382.819 6872
382.833 7016
382.846 7022
382.860 7124
382.873 7200
382.887 7199
382.900 7281
382.914 7430
382.928 7584
382.941 7589
382.955 7600
382.968 7607
382.982 7784
382.995 7883
383.009 7959
383.022 8004
383.036 8016
383.049 8090
383.063 8169
383.076 8192
383.090 8308
383.103 8392
383.117 8453
383.130 8568
383.144 8540
383.158 8735
383.171 8865
383.185 8930
383.198 9006
383.212 9128
383.225 9130
383.239 9284
383.252 9473
383.266 9588
383.279 9610
383.293 9762
383.306 9776
383.320 10139
383.333 10323
383.347 10670
383.360 10500
383.374 10635
383.387 10767
383.401 10743
383.414 10725
383.428 10940
383.441 10965
383.455 11030
383.468 11073
383.482 11339
383.496 11786
383.509 11933
383.523 12068
383.536 11994
383.550 12148
383.563 12285
383.577 12357
383.590 12607
383.604 12718
383.617 12631
383.631 12720
383.644 12628
383.658 12631
383.671 12742
383.685 12979
383.698 12992
383.712 13284
383.725 13432
383.739 13444
383.752 13566
383.766 13532
383.779 13619
383.793 13826
383.806 14090
383.820 14757
383.833 14743
383.847 14872
383.860 15033
383.874 15162
383.887 15064
383.901 15109
383.914 15482
383.928 15780
383.941 15605
383.955 15755
383.968 15708
383.982 15679
383.995 15961
384.009 16198
384.022 16454
384.036 16659
384.049 16736
384.063 16810
384.076 17533
384.090 17903
384.103 18336
384.117 18617
384.130 18545
384.144 18344
384.157 18313
384.171 18565
384.184 18572
384.198 18866
384.211 19299
384.225 19454
384.238 19744
384.252 20112
384.265 20273
384.279 20542
384.292 20532
384.306 20898
384.319 21012
384.333 20969
384.346 21365
384.360 21281
384.373 21843
384.387 21783
384.400 22082
384.414 22363
384.427 22578
384.441 22921
384.454 22930
384.468 23173
384.481 23319
384.495 23609
384.508 23872
384.522 24210
384.535 24213
384.549 24358
384.562 24616
384.575 24856
384.589 25506
384.602 26573
384.616 26869
384.629 27093
384.643 27333
384.656 27632
384.670 27707
384.683 27539
384.697 27619
384.710 27559
384.724 28096
384.737 28141
384.751 28189
384.764 28223
384.778 28336
384.791 28554
384.805 28588
384.818 28256
384.832 28210
384.845 28093
384.859 27967
384.872 27495
384.885 26781
384.899 26738
384.912 26339
384.926 25980
384.939 25787
384.953 25334
384.966 25188
384.980 25046
384.993 24562
385.007 24069
385.020 23832
385.034 23259
385.047 22782
385.061 22290
385.074 21696
385.088 21184
385.101 20531
385.114 20145
385.128 19730
385.141 19122
385.155 18693
385.168 18437
385.182 18204
385.195 17540
385.209 16876
385.222 16209
385.236 15680
385.249 15138
385.263 14519
385.276 13975
385.290 13236
385.303 12714
385.316 12440
385.330 12044
385.343 11653
385.357 11334
385.370 10846
385.384 10439
385.397 10057
385.411 9924
385.424 9450
385.438 9151
385.451 8911
385.464 8675
385.478 8505
385.491 8311
385.505 7987
385.518 7792
385.532 7585
385.545 7313
385.559 6965
385.572 6794
385.586 6603
385.599 6651
385.612 6579
385.626 6306
385.639 5936
385.653 6040
385.666 5985
385.680 5950
385.693 5646
385.707 5600
385.720 5455
385.734 5273
385.747 5247
385.760 5012
385.774 4940
385.787 4955
385.801 4745
385.814 4624
385.828 4459
385.841 4417
385.855 4403
385.868 4294
385.881 4219
385.895 4084
385.908 4109
385.922 3947
385.935 3924
385.949 3807
385.962 3812
385.976 3788
385.989 3820
386.002 3810
386.016 3753
386.029 3686
386.043 3549
386.056 3567
386.070 3473
386.083 3467
386.097 3497
386.110 3359
386.123 3366
386.137 3318
386.150 3299
386.164 3233
386.177 3211
386.191 3237
386.204 3181
386.217 3099
386.231 3106
386.244 3110
386.258 3093
386.271 3071
386.285 3034
386.298 2966
386.311 3006
386.325 2912
386.338 2860
386.352 2866
386.365 2850
386.379 2804
386.392 2753
386.405 2752
386.419 2719
386.432 2687
386.446 2781
386.459 2725
386.473 2670
386.486 2642
386.499 2613
386.513 2641
386.526 2641
386.540 2523
386.553 2541
386.567 2539
386.580 2583
386.593 2548
386.607 2624
386.620 2599
386.634 2556
386.647 2540
386.661 2488
386.674 2470
386.687 2449
386.701 2422
386.714 2416
386.728 2401
386.741 2383
386.754 2396
386.768 2378
386.781 2370
386.795 2344
386.808 2270
386.822 2279
386.835 2306
386.848 2282
386.862 2240
386.875 2238
386.889 2242
386.902 2214
386.915 2223
386.929 2235
386.942 2167
386.956 2180
386.969 2123
386.983 2074
386.996 2166
387.009 2154
387.023 2126
387.036 2165
387.050 2116
387.063 2136
387.076 2105
387.090 2125
387.103 2153
387.117 2074
387.130 2089
387.143 2123
387.157 2082
387.170 2112
387.184 2110
387.197 2032
387.210 2055
387.224 2058
387.237 2001
387.251 1974
387.264 1996
387.278 1950
387.291 1968
387.304 2043
387.318 1976
387.331 1980
387.345 1984
387.358 1967
387.371 1941
387.385 1949
387.398 1946
387.412 1902
387.425 1915
387.438 1908
387.452 1857
387.465 1851
387.478 1873
387.492 1818
387.505 1809
387.519 1823
387.532 1913
387.545 1877
387.559 1863
387.572 1928
387.586 1861
387.599 1847
387.612 1885
387.626 1835
387.639 1849
387.653 1851
387.666 1745
387.679 1748
387.693 1746
387.706 1791
387.720 1750
387.733 1791
387.746 1795
387.760 1771
387.773 1755
387.787 1770
387.800 1724
387.813 1726
387.827 1734
387.840 1707
387.853 1677
387.867 1661
387.880 1679
387.894 1669
387.907 1691
387.920 1652
387.934 1675
387.947 1668
387.961 1623
387.974 1622
387.987 1565
388.001 1580
388.014 1583
388.027 1585
388.041 1574
388.054 1519
388.068 1528
388.081 1532
388.094 1503
388.108 1524
388.121 1524
388.134 1438
388.148 1480
388.161 1427
388.175 1400
388.188 1425
388.201 1395
388.215 1404
388.228 1369
388.241 1359
388.255 1370
388.268 1360
388.282 1327
388.295 1309
388.308 1320
388.322 1302
388.335 1286
388.348 1304
388.362 1284
388.375 1283
388.389 1251
388.402 1264
388.415 1276
388.429 1282
388.442 1275
388.455 1249
388.469 1222
388.482 1253
388.495 1238
388.509 1263
388.522 1241
388.536 1211
388.549 1208
388.562 1188
388.576 1154
388.589 1186
388.602 1157
388.616 1134
388.629 1138
388.642 1178
388.656 1127
388.669 1142
388.683 1150
388.696 1138
388.709 1157
388.723 1140
388.736 1145
388.749 1144
388.763 1110
388.776 1093
388.789 1126
388.803 1076
388.816 1119
388.829 1080
388.843 1089
388.856 1097
388.870 1086
388.883 1058
388.896 1089
388.910 1062
388.923 1070
388.936 1104
388.950 1092
388.963 1097
388.976 1076
388.990 1070
389.003 1085
389.016 1065
389.030 1084
389.043 1109
389.056 1106
389.070 1101
389.083 1082
389.097 1054
389.110 1049
389.123 1074
389.137 1075
389.150 1057
389.163 1077
389.177 1074
389.190 1066
389.203 1061
389.217 1058
389.230 1037
389.243 1068
389.257 1067
389.270 1042
389.283 1042
389.297 1039
389.310 1049
389.323 1060
389.337 1053
389.350 1046
389.363 1033
389.377 1058
389.390 1049
389.403 1036
389.417 1051
389.430 1048
389.443 1036
389.457 1060
389.470 1060
389.483 1063
389.497 1060
389.510 1060
389.523 1049
389.537 1044
389.550 1037
389.563 1033
389.577 1035
389.590 994
389.603 1003
389.617 982
389.630 1030
389.643 1001
389.657 994
389.670 1007
389.683 986
389.697 976
389.710 983
389.723 1023
389.737 1006
389.750 1004
389.763 1010
389.777 998
389.790 991
389.803 997
389.817 984
389.830 990
389.843 986
389.857 958
389.870 947
389.883 959
389.897 980
389.910 940
389.923 980
389.937 967
389.950 960
389.963 949
389.977 943
389.990 960
390.003 953
390.017 970
390.030 949
390.043 963
390.057 949
390.070 956
390.083 956
390.096 961
390.110 960
390.123 956
390.136 946
390.150 951
390.163 956
390.176 927
390.190 942
390.203 944
390.216 916
390.230 926
390.243 937
390.256 930
390.270 917
390.283 914
390.296 938
390.310 929
390.323 941
390.336 937
390.349 917
390.363 902
390.376 941
390.389 941
390.403 917
390.416 927
390.429 920
390.443 896
390.456 907
390.469 900
390.483 887
390.496 923
390.509 878
390.522 885
390.536 903
390.549 907
390.562 901
390.576 908
390.589 898
390.602 897
390.616 898
390.629 889
390.642 875
390.655 901
390.669 894
390.682 869
390.695 869
390.709 891
390.722 890
390.735 875
390.749 860
390.762 878
390.775 876
390.788 875
390.802 866
390.815 867
390.828 855
390.842 859
390.855 845
390.868 857
390.882 846
390.895 847
390.908 855
390.921 819
390.935 859
390.948 842
390.961 839
390.975 843
390.988 851
391.001 852
391.014 826
391.028 830
391.041 826
391.054 831
391.068 810
391.081 826
391.094 817
391.107 806
391.121 815
391.134 815
391.147 789
391.161 787
391.174 811
391.187 789
391.200 785
391.214 795
391.227 783
391.240 790
391.254 792
391.267 781
391.280 796
391.293 774
391.307 753
391.320 785
391.333 766
391.347 772
391.360 779
391.373 761
391.386 755
391.400 766
391.413 751
391.426 744
391.440 763
391.453 748
391.466 745
391.479 767
391.493 760
391.506 746
391.519 757
391.532 749
391.546 762
391.559 733
391.572 748
391.586 739
391.599 738
391.612 752
391.625 722
391.639 737
391.652 741
391.665 742
391.678 725
391.692 719
391.705 729
391.718 728
391.732 732
391.745 741
391.758 723
391.771 704
391.785 726
391.798 729
391.811 721
391.824 723
391.838 726
391.851 724
391.864 722
391.877 719
391.891 716
391.904 717
391.917 725
391.931 712
391.944 715
391.957 730
391.970 716
391.984 713
391.997 713
392.010 713
392.023 710
392.037 720
392.050 723
392.063 715
392.076 700
392.090 713
392.103 703
392.116 709
392.129 712
392.143 706
392.156 713
392.169 713
392.182 696
392.196 692
392.209 708
392.222 702
392.235 708
392.249 696
392.262 699
392.275 700
392.288 710
392.302 699
392.315 691
392.328 695
392.341 707
392.355 692
392.368 711
392.381 696
392.394 703
392.408 702
392.421 689
392.434 703
392.447 689
392.461 690
392.474 705
392.487 694
392.500 695
392.514 703
392.527 702
392.540 690
392.553 691
392.567 699
392.580 690
392.593 687
392.606 690
392.620 684
392.633 693
392.646 703
392.659 680
392.673 693
392.686 700
392.699 693
392.712 698
392.726 692
392.739 687
392.752 693
392.765 679
392.778 700
392.792 689
392.805 694
392.818 694
392.831 675
392.845 690
392.858 690
392.871 675
392.884 690
392.898 689
392.911 686
392.924 694
392.937 690
392.951 677
392.964 694
392.977 696
392.990 681
393.003 678
393.017 686
393.030 699
393.043 679
393.056 682
393.070 688
393.083 696
393.096 681
393.109 686
393.122 686
393.136 672
393.149 685
393.162 684
393.175 677
393.189 684
393.202 684
393.215 685
393.228 690
393.242 687
393.255 670
393.268 681
393.281 684
393.294 676
393.308 684
393.321 677
393.334 684
393.347 674
393.360 680
393.374 692
393.387 674
393.400 680
393.413 684
393.427 672
393.440 677
393.453 684
393.466 683
393.479 676
393.493 673
393.506 674
393.519 686
393.532 689
393.546 675
393.559 688
393.572 684
393.585 685
393.598 671
393.612 684
393.625 683
393.638 688
393.651 673
393.664 670
393.678 686
393.691 662
393.704 682
393.717 687
393.730 672
393.744 672
393.757 676
393.770 668
393.783 672
393.796 677
393.810 681
393.823 668
393.836 675
393.849 679
393.863 673
393.876 685
393.889 674
393.902 671
393.915 668
393.929 670
