375.891 688
375.905 691
375.919 696
375.933 697
375.946 703
375.960 700
375.974 713
375.987 709
376.001 701
376.015 703
376.029 719
376.042 703
376.056 706
376.070 703
376.084 707
376.097 706
376.111 709
376.125 721
376.139 714
376.152 713
376.166 715
376.180 726
376.193 719
376.207 727
376.221 723
376.235 717
376.248 728
376.262 732
376.276 724
376.290 732
376.303 735
376.317 731
376.331 725
376.345 742
376.358 734
376.372 735
376.386 736
376.399 744
376.413 750
376.427 752
376.441 745
376.454 742
376.468 755
376.482 757
376.495 748
376.509 759
376.523 774
376.537 763
376.550 768
376.564 782
376.578 784
376.592 783
376.605 790
376.619 790
376.633 778
376.646 782
376.660 777
376.674 776
376.688 758
376.701 787
376.715 796
376.729 789
376.742 788
376.756 789
376.770 804
376.784 789
376.797 818
376.811 812
376.825 818
376.838 840
376.852 820
376.866 826
376.880 835
376.893 828
376.907 815
376.921 837
376.934 845
376.948 825
376.962 846
376.976 858
376.989 837
377.003 834
377.017 870
377.030 847
377.044 868
377.058 874
377.071 880
377.085 856
377.099 864
377.113 877
377.126 875
377.140 872
377.154 890
377.167 878
377.181 914
377.195 875
377.208 911
377.222 930
377.236 930
377.250 914
377.263 899
377.277 913
377.291 924
377.304 935
377.318 943
377.332 948
377.345 944
377.359 943
377.373 956
377.387 920
377.400 954
377.414 964
377.428 944
377.441 986
377.455 976
377.469 965
377.482 983
377.496 978
377.510 991
377.524 1003
377.537 997
377.551 996
377.565 1000
377.578 995
377.592 1010
377.606 987
377.619 1005
377.633 994
377.647 1018
377.660 1005
377.674 1008
377.688 1007
377.701 1026
377.715 1003
377.729 1051
377.743 1035
377.756 1025
377.770 1038
377.784 1038
377.797 1040
377.811 1077
377.825 1050
377.838 1042
377.852 1068
377.866 1057
377.879 1074
377.893 1070
377.907 1088
377.920 1070
377.934 1050
377.948 1093
377.961 1087
377.975 1093
377.989 1117
378.002 1103
378.016 1084
378.030 1109
378.044 1105
378.057 1092
378.071 1106
378.085 1087
378.098 1099
378.112 1111
378.126 1114
378.139 1122
378.153 1119
378.167 1140
378.180 1117
378.194 1141
378.208 1146
378.221 1125
378.235 1122
378.249 1174
378.262 1135
378.276 1163
378.290 1147
378.303 1162
378.317 1165
378.331 1148
378.344 1176
378.358 1160
378.372 1157
378.385 1179
378.399 1135
378.413 1193
378.426 1169
378.440 1169
378.454 1189
378.467 1188
378.481 1204
378.495 1212
378.508 1191
378.522 1202
378.536 1192
378.549 1221
378.563 1218
378.577 1215
378.590 1224
378.604 1267
378.618 1219
378.631 1223
378.645 1250
378.659 1230
378.672 1200
378.686 1276
378.700 1303
378.713 1301
378.727 1255
378.740 1269
378.754 1275
378.768 1315
378.781 1295
378.795 1313
378.809 1308
378.822 1340
378.836 1332
378.850 1286
378.863 1266
378.877 1333
378.891 1334
378.904 1290
378.918 1299
378.932 1309
378.945 1291
378.959 1303
378.973 1320
378.986 1320
379.000 1299
379.014 1325
379.027 1328
379.041 1352
379.054 1325
379.068 1338
379.082 1351
379.095 1341
379.109 1308
379.123 1364
379.136 1348
379.150 1340
379.164 1374
379.177 1385
379.191 1373
379.205 1362
379.218 1371
379.232 1402
379.245 1423
379.259 1389
379.273 1385
379.286 1382
379.300 1380
379.314 1390
379.327 1384
379.341 1455
379.355 1414
379.368 1418
379.382 1430
379.396 1443
379.409 1455
379.423 1481
379.436 1426
379.450 1501
379.464 1477
379.477 1473
379.491 1523
379.505 1509
379.518 1527
379.532 1493
379.546 1558
379.559 1517
379.573 1563
379.586 1573
379.600 1570
379.614 1620
379.627 1589
379.641 1602
379.655 1597
379.668 1612
379.682 1612
379.695 1599
379.709 1613
379.723 1650
379.736 1661
379.750 1735
379.764 1739
379.777 1771
379.791 1742
379.804 1767
379.818 1770
379.832 1767
379.845 1740
379.859 1772
379.873 1780
379.886 1804
379.900 1808
379.913 1797
379.927 1816
379.941 1812
379.954 1870
379.968 1896
379.982 1927
379.995 1896
380.009 1935
380.022 1895
380.036 1977
380.050 1950
380.063 2055
380.077 2119
380.090 2149
380.104 2115
380.118 2166
380.131 2193
380.145 2158
380.159 2196
380.172 2236
380.186 2299
380.199 2327
380.213 2386
380.227 2386
380.240 2402
380.254 2321
380.267 2293
380.281 2300
380.295 2358
380.308 2393
380.322 2398
380.336 2424
380.349 2495
380.363 2498
380.376 2524
380.390 2505
380.404 2552
380.417 2631
380.431 2622
380.444 2611
380.458 2696
380.472 2678
380.485 2751
380.499 2765
380.512 2815
380.526 2838
380.540 2845
380.553 2899
380.567 2900
380.580 2956
380.594 2965
380.608 3056
380.621 3212
380.635 3213
380.648 3186
380.662 3159
380.676 3175
380.689 3229
380.703 3328
380.716 3248
380.730 3314
380.744 3432
380.757 3529
380.771 3536
380.784 3560
380.798 3573
380.812 3605
380.825 3634
380.839 3682
380.852 3742
380.866 3786
380.880 3947
380.893 3845
380.907 3880
380.920 3831
380.934 3922
380.948 3939
380.961 3933
380.975 3982
380.988 3973
381.002 3926
381.015 4073
381.029 4068
381.043 4186
381.056 4198
381.070 4185
381.083 4174
381.097 4188
381.111 4267
381.124 4376
381.138 4307
381.151 4372
381.165 4394
381.179 4370
381.192 4382
381.206 4375
381.219 4359
381.233 4445
381.246 4496
381.260 4530
381.274 4501
381.287 4400
381.301 4538
381.314 4549
381.328 4514
381.341 4645
381.355 4587
381.369 4535
381.382 4708
381.396 4672
381.409 4796
381.423 4810
381.437 4835
381.450 4875
381.464 4861
381.477 4830
381.491 4960
381.504 4944
381.518 5037
381.532 4973
381.545 5110
381.559 5182
381.572 5125
381.586 5131
381.599 5160
381.613 5196
381.627 5208
381.640 5166
381.654 5161
381.667 5260
381.681 5245
381.694 5208
381.708 5150
381.722 5046
381.735 5107
381.749 5090
381.762 5096
381.776 5140
381.789 5184
381.803 5150
381.817 5096
381.830 5158
381.844 5238
381.857 5168
381.871 5251
381.884 5343
381.898 5318
381.911 5193
381.925 5234
381.939 5256
381.952 5238
381.966 5310
381.979 5381
381.993 5456
382.006 5501
382.020 5492
382.034 5483
382.047 5435
382.061 5464
382.074 5422
382.088 5435
382.101 5477
382.115 5393
382.128 5456
382.142 5692
382.156 5833
382.169 5724
382.183 5712
382.196 5830
382.210 5644
382.223 5695
382.237 5760
382.250 5761
382.264 5710
382.278 5786
382.291 5776
382.305 5960
382.318 5957
382.332 6030
382.345 5810
382.359 5663
382.372 5775
382.386 5801
382.399 5824
382.413 5834
382.427 5890
382.440 5947
382.454 5831
382.467 5876
382.481 6121
382.494 6223
382.508 6330
382.521 6217
382.535 6170
382.548 6165
382.562 6153
382.576 6224
382.589 6244
382.603 6309
382.616 6341
382.630 6378
382.643 6379
382.657 6500
382.670 6547
382.684 6596
382.697 6517
382.711 6514
382.724 6731
382.738 6709
382.752 6716
382.765 6790
382.779 6805
382.792 6965
382.806 6985
382.819 6929
382.833 7037
382.846 7148
382.860 7125
382.873 7286
382.887 7352
382.900 7452
382.914 7425
382.928 7595
382.941 7706
382.955 7709
382.968 7748
382.982 7926
382.995 7983
383.009 8013
383.022 7933
383.036 8169
383.049 8206
383.063 8272
383.076 8317
383.090 8334
383.103 8331
383.117 8392
383.130 8543
383.144 8672
383.158 8908
383.171 8839
383.185 8999
383.198 9222
383.212 9276
383.225 9365
383.239 9486
383.252 9593
383.266 9700
383.279 9820
383.293 9883
383.306 9906
383.320 10228
383.333 10351
383.347 10542
383.360 10590
383.374 10592
383.387 10772
383.401 10901
383.414 10942
383.428 10839
383.441 10967
383.455 11098
383.468 11147
383.482 11539
383.496 11856
383.509 11907
383.523 11924
383.536 12051
383.550 12110
383.563 12223
383.577 12457
383.590 12663
383.604 12912
383.617 12722
383.631 12812
383.644 12762
383.658 12645
383.671 12859
383.685 12946
383.698 13223
383.712 13319
383.725 13428
383.739 13238
383.752 13506
383.766 13558
383.779 13562
383.793 13948
383.806 14112
383.820 14685
383.833 14754
383.847 14737
383.860 15023
383.874 15192
383.887 14729
383.901 15059
383.914 15384
383.928 15681
383.941 15607
383.955 15423
383.968 15641
383.982 15896
383.995 15982
384.009 16133
384.022 16356
384.036 16554
384.049 16634
384.063 16845
384.076 17314
384.090 17605
384.103 18190
384.117 18474
384.130 18513
384.144 18213
384.157 18259
384.171 18256
384.184 18489
384.198 18542
384.211 18908
384.225 19347
384.238 19538
384.252 19970
384.265 20140
384.279 20451
384.292 20522
384.306 20933
384.319 20702
384.333 20937
384.346 21040
384.360 21351
384.373 21506
384.387 21851
384.400 21904
384.414 22114
384.427 22320
384.441 22562
384.454 22887
384.468 22836
384.481 23113
384.495 23591
384.508 23800
384.522 23999
384.535 24235
384.549 24169
384.562 24723
384.575 24963
384.589 25662
384.602 26209
384.616 27101
384.629 26970
384.643 27198
384.656 27352
384.670 27411
384.683 27362
384.697 27492
384.710 27736
384.724 27870
384.737 27848
384.751 28362
384.764 28549
384.778 28584
384.791 28740
384.805 29096
384.818 29026
384.832 29152
384.845 29243
384.859 29107
384.872 28612
384.885 28010
384.899 27819
384.912 27647
384.926 27664
384.939 27581
384.953 27221
384.966 27119
384.980 26893
384.993 26551
385.007 26247
385.020 25910
385.034 25507
385.047 25249
385.061 24524
385.074 23992
385.088 23536
385.101 23329
385.114 22726
385.128 22166
385.141 21534
385.155 21279
385.168 21079
385.182 20887
385.195 20341
385.209 19612
385.222 18686
385.236 18147
385.249 17457
385.263 16855
385.276 16299
385.290 15490
385.303 14930
385.316 14485
385.330 14142
385.343 13607
385.357 13175
385.370 12520
385.384 12088
385.397 11754
385.411 11399
385.424 10977
385.438 10508
385.451 10349
385.464 10036
385.478 9835
385.491 9495
385.505 9170
385.518 8850
385.532 8570
385.545 8052
385.559 7930
385.572 7624
385.586 7471
385.599 7312
385.612 7274
385.626 6979
385.639 6596
385.653 6604
385.666 6640
385.680 6436
385.693 6186
385.707 6040
385.720 5874
385.734 5773
385.747 5596
385.760 5451
385.774 5334
385.787 5336
385.801 5125
385.814 4856
385.828 4737
385.841 4655
385.855 4562
385.868 4517
385.881 4378
385.895 4316
385.908 4144
385.922 4185
385.935 4166
385.949 4050
385.962 3952
385.976 3920
385.989 3875
386.002 3922
386.016 3856
386.029 3786
386.043 3722
386.056 3593
386.070 3607
386.083 3469
386.097 3508
386.110 3463
386.123 3460
386.137 3389
386.150 3386
386.164 3284
386.177 3282
386.191 3232
386.204 3209
386.217 3197
386.231 3148
386.244 3137
386.258 3095
386.271 3125
386.285 3021
386.298 3067
386.311 3000
386.325 2953
386.338 2892
386.352 2851
386.365 2897
386.379 2852
386.392 2811
386.405 2786
386.419 2758
386.432 2761
386.446 2767
386.459 2764
386.473 2734
386.486 2698
386.499 2713
386.513 2580
386.526 2586
386.540 2634
386.553 2563
386.567 2570
386.580 2633
386.593 2610
386.607 2621
386.620 2627
386.634 2613
386.647 2627
386.661 2560
386.674 2496
386.687 2461
386.701 2428
386.714 2376
386.728 2407
386.741 2427
386.754 2387
386.768 2415
386.781 2370
386.795 2354
386.808 2308
386.822 2284
386.835 2308
386.848 2281
386.862 2252
386.875 2233
386.889 2259
386.902 2242
386.915 2256
386.929 2254
386.942 2229
386.956 2198
386.969 2182
386.983 2126
386.996 2175
387.009 2182
387.023 2182
387.036 2122
387.050 2146
387.063 2217
387.076 2190
387.090 2151
387.103 2153
387.117 2089
387.130 2126
387.143 2179
387.157 2164
387.170 2142
387.184 2114
387.197 2060
387.210 2093
387.224 2085
387.237 2040
387.251 2044
387.264 1945
387.278 1968
387.291 2006
387.304 1997
387.318 1991
387.331 2013
387.345 2022
387.358 2017
387.371 1974
387.385 1989
387.398 1930
387.412 1951
387.425 1938
387.438 1898
387.452 1900
387.465 1882
387.478 1889
387.492 1849
387.505 1896
387.519 1963
387.532 1958
387.545 1990
387.559 1954
387.572 1964
387.586 1928
387.599 1924
387.612 1950
387.626 1943
387.639 1928
387.653 1909
387.666 1841
387.679 1826
387.693 1806
387.706 1789
387.720 1825
387.733 1853
387.746 1852
387.760 1797
387.773 1796
387.787 1799
387.800 1831
387.813 1796
387.827 1749
387.840 1740
387.853 1711
387.867 1737
387.880 1773
387.894 1782
387.907 1750
387.920 1722
387.934 1735
387.947 1682
387.961 1685
387.974 1696
387.987 1632
388.001 1664
388.014 1638
388.027 1618
388.041 1636
388.054 1617
388.068 1600
388.081 1592
388.094 1603
388.108 1575
388.121 1583
388.134 1519
388.148 1540
388.161 1461
388.175 1500
388.188 1446
388.201 1464
388.215 1455
388.228 1472
388.241 1433
388.255 1396
388.268 1391
388.282 1372
388.295 1402
388.308 1378
388.322 1352
388.335 1343
388.348 1324
388.362 1328
388.375 1334
388.389 1311
388.402 1316
388.415 1271
388.429 1287
388.442 1282
388.455 1293
388.469 1309
388.482 1258
388.495 1263
388.509 1250
388.522 1258
388.536 1276
388.549 1207
388.562 1217
388.576 1211
388.589 1195
388.602 1195
388.616 1184
388.629 1207
388.642 1161
388.656 1142
388.669 1173
388.683 1170
388.696 1188
388.709 1181
388.723 1171
388.736 1154
388.749 1146
388.763 1133
388.776 1130
388.789 1137
388.803 1115
388.816 1118
388.829 1117
388.843 1118
388.856 1105
388.870 1095
388.883 1061
388.896 1097
388.910 1092
388.923 1089
388.936 1095
388.950 1096
388.963 1136
388.976 1134
388.990 1100
389.003 1088
389.016 1122
389.030 1109
389.043 1104
389.056 1093
389.070 1078
389.083 1091
389.097 1074
389.110 1087
389.123 1083
389.137 1072
389.150 1064
389.163 1090
389.177 1104
389.190 1072
389.203 1083
389.217 1088
389.230 1083
389.243 1063
389.257 1105
389.270 1047
389.283 1071
389.297 1059
389.310 1065
389.323 1050
389.337 1061
389.350 1069
389.363 1060
389.377 1051
389.390 1054
389.403 1067
389.417 1054
389.430 1058
389.443 1061
389.457 1064
389.470 1041
389.483 1058
389.497 1053
389.510 1072
389.523 1044
389.537 1026
389.550 1023
389.563 1041
389.577 1031
389.590 1019
389.603 1033
389.617 1011
389.630 1000
389.643 1012
389.657 1023
389.670 1012
389.683 999
389.697 1007
389.710 1014
389.723 1006
389.737 1004
389.750 1020
389.763 1006
389.777 1006
389.790 997
389.803 989
389.817 1009
389.830 947
389.843 994
389.857 955
389.870 971
389.883 949
389.897 970
389.910 957
389.923 968
389.937 996
389.950 963
389.963 988
389.977 969
389.990 962
390.003 970
390.017 961
390.030 959
390.043 973
390.057 965
390.070 960
390.083 943
390.096 952
390.110 971
390.123 955
390.136 972
390.150 930
390.163 934
390.176 944
390.190 952
390.203 929
390.216 935
390.230 931
390.243 916
390.256 919
390.270 948
390.283 930
390.296 919
390.310 914
390.323 938
390.336 932
390.349 915
390.363 945
390.376 936
390.389 949
390.403 918
390.416 929
390.429 930
390.443 927
390.456 894
390.469 904
390.483 914
390.496 894
390.509 903
390.522 904
390.536 888
390.549 911
390.562 919
390.576 904
390.589 923
390.602 891
390.616 892
390.629 868
390.642 883
390.655 880
390.669 897
390.682 898
390.695 893
390.709 861
390.722 890
390.735 884
390.749 872
390.762 885
390.775 867
390.788 885
390.802 858
390.815 874
390.828 864
390.842 872
390.855 871
390.868 852
390.882 856
390.895 862
390.908 859
390.921 855
390.935 847
390.948 871
390.961 853
390.975 846
390.988 864
391.001 834
391.014 831
391.028 835
391.041 826
391.054 807
391.068 819
391.081 827
391.094 818
391.107 827
391.121 825
391.134 792
391.147 814
391.161 820
391.174 804
391.187 785
391.200 787
391.214 782
391.227 794
391.240 793
391.254 775
391.267 786
391.280 777
391.293 785
391.307 757
391.320 773
391.333 768
391.347 772
391.360 767
391.373 768
391.386 770
391.400 765
391.413 761
391.426 766
391.440 751
391.453 760
391.466 781
391.479 753
391.493 757
391.506 762
391.519 744
391.532 744
391.546 746
391.559 738
391.572 743
391.586 751
391.599 758
391.612 736
391.625 743
391.639 751
391.652 727
391.665 740
391.678 736
391.692 739
391.705 708
391.718 719
391.732 726
391.745 731
391.758 737
391.771 707
391.785 732
391.798 718
391.811 712
391.824 715
391.838 737
391.851 725
391.864 719
391.877 737
391.891 718
391.904 707
391.917 721
391.931 706
391.944 720
391.957 723
391.970 716
391.984 715
391.997 720
392.010 703
392.023 718
392.037 710
392.050 722
392.063 715
392.076 720
392.090 713
392.103 692
392.116 707
392.129 711
392.143 718
392.156 700
392.169 712
392.182 715
392.196 711
392.209 695
392.222 708
392.235 714
392.249 698
392.262 690
392.275 701
392.288 703
392.302 692
392.315 716
392.328 695
392.341 704
392.355 699
392.368 700
392.381 675
392.394 705
392.408 711
392.421 700
392.434 708
392.447 692
392.461 702
392.474 694
392.487 710
392.500 700
392.514 707
392.527 703
392.540 682
392.553 693
392.567 708
392.580 690
392.593 688
392.606 693
392.620 695
392.633 697
392.646 684
392.659 702
392.673 702
392.686 689
392.699 690
392.712 679
392.726 698
392.739 691
392.752 698
392.765 691
392.778 695
392.792 692
392.805 694
392.818 683
392.831 691
392.845 692
392.858 680
392.871 691
392.884 690
392.898 689
392.911 702
392.924 682
392.937 695
392.951 697
392.964 704
392.977 684
392.990 697
393.003 691
393.017 690
393.030 684
393.043 685
393.056 676
393.070 680
393.083 689
393.096 694
393.109 684
393.122 685
393.136 687
393.149 692
393.162 676
393.175 682
393.189 688
393.202 700
393.215 686
393.228 686
393.242 683
393.255 697
393.268 688
393.281 673
393.294 677
393.308 672
393.321 675
393.334 680
393.347 683
393.360 685
393.374 685
393.387 694
393.400 683
393.413 679
393.427 679
393.440 680
393.453 678
393.466 679
393.479 678
393.493 682
393.506 681
393.519 685
393.532 674
393.546 692
393.559 692
393.572 693
393.585 691
393.598 695
393.612 691
393.625 683
393.638 692
393.651 682
393.664 676
393.678 680
393.691 679
393.704 688
393.717 672
393.730 672
393.744 673
393.757 677
393.770 676
393.783 685
393.796 672
393.810 684
393.823 668
393.836 674
393.849 692
393.863 673
393.876 697
393.889 685
393.902 681
393.915 671
393.929 675
