375.891 715
375.905 720
375.919 723
375.933 727
375.946 725
375.960 715
375.974 720
375.987 734
376.001 715
376.015 710
376.029 738
376.042 724
376.056 752
376.070 745
376.084 729
376.097 735
376.111 742
376.125 736
376.139 724
376.152 756
376.166 742
376.180 750
376.193 749
376.207 757
376.221 761
376.235 753
376.248 750
376.262 763
376.276 771
376.290 767
376.303 761
376.317 781
376.331 761
376.345 764
376.358 770
376.372 765
376.386 767
376.399 778
376.413 784
376.427 773
376.441 769
376.454 777
376.468 773
376.482 775
376.495 796
376.509 798
376.523 791
376.537 800
376.550 787
376.564 815
376.578 822
376.592 815
376.605 801
376.619 804
376.633 812
376.646 820
376.660 797
376.674 805
376.688 819
376.701 818
376.715 821
376.729 828
376.742 845
376.756 850
376.770 844
376.784 847
376.797 852
376.811 852
376.825 863
376.838 859
376.852 870
376.866 885
376.880 877
376.893 850
376.907 870
376.921 862
376.934 865
376.948 875
376.962 876
376.976 884
376.989 878
377.003 911
377.017 911
377.030 921
377.044 922
377.058 936
377.071 943
377.085 924
377.099 918
377.113 920
377.126 934
377.140 945
377.154 948
377.167 951
377.181 940
377.195 984
377.208 943
377.222 956
377.236 966
377.250 973
377.263 972
377.277 996
377.291 994
377.304 982
377.318 994
377.332 987
377.345 993
377.359 1016
377.373 1020
377.387 1006
377.400 1032
377.414 1016
377.428 981
377.441 1010
377.455 1038
377.469 1038
377.482 1040
377.496 1079
377.510 1076
377.524 1084
377.537 1066
377.551 1046
377.565 1026
377.578 1082
377.592 1067
377.606 1065
377.619 1079
377.633 1097
377.647 1075
377.660 1075
377.674 1097
377.688 1083
377.701 1127
377.715 1096
377.729 1120
377.743 1140
377.756 1138
377.770 1138
377.784 1173
377.797 1142
377.811 1102
377.825 1161
377.838 1144
377.852 1147
377.866 1174
377.879 1135
377.893 1140
377.907 1141
377.920 1149
377.934 1163
377.948 1168
377.961 1158
377.975 1186
377.989 1182
378.002 1153
378.016 1198
378.030 1221
378.044 1209
378.057 1211
378.071 1209
378.085 1223
378.098 1233
378.112 1237
378.126 1214
378.139 1241
378.153 1211
378.167 1218
378.180 1221
378.194 1239
378.208 1223
378.221 1222
378.235 1244
378.249 1255
378.262 1257
378.276 1251
378.290 1294
378.303 1225
378.317 1298
378.331 1234
378.344 1246
378.358 1284
378.372 1271
378.385 1290
378.399 1328
378.413 1252
378.426 1299
378.440 1266
378.454 1315
378.467 1305
378.481 1291
378.495 1324
378.508 1328
378.522 1302
378.536 1312
378.549 1298
378.563 1318
378.577 1324
378.590 1286
378.604 1321
378.618 1346
378.631 1361
378.645 1353
378.659 1354
378.672 1348
378.686 1418
378.700 1363
378.713 1425
378.727 1408
378.740 1434
378.754 1402
378.768 1440
378.781 1420
378.795 1451
378.809 1450
378.822 1452
378.836 1423
378.850 1367
378.863 1398
378.877 1445
378.891 1383
378.904 1414
378.918 1428
378.932 1424
378.945 1447
378.959 1452
378.973 1435
378.986 1438
379.000 1415
379.014 1476
379.027 1441
379.041 1441
379.054 1417
379.068 1447
379.082 1466
379.095 1428
379.109 1452
379.123 1479
379.136 1452
379.150 1451
379.164 1440
379.177 1479
379.191 1513
379.205 1524
379.218 1538
379.232 1523
379.245 1523
379.259 1527
379.273 1513
379.286 1530
379.300 1513
379.314 1526
379.327 1538
379.341 1570
379.355 1545
379.368 1602
379.382 1538
379.396 1564
379.409 1518
379.423 1633
379.436 1563
379.450 1583
379.464 1592
379.477 1616
379.491 1628
379.505 1628
379.518 1657
379.532 1660
379.546 1679
379.559 1659
379.573 1670
379.586 1698
379.600 1663
379.614 1688
379.627 1766
379.641 1767
379.655 1740
379.668 1714
379.682 1771
379.695 1744
379.709 1743
379.723 1737
379.736 1835
379.750 1918
379.764 1924
379.777 1907
379.791 1938
379.804 1904
379.818 1968
379.832 1978
379.845 1941
379.859 1902
379.873 1898
379.886 1948
379.900 1966
379.913 1951
379.927 2009
379.941 2015
379.954 2035
379.968 2085
379.982 2068
379.995 2119
380.009 2085
380.022 2137
380.036 2114
380.050 2137
380.063 2230
380.077 2346
380.090 2331
380.104 2387
380.118 2338
380.131 2421
380.145 2406
380.159 2436
380.172 2349
380.186 2485
380.199 2506
380.213 2524
380.227 2575
380.240 2637
380.254 2576
380.267 2501
380.281 2609
380.295 2535
380.308 2586
380.322 2640
380.336 2643
380.349 2708
380.363 2786
380.376 2786
380.390 2775
380.404 2857
380.417 2827
380.431 2891
380.444 2956
380.458 2905
380.472 2977
380.485 3015
380.499 2967
380.512 2966
380.526 3044
380.540 3081
380.553 3041
380.567 3136
380.580 3248
380.594 3240
380.608 3273
380.621 3424
380.635 3445
380.648 3463
380.662 3478
380.676 3479
380.689 3492
380.703 3574
380.716 3635
380.730 3661
380.744 3668
380.757 3737
380.771 3842
380.784 3871
380.798 3827
380.812 3911
380.825 3847
380.839 3879
380.852 4051
380.866 4091
380.880 4091
380.893 4174
380.907 4039
380.920 4116
380.934 4095
380.948 4229
380.961 4237
380.975 4271
380.988 4251
381.002 4274
381.015 4206
381.029 4367
381.043 4382
381.056 4337
381.070 4419
381.083 4373
381.097 4453
381.111 4513
381.124 4555
381.138 4579
381.151 4565
381.165 4621
381.179 4736
381.192 4675
381.206 4664
381.219 4740
381.233 4732
381.246 4748
381.260 4767
381.274 4854
381.287 4750
381.301 4819
381.314 4804
381.328 4834
381.341 4924
381.355 4858
381.369 4880
381.382 4924
381.396 4996
381.409 5017
381.423 5157
381.437 5072
381.450 5071
381.464 5241
381.477 5168
381.491 5350
381.504 5268
381.518 5274
381.532 5301
381.545 5384
381.559 5597
381.572 5518
381.586 5405
381.599 5454
381.613 5463
381.627 5509
381.640 5561
381.654 5610
381.667 5593
381.681 5600
381.694 5561
381.708 5506
381.722 5326
381.735 5373
381.749 5416
381.762 5514
381.776 5440
381.789 5444
381.803 5557
381.817 5497
381.830 5476
381.844 5545
381.857 5607
381.871 5657
381.884 5633
381.898 5676
381.911 5570
381.925 5557
381.939 5668
381.952 5693
381.966 5669
381.979 5700
381.993 5800
382.006 5858
382.020 5888
382.034 5962
382.047 5860
382.061 5804
382.074 5795
382.088 5794
382.101 5846
382.115 5789
382.128 5712
382.142 6072
382.156 6266
382.169 6346
382.183 6219
382.196 6215
382.210 6099
382.223 6204
382.237 6214
382.250 6156
382.264 6254
382.278 6323
382.291 6247
382.305 6440
382.318 6505
382.332 6485
382.345 6163
382.359 6107
382.372 6186
382.386 6232
382.399 6365
382.413 6349
382.427 6313
382.440 6329
382.454 6364
382.467 6374
382.481 6516
382.494 6726
382.508 6752
382.521 6892
382.535 6721
382.548 6670
382.562 6588
382.576 6702
382.589 6761
382.603 6838
382.616 6695
382.630 6888
382.643 6976
382.657 7052
382.670 7099
382.684 6994
382.697 6939
382.711 7107
382.724 7279
382.738 7173
382.752 7310
382.765 7382
382.779 7351
382.792 7469
382.806 7564
382.819 7568
382.833 7611
382.846 7701
382.860 7760
382.873 7819
382.887 7847
382.900 7978
382.914 8073
382.928 8098
382.941 8083
382.955 8260
382.968 8492
382.982 8543
382.995 8620
383.009 8642
383.022 8642
383.036 8644
383.049 8880
383.063 8913
383.076 8878
383.090 8947
383.103 9149
383.117 9257
383.130 9252
383.144 9325
383.158 9536
383.171 9665
383.185 9701
383.198 9758
383.212 9909
383.225 10133
383.239 10148
383.252 10210
383.266 10406
383.279 10476
383.293 10596
383.306 10680
383.320 10909
383.333 11090
383.347 11275
383.360 11354
383.374 11536
383.387 11400
383.401 11682
383.414 11674
383.428 11679
383.441 11732
383.455 11822
383.468 11952
383.482 12262
383.496 12700
383.509 12838
383.523 12796
383.536 13019
383.550 12894
383.563 13162
383.577 13429
383.590 13671
383.604 13835
383.617 13484
383.631 13711
383.644 13516
383.658 13678
383.671 13619
383.685 13930
383.698 14047
383.712 14229
383.725 14176
383.739 14304
383.752 14489
383.766 14684
383.779 14589
383.793 14832
383.806 15114
383.820 15598
383.833 15661
383.847 15806
383.860 15968
383.874 16216
383.887 15940
383.901 15931
383.914 16457
383.928 16507
383.941 16807
383.955 16716
383.968 16716
383.982 16728
383.995 16944
384.009 17061
384.022 17288
384.036 17490
384.049 17786
384.063 17959
384.076 18224
384.090 18559
384.103 19339
384.117 19484
384.130 19493
384.144 19273
384.157 19202
384.171 19486
384.184 19462
384.198 19798
384.211 19908
384.225 20192
384.238 20551
384.252 20956
384.265 21212
384.279 21354
384.292 21568
384.306 21785
384.319 21850
384.333 21791
384.346 22036
384.360 22328
384.373 22530
384.387 22801
384.400 22895
384.414 23008
384.427 23460
384.441 23673
384.454 23533
384.468 23805
384.481 24159
384.495 24312
384.508 24501
384.522 24694
384.535 24909
384.549 25073
384.562 25318
384.575 25620
384.589 26115
384.602 27100
384.616 27684
384.629 27877
384.643 28020
384.656 28069
384.670 27957
384.683 28079
384.697 28228
384.710 28267
384.724 28405
384.737 28593
384.751 28675
384.764 28904
384.778 29053
384.791 29241
384.805 29428
384.818 29444
384.832 29395
384.845 29433
384.859 29411
384.872 28616
384.885 28102
384.899 28259
384.912 28022
384.926 27630
384.939 27301
384.953 27250
384.966 26945
384.980 26571
384.993 26383
385.007 26232
385.020 25682
385.034 25325
385.047 24771
385.061 24092
385.074 23716
385.088 23200
385.101 22841
385.114 22357
385.128 21769
385.141 21320
385.155 20871
385.168 20721
385.182 20555
385.195 20004
385.209 19210
385.222 18331
385.236 17680
385.249 17101
385.263 16608
385.276 16011
385.290 15243
385.303 14633
385.316 14006
385.330 13869
385.343 13413
385.357 12929
385.370 12360
385.384 12026
385.397 11571
385.411 11341
385.424 10928
385.438 10563
385.451 10332
385.464 10055
385.478 9870
385.491 9553
385.505 9220
385.518 8999
385.532 8697
385.545 8363
385.559 8091
385.572 7936
385.586 7636
385.599 7472
385.612 7458
385.626 7270
385.639 7093
385.653 6928
385.666 7010
385.680 6764
385.693 6490
385.707 6397
385.720 6224
385.734 6196
385.747 5961
385.760 5868
385.774 5760
385.787 5711
385.801 5505
385.814 5315
385.828 5087
385.841 5146
385.855 4959
385.868 4897
385.881 4738
385.895 4785
385.908 4742
385.922 4637
385.935 4550
385.949 4552
385.962 4414
385.976 4356
385.989 4304
386.002 4333
386.016 4292
386.029 4272
386.043 4238
386.056 4148
386.070 3952
386.083 3945
386.097 3983
386.110 4007
386.123 3886
386.137 3851
386.150 3915
386.164 3764
386.177 3684
386.191 3780
386.204 3643
386.217 3598
386.231 3605
386.244 3607
386.258 3565
386.271 3567
386.285 3640
386.298 3476
386.311 3410
386.325 3367
386.338 3366
386.352 3346
386.365 3279
386.379 3230
386.392 3227
386.405 3214
386.419 3188
386.432 3157
386.446 3176
386.459 3134
386.473 3140
386.486 3117
386.499 3017
386.513 3096
386.526 3058
386.540 2989
386.553 2997
386.567 3014
386.580 3089
386.593 3090
386.607 3085
386.620 3047
386.634 3021
386.647 3021
386.661 2971
386.674 2909
386.687 2932
386.701 2805
386.714 2795
386.728 2786
386.741 2773
386.754 2809
386.768 2748
386.781 2757
386.795 2732
386.808 2662
386.822 2722
386.835 2666
386.848 2684
386.862 2686
386.875 2638
386.889 2618
386.902 2645
386.915 2627
386.929 2631
386.942 2634
386.956 2583
386.969 2584
386.983 2569
386.996 2523
387.009 2510
387.023 2538
387.036 2526
387.050 2526
387.063 2470
387.076 2502
387.090 2485
387.103 2531
387.117 2506
387.130 2494
387.143 2494
387.157 2525
387.170 2477
387.184 2444
387.197 2402
387.210 2456
387.224 2419
387.237 2409
387.251 2354
387.264 2371
387.278 2327
387.291 2298
387.304 2383
387.318 2313
387.331 2322
387.345 2338
387.358 2330
387.371 2385
387.385 2266
387.398 2303
387.412 2220
387.425 2212
387.438 2204
387.452 2145
387.465 2199
387.478 2160
387.492 2187
387.505 2196
387.519 2125
387.532 2213
387.545 2236
387.559 2280
387.572 2223
387.586 2192
387.599 2160
387.612 2178
387.626 2210
387.639 2159
387.653 2181
387.666 2100
387.679 2020
387.693 2075
387.706 2066
387.720 2039
387.733 2097
387.746 2105
387.760 2043
387.773 2103
387.787 2057
387.800 2030
387.813 2018
387.827 1978
387.840 1954
387.853 1924
387.867 1932
387.880 2010
387.894 1972
387.907 1980
387.920 1914
387.934 1906
387.947 1920
387.961 1912
387.974 1897
387.987 1878
388.001 1844
388.014 1857
388.027 1810
388.041 1804
388.054 1801
388.068 1805
388.081 1765
388.094 1732
388.108 1812
388.121 1766
388.134 1738
388.148 1700
388.161 1671
388.175 1640
388.188 1675
388.201 1636
388.215 1627
388.228 1594
388.241 1565
388.255 1638
388.268 1625
388.282 1579
388.295 1531
388.308 1560
388.322 1530
388.335 1526
388.348 1491
388.362 1458
388.375 1500
388.389 1478
388.402 1458
388.415 1466
388.429 1468
388.442 1432
388.455 1438
388.469 1432
388.482 1413
388.495 1368
388.509 1405
388.522 1412
388.536 1395
388.549 1351
388.562 1350
388.576 1327
388.589 1353
388.602 1368
388.616 1298
388.629 1324
388.642 1316
388.656 1310
388.669 1297
388.683 1284
388.696 1314
388.709 1275
388.723 1284
388.736 1277
388.749 1250
388.763 1249
388.776 1258
388.789 1251
388.803 1244
388.816 1211
388.829 1231
388.843 1242
388.856 1188
388.870 1202
388.883 1211
388.896 1221
388.910 1220
388.923 1250
388.936 1258
388.950 1218
388.963 1239
388.976 1212
388.990 1227
389.003 1245
389.016 1265
389.030 1226
389.043 1276
389.056 1206
389.070 1236
389.083 1235
389.097 1184
389.110 1232
389.123 1196
389.137 1221
389.150 1179
389.163 1222
389.177 1206
389.190 1196
389.203 1201
389.217 1188
389.230 1204
389.243 1194
389.257 1215
389.270 1202
389.283 1216
389.297 1221
389.310 1194
389.323 1160
389.337 1169
389.350 1167
389.363 1152
389.377 1181
389.390 1170
389.403 1179
389.417 1172
389.430 1161
389.443 1179
389.457 1161
389.470 1205
389.483 1201
389.497 1167
389.510 1173
389.523 1167
389.537 1162
389.550 1168
389.563 1146
389.577 1138
389.590 1123
389.603 1120
389.617 1135
389.630 1105
389.643 1147
389.657 1153
389.670 1125
389.683 1162
389.697 1102
389.710 1132
389.723 1132
389.737 1102
389.750 1128
389.763 1107
389.777 1136
389.790 1102
389.803 1108
389.817 1102
389.830 1099
389.843 1076
389.857 1083
389.870 1031
389.883 1047
389.897 1069
389.910 1072
389.923 1065
389.937 1051
389.950 1077
389.963 1089
389.977 1057
389.990 1060
390.003 1082
390.017 1064
390.030 1101
390.043 1058
390.057 1084
390.070 1040
390.083 1047
390.096 1042
390.110 1063
390.123 1062
390.136 1045
390.150 1070
390.163 1056
390.176 1051
390.190 1054
390.203 1013
390.216 1010
390.230 1020
390.243 1007
390.256 1024
390.270 1027
390.283 1017
390.296 997
390.310 1011
390.323 1044
390.336 1044
390.349 1010
390.363 1030
390.376 1022
390.389 997
390.403 1019
390.416 1006
390.429 1016
390.443 975
390.456 996
390.469 1007
390.483 976
390.496 982
390.509 983
390.522 972
390.536 987
390.549 995
390.562 970
390.576 961
390.589 988
390.602 973
390.616 960
390.629 970
390.642 961
390.655 978
390.669 1005
390.682 970
390.695 948
390.709 956
390.722 945
390.735 950
390.749 957
390.762 933
390.775 929
390.788 916
390.802 918
390.815 953
390.828 908
390.842 937
390.855 910
390.868 927
390.882 929
390.895 910
390.908 904
390.921 888
390.935 932
390.948 923
390.961 906
390.975 898
390.988 912
391.001 897
391.014 885
391.028 895
391.041 870
391.054 873
391.068 893
391.081 874
391.094 884
391.107 880
391.121 856
391.134 861
391.147 866
391.161 879
391.174 851
391.187 865
391.200 836
391.214 836
391.227 843
391.240 866
391.254 825
391.267 820
391.280 830
391.293 828
391.307 803
391.320 833
391.333 821
391.347 802
391.360 819
391.373 818
391.386 802
391.400 802
391.413 815
391.426 794
391.440 796
391.453 788
391.466 797
391.479 792
391.493 826
391.506 805
391.519 797
391.532 798
391.546 799
391.559 784
391.572 795
391.586 786
391.599 770
391.612 772
391.625 770
391.639 757
391.652 765
391.665 789
391.678 782
391.692 752
391.705 782
391.718 755
391.732 751
391.745 768
391.758 766
391.771 748
391.785 750
391.798 774
391.811 759
391.824 753
391.838 755
391.851 754
391.864 733
391.877 756
391.891 766
391.904 754
391.917 769
391.931 751
391.944 743
391.957 742
391.970 738
391.984 737
391.997 743
392.010 743
392.023 742
392.037 740
392.050 754
392.063 741
392.076 731
392.090 745
392.103 739
392.116 729
392.129 737
392.143 750
392.156 730
392.169 733
392.182 732
392.196 740
392.209 735
392.222 723
392.235 724
392.249 719
392.262 719
392.275 729
392.288 741
392.302 738
392.315 715
392.328 737
392.341 729
392.355 727
392.368 735
392.381 718
392.394 725
392.408 719
392.421 711
392.434 740
392.447 740
392.461 719
392.474 728
392.487 738
392.500 735
392.514 729
392.527 732
392.540 720
392.553 721
392.567 740
392.580 725
392.593 724
392.606 718
392.620 721
392.633 711
392.646 731
392.659 700
392.673 708
392.686 703
392.699 715
392.712 721
392.726 704
392.739 723
392.752 713
392.765 712
392.778 714
392.792 718
392.805 703
392.818 709
392.831 729
392.845 722
392.858 711
392.871 716
392.884 713
392.898 714
392.911 724
392.924 720
392.937 732
392.951 704
392.964 719
392.977 706
392.990 713
393.003 715
393.017 718
393.030 709
393.043 705
393.056 719
393.070 724
393.083 723
393.096 707
393.109 702
393.122 717
393.136 717
393.149 711
393.162 702
393.175 704
393.189 715
393.202 718
393.215 707
393.228 715
393.242 710
393.255 708
393.268 705
393.281 708
393.294 711
393.308 701
393.321 694
393.334 697
393.347 704
393.360 703
393.374 715
393.387 699
393.400 709
393.413 694
393.427 723
393.440 705
393.453 703
393.466 696
393.479 694
393.493 699
393.506 694
393.519 710
393.532 704
393.546 720
393.559 708
393.572 723
393.585 702
393.598 707
393.612 714
393.625 702
393.638 722
393.651 706
393.664 692
393.678 698
393.691 708
393.704 700
393.717 695
393.730 709
393.744 707
393.757 699
393.770 698
393.783 701
393.796 685
393.810 716
393.823 692
393.836 691
393.849 699
393.863 700
393.876 702
393.889 708
393.902 695
393.915 686
393.929 701
