375.891 692
375.905 707
375.919 711
375.933 720
375.946 725
375.960 720
375.974 737
375.987 717
376.001 733
376.015 720
376.029 717
376.042 745
376.056 717
376.070 720
376.084 735
376.097 743
376.111 730
376.125 743
376.139 736
376.152 739
376.166 733
376.180 723
376.193 746
376.207 736
376.221 756
376.235 745
376.248 743
376.262 744
376.276 747
376.290 742
376.303 761
376.317 747
376.331 769
376.345 776
376.358 774
376.372 750
376.386 776
376.399 764
376.413 757
376.427 769
376.441 780
376.454 760
376.468 777
376.482 792
376.495 761
376.509 766
376.523 786
376.537 817
376.550 786
376.564 796
376.578 809
376.592 786
376.605 817
376.619 832
376.633 788
376.646 802
376.660 822
376.674 812
376.688 812
376.701 817
376.715 813
376.729 817
376.742 816
376.756 828
376.770 827
376.784 833
376.797 822
376.811 834
376.825 852
376.838 861
376.852 846
376.866 864
376.880 868
376.893 879
376.907 854
376.921 859
376.934 875
376.948 871
376.962 878
376.976 889
376.989 871
377.003 887
377.017 893
377.030 920
377.044 909
377.058 917
377.071 909
377.085 912
377.099 894
377.113 896
377.126 931
377.140 933
377.154 918
377.167 921
377.181 941
377.195 942
377.208 923
377.222 941
377.236 944
377.250 950
377.263 980
377.277 947
377.291 963
377.304 996
377.318 989
377.332 1015
377.345 996
377.359 971
377.373 1017
377.387 977
377.400 1009
377.414 1022
377.428 979
377.441 1044
377.455 1004
377.469 1048
377.482 1029
377.496 1017
377.510 1057
377.524 1069
377.537 1083
377.551 1072
377.565 1062
377.578 1024
377.592 1064
377.606 1044
377.619 1063
377.633 1065
377.647 1075
377.660 1083
377.674 1085
377.688 1079
377.701 1088
377.715 1066
377.729 1078
377.743 1126
377.756 1130
377.770 1157
377.784 1154
377.797 1109
377.811 1137
377.825 1163
377.838 1128
377.852 1111
377.866 1092
377.879 1152
377.893 1142
377.907 1140
377.920 1177
377.934 1171
377.948 1141
377.961 1140
377.975 1170
377.989 1176
378.002 1152
378.016 1163
378.030 1213
378.044 1173
378.057 1180
378.071 1151
378.085 1225
378.098 1175
378.112 1200
378.126 1205
378.139 1176
378.153 1199
378.167 1219
378.180 1194
378.194 1224
378.208 1219
378.221 1208
378.235 1224
378.249 1236
378.262 1283
378.276 1219
378.290 1236
378.303 1259
378.317 1240
378.331 1226
378.344 1252
378.358 1244
378.372 1279
378.385 1242
378.399 1271
378.413 1272
378.426 1293
378.440 1291
378.454 1288
378.467 1291
378.481 1275
378.495 1319
378.508 1271
378.522 1279
378.536 1286
378.549 1306
378.563 1311
378.577 1283
378.590 1306
378.604 1301
378.618 1355
378.631 1321
378.645 1324
378.659 1346
378.672 1330
378.686 1347
378.700 1346
378.713 1394
378.727 1392
378.740 1395
378.754 1407
378.768 1376
378.781 1408
378.795 1420
378.809 1403
378.822 1412
378.836 1386
378.850 1376
378.863 1369
378.877 1406
378.891 1392
378.904 1390
378.918 1424
378.932 1418
378.945 1375
378.959 1386
378.973 1408
378.986 1381
379.000 1404
379.014 1428
379.027 1442
379.041 1434
379.054 1480
379.068 1465
379.082 1418
379.095 1445
379.109 1450
379.123 1444
379.136 1428
379.150 1423
379.164 1457
379.177 1437
379.191 1478
379.205 1451
379.218 1440
379.232 1506
379.245 1490
379.259 1485
379.273 1487
379.286 1472
379.300 1499
379.314 1488
379.327 1527
379.341 1531
379.355 1543
379.368 1541
379.382 1562
379.396 1572
379.409 1530
379.423 1502
379.436 1582
379.450 1588
379.464 1604
379.477 1582
379.491 1572
379.505 1627
379.518 1576
379.532 1626
379.546 1604
379.559 1635
379.573 1622
379.586 1644
379.600 1664
379.614 1662
379.627 1698
379.641 1720
379.655 1737
379.668 1697
379.682 1758
379.695 1726
379.709 1744
379.723 1726
379.736 1815
379.750 1838
379.764 1877
379.777 1883
379.791 1881
379.804 1947
379.818 1968
379.832 1909
379.845 1868
379.859 1882
379.873 1900
379.886 1877
379.900 1927
379.913 1923
379.927 1942
379.941 1989
379.954 1974
379.968 2050
379.982 2048
379.995 2016
380.009 2041
380.022 2098
380.036 2124
380.050 2095
380.063 2187
380.077 2292
380.090 2270
380.104 2302
380.118 2303
380.131 2274
380.145 2295
380.159 2427
380.172 2410
380.186 2430
380.199 2468
380.213 2534
380.227 2513
380.240 2611
380.254 2547
380.267 2484
380.281 2570
380.295 2586
380.308 2565
380.322 2566
380.336 2657
380.349 2632
380.363 2699
380.376 2724
380.390 2753
380.404 2744
380.417 2825
380.431 2857
380.444 2872
380.458 2889
380.472 2889
380.485 2929
380.499 3026
380.512 2964
380.526 3012
380.540 2971
380.553 3076
380.567 3092
380.580 3192
380.594 3175
380.608 3269
380.621 3334
380.635 3439
380.648 3425
380.662 3410
380.676 3424
380.689 3484
380.703 3448
380.716 3485
380.730 3535
380.744 3655
380.757 3708
380.771 3774
380.784 3769
380.798 3836
380.812 3792
380.825 3930
380.839 3998
380.852 4009
380.866 4067
380.880 4124
380.893 3991
380.907 4054
380.920 4100
380.934 4183
380.948 4140
380.961 4198
380.975 4144
380.988 4182
381.002 4214
381.015 4252
381.029 4340
381.043 4334
381.056 4421
381.070 4419
381.083 4423
381.097 4391
381.111 4454
381.124 4488
381.138 4548
381.151 4600
381.165 4545
381.179 4620
381.192 4663
381.206 4676
381.219 4597
381.233 4660
381.246 4766
381.260 4696
381.274 4695
381.287 4763
381.301 4767
381.314 4783
381.328 4821
381.341 4871
381.355 4833
381.369 4858
381.382 4949
381.396 4987
381.409 5079
381.423 5043
381.437 5201
381.450 5104
381.464 5105
381.477 5173
381.491 5218
381.504 5273
381.518 5288
381.532 5302
381.545 5392
381.559 5626
381.572 5425
381.586 5414
381.599 5477
381.613 5489
381.627 5503
381.640 5513
381.654 5559
381.667 5517
381.681 5603
381.694 5498
381.708 5470
381.722 5385
381.735 5334
381.749 5423
381.762 5402
381.776 5341
381.789 5345
381.803 5443
381.817 5419
381.830 5557
381.844 5492
381.857 5484
381.871 5643
381.884 5666
381.898 5476
381.911 5559
381.925 5543
381.939 5568
381.952 5593
381.966 5603
381.979 5657
381.993 5716
382.006 5755
382.020 5795
382.034 5921
382.047 5778
382.061 5788
382.074 5780
382.088 5688
382.101 5772
382.115 5641
382.128 5793
382.142 5897
382.156 6125
382.169 6189
382.183 6007
382.196 6119
382.210 6098
382.223 6141
382.237 6000
382.250 6042
382.264 6107
382.278 6073
382.291 6181
382.305 6304
382.318 6324
382.332 6413
382.345 6200
382.359 6118
382.372 6108
382.386 6058
382.399 6256
382.413 6098
382.427 6300
382.440 6194
382.454 6272
382.467 6406
382.481 6405
382.494 6591
382.508 6635
382.521 6677
382.535 6521
382.548 6517
382.562 6530
382.576 6635
382.589 6661
382.603 6672
382.616 6707
382.630 6766
382.643 6885
382.657 6980
382.670 7003
382.684 7002
382.697 7066
382.711 6985
382.724 7165
382.738 7177
382.752 7136
382.765 7281
382.779 7201
382.792 7330
382.806 7436
382.819 7389
382.833 7501
382.846 7607
382.860 7548
382.873 7706
382.887 7715
382.900 7815
382.914 7848
382.928 8042
382.941 8175
382.955 8165
382.968 8268
382.982 8306
382.995 8442
383.009 8575
383.022 8524
383.036 8578
383.049 8653
383.063 8761
383.076 8815
383.090 8869
383.103 8916
383.117 8968
383.130 9053
383.144 9097
383.158 9256
383.171 9394
383.185 9459
383.198 9570
383.212 9784
383.225 9893
383.239 10041
383.252 10198
383.266 10212
383.279 10271
383.293 10421
383.306 10544
383.320 10626
383.333 10893
383.347 11195
383.360 11111
383.374 11063
383.387 11355
383.401 11420
383.414 11550
383.428 11514
383.441 11554
383.455 11909
383.468 11734
383.482 11968
383.496 12416
383.509 12599
383.523 12645
383.536 12667
383.550 12702
383.563 12994
383.577 13087
383.590 13330
383.604 13472
383.617 13338
383.631 13332
383.644 13096
383.658 13385
383.671 13304
383.685 13651
383.698 13728
383.712 14110
383.725 14119
383.739 14151
383.752 14188
383.766 14190
383.779 14688
383.793 14692
383.806 14873
383.820 15445
383.833 15269
383.847 15688
383.860 15782
383.874 15815
383.887 15584
383.901 15668
383.914 16111
383.928 16308
383.941 16278
383.955 16240
383.968 16397
383.982 16487
383.995 16754
384.009 16864
384.022 16973
384.036 17091
384.049 17328
384.063 17631
384.076 18143
384.090 18548
384.103 19023
384.117 19249
384.130 19158
384.144 19109
384.157 18903
384.171 19078
384.184 19330
384.198 19561
384.211 19833
384.225 20146
384.238 20469
384.252 20812
384.265 21010
384.279 21200
384.292 21457
384.306 21787
384.319 21639
384.333 21887
384.346 21928
384.360 22391
384.373 22414
384.387 22724
384.400 22849
384.414 23185
384.427 23358
384.441 23640
384.454 23764
384.468 23833
384.481 24154
384.495 24739
384.508 24765
384.522 24850
384.535 25053
384.549 25470
384.562 25618
384.575 25887
384.589 26512
384.602 27494
384.616 27930
384.629 28195
384.643 28480
384.656 28783
384.670 28907
384.683 28696
384.697 28895
384.710 29131
384.724 29203
384.737 29220
384.751 29554
384.764 29855
384.778 29883
384.791 30116
384.805 30319
384.818 30398
384.832 30284
384.845 30307
384.859 30359
384.872 29799
384.885 29438
384.899 29141
384.912 28946
384.926 28928
384.939 28581
384.953 28370
384.966 28258
384.980 28056
384.993 27934
385.007 27484
385.020 27009
385.034 26706
385.047 26158
385.061 25733
385.074 25062
385.088 24638
385.101 24051
385.114 23538
385.128 23033
385.141 22377
385.155 22215
385.168 22264
385.182 21577
385.195 20967
385.209 20326
385.222 19512
385.236 18769
385.249 18208
385.263 17620
385.276 16733
385.290 16007
385.303 15524
385.316 15042
385.330 14634
385.343 14160
385.357 13678
385.370 13162
385.384 12668
385.397 12199
385.411 11935
385.424 11554
385.438 11104
385.451 10706
385.464 10491
385.478 10197
385.491 9959
385.505 9496
385.518 9370
385.532 8982
385.545 8640
385.559 8361
385.572 8189
385.586 7942
385.599 7902
385.612 7768
385.626 7461
385.639 7189
385.653 7127
385.666 7108
385.680 7003
385.693 6710
385.707 6570
385.720 6388
385.734 6157
385.747 5970
385.760 5878
385.774 5822
385.787 5733
385.801 5500
385.814 5148
385.828 5125
385.841 5103
385.855 5010
385.868 4904
385.881 4813
385.895 4752
385.908 4608
385.922 4626
385.935 4489
385.949 4420
385.962 4365
385.976 4429
385.989 4299
386.002 4277
386.016 4279
386.029 4220
386.043 4140
386.056 4090
386.070 4012
386.083 3972
386.097 3884
386.110 3940
386.123 3796
386.137 3803
386.150 3715
386.164 3698
386.177 3645
386.191 3643
386.204 3598
386.217 3496
386.231 3485
386.244 3458
386.258 3435
386.271 3443
386.285 3421
386.298 3471
386.311 3387
386.325 3270
386.338 3170
386.352 3150
386.365 3167
386.379 3168
386.392 3071
386.405 3084
386.419 3050
386.432 3088
386.446 3060
386.459 3063
386.473 3053
386.486 2957
386.499 2863
386.513 2934
386.526 2878
386.540 2907
386.553 2844
386.567 2893
386.580 2938
386.593 2932
386.607 2905
386.620 2898
386.634 2896
386.647 2936
386.661 2928
386.674 2850
386.687 2828
386.701 2703
386.714 2805
386.728 2697
386.741 2656
386.754 2742
386.768 2708
386.781 2642
386.795 2637
386.808 2628
386.822 2579
386.835 2574
386.848 2527
386.862 2529
386.875 2520
386.889 2517
386.902 2528
386.915 2516
386.929 2449
386.942 2482
386.956 2442
386.969 2457
386.983 2415
386.996 2454
387.009 2376
387.023 2438
387.036 2470
387.050 2438
387.063 2392
387.076 2400
387.090 2377
387.103 2411
387.117 2353
387.130 2355
387.143 2473
387.157 2316
387.170 2353
387.184 2282
387.197 2308
387.210 2301
387.224 2278
387.237 2306
387.251 2315
387.264 2224
387.278 2188
387.291 2276
387.304 2275
387.318 2231
387.331 2197
387.345 2198
387.358 2187
387.371 2208
387.385 2229
387.398 2215
387.412 2221
387.425 2140
387.438 2158
387.452 2165
387.465 2129
387.478 2092
387.492 2105
387.505 2077
387.519 2083
387.532 2138
387.545 2177
387.559 2136
387.572 2157
387.586 2173
387.599 2209
387.612 2120
387.626 2146
387.639 2114
387.653 2143
387.666 2046
387.679 2014
387.693 2030
387.706 2038
387.720 2009
387.733 2074
387.746 2069
387.760 2036
387.773 2042
387.787 2036
387.800 1986
387.813 1987
387.827 1958
387.840 1898
387.853 1914
387.867 1872
387.880 1972
387.894 1976
387.907 1933
387.920 1916
387.934 1861
387.947 1900
387.961 1915
387.974 1861
387.987 1871
388.001 1808
388.014 1784
388.027 1776
388.041 1770
388.054 1745
388.068 1790
388.081 1721
388.094 1801
388.108 1738
388.121 1702
388.134 1718
388.148 1686
388.161 1661
388.175 1643
388.188 1641
388.201 1594
388.215 1583
388.228 1607
388.241 1578
388.255 1530
388.268 1571
388.282 1504
388.295 1493
388.308 1495
388.322 1516
388.335 1443
388.348 1442
388.362 1463
388.375 1464
388.389 1429
388.402 1447
388.415 1378
388.429 1436
388.442 1448
388.455 1416
388.469 1396
388.482 1407
388.495 1382
388.509 1410
388.522 1358
388.536 1365
388.549 1300
388.562 1287
388.576 1321
388.589 1319
388.602 1266
388.616 1310
388.629 1319
388.642 1264
388.656 1251
388.669 1262
388.683 1247
388.696 1285
388.709 1304
388.723 1264
388.736 1284
388.749 1200
388.763 1199
388.776 1200
388.789 1251
388.803 1194
388.816 1209
388.829 1202
388.843 1186
388.856 1191
388.870 1196
388.883 1214
388.896 1185
388.910 1188
388.923 1180
388.936 1192
388.950 1191
388.963 1208
388.976 1201
388.990 1178
389.003 1210
389.016 1208
389.030 1187
389.043 1228
389.056 1201
389.070 1205
389.083 1182
389.097 1180
389.110 1174
389.123 1180
389.137 1196
389.150 1181
389.163 1159
389.177 1186
389.190 1182
389.203 1186
389.217 1202
389.230 1148
389.243 1163
389.257 1200
389.270 1144
389.283 1162
389.297 1168
389.310 1161
389.323 1161
389.337 1164
389.350 1161
389.363 1149
389.377 1114
389.390 1159
389.403 1175
389.417 1144
389.430 1133
389.443 1131
389.457 1125
389.470 1179
389.483 1141
389.497 1149
389.510 1116
389.523 1157
389.537 1166
389.550 1113
389.563 1107
389.577 1116
389.590 1104
389.603 1109
389.617 1092
389.630 1089
389.643 1095
389.657 1082
389.670 1088
389.683 1092
389.697 1081
389.710 1067
389.723 1076
389.737 1070
389.750 1087
389.763 1072
389.777 1095
389.790 1053
389.803 1074
389.817 1074
389.830 1064
389.843 1076
389.857 1049
389.870 1057
389.883 1070
389.897 1038
389.910 1028
389.923 1033
389.937 1031
389.950 1012
389.963 1058
389.977 1003
389.990 1047
390.003 1032
390.017 1029
390.030 1023
390.043 1042
390.057 1033
390.070 1019
390.083 1045
390.096 1040
390.110 1022
390.123 1031
390.136 1038
390.150 1014
390.163 999
390.176 1020
390.190 1017
390.203 997
390.216 977
390.230 1001
390.243 972
390.256 992
390.270 981
390.283 994
390.296 987
390.310 983
390.323 1007
390.336 974
390.349 997
390.363 978
390.376 991
390.389 986
390.403 996
390.416 972
390.429 981
390.443 984
390.456 952
390.469 965
390.483 964
390.496 957
390.509 958
390.522 945
390.536 931
390.549 965
390.562 956
390.576 934
390.589 951
390.602 973
390.616 958
390.629 957
390.642 951
390.655 934
390.669 931
390.682 953
390.695 935
390.709 922
390.722 948
390.735 918
390.749 918
390.762 913
390.775 930
390.788 927
390.802 905
390.815 930
390.828 924
390.842 927
390.855 919
390.868 906
390.882 925
390.895 913
390.908 890
390.921 893
390.935 908
390.948 899
390.961 873
390.975 865
390.988 880
391.001 881
391.014 874
391.028 869
391.041 869
391.054 857
391.068 871
391.081 860
391.094 847
391.107 862
391.121 853
391.134 849
391.147 842
391.161 851
391.174 833
391.187 856
391.200 826
391.214 832
391.227 817
391.240 815
391.254 818
391.267 821
391.280 804
391.293 819
391.307 810
391.320 790
391.333 801
391.347 812
391.360 811
391.373 791
391.386 788
391.400 811
391.413 806
391.426 799
391.440 791
391.453 801
391.466 793
391.479 782
391.493 790
391.506 771
391.519 769
391.532 753
391.546 773
391.559 769
391.572 768
391.586 771
391.599 761
391.612 777
391.625 774
391.639 767
391.652 767
391.665 761
391.678 768
391.692 752
391.705 768
391.718 760
391.732 748
391.745 756
391.758 752
391.771 754
391.785 755
391.798 743
391.811 753
391.824 735
391.838 750
391.851 755
391.864 741
391.877 743
391.891 732
391.904 760
391.917 754
391.931 750
391.944 739
391.957 745
391.970 739
391.984 737
391.997 732
392.010 738
392.023 730
392.037 737
392.050 738
392.063 737
392.076 727
392.090 740
392.103 734
392.116 721
392.129 733
392.143 721
392.156 721
392.169 737
392.182 714
392.196 729
392.209 725
392.222 717
392.235 717
392.249 738
392.262 707
392.275 714
392.288 725
392.302 721
392.315 720
392.328 718
392.341 705
392.355 705
392.368 723
392.381 720
392.394 714
392.408 721
392.421 715
392.434 722
392.447 714
392.461 719
392.474 700
392.487 722
392.500 723
392.514 694
392.527 718
392.540 723
392.553 705
392.567 711
392.580 732
392.593 714
392.606 716
392.620 702
392.633 701
392.646 706
392.659 719
392.673 713
392.686 702
392.699 711
392.712 716
392.726 708
392.739 693
392.752 711
392.765 718
392.778 707
392.792 706
392.805 711
392.818 704
392.831 704
392.845 717
392.858 699
392.871 706
392.884 703
392.898 700
392.911 706
392.924 713
392.937 709
392.951 714
392.964 715
392.977 708
392.990 705
393.003 711
393.017 719
393.030 704
393.043 702
393.056 710
393.070 692
393.083 708
393.096 709
393.109 706
393.122 712
393.136 706
393.149 706
393.162 698
393.175 702
393.189 704
393.202 711
393.215 707
393.228 707
393.242 684
393.255 703
393.268 691
393.281 700
393.294 703
393.308 692
393.321 700
393.334 693
393.347 707
393.360 695
393.374 692
393.387 698
393.400 689
393.413 691
393.427 694
393.440 698
393.453 697
393.466 699
393.479 695
393.493 698
393.506 684
393.519 692
393.532 680
393.546 706
393.559 694
393.572 691
393.585 700
393.598 700
393.612 695
393.625 690
393.638 692
393.651 696
393.664 689
393.678 695
393.691 695
393.704 696
393.717 678
393.730 700
393.744 691
393.757 688
393.770 690
393.783 688
393.796 684
393.810 684
393.823 690
393.836 684
393.849 692
393.863 702
393.876 693
393.889 687
393.902 697
393.915 682
393.929 683
