375.891 715
375.905 720
375.919 723
375.933 726
375.946 716
375.960 716
375.974 737
375.987 742
376.001 715
376.015 731
376.029 740
376.042 724
376.056 744
376.070 745
376.084 733
376.097 734
376.111 741
376.125 736
376.139 749
376.152 747
376.166 750
376.180 750
376.193 754
376.207 757
376.221 763
376.235 761
376.248 750
376.262 775
376.276 771
376.290 768
376.303 773
376.317 767
376.331 763
376.345 775
376.358 770
376.372 777
376.386 782
376.399 785
376.413 797
376.427 787
376.441 784
376.454 786
376.468 773
376.482 798
376.495 816
376.509 813
376.523 804
376.537 807
376.550 811
376.564 821
376.578 822
376.592 813
376.605 801
376.619 828
376.633 817
376.646 816
376.660 816
376.674 826
376.688 828
376.701 820
376.715 852
376.729 828
376.742 845
376.756 852
376.770 844
376.784 847
376.797 856
376.811 857
376.825 877
376.838 882
376.852 892
376.866 884
376.880 877
376.893 883
376.907 901
376.921 883
376.934 895
376.948 900
376.962 914
376.976 921
376.989 906
377.003 921
377.017 925
377.030 937
377.044 940
377.058 941
377.071 949
377.085 926
377.099 949
377.113 947
377.126 964
377.140 950
377.154 979
377.167 982
377.181 981
377.195 989
377.208 988
377.222 996
377.236 974
377.250 983
377.263 1012
377.277 1022
377.291 1035
377.304 1006
377.318 1054
377.332 1031
377.345 1033
377.359 1062
377.373 1035
377.387 1022
377.400 1069
377.414 1045
377.428 1060
377.441 1065
377.455 1089
377.469 1062
377.482 1067
377.496 1090
377.510 1088
377.524 1100
377.537 1146
377.551 1105
377.565 1109
377.578 1098
377.592 1107
377.606 1103
377.619 1116
377.633 1097
377.647 1108
377.660 1124
377.674 1124
377.688 1141
377.701 1139
377.715 1167
377.729 1150
377.743 1168
377.756 1148
377.770 1138
377.784 1180
377.797 1177
377.811 1192
377.825 1184
377.838 1184
377.852 1189
377.866 1196
377.879 1230
377.893 1215
377.907 1206
377.920 1222
377.934 1217
377.948 1206
377.961 1203
377.975 1246
377.989 1213
378.002 1245
378.016 1250
378.030 1245
378.044 1229
378.057 1250
378.071 1252
378.085 1259
378.098 1257
378.112 1254
378.126 1224
378.139 1261
378.153 1269
378.167 1278
378.180 1303
378.194 1292
378.208 1309
378.221 1305
378.235 1295
378.249 1268
378.262 1310
378.276 1318
378.290 1267
378.303 1323
378.317 1318
378.331 1303
378.344 1333
378.358 1324
378.372 1317
378.385 1330
378.399 1319
378.413 1348
378.426 1358
378.440 1354
378.454 1348
378.467 1344
378.481 1365
378.495 1364
378.508 1380
378.522 1378
378.536 1364
378.549 1365
378.563 1374
378.577 1385
378.590 1407
378.604 1391
378.618 1426
378.631 1413
378.645 1414
378.659 1407
378.672 1428
378.686 1475
378.700 1478
378.713 1471
378.727 1497
378.740 1469
378.754 1467
378.768 1482
378.781 1494
378.795 1520
378.809 1496
378.822 1535
378.836 1500
378.850 1484
378.863 1498
378.877 1486
378.891 1513
378.904 1484
378.918 1511
378.932 1521
378.945 1467
378.959 1501
378.973 1505
378.986 1512
379.000 1508
379.014 1549
379.027 1526
379.041 1531
379.054 1507
379.068 1529
379.082 1539
379.095 1503
379.109 1563
379.123 1558
379.136 1508
379.150 1557
379.164 1567
379.177 1583
379.191 1545
379.205 1599
379.218 1561
379.232 1616
379.245 1625
379.259 1589
379.273 1611
379.286 1633
379.300 1632
379.314 1605
379.327 1634
379.341 1651
379.355 1647
379.368 1682
379.382 1690
379.396 1688
379.409 1670
379.423 1674
379.436 1700
379.450 1745
379.464 1721
379.477 1705
379.491 1740
379.505 1710
379.518 1741
379.532 1824
379.546 1788
379.559 1779
379.573 1816
379.586 1774
379.600 1810
379.614 1844
379.627 1874
379.641 1855
379.655 1876
379.668 1848
379.682 1849
379.695 1834
379.709 1899
379.723 1882
379.736 1947
379.750 2001
379.764 2098
379.777 2060
379.791 2060
379.804 2104
379.818 2123
379.832 2044
379.845 2037
379.859 2021
379.873 2073
379.886 2077
379.900 2028
379.913 2160
379.927 2206
379.941 2098
379.954 2208
379.968 2259
379.982 2286
379.995 2287
380.009 2282
380.022 2254
380.036 2308
380.050 2297
380.063 2384
380.077 2488
380.090 2593
380.104 2572
380.118 2591
380.131 2547
380.145 2615
380.159 2631
380.172 2673
380.186 2679
380.199 2708
380.213 2730
380.227 2825
380.240 2881
380.254 2817
380.267 2783
380.281 2832
380.295 2850
380.308 2868
380.322 2908
380.336 2933
380.349 2969
380.363 2990
380.376 3015
380.390 3076
380.404 3118
380.417 3117
380.431 3184
380.444 3194
380.458 3249
380.472 3297
380.485 3364
380.499 3380
380.512 3409
380.526 3424
380.540 3448
380.553 3497
380.567 3504
380.580 3542
380.594 3635
380.608 3705
380.621 3791
380.635 3830
380.648 3861
380.662 3885
380.676 3911
380.689 3991
380.703 3975
380.716 4004
380.730 4049
380.744 4102
380.757 4142
380.771 4254
380.784 4293
380.798 4340
380.812 4387
380.825 4399
380.839 4401
380.852 4603
380.866 4651
380.880 4658
380.893 4624
380.907 4649
380.920 4638
380.934 4759
380.948 4765
380.961 4853
380.975 4908
380.988 4964
381.002 4872
381.015 4905
381.029 4967
381.043 4930
381.056 4986
381.070 5122
381.083 5027
381.097 5042
381.111 5103
381.124 5191
381.138 5292
381.151 5331
381.165 5220
381.179 5347
381.192 5357
381.206 5361
381.219 5320
381.233 5307
381.246 5382
381.260 5449
381.274 5449
381.287 5510
381.301 5444
381.314 5503
381.328 5620
381.341 5625
381.355 5642
381.369 5744
381.382 5712
381.396 5762
381.409 5704
381.423 5929
381.437 5871
381.450 5831
381.464 5909
381.477 6034
381.491 6061
381.504 6064
381.518 6045
381.532 6159
381.545 6295
381.559 6280
381.572 6320
381.586 6319
381.599 6316
381.613 6296
381.627 6496
381.640 6357
381.654 6368
381.667 6480
381.681 6424
381.694 6423
381.708 6315
381.722 6136
381.735 6236
381.749 6337
381.762 6305
381.776 6235
381.789 6347
381.803 6308
381.817 6412
381.830 6400
381.844 6433
381.857 6468
381.871 6521
381.884 6601
381.898 6474
381.911 6553
381.925 6508
381.939 6544
381.952 6501
381.966 6516
381.979 6578
381.993 6741
382.006 6737
382.020 6799
382.034 6922
382.047 6835
382.061 6665
382.074 6705
382.088 6730
382.101 6852
382.115 6633
382.128 6828
382.142 7097
382.156 7230
382.169 7239
382.183 7215
382.196 7091
382.210 7091
382.223 7183
382.237 7050
382.250 7139
382.264 7168
382.278 7263
382.291 7323
382.305 7352
382.318 7597
382.332 7580
382.345 7292
382.359 7164
382.372 7300
382.386 7265
382.399 7346
382.413 7332
382.427 7253
382.440 7427
382.454 7360
382.467 7569
382.481 7632
382.494 7905
382.508 7886
382.521 7918
382.535 7740
382.548 7842
382.562 7898
382.576 7860
382.589 7956
382.603 7933
382.616 8005
382.630 8128
382.643 8189
382.657 8213
382.670 8340
382.684 8366
382.697 8332
382.711 8423
382.724 8565
382.738 8509
382.752 8613
382.765 8708
382.779 8858
382.792 8710
382.806 8960
382.819 8932
382.833 9018
382.846 9181
382.860 9295
382.873 9332
382.887 9359
382.900 9588
382.914 9668
382.928 9663
382.941 9881
382.955 9915
382.968 9977
382.982 10270
382.995 10196
383.009 10508
383.022 10322
383.036 10594
383.049 10709
383.063 10754
383.076 10814
383.090 10906
383.103 10981
383.117 11223
383.130 11302
383.144 11333
383.158 11465
383.171 11576
383.185 11624
383.198 11805
383.212 12115
383.225 12131
383.239 12442
383.252 12502
383.266 12722
383.279 12783
383.293 12967
383.306 13065
383.320 13368
383.333 13750
383.347 14030
383.360 13843
383.374 13962
383.387 14113
383.401 14248
383.414 14337
383.428 14451
383.441 14416
383.455 14803
383.468 14514
383.482 14844
383.496 15798
383.509 15868
383.523 15693
383.536 15824
383.550 15950
383.563 16242
383.577 16479
383.590 16678
383.604 16713
383.617 16795
383.631 16692
383.644 16619
383.658 16627
383.671 16768
383.685 17286
383.698 17379
383.712 17651
383.725 17675
383.739 17731
383.752 17660
383.766 18101
383.779 18144
383.793 18444
383.806 18630
383.820 19198
383.833 19312
383.847 19577
383.860 19954
383.874 19937
383.887 19508
383.901 19767
383.914 20152
383.928 20519
383.941 20631
383.955 20612
383.968 20464
383.982 20734
383.995 21013
384.009 20920
384.022 21533
384.036 21737
384.049 21700
384.063 22136
384.076 22707
384.090 23218
384.103 23812
384.117 24332
384.130 24212
384.144 23917
384.157 23906
384.171 24153
384.184 24263
384.198 24602
384.211 24882
384.225 25095
384.238 25724
384.252 26169
384.265 26393
384.279 26541
384.292 26702
384.306 27378
384.319 27200
384.333 27399
384.346 27551
384.360 27908
384.373 28053
384.387 28400
384.400 28525
384.414 28793
384.427 29114
384.441 29452
384.454 29542
384.468 29897
384.481 30104
384.495 30554
384.508 30679
384.522 30699
384.535 30985
384.549 31075
384.562 31439
384.575 31868
384.589 32477
384.602 33346
384.616 33886
384.629 34184
384.643 34595
384.656 34871
384.670 34775
384.683 34550
384.697 34730
384.710 34909
384.724 34916
384.737 35165
384.751 35186
384.764 35078
384.778 35438
384.791 35775
384.805 36179
384.818 35786
384.832 35391
384.845 35520
384.859 35042
384.872 34510
384.885 34013
384.899 33706
384.912 33438
384.926 32725
384.939 32625
384.953 32385
384.966 31768
384.980 31819
384.993 31141
385.007 30634
385.020 29998
385.034 29434
385.047 28696
385.061 28092
385.074 27446
385.088 26654
385.101 26082
385.114 25387
385.128 24676
385.141 24175
385.155 23467
385.168 23443
385.182 23036
385.195 22221
385.209 21297
385.222 20539
385.236 19720
385.249 19335
385.263 18400
385.276 17784
385.290 17164
385.303 16482
385.316 15712
385.330 15530
385.343 14995
385.357 14582
385.370 14042
385.384 13393
385.397 12981
385.411 12615
385.424 12295
385.438 11829
385.451 11570
385.464 11392
385.478 10967
385.491 10740
385.505 10578
385.518 9943
385.532 9768
385.545 9353
385.559 9027
385.572 8958
385.586 8860
385.599 8607
385.612 8550
385.626 8305
385.639 7865
385.653 7978
385.666 7931
385.680 7650
385.693 7427
385.707 7226
385.720 7072
385.734 6815
385.747 6813
385.760 6667
385.774 6486
385.787 6577
385.801 6223
385.814 5875
385.828 5836
385.841 5820
385.855 5753
385.868 5565
385.881 5463
385.895 5446
385.908 5255
385.922 5224
385.935 5185
385.949 5118
385.962 4965
385.976 4925
385.989 4943
386.002 4910
386.016 4834
386.029 4810
386.043 4735
386.056 4652
386.070 4544
386.083 4504
386.097 4358
386.110 4408
386.123 4398
386.137 4358
386.150 4264
386.164 4197
386.177 4207
386.191 4140
386.204 4050
386.217 4073
386.231 4012
386.244 4004
386.258 4024
386.271 3875
386.285 3956
386.298 3891
386.311 3924
386.325 3791
386.338 3705
386.352 3612
386.365 3682
386.379 3611
386.392 3616
386.405 3566
386.419 3477
386.432 3505
386.446 3610
386.459 3531
386.473 3574
386.486 3470
386.499 3455
386.513 3385
386.526 3420
386.540 3423
386.553 3361
386.567 3357
386.580 3333
386.593 3458
386.607 3418
386.620 3381
386.634 3397
386.647 3375
386.661 3240
386.674 3219
386.687 3238
386.701 3158
386.714 3071
386.728 3127
386.741 3090
386.754 3105
386.768 3059
386.781 3137
386.795 3069
386.808 2994
386.822 3002
386.835 2984
386.848 2932
386.862 2906
386.875 2925
386.889 2886
386.902 2884
386.915 2947
386.929 2877
386.942 2802
386.956 2899
386.969 2818
386.983 2816
386.996 2787
387.009 2776
387.023 2793
387.036 2835
387.050 2774
387.063 2747
387.076 2769
387.090 2757
387.103 2698
387.117 2712
387.130 2782
387.143 2790
387.157 2750
387.170 2706
387.184 2678
387.197 2625
387.210 2636
387.224 2601
387.237 2550
387.251 2626
387.264 2527
387.278 2564
387.291 2576
387.304 2532
387.318 2569
387.331 2571
387.345 2558
387.358 2490
387.371 2514
387.385 2547
387.398 2576
387.412 2458
387.425 2493
387.438 2456
387.452 2396
387.465 2402
387.478 2378
387.492 2384
387.505 2416
387.519 2380
387.532 2440
387.545 2503
387.559 2464
387.572 2437
387.586 2458
387.599 2427
387.612 2471
387.626 2441
387.639 2380
387.653 2394
387.666 2355
387.679 2271
387.693 2267
387.706 2281
387.720 2238
387.733 2310
387.746 2260
387.760 2293
387.773 2232
387.787 2239
387.800 2191
387.813 2181
387.827 2214
387.840 2132
387.853 2084
387.867 2088
387.880 2194
387.894 2166
387.907 2135
387.920 2106
387.934 2061
387.947 2092
387.961 1986
387.974 2103
387.987 1968
388.001 1996
388.014 1997
388.027 2010
388.041 1934
388.054 1945
388.068 1900
388.081 1860
388.094 1878
388.108 1846
388.121 1844
388.134 1864
388.148 1808
388.161 1786
388.175 1791
388.188 1723
388.201 1764
388.215 1688
388.228 1730
388.241 1709
388.255 1693
388.268 1686
388.282 1676
388.295 1654
388.308 1614
388.322 1578
388.335 1616
388.348 1624
388.362 1533
388.375 1606
388.389 1533
388.402 1527
388.415 1481
388.429 1558
388.442 1558
388.455 1492
388.469 1572
388.482 1514
388.495 1539
388.509 1518
388.522 1544
388.536 1482
388.549 1426
388.562 1407
388.576 1418
388.589 1404
388.602 1383
388.616 1362
388.629 1370
388.642 1412
388.656 1358
388.669 1371
388.683 1380
388.696 1395
388.709 1389
388.723 1365
388.736 1358
388.749 1341
388.763 1333
388.776 1309
388.789 1327
388.803 1307
388.816 1328
388.829 1309
388.843 1285
388.856 1299
388.870 1306
388.883 1293
388.896 1275
388.910 1277
388.923 1294
388.936 1306
388.950 1327
388.963 1312
388.976 1314
388.990 1285
389.003 1283
389.016 1319
389.030 1316
389.043 1298
389.056 1313
389.070 1300
389.083 1280
389.097 1261
389.110 1274
389.123 1302
389.137 1289
389.150 1262
389.163 1252
389.177 1253
389.190 1299
389.203 1266
389.217 1272
389.230 1263
389.243 1236
389.257 1241
389.270 1255
389.283 1293
389.297 1251
389.310 1206
389.323 1241
389.337 1266
389.350 1273
389.363 1237
389.377 1211
389.390 1233
389.403 1234
389.417 1227
389.430 1248
389.443 1230
389.457 1248
389.470 1258
389.483 1228
389.497 1214
389.510 1262
389.523 1195
389.537 1214
389.550 1236
389.563 1218
389.577 1188
389.590 1201
389.603 1212
389.617 1180
389.630 1177
389.643 1167
389.657 1154
389.670 1181
389.683 1159
389.697 1161
389.710 1201
389.723 1175
389.737 1177
389.750 1179
389.763 1166
389.777 1180
389.790 1195
389.803 1181
389.817 1170
389.830 1170
389.843 1160
389.857 1108
389.870 1084
389.883 1098
389.897 1117
389.910 1133
389.923 1113
389.937 1127
389.950 1142
389.963 1125
389.977 1135
389.990 1127
390.003 1137
390.017 1138
390.030 1123
390.043 1102
390.057 1117
390.070 1094
390.083 1120
390.096 1103
390.110 1096
390.123 1113
390.136 1101
390.150 1099
390.163 1124
390.176 1099
390.190 1076
390.203 1076
390.216 1070
390.230 1055
390.243 1087
390.256 1063
390.270 1067
390.283 1073
390.296 1065
390.310 1095
390.323 1042
390.336 1087
390.349 1084
390.363 1064
390.376 1064
390.389 1093
390.403 1071
390.416 1105
390.429 1047
390.443 1072
390.456 1056
390.469 1059
390.483 1053
390.496 1032
390.509 1030
390.522 1033
390.536 1026
390.549 1036
390.562 1040
390.576 1014
390.589 1020
390.602 1024
390.616 1013
390.629 1023
390.642 1007
390.655 998
390.669 1001
390.682 1013
390.695 1018
390.709 1010
390.722 995
390.735 1016
390.749 997
390.762 996
390.775 981
390.788 957
390.802 1012
390.815 949
390.828 972
390.842 950
390.855 971
390.868 959
390.882 952
390.895 951
390.908 977
390.921 966
390.935 948
390.948 944
390.961 927
390.975 946
390.988 914
391.001 928
391.014 930
391.028 925
391.041 928
391.054 906
391.068 923
391.081 916
391.094 926
391.107 896
391.121 878
391.134 887
391.147 885
391.161 888
391.174 879
391.187 891
391.200 875
391.214 889
391.227 865
391.240 877
391.254 882
391.267 824
391.280 845
391.293 843
391.307 841
391.320 849
391.333 833
391.347 821
391.360 840
391.373 809
391.386 841
391.400 813
391.413 818
391.426 831
391.440 796
391.453 820
391.466 798
391.479 805
391.493 821
391.506 797
391.519 808
391.532 805
391.546 791
391.559 784
391.572 792
391.586 795
391.599 788
391.612 778
391.625 795
391.639 777
391.652 769
391.665 789
391.678 781
391.692 789
391.705 781
391.718 784
391.732 758
391.745 770
391.758 781
391.771 774
391.785 771
391.798 771
391.811 751
391.824 757
391.838 770
391.851 769
391.864 774
391.877 766
391.891 761
391.904 766
391.917 765
391.931 770
391.944 756
391.957 744
391.970 749
391.984 753
391.997 751
392.010 764
392.023 743
392.037 757
392.050 750
392.063 753
392.076 744
392.090 733
392.103 770
392.116 751
392.129 739
392.143 744
392.156 761
392.169 733
392.182 750
392.196 738
392.209 741
392.222 739
392.235 727
392.249 739
392.262 736
392.275 738
392.288 735
392.302 738
392.315 732
392.328 737
392.341 727
392.355 738
392.368 738
392.381 727
392.394 724
392.408 719
392.421 745
392.434 746
392.447 752
392.461 754
392.474 731
392.487 740
392.500 727
392.514 734
392.527 733
392.540 731
392.553 724
392.567 743
392.580 738
392.593 735
392.606 731
392.620 731
392.633 720
392.646 728
392.659 730
392.673 722
392.686 714
392.699 724
392.712 727
392.726 704
392.739 731
392.752 710
392.765 717
392.778 717
392.792 727
392.805 721
392.818 698
392.831 722
392.845 719
392.858 706
392.871 724
392.884 719
392.898 724
392.911 729
392.924 722
392.937 732
392.951 716
392.964 711
392.977 721
392.990 712
393.003 716
393.017 726
393.030 732
393.043 710
393.056 719
393.070 706
393.083 721
393.096 713
393.109 711
393.122 724
393.136 719
393.149 710
393.162 702
393.175 719
393.189 722
393.202 701
393.215 718
393.228 717
393.242 692
393.255 715
393.268 699
393.281 704
393.294 704
393.308 716
393.321 703
393.334 725
393.347 704
393.360 710
393.374 698
393.387 715
393.400 709
393.413 694
393.427 707
393.440 703
393.453 713
393.466 722
393.479 686
393.493 714
393.506 726
393.519 708
393.532 704
393.546 709
393.559 710
393.572 716
393.585 703
393.598 711
393.612 720
393.625 702
393.638 715
393.651 706
393.664 706
393.678 706
393.691 706
393.704 704
393.717 714
393.730 707
393.744 708
393.757 690
393.770 701
393.783 715
393.796 706
393.810 706
393.823 698
393.836 702
393.849 704
393.863 705
393.876 708
393.889 709
393.902 695
393.915 691
393.929 678
