375.891 722
375.905 711
375.919 711
375.933 719
375.946 732
375.960 726
375.974 729
375.987 735
376.001 735
376.015 722
376.029 725
376.042 723
376.056 746
376.070 738
376.084 760
376.097 747
376.111 747
376.125 742
376.139 741
376.152 750
376.166 747
376.180 746
376.193 740
376.207 750
376.221 756
376.235 766
376.248 749
376.262 771
376.276 753
376.290 773
376.303 761
376.317 761
376.331 769
376.345 768
376.358 758
376.372 771
376.386 759
376.399 771
376.413 768
376.427 776
376.441 775
376.454 775
376.468 775
376.482 773
376.495 770
376.509 799
376.523 812
376.537 805
376.550 812
376.564 812
376.578 810
376.592 818
376.605 826
376.619 811
376.633 822
376.646 802
376.660 819
376.674 821
376.688 812
376.701 843
376.715 837
376.729 830
376.742 844
376.756 848
376.770 863
376.784 863
376.797 841
376.811 859
376.825 879
376.838 869
376.852 876
376.866 870
376.880 889
376.893 872
376.907 888
376.921 888
376.934 891
376.948 878
376.962 920
376.976 916
376.989 928
377.003 917
377.017 917
377.030 909
377.044 921
377.058 922
377.071 917
377.085 926
377.099 935
377.113 912
377.126 933
377.140 946
377.154 950
377.167 957
377.181 977
377.195 944
377.208 953
377.222 936
377.236 993
377.250 950
377.263 980
377.277 988
377.291 1018
377.304 1006
377.318 984
377.332 1011
377.345 1016
377.359 1015
377.373 1018
377.387 1017
377.400 1031
377.414 1044
377.428 1035
377.441 1026
377.455 1039
377.469 1072
377.482 1050
377.496 1061
377.510 1078
377.524 1079
377.537 1091
377.551 1085
377.565 1091
377.578 1103
377.592 1095
377.606 1092
377.619 1081
377.633 1098
377.647 1081
377.660 1099
377.674 1084
377.688 1107
377.701 1092
377.715 1104
377.729 1118
377.743 1130
377.756 1116
377.770 1151
377.784 1123
377.797 1130
377.811 1137
377.825 1175
377.838 1135
377.852 1158
377.866 1161
377.879 1195
377.893 1195
377.907 1172
377.920 1196
377.934 1192
377.948 1172
377.961 1188
377.975 1209
377.989 1166
378.002 1202
378.016 1182
378.030 1204
378.044 1219
378.057 1215
378.071 1206
378.085 1235
378.098 1220
378.112 1225
378.126 1258
378.139 1206
378.153 1227
378.167 1264
378.180 1239
378.194 1270
378.208 1291
378.221 1257
378.235 1280
378.249 1280
378.262 1299
378.276 1294
378.290 1287
378.303 1295
378.317 1296
378.331 1306
378.344 1265
378.358 1272
378.372 1272
378.385 1288
378.399 1330
378.413 1296
378.426 1301
378.440 1330
378.454 1287
378.467 1328
378.481 1335
378.495 1315
378.508 1315
378.522 1360
378.536 1348
378.549 1328
378.563 1356
378.577 1348
378.590 1340
378.604 1335
378.618 1364
378.631 1367
378.645 1360
378.659 1394
378.672 1364
378.686 1400
378.700 1426
378.713 1468
378.727 1435
378.740 1454
378.754 1385
378.768 1414
378.781 1437
378.795 1449
378.809 1420
378.822 1454
378.836 1456
378.850 1400
378.863 1426
378.877 1452
378.891 1455
378.904 1423
378.918 1468
378.932 1431
378.945 1449
378.959 1460
378.973 1419
378.986 1464
379.000 1471
379.014 1484
379.027 1415
379.041 1475
379.054 1479
379.068 1460
379.082 1458
379.095 1464
379.109 1484
379.123 1510
379.136 1499
379.150 1497
379.164 1491
379.177 1504
379.191 1492
379.205 1521
379.218 1518
379.232 1522
379.245 1540
379.259 1548
379.273 1549
379.286 1555
379.300 1562
379.314 1535
379.327 1528
379.341 1558
379.355 1587
379.368 1563
379.382 1571
379.396 1585
379.409 1587
379.423 1578
379.436 1598
379.450 1653
379.464 1644
379.477 1655
379.491 1640
379.505 1656
379.518 1652
379.532 1694
379.546 1702
379.559 1709
379.573 1685
379.586 1724
379.600 1692
379.614 1773
379.627 1799
379.641 1780
379.655 1792
379.668 1787
379.682 1762
379.695 1814
379.709 1772
379.723 1816
379.736 1895
379.750 1937
379.764 1913
379.777 1945
379.791 1982
379.804 1985
379.818 1995
379.832 1936
379.845 1937
379.859 1934
379.873 1923
379.886 1959
379.900 2004
379.913 2039
379.927 2037
379.941 2021
379.954 2092
379.968 2139
379.982 2102
379.995 2121
380.009 2162
380.022 2198
380.036 2207
380.050 2184
380.063 2225
380.077 2304
380.090 2359
380.104 2436
380.118 2327
380.131 2433
380.145 2431
380.159 2479
380.172 2565
380.186 2539
380.199 2561
380.213 2555
380.227 2616
380.240 2623
380.254 2617
380.267 2606
380.281 2646
380.295 2610
380.308 2687
380.322 2713
380.336 2741
380.349 2781
380.363 2815
380.376 2859
380.390 2839
380.404 2893
380.417 2978
380.431 2914
380.444 2960
380.458 2987
380.472 3013
380.485 3043
380.499 3108
380.512 3169
380.526 3177
380.540 3186
380.553 3199
380.567 3268
380.580 3223
380.594 3332
380.608 3358
380.621 3469
380.635 3603
380.648 3524
380.662 3579
380.676 3561
380.689 3612
380.703 3660
380.716 3666
380.730 3729
380.744 3872
380.757 3883
380.771 3919
380.784 4097
380.798 3983
380.812 4014
380.825 4027
380.839 4064
380.852 4278
380.866 4318
380.880 4235
380.893 4302
380.907 4290
380.920 4200
380.934 4294
380.948 4376
380.961 4374
380.975 4404
380.988 4432
381.002 4409
381.015 4521
381.029 4484
381.043 4543
381.056 4640
381.070 4640
381.083 4663
381.097 4671
381.111 4703
381.124 4765
381.138 4783
381.151 4834
381.165 4751
381.179 4878
381.192 4909
381.206 4845
381.219 4843
381.233 4978
381.246 4930
381.260 4892
381.274 4853
381.287 4978
381.301 5033
381.314 5056
381.328 5012
381.341 5109
381.355 5059
381.369 5134
381.382 5181
381.396 5172
381.409 5280
381.423 5364
381.437 5300
381.450 5380
381.464 5412
381.477 5511
381.491 5495
381.504 5488
381.518 5514
381.532 5558
381.545 5629
381.559 5789
381.572 5692
381.586 5761
381.599 5732
381.613 5632
381.627 5844
381.640 5795
381.654 5764
381.667 5801
381.681 5823
381.694 5791
381.708 5741
381.722 5666
381.735 5644
381.749 5679
381.762 5662
381.776 5730
381.789 5765
381.803 5725
381.817 5727
381.830 5741
381.844 5829
381.857 5765
381.871 5935
381.884 5800
381.898 5819
381.911 5860
381.925 5887
381.939 5892
381.952 5856
381.966 5938
381.979 5871
381.993 6043
382.006 6114
382.020 6171
382.034 6198
382.047 6161
382.061 6177
382.074 6081
382.088 6080
382.101 6099
382.115 6099
382.128 6037
382.142 6281
382.156 6476
382.169 6478
382.183 6454
382.196 6393
382.210 6402
382.223 6387
382.237 6441
382.250 6451
382.264 6473
382.278 6549
382.291 6593
382.305 6620
382.318 6743
382.332 6759
382.345 6499
382.359 6402
382.372 6548
382.386 6371
382.399 6492
382.413 6553
382.427 6587
382.440 6631
382.454 6589
382.467 6761
382.481 6882
382.494 6995
382.508 7039
382.521 7184
382.535 6992
382.548 6885
382.562 6978
382.576 6913
382.589 6984
382.603 7051
382.616 7098
382.630 7107
382.643 7288
382.657 7395
382.670 7418
382.684 7393
382.697 7432
382.711 7510
382.724 7483
382.738 7602
382.752 7648
382.765 7646
382.779 7836
382.792 7887
382.806 7883
382.819 7879
382.833 8008
382.846 8096
382.860 8109
382.873 8280
382.887 8371
382.900 8418
382.914 8546
382.928 8583
382.941 8649
382.955 8677
382.968 8724
382.982 9021
382.995 9045
383.009 9087
383.022 9125
383.036 9239
383.049 9272
383.063 9362
383.076 9472
383.090 9489
383.103 9556
383.117 9677
383.130 9802
383.144 9759
383.158 10065
383.171 10121
383.185 10204
383.198 10335
383.212 10482
383.225 10590
383.239 10747
383.252 11034
383.266 10962
383.279 11171
383.293 11209
383.306 11330
383.320 11552
383.333 11859
383.347 11989
383.360 12098
383.374 12047
383.387 12176
383.401 12281
383.414 12422
383.428 12392
383.441 12562
383.455 12682
383.468 12661
383.482 12885
383.496 13497
383.509 13496
383.523 13592
383.536 13655
383.550 13768
383.563 14126
383.577 14192
383.590 14404
383.604 14499
383.617 14502
383.631 14435
383.644 14329
383.658 14306
383.671 14500
383.685 14829
383.698 15063
383.712 15252
383.725 15312
383.739 15336
383.752 15365
383.766 15378
383.779 15576
383.793 15826
383.806 16061
383.820 16687
383.833 16677
383.847 16804
383.860 17131
383.874 17216
383.887 16938
383.901 17149
383.914 17467
383.928 17614
383.941 17850
383.955 17777
383.968 17708
383.982 17977
383.995 18175
384.009 18512
384.022 18623
384.036 18625
384.049 19034
384.063 19186
384.076 19800
384.090 20315
384.103 20683
384.117 21171
384.130 20934
384.144 20721
384.157 20789
384.171 20861
384.184 21094
384.198 21291
384.211 21651
384.225 21892
384.238 22406
384.252 22468
384.265 23119
384.279 23057
384.292 23501
384.306 23732
384.319 23988
384.333 23932
384.346 24082
384.360 24325
384.373 24521
384.387 24723
384.400 25179
384.414 25362
384.427 25638
384.441 25801
384.454 26061
384.468 26268
384.481 26312
384.495 26773
384.508 27030
384.522 27284
384.535 27298
384.549 27645
384.562 27841
384.575 28260
384.589 29073
384.602 29906
384.616 30186
384.629 30577
384.643 30682
384.656 31224
384.670 31391
384.683 31182
384.697 31223
384.710 31512
384.724 31583
384.737 31628
384.751 31954
384.764 32131
384.778 32157
384.791 32686
384.805 32604
384.818 32693
384.832 32646
384.845 32785
384.859 32644
384.872 31982
384.885 31421
384.899 31176
384.912 31207
384.926 31024
384.939 30739
384.953 30336
384.966 29968
384.980 29827
384.993 29564
385.007 29124
385.020 28814
385.034 28272
385.047 27679
385.061 26956
385.074 26440
385.088 25957
385.101 25323
385.114 24740
385.128 24180
385.141 23669
385.155 23079
385.168 22939
385.182 22613
385.195 21755
385.209 21312
385.222 20092
385.236 19566
385.249 18881
385.263 18231
385.276 17439
385.290 16671
385.303 16064
385.316 15590
385.330 15240
385.343 14808
385.357 14218
385.370 13619
385.384 13032
385.397 12731
385.411 12359
385.424 11940
385.438 11498
385.451 11272
385.464 10939
385.478 10744
385.491 10354
385.505 9970
385.518 9637
385.532 9301
385.545 8973
385.559 8687
385.572 8508
385.586 8288
385.599 8153
385.612 8012
385.626 7767
385.639 7551
385.653 7545
385.666 7489
385.680 7255
385.693 7025
385.707 6784
385.720 6582
385.734 6482
385.747 6339
385.760 6088
385.774 6072
385.787 6028
385.801 5736
385.814 5545
385.828 5450
385.841 5277
385.855 5264
385.868 5159
385.881 4983
385.895 4951
385.908 4858
385.922 4773
385.935 4743
385.949 4605
385.962 4556
385.976 4504
385.989 4536
386.002 4463
386.016 4400
386.029 4327
386.043 4351
386.056 4217
386.070 4104
386.083 4095
386.097 4072
386.110 4052
386.123 4007
386.137 3889
386.150 3886
386.164 3847
386.177 3887
386.191 3853
386.204 3797
386.217 3693
386.231 3688
386.244 3630
386.258 3635
386.271 3673
386.285 3597
386.298 3607
386.311 3539
386.325 3430
386.338 3381
386.352 3385
386.365 3313
386.379 3363
386.392 3312
386.405 3244
386.419 3273
386.432 3255
386.446 3190
386.459 3197
386.473 3228
386.486 3145
386.499 3043
386.513 3090
386.526 3009
386.540 3056
386.553 2994
386.567 3060
386.580 3113
386.593 3121
386.607 3083
386.620 3038
386.634 3034
386.647 3048
386.661 3001
386.674 2964
386.687 2878
386.701 2852
386.714 2810
386.728 2801
386.741 2815
386.754 2795
386.768 2763
386.781 2778
386.795 2767
386.808 2713
386.822 2677
386.835 2702
386.848 2618
386.862 2680
386.875 2677
386.889 2588
386.902 2655
386.915 2630
386.929 2550
386.942 2533
386.956 2586
386.969 2523
386.983 2539
386.996 2492
387.009 2503
387.023 2500
387.036 2534
387.050 2535
387.063 2522
387.076 2489
387.090 2466
387.103 2481
387.117 2507
387.130 2507
387.143 2491
387.157 2508
387.170 2510
387.184 2453
387.197 2427
387.210 2437
387.224 2349
387.237 2428
387.251 2334
387.264 2333
387.278 2375
387.291 2405
387.304 2370
387.318 2372
387.331 2359
387.345 2324
387.358 2349
387.371 2321
387.385 2262
387.398 2277
387.412 2295
387.425 2194
387.438 2247
387.452 2184
387.465 2208
387.478 2163
387.492 2165
387.505 2147
387.519 2152
387.532 2212
387.545 2259
387.559 2217
387.572 2199
387.586 2221
387.599 2188
387.612 2187
387.626 2220
387.639 2213
387.653 2172
387.666 2095
387.679 2053
387.693 2042
387.706 2041
387.720 2053
387.733 2073
387.746 2104
387.760 2078
387.773 2038
387.787 2075
387.800 2011
387.813 2041
387.827 1988
387.840 1975
387.853 1944
387.867 1927
387.880 2018
387.894 1986
387.907 1973
387.920 1958
387.934 1912
387.947 1880
387.961 1859
387.974 1892
387.987 1898
388.001 1794
388.014 1844
388.027 1854
388.041 1854
388.054 1820
388.068 1780
388.081 1790
388.094 1765
388.108 1721
388.121 1754
388.134 1725
388.148 1707
388.161 1664
388.175 1664
388.188 1658
388.201 1615
388.215 1650
388.228 1617
388.241 1560
388.255 1587
388.268 1543
388.282 1538
388.295 1522
388.308 1538
388.322 1509
388.335 1485
388.348 1501
388.362 1478
388.375 1454
388.389 1432
388.402 1462
388.415 1417
388.429 1463
388.442 1452
388.455 1451
388.469 1431
388.482 1426
388.495 1379
388.509 1415
388.522 1392
388.536 1378
388.549 1332
388.562 1333
388.576 1310
388.589 1318
388.602 1366
388.616 1312
388.629 1266
388.642 1299
388.656 1270
388.669 1286
388.683 1283
388.696 1319
388.709 1317
388.723 1278
388.736 1251
388.749 1266
388.763 1260
388.776 1245
388.789 1247
388.803 1253
388.816 1239
388.829 1216
388.843 1249
388.856 1216
388.870 1190
388.883 1212
388.896 1218
388.910 1221
388.923 1242
388.936 1229
388.950 1238
388.963 1251
388.976 1243
388.990 1213
389.003 1220
389.016 1236
389.030 1215
389.043 1217
389.056 1243
389.070 1240
389.083 1257
389.097 1213
389.110 1229
389.123 1203
389.137 1167
389.150 1199
389.163 1189
389.177 1218
389.190 1189
389.203 1181
389.217 1203
389.230 1191
389.243 1205
389.257 1188
389.270 1203
389.283 1192
389.297 1196
389.310 1183
389.323 1156
389.337 1159
389.350 1187
389.363 1190
389.377 1191
389.390 1192
389.403 1140
389.417 1167
389.430 1171
389.443 1170
389.457 1161
389.470 1172
389.483 1165
389.497 1173
389.510 1151
389.523 1163
389.537 1155
389.550 1161
389.563 1170
389.577 1130
389.590 1106
389.603 1111
389.617 1124
389.630 1098
389.643 1117
389.657 1112
389.670 1133
389.683 1108
389.697 1081
389.710 1078
389.723 1103
389.737 1125
389.750 1113
389.763 1097
389.777 1104
389.790 1092
389.803 1100
389.817 1086
389.830 1082
389.843 1063
389.857 1059
389.870 1059
389.883 1039
389.897 1065
389.910 1063
389.923 1060
389.937 1080
389.950 1081
389.963 1065
389.977 1080
389.990 1056
390.003 1068
390.017 1072
390.030 1042
390.043 1047
390.057 1040
390.070 1031
390.083 1045
390.096 1040
390.110 1053
390.123 1029
390.136 1047
390.150 1033
390.163 1031
390.176 1034
390.190 1031
390.203 1019
390.216 1013
390.230 1047
390.243 1028
390.256 1014
390.270 1008
390.283 1011
390.296 1033
390.310 1030
390.323 1013
390.336 988
390.349 1000
390.363 1010
390.376 1030
390.389 986
390.403 1002
390.416 1003
390.429 1006
390.443 987
390.456 983
390.469 990
390.483 972
390.496 987
390.509 988
390.522 961
390.536 1008
390.549 974
390.562 976
390.576 945
390.589 973
390.602 967
390.616 963
390.629 940
390.642 969
390.655 968
390.669 950
390.682 956
390.695 951
390.709 958
390.722 949
390.735 918
390.749 953
390.762 959
390.775 944
390.788 941
390.802 945
390.815 944
390.828 911
390.842 927
390.855 946
390.868 937
390.882 925
390.895 911
390.908 930
390.921 917
390.935 908
390.948 899
390.961 882
390.975 909
390.988 909
391.001 909
391.014 907
391.028 869
391.041 884
391.054 857
391.068 898
391.081 892
391.094 882
391.107 879
391.121 878
391.134 864
391.147 857
391.161 851
391.174 849
391.187 856
391.200 845
391.214 824
391.227 831
391.240 830
391.254 818
391.267 819
391.280 804
391.293 819
391.307 822
391.320 798
391.333 823
391.347 799
391.360 795
391.373 815
391.386 791
391.400 806
391.413 815
391.426 799
391.440 781
391.453 804
391.466 789
391.479 775
391.493 790
391.506 790
391.519 782
391.532 783
391.546 788
391.559 770
391.572 775
391.586 774
391.599 774
391.612 754
391.625 774
391.639 773
391.652 768
391.665 771
391.678 768
391.692 749
391.705 757
391.718 775
391.732 755
391.745 755
391.758 745
391.771 770
391.785 755
391.798 766
391.811 752
391.824 753
391.838 750
391.851 745
391.864 741
391.877 749
391.891 747
391.904 750
391.917 752
391.931 734
391.944 742
391.957 759
391.970 735
391.984 741
391.997 746
392.010 752
392.023 730
392.037 741
392.050 742
392.063 745
392.076 725
392.090 740
392.103 734
392.116 736
392.129 733
392.143 721
392.156 725
392.169 718
392.182 735
392.196 729
392.209 739
392.222 736
392.235 732
392.249 739
392.262 727
392.275 715
392.288 728
392.302 721
392.315 721
392.328 718
392.341 731
392.355 729
392.368 721
392.381 720
392.394 723
392.408 729
392.421 715
392.434 716
392.447 714
392.461 706
392.474 727
392.487 732
392.500 719
392.514 708
392.527 718
392.540 717
392.553 719
392.567 711
392.580 717
392.593 719
392.606 702
392.620 718
392.633 713
392.646 697
392.659 714
392.673 708
392.686 703
392.699 708
392.712 709
392.726 707
392.739 706
392.752 707
392.765 698
392.778 720
392.792 709
392.805 706
392.818 704
392.831 704
392.845 697
392.858 714
392.871 706
392.884 708
392.898 712
392.911 701
392.924 713
392.937 706
392.951 714
392.964 715
392.977 709
392.990 705
393.003 711
393.017 705
393.030 704
393.043 702
393.056 710
393.070 709
393.083 704
393.096 709
393.109 706
393.122 707
393.136 706
393.149 703
393.162 698
393.175 712
393.189 704
393.202 703
393.215 696
393.228 700
393.242 710
393.255 686
393.268 691
393.281 711
393.294 708
393.308 692
393.321 693
393.334 703
393.347 690
393.360 696
393.374 695
393.387 701
393.400 699
393.413 707
393.427 694
393.440 698
393.453 702
393.466 701
393.479 703
393.493 692
393.506 684
393.519 706
393.532 700
393.546 706
393.559 697
393.572 694
393.585 704
393.598 703
393.612 695
393.625 696
393.638 698
393.651 705
393.664 691
393.678 693
393.691 695
393.704 699
393.717 678
393.730 700
393.744 693
393.757 700
393.770 690
393.783 686
393.796 678
393.810 684
393.823 693
393.836 693
393.849 692
393.863 706
393.876 693
393.889 687
393.902 693
393.915 696
393.929 686
