375.891 683
375.905 706
375.919 712
375.933 708
375.946 710
375.960 710
375.974 718
375.987 710
376.001 718
376.015 711
376.029 710
376.042 703
376.056 720
376.070 723
376.084 709
376.097 717
376.111 719
376.125 717
376.139 715
376.152 727
376.166 729
376.180 722
376.193 724
376.207 743
376.221 726
376.235 745
376.248 715
376.262 731
376.276 735
376.290 744
376.303 739
376.317 734
376.331 736
376.345 735
376.358 725
376.372 745
376.386 752
376.399 750
376.413 754
376.427 769
376.441 758
376.454 756
376.468 746
376.482 747
376.495 767
376.509 780
376.523 777
376.537 776
376.550 782
376.564 778
376.578 770
376.592 781
376.605 784
376.619 788
376.633 772
376.646 783
376.660 780
376.674 790
376.688 785
376.701 787
376.715 781
376.729 806
376.742 793
376.756 795
376.770 825
376.784 814
376.797 805
376.811 817
376.825 825
376.838 818
376.852 817
376.866 831
376.880 844
376.893 815
376.907 834
376.921 804
376.934 845
376.948 832
376.962 857
376.976 856
376.989 851
377.003 856
377.017 853
377.030 868
377.044 858
377.058 857
377.071 867
377.085 874
377.099 856
377.113 872
377.126 861
377.140 882
377.154 882
377.167 898
377.181 914
377.195 898
377.208 902
377.222 915
377.236 921
377.250 915
377.263 906
377.277 926
377.291 920
377.304 942
377.318 951
377.332 950
377.345 949
377.359 935
377.373 935
377.387 947
377.400 939
377.414 939
377.428 967
377.441 986
377.455 967
377.469 979
377.482 981
377.496 988
377.510 1002
377.524 1001
377.537 1010
377.551 1001
377.565 1002
377.578 1016
377.592 992
377.606 983
377.619 1002
377.633 1016
377.647 1014
377.660 1021
377.674 994
377.688 1020
377.701 1009
377.715 1031
377.729 1025
377.743 1021
377.756 1061
377.770 1034
377.784 1068
377.797 1070
377.811 1048
377.825 1042
377.838 1057
377.852 1090
377.866 1055
377.879 1084
377.893 1043
377.907 1078
377.920 1090
377.934 1077
377.948 1065
377.961 1126
377.975 1099
377.989 1087
378.002 1111
378.016 1087
378.030 1111
378.044 1081
378.057 1130
378.071 1116
378.085 1102
378.098 1112
378.112 1126
378.126 1118
378.139 1140
378.153 1144
378.167 1147
378.180 1146
378.194 1158
378.208 1142
378.221 1140
378.235 1135
378.249 1173
378.262 1134
378.276 1172
378.290 1151
378.303 1191
378.317 1162
378.331 1200
378.344 1180
378.358 1184
378.372 1173
378.385 1189
378.399 1219
378.413 1226
378.426 1212
378.440 1213
378.454 1228
378.467 1200
378.481 1225
378.495 1219
378.508 1200
378.522 1185
378.536 1190
378.549 1218
378.563 1218
378.577 1216
378.590 1216
378.604 1234
378.618 1253
378.631 1228
378.645 1246
378.659 1247
378.672 1262
378.686 1286
378.700 1303
378.713 1291
378.727 1308
378.740 1305
378.754 1339
378.768 1304
378.781 1298
378.795 1300
378.809 1323
378.822 1290
378.836 1322
378.850 1295
378.863 1305
378.877 1292
378.891 1334
378.904 1314
378.918 1332
378.932 1322
378.945 1301
378.959 1329
378.973 1308
378.986 1311
379.000 1316
379.014 1341
379.027 1351
379.041 1353
379.054 1356
379.068 1334
379.082 1355
379.095 1349
379.109 1350
379.123 1337
379.136 1360
379.150 1367
379.164 1373
379.177 1384
379.191 1376
379.205 1406
379.218 1379
379.232 1414
379.245 1434
379.259 1387
379.273 1404
379.286 1456
379.300 1434
379.314 1425
379.327 1406
379.341 1420
379.355 1446
379.368 1426
379.382 1483
379.396 1465
379.409 1461
379.423 1468
379.436 1487
379.450 1472
379.464 1494
379.477 1491
379.491 1494
379.505 1482
379.518 1518
379.532 1540
379.546 1558
379.559 1544
379.573 1594
379.586 1531
379.600 1561
379.614 1591
379.627 1630
379.641 1633
379.655 1581
379.668 1630
379.682 1586
379.695 1661
379.709 1652
379.723 1655
379.736 1703
379.750 1730
379.764 1780
379.777 1770
379.791 1775
379.804 1778
379.818 1831
379.832 1762
379.845 1747
379.859 1760
379.873 1779
379.886 1811
379.900 1818
379.913 1849
379.927 1832
379.941 1867
379.954 1879
379.968 1895
379.982 1897
379.995 1958
380.009 1913
380.022 1983
380.036 1984
380.050 1989
380.063 2058
380.077 2128
380.090 2122
380.104 2161
380.118 2225
380.131 2196
380.145 2128
380.159 2181
380.172 2236
380.186 2284
380.199 2322
380.213 2310
380.227 2370
380.240 2421
380.254 2374
380.267 2375
380.281 2328
380.295 2383
380.308 2446
380.322 2444
380.336 2394
380.349 2507
380.363 2558
380.376 2542
380.390 2584
380.404 2572
380.417 2646
380.431 2565
380.444 2597
380.458 2679
380.472 2731
380.485 2725
380.499 2756
380.512 2751
380.526 2859
380.540 2822
380.553 2816
380.567 2860
380.580 2913
380.594 2957
380.608 3077
380.621 3130
380.635 3151
380.648 3184
380.662 3162
380.676 3225
380.689 3221
380.703 3281
380.716 3276
380.730 3294
380.744 3399
380.757 3461
380.771 3511
380.784 3611
380.798 3506
380.812 3587
380.825 3612
380.839 3655
380.852 3707
380.866 3802
380.880 3840
380.893 3791
380.907 3740
380.920 3788
380.934 3855
380.948 3898
380.961 3937
380.975 3904
380.988 3950
381.002 3914
381.015 3919
381.029 3970
381.043 4104
381.056 4119
381.070 4064
381.083 4077
381.097 4101
381.111 4181
381.124 4241
381.138 4252
381.151 4244
381.165 4261
381.179 4316
381.192 4316
381.206 4318
381.219 4296
381.233 4332
381.246 4289
381.260 4389
381.274 4405
381.287 4373
381.301 4451
381.314 4522
381.328 4529
381.341 4521
381.355 4547
381.369 4567
381.382 4599
381.396 4588
381.409 4612
381.423 4720
381.437 4732
381.450 4747
381.464 4712
381.477 4853
381.491 4843
381.504 4887
381.518 4824
381.532 4840
381.545 4892
381.559 5165
381.572 5097
381.586 5051
381.599 5041
381.613 5049
381.627 5098
381.640 5145
381.654 5148
381.667 5166
381.681 5203
381.694 5136
381.708 4954
381.722 4937
381.735 4953
381.749 5066
381.762 5032
381.776 5033
381.789 5067
381.803 5066
381.817 5080
381.830 5071
381.844 5145
381.857 5124
381.871 5227
381.884 5160
381.898 5142
381.911 5122
381.925 5179
381.939 5129
381.952 5250
381.966 5162
381.979 5264
381.993 5381
382.006 5343
382.020 5440
382.034 5469
382.047 5378
382.061 5433
382.074 5303
382.088 5258
382.101 5379
382.115 5371
382.128 5332
382.142 5572
382.156 5840
382.169 5776
382.183 5709
382.196 5624
382.210 5601
382.223 5588
382.237 5624
382.250 5667
382.264 5707
382.278 5701
382.291 5746
382.305 5898
382.318 5990
382.332 6066
382.345 5711
382.359 5701
382.372 5702
382.386 5712
382.399 5751
382.413 5861
382.427 5762
382.440 5771
382.454 5809
382.467 5824
382.481 5977
382.494 6146
382.508 6182
382.521 6234
382.535 6032
382.548 6197
382.562 6060
382.576 6190
382.589 6196
382.603 6292
382.616 6170
382.630 6253
382.643 6259
382.657 6457
382.670 6507
382.684 6571
382.697 6487
382.711 6622
382.724 6707
382.738 6580
382.752 6610
382.765 6652
382.779 6768
382.792 6807
382.806 6870
382.819 6964
382.833 6868
382.846 6961
382.860 7144
382.873 7086
382.887 7234
382.900 7341
382.914 7300
382.928 7359
382.941 7405
382.955 7431
382.968 7652
382.982 7835
382.995 7802
383.009 7800
383.022 7949
383.036 7947
383.049 8059
383.063 7972
383.076 8231
383.090 8212
383.103 8276
383.117 8416
383.130 8389
383.144 8460
383.158 8643
383.171 8750
383.185 8710
383.198 8840
383.212 8976
383.225 9173
383.239 9203
383.252 9266
383.266 9396
383.279 9499
383.293 9516
383.306 9706
383.320 9856
383.333 10020
383.347 10171
383.360 10245
383.374 10231
383.387 10463
383.401 10556
383.414 10608
383.428 10583
383.441 10601
383.455 10679
383.468 10837
383.482 10890
383.496 11362
383.509 11488
383.523 11361
383.536 11451
383.550 11687
383.563 11721
383.577 11937
383.590 12204
383.604 12340
383.617 12078
383.631 12202
383.644 12013
383.658 12182
383.671 12354
383.685 12445
383.698 12615
383.712 12756
383.725 12799
383.739 12674
383.752 12936
383.766 12964
383.779 13089
383.793 13228
383.806 13290
383.820 13836
383.833 13921
383.847 13900
383.860 14547
383.874 14337
383.887 14073
383.901 14288
383.914 14585
383.928 14787
383.941 14646
383.955 14839
383.968 14660
383.982 14894
383.995 14981
384.009 14968
384.022 15191
384.036 15293
384.049 15485
384.063 15729
384.076 15968
384.090 16328
384.103 16904
384.117 17072
384.130 17244
384.144 16821
384.157 16911
384.171 17024
384.184 17165
384.198 17286
384.211 17544
384.225 17636
384.238 18044
384.252 18153
384.265 18500
384.279 18574
384.292 19025
384.306 19139
384.319 19115
384.333 19311
384.346 19311
384.360 19363
384.373 19617
384.387 19869
384.400 20023
384.414 20175
384.427 20512
384.441 20714
384.454 20857
384.468 20839
384.481 21232
384.495 21263
384.508 21600
384.522 21857
384.535 21844
384.549 22000
384.562 22383
384.575 22573
384.589 23225
384.602 23807
384.616 24251
384.629 24674
384.643 24679
384.656 24898
384.670 24868
384.683 24930
384.697 25150
384.710 25326
384.724 25380
384.737 25609
384.751 25731
384.764 25819
384.778 26210
384.791 26277
384.805 26421
384.818 26495
384.832 26373
384.845 26391
384.859 26589
384.872 26329
384.885 25670
384.899 25574
384.912 25436
384.926 25556
384.939 25146
384.953 25008
384.966 24825
384.980 24509
384.993 24221
385.007 23712
385.020 23708
385.034 23024
385.047 22722
385.061 22285
385.074 21671
385.088 21336
385.101 20741
385.114 19995
385.128 19906
385.141 19343
385.155 18750
385.168 18864
385.182 18437
385.195 17843
385.209 17436
385.222 16432
385.236 16163
385.249 15471
385.263 15044
385.276 14288
385.290 13497
385.303 13216
385.316 12883
385.330 12479
385.343 12191
385.357 11727
385.370 11186
385.384 10944
385.397 10469
385.411 10218
385.424 9876
385.438 9671
385.451 9372
385.464 9250
385.478 8902
385.491 8621
385.505 8462
385.518 8234
385.532 7932
385.545 7578
385.559 7381
385.572 7072
385.586 7015
385.599 6902
385.612 6818
385.626 6575
385.639 6494
385.653 6448
385.666 6522
385.680 6125
385.693 6040
385.707 5873
385.720 5860
385.734 5598
385.747 5517
385.760 5295
385.774 5417
385.787 5321
385.801 5118
385.814 4894
385.828 4802
385.841 4773
385.855 4665
385.868 4523
385.881 4419
385.895 4433
385.908 4337
385.922 4247
385.935 4310
385.949 4147
385.962 4148
385.976 4063
385.989 4106
386.002 4005
386.016 4034
386.029 3992
386.043 3972
386.056 3817
386.070 3684
386.083 3727
386.097 3717
386.110 3701
386.123 3661
386.137 3583
386.150 3518
386.164 3507
386.177 3545
386.191 3538
386.204 3433
386.217 3424
386.231 3361
386.244 3337
386.258 3329
386.271 3406
386.285 3228
386.298 3337
386.311 3222
386.325 3181
386.338 3072
386.352 3037
386.365 3064
386.379 3007
386.392 3045
386.405 2954
386.419 2970
386.432 3006
386.446 3019
386.459 2970
386.473 2979
386.486 2921
386.499 2901
386.513 2860
386.526 2851
386.540 2777
386.553 2801
386.567 2817
386.580 2878
386.593 2877
386.607 2900
386.620 2831
386.634 2830
386.647 2781
386.661 2784
386.674 2742
386.687 2684
386.701 2626
386.714 2635
386.728 2601
386.741 2626
386.754 2621
386.768 2608
386.781 2567
386.795 2578
386.808 2575
386.822 2540
386.835 2489
386.848 2530
386.862 2483
386.875 2527
386.889 2457
386.902 2421
386.915 2404
386.929 2425
386.942 2443
386.956 2417
386.969 2375
386.983 2384
386.996 2374
387.009 2372
387.023 2376
387.036 2376
387.050 2389
387.063 2378
387.076 2386
387.090 2347
387.103 2334
387.117 2309
387.130 2341
387.143 2321
387.157 2329
387.170 2336
387.184 2262
387.197 2260
387.210 2314
387.224 2281
387.237 2255
387.251 2198
387.264 2193
387.278 2150
387.291 2188
387.304 2217
387.318 2188
387.331 2208
387.345 2169
387.358 2164
387.371 2144
387.385 2177
387.398 2146
387.412 2120
387.425 2104
387.438 2096
387.452 2060
387.465 2069
387.478 2040
387.492 2019
387.505 2037
387.519 2052
387.532 2089
387.545 2127
387.559 2147
387.572 2058
387.586 2078
387.599 2100
387.612 2069
387.626 2133
387.639 2100
387.653 2085
387.666 2023
387.679 1987
387.693 1988
387.706 1958
387.720 1992
387.733 1952
387.746 1993
387.760 2002
387.773 1932
387.787 1994
387.800 1958
387.813 1917
387.827 1887
387.840 1858
387.853 1801
387.867 1879
387.880 1833
387.894 1891
387.907 1880
387.920 1811
387.934 1819
387.947 1787
387.961 1801
387.974 1748
387.987 1766
388.001 1723
388.014 1751
388.027 1737
388.041 1721
388.054 1633
388.068 1708
388.081 1714
388.094 1673
388.108 1704
388.121 1623
388.134 1635
388.148 1600
388.161 1618
388.175 1522
388.188 1517
388.201 1515
388.215 1559
388.228 1522
388.241 1505
388.255 1488
388.268 1518
388.282 1465
388.295 1484
388.308 1396
388.322 1472
388.335 1431
388.348 1403
388.362 1395
388.375 1359
388.389 1432
388.402 1368
388.415 1330
388.429 1412
388.442 1366
388.455 1367
388.469 1356
388.482 1354
388.495 1361
388.509 1320
388.522 1335
388.536 1346
388.549 1318
388.562 1281
388.576 1271
388.589 1267
388.602 1267
388.616 1254
388.629 1250
388.642 1251
388.656 1243
388.669 1236
388.683 1253
388.696 1235
388.709 1216
388.723 1238
388.736 1221
388.749 1229
388.763 1225
388.776 1236
388.789 1220
388.803 1190
388.816 1201
388.829 1167
388.843 1212
388.856 1147
388.870 1120
388.883 1174
388.896 1155
388.910 1198
388.923 1182
388.936 1201
388.950 1190
388.963 1174
388.976 1179
388.990 1160
389.003 1202
389.016 1181
389.030 1191
389.043 1169
389.056 1178
389.070 1193
389.083 1160
389.097 1160
389.110 1174
389.123 1150
389.137 1138
389.150 1138
389.163 1175
389.177 1180
389.190 1132
389.203 1144
389.217 1140
389.230 1175
389.243 1136
389.257 1150
389.270 1143
389.283 1097
389.297 1147
389.310 1125
389.323 1147
389.337 1142
389.350 1138
389.363 1124
389.377 1140
389.390 1121
389.403 1116
389.417 1113
389.430 1136
389.443 1139
389.457 1144
389.470 1147
389.483 1125
389.497 1148
389.510 1128
389.523 1154
389.537 1113
389.550 1120
389.563 1104
389.577 1103
389.590 1072
389.603 1068
389.617 1103
389.630 1057
389.643 1106
389.657 1032
389.670 1078
389.683 1071
389.697 1052
389.710 1065
389.723 1058
389.737 1081
389.750 1088
389.763 1047
389.777 1059
389.790 1065
389.803 1059
389.817 1049
389.830 1052
389.843 1039
389.857 1020
389.870 1013
389.883 1016
389.897 1043
389.910 1003
389.923 1013
389.937 1035
389.950 1030
389.963 1013
389.977 1019
389.990 1031
390.003 1050
390.017 1018
390.030 1048
390.043 1011
390.057 1002
390.070 1004
390.083 995
390.096 1012
390.110 1015
390.123 1024
390.136 1000
390.150 1001
390.163 1006
390.176 1015
390.190 992
390.203 1004
390.216 975
390.230 979
390.243 991
390.256 966
390.270 984
390.283 970
390.296 982
390.310 988
390.323 980
390.336 991
390.349 1002
390.363 958
390.376 973
390.389 985
390.403 982
390.416 978
390.429 975
390.443 973
390.456 966
390.469 955
390.483 957
390.496 955
390.509 941
390.522 926
390.536 953
390.549 949
390.562 959
390.576 950
390.589 955
390.602 946
390.616 933
390.629 909
390.642 938
390.655 930
390.669 939
390.682 927
390.695 921
390.709 932
390.722 914
390.735 916
390.749 906
390.762 909
390.775 912
390.788 905
390.802 918
390.815 895
390.828 889
390.842 902
390.855 887
390.868 883
390.882 926
390.895 908
390.908 891
390.921 867
390.935 898
390.948 890
390.961 879
390.975 871
390.988 881
391.001 867
391.014 871
391.028 853
391.041 862
391.054 865
391.068 864
391.081 851
391.094 870
391.107 862
391.121 832
391.134 848
391.147 839
391.161 829
391.174 839
391.187 810
391.200 842
391.214 830
391.227 790
391.240 821
391.254 811
391.267 805
391.280 807
391.293 810
391.307 807
391.320 813
391.333 791
391.347 811
391.360 797
391.373 781
391.386 790
391.400 775
391.413 794
391.426 783
391.440 778
391.453 781
391.466 777
391.479 782
391.493 759
391.506 767
391.519 781
391.532 764
391.546 777
391.559 781
391.572 769
391.586 763
391.599 768
391.612 760
391.625 768
391.639 771
391.652 746
391.665 759
391.678 759
391.692 758
391.705 754
391.718 753
391.732 741
391.745 758
391.758 733
391.771 752
391.785 752
391.798 754
391.811 741
391.824 756
391.838 729
391.851 741
391.864 741
391.877 745
391.891 740
391.904 741
391.917 735
391.931 724
391.944 729
391.957 725
391.970 742
391.984 736
391.997 731
392.010 730
392.023 733
392.037 724
392.050 724
392.063 712
392.076 730
392.090 725
392.103 721
392.116 738
392.129 704
392.143 722
392.156 732
392.169 711
392.182 724
392.196 710
392.209 732
392.222 723
392.235 709
392.249 726
392.262 716
392.275 718
392.288 726
392.302 713
392.315 711
392.328 717
392.341 720
392.355 720
392.368 705
392.381 712
392.394 724
392.408 708
392.421 729
392.434 716
392.447 699
392.461 709
392.474 727
392.487 722
392.500 708
392.514 706
392.527 722
392.540 714
392.553 706
392.567 710
392.580 696
392.593 723
392.606 717
392.620 706
392.633 702
392.646 698
392.659 708
392.673 693
392.686 706
392.699 707
392.712 697
392.726 709
392.739 708
392.752 704
392.765 699
392.778 721
392.792 706
392.805 714
392.818 692
392.831 704
392.845 703
392.858 695
392.871 705
392.884 707
392.898 705
392.911 696
392.924 706
392.937 704
392.951 717
392.964 702
392.977 714
392.990 697
393.003 703
393.017 703
393.030 704
393.043 689
393.056 695
393.070 698
393.083 694
393.096 688
393.109 706
393.122 708
393.136 687
393.149 719
393.162 693
393.175 706
393.189 691
393.202 697
393.215 698
393.228 691
393.242 695
393.255 704
393.268 699
393.281 696
393.294 694
393.308 690
393.321 695
393.334 698
393.347 695
393.360 694
393.374 698
393.387 695
393.400 683
393.413 707
393.427 690
393.440 698
393.453 699
393.466 693
393.479 696
393.493 690
393.506 704
393.519 684
393.532 702
393.546 697
393.559 690
393.572 694
393.585 685
393.598 696
393.612 686
393.625 704
393.638 689
393.651 678
393.664 686
393.678 683
393.691 695
393.704 693
393.717 697
393.730 695
393.744 697
393.757 681
393.770 686
393.783 689
393.796 691
393.810 687
393.823 682
393.836 694
393.849 673
393.863 693
393.876 691
393.889 692
393.902 691
393.915 701
393.929 669
