10.8571 54.8214 1.0000
10.8671 53.1398 1.0000
10.8771 53.8066 1.0000
10.8871 49.9142 1.0000
10.8971 55.8255 1.0000
10.9071 46.9081 1.0000
10.9171 45.7944 1.0000
10.9271 45.1279 1.0000
10.9371 43.9197 1.0000
10.9471 52.6023 1.0000
10.9571 45.2626 1.0000
10.9671 41.1061 1.0000
10.9771 50.7640 1.0000
10.9871 47.8495 1.0000
10.9971 48.9276 1.0000
11.0071 50.2851 1.0000
11.0171 62.9040 1.0000
11.0271 57.8391 1.0000
11.0371 55.7649 1.0000
11.0471 36.8439 1.0000
11.0571 65.7615 1.0000
11.0671 58.8875 1.0000
11.0771 59.6008 1.0000
11.0871 42.2265 1.0000
11.0971 34.9063 1.0000
11.1071 62.6377 1.0000
11.1171 48.2820 1.0000
11.1271 61.8154 1.0000
11.1371 49.7915 1.0000
11.1471 61.8850 1.0000
11.1571 48.9035 1.0000
11.1671 64.8576 1.0000
11.1771 48.0968 1.0000
11.1871 45.0330 1.0000
11.1971 62.3596 1.0000
11.2071 56.8441 1.0000
11.2171 65.8736 1.0000
11.2271 57.9008 1.0000
11.2371 63.5285 1.0000
11.2471 54.1936 1.0000
11.2571 55.7754 1.0000
11.2671 71.9171 1.0000
11.2771 63.0446 1.0000
11.2871 60.1038 1.0000
11.2971 59.9496 1.0000
11.3071 72.7778 1.0000
11.3171 70.1333 1.0000
11.3271 61.6808 1.0000
11.3371 73.7571 1.0000
11.3471 69.8593 1.0000
11.3571 55.8707 1.0000
11.3671 57.9036 1.0000
11.3771 65.5953 1.0000
11.3871 68.9226 1.0000
11.3971 48.8234 1.0000
11.4071 64.8502 1.0000
11.4171 73.8002 1.0000
11.4271 53.6426 1.0000
11.4371 64.7928 1.0000
11.4471 58.0507 1.0000
11.4571 67.6974 1.0000
11.4671 76.7281 1.0000
11.4771 63.6278 1.0000
11.4871 67.1603 1.0000
11.4971 71.9087 1.0000
11.5071 69.7547 1.0000
11.5171 72.3601 1.0000
11.5271 63.7908 1.0000
11.5371 53.7092 1.0000
11.5471 77.8927 1.0000
11.5571 70.7299 1.0000
11.5671 54.9241 1.0000
11.5771 64.1612 1.0000
11.5871 71.8276 1.0000
11.5971 64.9480 1.0000
11.6071 62.7434 1.0000
11.6171 81.2421 1.0000
11.6271 68.7505 1.0000
11.6371 74.9466 1.0000
11.6471 85.5375 1.0000
11.6571 71.8280 1.0000
11.6671 68.7041 1.0000
11.6771 61.8891 1.0000
11.6871 87.9012 1.0000
11.6971 71.7050 1.0000
11.7071 66.7503 1.0000
11.7171 85.5127 1.0000
11.7271 82.1529 1.0000
11.7371 76.2874 1.0000
11.7471 81.6265 1.0000
11.7571 75.9641 1.0000
11.7671 87.9718 1.0000
11.7771 78.7051 1.0000
11.7871 78.7112 1.0000
11.7971 79.7328 1.0000
11.8071 85.8943 1.0000
11.8171 76.8602 1.0000
11.8271 78.6595 1.0000
11.8371 79.9994 1.0000
11.8471 74.0837 1.0000
11.8571 80.5879 1.0000
11.8671 87.1792 1.0000
11.8771 74.7788 1.0000
11.8871 100.9151 1.0000
11.8971 81.6797 1.0000
11.9071 94.8168 1.0000
11.9171 91.9510 1.0000
11.9271 87.1609 1.0000
11.9371 101.6082 1.0000
11.9471 87.7537 1.0000
11.9571 89.5668 1.0000
11.9671 79.7624 1.0000
11.9771 95.9053 1.0000
11.9871 80.7289 1.0000
11.9971 96.5483 1.0000
12.0071 85.5240 1.0000
12.0171 85.9804 1.0000
12.0271 91.7986 1.0000
12.0371 84.5810 1.0000
12.0471 90.6498 1.0000
12.0571 81.5809 1.0000
12.0671 87.2185 1.0000
12.0771 82.6595 1.0000
12.0871 106.9935 1.0000
12.0971 82.9640 1.0000
12.1071 72.9072 1.0000
12.1171 95.2558 1.0000
12.1271 84.6748 1.0000
12.1371 94.5487 1.0000
12.1471 110.1764 1.0000
12.1571 105.6851 1.0000
12.1671 99.0959 1.0000
12.1771 114.9807 1.0000
12.1871 90.9202 1.0000
12.1971 91.0737 1.0000
12.2071 83.7112 1.0000
12.2171 91.0178 1.0000
12.2271 91.8108 1.0000
12.2371 91.7568 1.0000
12.2471 73.6828 1.0000
12.2571 102.9739 1.0000
12.2671 103.4247 1.0000
12.2771 106.6816 1.0000
12.2871 114.5571 1.0000
12.2971 102.0424 1.0000
12.3071 96.2795 1.0000
12.3171 109.6108 1.0000
12.3271 87.7501 1.0000
12.3371 117.4943 1.0000
12.3471 102.1175 1.0000
12.3571 132.3363 1.0000
12.3671 110.5485 1.0000
12.3771 113.7061 1.0000
12.3871 106.5618 1.0000
12.3971 100.2350 1.0000
12.4071 113.6857 1.0000
12.4171 125.8850 1.0000
12.4271 111.9418 1.0000
12.4371 126.8616 1.0000
12.4471 114.9067 1.0000
12.4571 118.4696 1.0000
12.4671 118.8277 1.0000
12.4771 113.8863 1.0000
12.4871 128.7867 1.0000
12.4971 100.0005 1.0000
12.5071 129.6257 1.0000
12.5171 143.9414 1.0000
12.5271 107.1473 1.0000
12.5371 117.6043 1.0000
12.5471 124.2041 1.0000
12.5571 117.7885 1.0000
12.5671 130.9132 1.0000
12.5771 130.8738 1.0000
12.5871 104.8781 1.0000
12.5971 134.3673 1.0000
12.6071 117.3649 1.0000
12.6171 129.6132 1.0000
12.6271 122.8797 1.0000
12.6371 148.8618 1.0000
12.6471 141.7932 1.0000
12.6571 123.2032 1.0000
12.6671 119.8169 1.0000
12.6771 119.8143 1.0000
12.6871 140.2058 1.0000
12.6971 123.6647 1.0000
12.7071 136.7195 1.0000
12.7171 128.3546 1.0000
12.7271 143.1850 1.0000
12.7371 135.1684 1.0000
12.7471 126.7387 1.0000
12.7571 169.8413 1.0000
12.7671 163.1773 1.0000
12.7771 157.1596 1.0000
12.7871 144.4491 1.0000
12.7971 145.0246 1.0000
12.8071 129.8789 1.0000
12.8171 139.8371 1.0000
12.8271 150.5155 1.0000
12.8371 133.1373 1.0000
12.8471 137.6999 1.0000
12.8571 140.5945 1.0000
12.8671 167.4593 1.0000
12.8771 164.8102 1.0000
12.8871 140.2833 1.0000
12.8971 152.9538 1.0000
12.9071 160.5172 1.0000
12.9171 171.2299 1.0000
12.9271 150.5332 1.0000
12.9371 151.2619 1.0000
12.9471 139.7931 1.0000
12.9571 155.7389 1.0000
12.9671 157.4406 1.0000
12.9771 158.7700 1.0000
12.9871 152.4666 1.0000
12.9971 168.0777 1.0000
13.0071 149.9269 1.0000
13.0171 155.4422 1.0000
13.0271 181.0272 1.0000
13.0371 185.6368 1.0000
13.0471 188.4212 1.0000
13.0571 166.7646 1.0000
13.0671 163.3295 1.0000
13.0771 169.4436 1.0000
13.0871 169.3851 1.0000
13.0971 178.6239 1.0000
13.1071 167.4916 1.0000
13.1171 179.7897 1.0000
13.1271 195.3117 1.0000
13.1371 175.0228 1.0000
13.1471 171.1309 1.0000
13.1571 169.7183 1.0000
13.1671 210.5068 1.0000
13.1771 174.6950 1.0000
13.1871 174.2398 1.0000
13.1971 169.8957 1.0000
13.2071 185.9722 1.0000
13.2171 196.6863 1.0000
13.2271 171.6046 1.0000
13.2371 212.7002 1.0000
13.2471 192.0912 1.0000
13.2571 187.6696 1.0000
13.2671 217.1331 1.0000
13.2771 212.7342 1.0000
13.2871 193.2680 1.0000
13.2971 236.2372 1.0000
13.3071 196.4419 1.0000
13.3171 188.5775 1.0000
13.3271 198.1913 1.0000
13.3371 190.8031 1.0000
13.3471 197.6930 1.0000
13.3571 243.6967 1.0000
13.3671 222.9533 1.0000
13.3771 237.5400 1.0000
13.3871 202.3441 1.0000
13.3971 202.4835 1.0000
13.4071 214.3939 1.0000
13.4171 231.9636 1.0000
13.4271 216.0799 1.0000
13.4371 238.7379 1.0000
13.4471 226.9983 1.0000
13.4571 193.5280 1.0000
13.4671 246.6112 1.0000
13.4771 243.9034 1.0000
13.4871 226.8164 1.0000
13.4971 245.7647 1.0000
13.5071 251.1425 1.0000
13.5171 221.0602 1.0000
13.5271 263.1921 1.0000
13.5371 266.0375 1.0000
13.5471 231.4031 1.0000
13.5571 241.8730 1.0000
13.5671 242.2342 1.0000
13.5771 244.9541 1.0000
13.5871 257.4707 1.0000
13.5971 265.4234 1.0000
13.6071 244.6705 1.0000
13.6171 240.5021 1.0000
13.6271 263.8812 1.0000
13.6371 286.8769 1.0000
13.6471 280.6620 1.0000
13.6571 275.4112 1.0000
13.6671 277.8242 1.0000
13.6771 289.2629 1.0000
13.6871 294.5188 1.0000
13.6971 290.0717 1.0000
13.7071 319.8783 1.0000
13.7171 271.7441 1.0000
13.7271 287.2892 1.0000
13.7371 306.5277 1.0000
13.7471 333.0876 1.0000
13.7571 316.8797 1.0000
13.7671 282.2961 1.0000
13.7771 320.0706 1.0000
13.7871 336.7336 1.0000
13.7971 304.0210 1.0000
13.8071 296.8654 1.0000
13.8171 321.2354 1.0000
13.8271 316.1373 1.0000
13.8371 300.2065 1.0000
13.8471 327.5423 1.0000
13.8571 329.6502 1.0000
13.8671 333.7347 1.0000
13.8771 319.7708 1.0000
13.8871 342.3178 1.0000
13.8971 369.5734 1.0000
13.9071 344.2150 1.0000
13.9171 359.3845 1.0000
13.9271 349.6243 1.0000
13.9371 339.6356 1.0000
13.9471 377.4198 1.0000
13.9571 369.9337 1.0000
13.9671 364.2321 1.0000
13.9771 372.7405 1.0000
13.9871 390.1931 1.0000
13.9971 368.6724 1.0000
14.0071 354.5600 1.0000
14.0171 394.0634 1.0000
14.0271 370.4355 1.0000
14.0371 376.0160 1.0000
14.0471 420.9733 1.0000
14.0571 416.9629 1.0000
14.0671 397.5642 1.0000
14.0771 434.3402 1.0000
14.0871 437.0024 1.0000
14.0971 417.8129 1.0000
14.1071 427.8350 1.0000
14.1171 476.4315 1.0000
14.1271 421.9283 1.0000
14.1371 437.4363 1.0000
14.1471 491.9641 1.0000
14.1571 426.7317 1.0000
14.1671 480.1807 1.0000
14.1771 458.4571 1.0000
14.1871 472.2523 1.0000
14.1971 494.0821 1.0000
14.2071 456.5818 1.0000
14.2171 546.3391 1.0000
14.2271 458.5393 1.0000
14.2371 502.3909 1.0000
14.2471 478.1889 1.0000
14.2571 446.1926 1.0000
14.2671 458.9514 1.0000
14.2771 527.9421 1.0000
14.2871 533.4715 1.0000
14.2971 518.3263 1.0000
14.3071 518.2788 1.0000
14.3171 550.2909 1.0000
14.3271 509.4094 1.0000
14.3371 584.3917 1.0000
14.3471 524.5990 1.0000
14.3571 579.9947 1.0000
14.3671 541.6246 1.0000
14.3771 556.4144 1.0000
14.3871 591.0899 1.0000
14.3971 560.6489 1.0000
14.4071 622.1823 1.0000
14.4171 597.3597 1.0000
14.4271 594.1769 1.0000
14.4371 624.4350 1.0000
14.4471 657.5714 1.0000
14.4571 710.9578 1.0000
14.4671 637.2448 1.0000
14.4771 650.7063 1.0000
14.4871 650.2410 1.0000
14.4971 626.8966 1.0000
14.5071 704.2634 1.0000
14.5171 650.0626 1.0000
14.5271 738.3301 1.0000
14.5371 675.9774 1.0000
14.5471 767.6187 1.0000
14.5571 737.3297 1.0000
14.5671 741.8632 1.0000
14.5771 717.2588 1.0000
14.5871 753.1711 1.0000
14.5971 752.4911 1.0000
14.6071 720.8211 1.0000
14.6171 772.2970 1.0000
14.6271 829.8843 1.0000
14.6371 768.8821 1.0000
14.6471 831.6422 1.0000
14.6571 794.2496 1.0000
14.6671 818.6614 1.0000
14.6771 873.0961 1.0000
14.6871 828.0181 1.0000
14.6971 915.3724 1.0000
14.7071 921.1152 1.0000
14.7171 889.8480 1.0000
14.7271 930.5775 1.0000
14.7371 906.7527 1.0000
14.7471 903.6653 1.0000
14.7571 907.4299 1.0000
14.7671 973.2187 1.0000
14.7771 995.6277 1.0000
14.7871 980.3145 1.0000
14.7971 976.2043 1.0000
14.8071 1009.0815 1.0000
14.8171 960.7040 1.0000
14.8271 988.0617 1.0000
14.8371 1078.9415 1.0000
14.8471 1078.1646 1.0000
14.8571 1088.7708 1.0000
14.8671 1149.1725 1.0000
14.8771 1159.9196 1.0000
14.8871 1148.5508 1.0000
14.8971 1220.4597 1.0000
14.9071 1177.3285 1.0000
14.9171 1130.8624 1.0000
14.9271 1244.9744 1.0000
14.9371 1214.1532 1.0000
14.9471 1217.1409 1.0000
14.9571 1322.1481 1.0000
14.9671 1306.4161 1.0000
14.9771 1350.4822 1.0000
14.9871 1303.8763 1.0000
14.9971 1372.4589 1.0000
15.0071 1389.7513 1.0000
15.0171 1439.3446 1.0000
15.0271 1486.9065 1.0000
15.0371 1510.8801 1.0000
15.0471 1425.0043 1.0000
15.0571 1554.1467 1.0000
15.0671 1527.4232 1.0000
15.0771 1597.5155 1.0000
15.0871 1655.6641 1.0000
15.0971 1670.5288 1.0000
15.1071 1655.2129 1.0000
15.1171 1754.5287 1.0000
15.1271 1708.3077 1.0000
15.1371 1727.5577 1.0000
15.1471 1892.8738 1.0000
15.1571 1927.1666 1.0000
15.1671 1877.2374 1.0000
15.1771 1970.1210 1.0000
15.1871 2031.7076 1.0000
15.1971 1930.4818 1.0000
15.2071 2099.5330 1.0000
15.2171 2135.6875 1.0000
15.2271 2174.2637 1.0000
15.2371 2218.5752 1.0000
15.2471 2285.6343 1.0000
15.2571 2239.9136 1.0000
15.2671 2434.0969 1.0000
15.2771 2406.5164 1.0000
15.2871 2407.4868 1.0000
15.2971 2536.4785 1.0000
15.3071 2539.8875 1.0000
15.3171 2729.1550 1.0000
15.3271 2727.4258 1.0000
15.3371 2778.0447 1.0000
15.3471 2839.7102 1.0000
15.3571 2905.4246 1.0000
15.3671 2974.5117 1.0000
15.3771 3184.5022 1.0000
15.3871 3167.3823 1.0000
15.3971 3293.2244 1.0000
15.4071 3406.9517 1.0000
15.4171 3431.4033 1.0000
15.4271 3726.3899 1.0000
15.4371 3779.6018 1.0000
15.4471 3916.7861 1.0000
15.4571 4047.8137 1.0000
15.4671 4184.4849 1.0000
15.4771 4319.2729 1.0000
15.4871 4593.2739 1.0000
15.4971 4592.2959 1.0000
15.5071 4821.9487 1.0000
15.5171 4935.0889 1.0000
15.5271 5127.0063 1.0000
15.5371 5581.2495 1.0000
15.5471 5771.8677 1.0000
15.5571 6003.7495 1.0000
15.5671 6439.1206 1.0000
15.5771 6882.7700 1.0000
15.5871 7526.5508 1.0000
15.5971 8439.6221 1.0000
15.6071 9074.3662 1.0000
15.6171 11121.5010 1.0000
15.6271 15349.5586 1.0000
15.6371 26281.3008 1.0000
15.6471 31003.7559 1.0000
15.6571 27630.9102 1.0000
15.6671 28346.0801 1.0000
15.6771 33746.3711 1.0000
15.6871 42528.8242 1.0000
15.6971 39032.9297 1.0000
15.7071 33599.5586 1.0000
15.7171 36136.8281 1.0000
15.7271 41943.9297 1.0000
15.7371 43706.4375 1.0000
15.7471 41310.1016 1.0000
15.7571 38723.4531 1.0000
15.7671 39364.1797 1.0000
15.7771 44359.1797 1.0000
15.7871 51419.6992 1.0000
15.7971 63135.2969 1.0000
15.8071 67158.3906 1.0000
15.8171 77244.1484 1.0000
15.8271 94921.1641 1.0000
15.8371 110684.1094 1.0000
15.8471 132784.3906 1.0000
15.8571 128191.6328 1.0000
15.8671 110665.4375 1.0000
15.8771 93730.3672 1.0000
15.8871 131159.0781 1.0000
15.8971 192225.8906 1.0000
15.9071 224285.0938 1.0000
15.9171 228277.9844 1.0000
15.9271 200168.5938 1.0000
15.9371 226753.2188 1.0000
15.9471 232965.9531 1.0000
15.9571 203473.1875 1.0000
15.9671 182997.9531 1.0000
15.9771 149132.0781 1.0000
15.9871 103488.6016 1.0000
15.9971 85818.6641 1.0000
16.0071 85829.1406 1.0000
16.0171 97079.0625 1.0000
16.0271 107746.2031 1.0000
16.0371 145936.3125 1.0000
16.0471 157918.5938 1.0000
16.0571 148091.8281 1.0000
16.0671 156144.7188 1.0000
16.0771 158604.2031 1.0000
16.0871 129255.5313 1.0000
16.0971 134045.5938 1.0000
16.1071 152533.5938 1.0000
16.1171 189201.0781 1.0000
16.1271 207818.5781 1.0000
16.1371 208074.7656 1.0000
16.1471 204216.7500 1.0000
16.1571 198690.2500 1.0000
16.1671 186304.4844 1.0000
16.1771 167733.2969 1.0000
16.1871 151821.5156 1.0000
16.1971 151542.3125 1.0000
16.2071 130757.0703 1.0000
16.2171 106530.3594 1.0000
16.2271 88206.0547 1.0000
16.2371 80030.6406 1.0000
16.2471 76705.9297 1.0000
16.2571 80291.5703 1.0000
16.2671 95326.4609 1.0000
16.2771 132141.1719 1.0000
16.2871 166217.9063 1.0000
16.2971 151594.0625 1.0000
16.3071 139517.2031 1.0000
16.3171 131006.9688 1.0000
16.3271 145208.4219 1.0000
16.3371 155270.4531 1.0000
16.3471 148385.6875 1.0000
16.3571 125193.6328 1.0000
16.3671 136588.8906 1.0000
16.3771 121208.0234 1.0000
16.3871 103470.3203 1.0000
16.3971 111529.2813 1.0000
16.4071 123650.3125 1.0000
16.4171 148471.1094 1.0000
16.4271 140725.7969 1.0000
16.4371 109276.2344 1.0000
16.4471 85458.7188 1.0000
16.4571 83718.6875 1.0000
16.4671 83212.9219 1.0000
16.4771 86404.9453 1.0000
16.4871 84627.8516 1.0000
16.4971 79404.8594 1.0000
16.5071 79736.5469 1.0000
16.5171 76905.0234 1.0000
16.5271 91844.6953 1.0000
16.5371 71317.2734 1.0000
16.5471 64436.8008 1.0000
16.5571 81714.2109 1.0000
16.5671 74591.0625 1.0000
16.5771 71066.0156 1.0000
16.5871 83091.3906 1.0000
16.5971 58351.5703 1.0000
16.6071 38884.2773 1.0000
16.6171 36522.6875 1.0000
16.6271 35037.3242 1.0000
16.6371 34663.9844 1.0000
16.6471 31814.2734 1.0000
16.6571 32272.0254 1.0000
16.6671 45700.2852 1.0000
16.6771 62340.6875 1.0000
16.6871 57647.5820 1.0000
16.6971 51064.2188 1.0000
16.7071 32883.3477 1.0000
16.7171 24950.9004 1.0000
16.7271 27575.3242 1.0000
16.7371 33823.4023 1.0000
16.7471 22987.9785 1.0000
16.7571 13509.0391 1.0000
16.7671 9423.7012 1.0000
16.7771 7827.0146 1.0000
16.7871 6988.9009 1.0000
16.7971 6611.6401 1.0000
16.8071 6739.6797 1.0000
16.8171 6292.6611 1.0000
16.8271 5808.1299 1.0000
16.8371 6565.9033 1.0000
16.8471 7089.1245 1.0000
16.8571 7202.3262 1.0000
16.8671 5917.9185 1.0000
16.8771 4413.7075 1.0000
16.8871 4156.9976 1.0000
16.8971 3820.6399 1.0000
16.9071 3620.0344 1.0000
16.9171 3598.7537 1.0000
16.9271 3401.5593 1.0000
16.9371 3222.7468 1.0000
16.9471 3164.9712 1.0000
16.9571 3016.4973 1.0000
16.9671 2841.7319 1.0000
16.9771 2767.7517 1.0000
16.9871 2763.2292 1.0000
16.9971 2710.9766 1.0000
17.0071 2541.6934 1.0000
17.0171 2513.1448 1.0000
17.0271 2457.5027 1.0000
17.0371 2313.8013 1.0000
17.0471 2229.7310 1.0000
17.0571 2296.8359 1.0000
17.0671 2217.9058 1.0000
17.0771 2190.3965 1.0000
17.0871 2037.0262 1.0000
17.0971 2066.4690 1.0000
17.1071 1914.3375 1.0000
17.1171 1848.6692 1.0000
17.1271 1743.8650 1.0000
17.1371 1779.0326 1.0000
17.1471 1774.8733 1.0000
17.1571 1743.9427 1.0000
17.1671 1620.6294 1.0000
17.1771 1636.8247 1.0000
17.1871 1597.7549 1.0000
17.1971 1577.2954 1.0000
17.2071 1537.3162 1.0000
17.2171 1532.9199 1.0000
17.2271 1445.8737 1.0000
17.2371 1452.5759 1.0000
17.2471 1433.7478 1.0000
17.2571 1421.5813 1.0000
17.2671 1343.5283 1.0000
17.2771 1318.6024 1.0000
17.2871 1340.1119 1.0000
17.2971 1291.0023 1.0000
17.3071 1238.7949 1.0000
17.3171 1263.6826 1.0000
17.3271 1228.5123 1.0000
17.3371 1219.7384 1.0000
17.3471 1216.5411 1.0000
17.3571 1185.4330 1.0000
17.3671 1150.6573 1.0000
17.3771 1164.6780 1.0000
17.3871 1152.7797 1.0000
17.3971 1097.9288 1.0000
17.4071 1065.8091 1.0000
17.4171 1047.0126 1.0000
17.4271 1004.9260 1.0000
17.4371 1046.9480 1.0000
17.4471 1026.4863 1.0000
17.4571 1012.9200 1.0000
17.4671 916.0610 1.0000
17.4771 949.4893 1.0000
17.4871 927.1816 1.0000
17.4971 921.4802 1.0000
17.5071 879.2446 1.0000
17.5171 883.8194 1.0000
17.5271 896.6186 1.0000
17.5371 896.5433 1.0000
17.5471 835.1176 1.0000
17.5571 799.6666 1.0000
17.5671 817.4219 1.0000
17.5771 751.0931 1.0000
17.5871 764.4527 1.0000
17.5971 761.8982 1.0000
17.6071 753.6783 1.0000
17.6171 757.6123 1.0000
17.6271 769.4181 1.0000
17.6371 749.3773 1.0000
17.6471 744.4265 1.0000
17.6571 709.4138 1.0000
17.6671 717.7310 1.0000
17.6771 735.4305 1.0000
17.6871 676.4166 1.0000
17.6971 679.9877 1.0000
17.7071 651.5439 1.0000
17.7171 670.8871 1.0000
17.7271 607.8715 1.0000
17.7371 587.5031 1.0000
17.7471 604.8966 1.0000
17.7571 574.1338 1.0000
17.7671 613.4399 1.0000
17.7771 636.2327 1.0000
17.7871 582.8913 1.0000
17.7971 564.7834 1.0000
17.8071 587.9443 1.0000
17.8171 582.6650 1.0000
17.8271 620.2443 1.0000
17.8371 552.6886 1.0000
17.8471 561.3544 1.0000
17.8571 538.1170 1.0000
17.8671 502.3193 1.0000
17.8771 494.3357 1.0000
17.8871 493.0639 1.0000
17.8971 507.6291 1.0000
17.9071 459.6314 1.0000
17.9171 454.3395 1.0000
17.9271 433.4034 1.0000
17.9371 445.4720 1.0000
17.9471 452.8263 1.0000
17.9571 475.1348 1.0000
17.9671 428.9684 1.0000
17.9771 420.2547 1.0000
17.9871 415.1673 1.0000
17.9971 448.5519 1.0000
18.0071 445.5831 1.0000
18.0171 428.3373 1.0000
18.0271 334.6212 1.0000
18.0371 361.4788 1.0000
18.0471 431.1433 1.0000
18.0571 377.8060 1.0000
18.0671 391.7654 1.0000
18.0771 410.4273 1.0000
18.0871 352.0092 1.0000
18.0971 370.9972 1.0000
18.1071 384.1698 1.0000
18.1171 387.4214 1.0000
18.1271 351.3940 1.0000
18.1371 379.4487 1.0000
18.1471 360.4573 1.0000
18.1571 367.2742 1.0000
18.1671 342.6590 1.0000
18.1771 363.2765 1.0000
18.1871 338.0822 1.0000
18.1971 329.6302 1.0000
18.2071 318.5883 1.0000
18.2171 298.4189 1.0000
18.2271 339.7393 1.0000
18.2371 305.6066 1.0000
18.2471 308.6381 1.0000
18.2571 314.0593 1.0000
18.2671 284.6586 1.0000
18.2771 299.1267 1.0000
18.2871 318.6543 1.0000
18.2971 282.5456 1.0000
18.3071 302.0893 1.0000
18.3171 300.3755 1.0000
18.3271 291.9539 1.0000
18.3371 272.6511 1.0000
18.3471 266.2216 1.0000
18.3571 285.8684 1.0000
18.3671 270.6934 1.0000
18.3771 322.3827 1.0000
18.3871 287.0947 1.0000
18.3971 274.8225 1.0000
18.4071 265.1309 1.0000
18.4171 246.7825 1.0000
18.4271 250.9801 1.0000
18.4371 236.5220 1.0000
18.4471 250.8278 1.0000
18.4571 267.5616 1.0000
18.4671 248.1257 1.0000
18.4771 255.5044 1.0000
18.4871 250.6028 1.0000
18.4971 255.9792 1.0000
18.5071 275.9814 1.0000
18.5171 227.8400 1.0000
18.5271 240.5887 1.0000
18.5371 257.3320 1.0000
18.5471 237.2717 1.0000
18.5571 219.7008 1.0000
18.5671 275.5479 1.0000
18.5771 272.7861 1.0000
18.5871 254.9855 1.0000
18.5971 223.6098 1.0000
18.6071 213.0981 1.0000
18.6171 229.1754 1.0000
18.6271 202.6904 1.0000
18.6371 216.8697 1.0000
18.6471 209.7646 1.0000
18.6571 233.1801 1.0000
18.6671 213.4552 1.0000
18.6771 197.0546 1.0000
18.6871 226.9017 1.0000
18.6971 195.6915 1.0000
18.7071 193.7733 1.0000
18.7171 211.0771 1.0000
18.7271 191.6565 1.0000
18.7371 228.8877 1.0000
18.7471 215.1592 1.0000
18.7571 203.0050 1.0000
18.7671 180.9622 1.0000
18.7771 223.3094 1.0000
18.7871 191.5436 1.0000
18.7971 187.0601 1.0000
18.8071 181.5546 1.0000
18.8171 177.1877 1.0000
18.8271 172.0014 1.0000
18.8371 164.9471 1.0000
18.8471 178.4805 1.0000
18.8571 187.8709 1.0000
18.8671 164.9466 1.0000
18.8771 161.1421 1.0000
18.8871 172.5822 1.0000
18.8971 162.0070 1.0000
18.9071 175.5899 1.0000
18.9171 146.5602 1.0000
18.9271 179.0491 1.0000
18.9371 146.3629 1.0000
18.9471 171.4241 1.0000
18.9571 161.6163 1.0000
18.9671 148.7038 1.0000
18.9771 136.6939 1.0000
18.9871 148.9381 1.0000
18.9971 147.5289 1.0000
19.0071 144.9146 1.0000
19.0171 153.8814 1.0000
19.0271 164.2372 1.0000
19.0371 158.6606 1.0000
19.0471 160.8959 1.0000
19.0571 169.1781 1.0000
19.0671 176.3566 1.0000
19.0771 140.9239 1.0000
19.0871 143.8811 1.0000
19.0971 165.1375 1.0000
19.1071 147.0444 1.0000
19.1171 132.4938 1.0000
19.1271 154.0029 1.0000
19.1371 139.2248 1.0000
19.1471 148.5028 1.0000
19.1571 132.0829 1.0000
19.1671 134.4499 1.0000
19.1771 128.4987 1.0000
19.1871 112.8705 1.0000
19.1971 131.3629 1.0000
19.2071 121.8334 1.0000
19.2171 143.2787 1.0000
19.2271 124.3112 1.0000
19.2371 129.1087 1.0000
19.2471 120.5389 1.0000
19.2571 113.7549 1.0000
19.2671 126.7878 1.0000
19.2771 99.1277 1.0000
19.2871 96.9839 1.0000
19.2971 122.0114 1.0000
19.3071 117.8820 1.0000
19.3171 109.5893 1.0000
19.3271 114.4274 1.0000
19.3371 122.8584 1.0000
19.3471 110.4871 1.0000
19.3571 109.9100 1.0000
19.3671 108.4105 1.0000
19.3771 118.0797 1.0000
19.3871 112.8363 1.0000
19.3971 119.6864 1.0000
19.4071 107.8074 1.0000
19.4171 131.9884 1.0000
19.4271 98.4374 1.0000
19.4371 107.1826 1.0000
19.4471 108.2347 1.0000
19.4571 105.2842 1.0000
19.4671 116.4950 1.0000
19.4771 122.1971 1.0000
19.4871 112.6530 1.0000
19.4971 92.5018 1.0000
19.5071 114.5427 1.0000
19.5171 92.7735 1.0000
19.5271 125.4302 1.0000
19.5371 120.8647 1.0000
19.5471 104.3481 1.0000
19.5571 92.7313 1.0000
19.5671 85.5979 1.0000
19.5771 109.0396 1.0000
19.5871 106.6891 1.0000
19.5971 105.8807 1.0000
19.6071 107.7758 1.0000
19.6171 116.5794 1.0000
19.6271 97.9599 1.0000
19.6371 96.8959 1.0000
19.6471 94.1220 1.0000
19.6571 99.7449 1.0000
19.6671 97.7663 1.0000
19.6771 102.9354 1.0000
19.6871 102.5078 1.0000
19.6971 93.9364 1.0000
19.7071 86.0000 1.0000
19.7171 83.5586 1.0000
19.7271 104.0404 1.0000
19.7371 83.4937 1.0000
19.7471 95.4916 1.0000
19.7571 85.6536 1.0000
19.7671 89.2682 1.0000
19.7771 87.8425 1.0000
19.7871 104.8797 1.0000
19.7971 74.9776 1.0000
19.8071 95.9413 1.0000
19.8171 73.8039 1.0000
19.8271 72.6486 1.0000
19.8371 70.9572 1.0000
19.8471 86.1980 1.0000
19.8571 87.5139 1.0000
19.8671 80.1000 1.0000
19.8771 104.1804 1.0000
19.8871 66.6838 1.0000
19.8971 94.5455 1.0000
19.9071 73.9345 1.0000
19.9171 85.6874 1.0000
19.9271 81.2248 1.0000
19.9371 87.5575 1.0000
19.9471 73.7497 1.0000
19.9571 73.7277 1.0000
19.9671 70.5940 1.0000
19.9771 86.7701 1.0000
19.9871 73.6869 1.0000
19.9971 83.0567 1.0000
20.0071 88.9684 1.0000
20.0171 85.4412 1.0000
20.0271 74.0602 1.0000
20.0371 67.9904 1.0000
20.0471 102.7766 1.0000
20.0571 77.0430 1.0000
20.0671 78.8447 1.0000
20.0771 71.8053 1.0000
20.0871 65.8530 1.0000
20.0971 77.8279 1.0000
20.1071 70.8362 1.0000
20.1171 68.9034 1.0000
20.1271 71.3621 1.0000
20.1371 60.8185 1.0000
20.1471 81.0420 1.0000
20.1571 72.3053 1.0000
20.1671 82.2725 1.0000
20.1771 67.1360 1.0000
20.1871 56.8629 1.0000
20.1971 76.8647 1.0000
20.2071 73.0749 1.0000
20.2171 56.9416 1.0000
20.2271 80.0870 1.0000
20.2371 51.8487 1.0000
20.2471 63.8448 1.0000
20.2571 67.8411 1.0000
20.2671 59.0167 1.0000
20.2771 52.8948 1.0000
20.2871 69.6869 1.0000
20.2971 66.8420 1.0000
20.3071 66.8960 1.0000
20.3171 61.7656 1.0000
20.3271 57.7856 1.0000
20.3371 81.9471 1.0000
20.3471 45.8194 1.0000
20.3571 60.9952 1.0000
20.3671 70.1102 1.0000
20.3771 55.8528 1.0000
20.3871 76.5140 1.0000
20.3971 50.8258 1.0000
20.4071 63.3655 1.0000
20.4171 59.7779 1.0000
20.4271 60.9195 1.0000
20.4371 49.8813 1.0000
20.4471 38.9041 1.0000
20.4571 49.0726 1.0000
20.4671 49.9072 1.0000
20.4771 61.7426 1.0000
20.4871 54.8194 1.0000
20.4971 59.9691 1.0000
20.5071 46.8125 1.0000
20.5171 47.7855 1.0000
20.5271 50.4458 1.0000
20.5371 66.5147 1.0000
20.5471 47.9050 1.0000
20.5571 48.6930 1.0000
20.5671 62.2705 1.0000
20.5771 47.0391 1.0000
20.5871 47.7986 1.0000
20.5971 47.8976 1.0000
20.6071 59.1231 1.0000
20.6171 50.1965 1.0000
20.6271 46.9817 1.0000
20.6371 50.9601 1.0000
20.6471 58.3558 1.0000
20.6571 51.9680 1.0000
20.6671 48.8777 1.0000
20.6771 43.2407 1.0000
20.6871 61.4022 1.0000
20.6971 37.8167 1.0000
20.7071 51.9481 1.0000
20.7171 36.2734 1.0000
20.7271 42.9306 1.0000
20.7371 34.1261 1.0000
20.7471 33.0838 1.0000
20.7571 38.9825 1.0000
20.7671 63.5433 1.0000
20.7771 49.1332 1.0000
20.7871 53.7130 1.0000
20.7971 46.8839 1.0000
20.8071 55.5986 1.0000
20.8171 31.1798 1.0000
20.8271 38.9709 1.0000
20.8371 29.7903 1.0000
20.8471 48.9245 1.0000
20.8571 36.8601 1.0000