365.802 6357
365.816 6429
365.830 6399
365.844 6431
365.858 6424
365.872 6478
365.886 6473
365.899 6439
365.913 6481
365.927 6471
365.941 6450
365.955 6450
365.969 6501
365.983 6446
365.997 6481
366.010 6453
366.024 6455
366.038 6464
366.052 6443
366.066 6439
366.080 6420
366.094 6493
366.107 6465
366.121 6448
366.135 6452
366.149 6515
366.163 6463
366.177 6483
366.191 6451
366.204 6478
366.218 6497
366.232 6481
366.246 6492
366.260 6442
366.274 6478
366.288 6502
366.301 6476
366.315 6448
366.329 6502
366.343 6516
366.357 6467
366.371 6511
366.385 6480
366.398 6480
366.412 6446
366.426 6500
366.440 6493
366.454 6477
366.468 6450
366.482 6440
366.495 6469
366.509 6467
366.523 6481
366.537 6489
366.551 6510
366.565 6494
366.578 6466
366.592 6462
366.606 6448
366.620 6457
366.634 6516
366.648 6504
366.662 6462
366.675 6519
366.689 6487
366.703 6503
366.717 6489
366.731 6470
366.745 6493
366.758 6483
366.772 6472
366.786 6509
366.800 6503
366.814 6455
366.828 6498
366.842 6466
366.855 6528
366.869 6483
366.883 6526
366.897 6487
366.911 6532
366.925 6492
366.938 6492
366.952 6515
366.966 6468
366.980 6563
366.994 6520
367.008 6497
367.021 6489
367.035 6540
367.049 6523
367.063 6485
367.077 6550
367.091 6532
367.104 6516
367.118 6504
367.132 6511
367.146 6536
367.160 6527
367.174 6532
367.187 6514
367.201 6521
367.215 6546
367.229 6542
367.243 6496
367.257 6565
367.270 6540
367.284 6565
367.298 6570
367.312 6522
367.326 6578
367.340 6518
367.353 6580
367.367 6508
367.381 6534
367.395 6560
367.409 6628
367.422 6571
367.436 6582
367.450 6587
367.464 6555
367.478 6583
367.492 6524
367.505 6599
367.519 6552
367.533 6582
367.547 6519
367.561 6601
367.575 6617
367.588 6517
367.602 6581
367.616 6575
367.630 6604
367.644 6590
367.657 6640
367.671 6602
367.685 6661
367.699 6590
367.713 6657
367.727 6564
367.740 6602
367.754 6629
367.768 6600
367.782 6604
367.796 6572
367.809 6651
367.823 6572
367.837 6645
367.851 6590
367.865 6609
367.878 6620
367.892 6579
367.906 6656
367.920 6614
367.934 6665
367.948 6609
367.961 6684
367.975 6647
367.989 6639
368.003 6631
368.017 6661
368.030 6651
368.044 6657
368.058 6685
368.072 6640
368.086 6690
368.099 6628
368.113 6623
368.127 6670
368.141 6671
368.155 6667
368.168 6647
368.182 6653
368.196 6681
368.210 6721
368.224 6685
368.237 6746
368.251 6704
368.265 6669
368.279 6734
368.293 6687
368.306 6663
368.320 6634
368.334 6704
368.348 6684
368.362 6744
368.375 6695
368.389 6739
368.403 6753
368.417 6774
368.431 6754
368.444 6707
368.458 6763
368.472 6743
368.486 6811
368.500 6730
368.513 6782
368.527 6763
368.541 6783
368.555 6800
368.569 6753
368.582 6825
368.596 6824
368.610 6770
368.624 6806
368.637 6816
368.651 6828
368.665 6810
368.679 6807
368.693 6803
368.706 6857
368.720 6805
368.734 6878
368.748 6833
368.762 6842
368.775 6833
368.789 6828
368.803 6840
368.817 6828
368.830 6880
368.844 6848
368.858 6890
368.872 6850
368.886 6925
368.899 6864
368.913 6913
368.927 6904
368.941 6904
368.955 6882
368.968 6927
368.982 6912
368.996 6967
369.010 6971
369.023 6880
369.037 6956
369.051 6919
369.065 6966
369.079 6922
369.092 6989
369.106 6965
369.120 6903
369.134 6996
369.147 6948
369.161 6966
369.175 7034
369.189 6997
369.202 6967
369.216 7037
369.230 7027
369.244 7015
369.258 7037
369.271 7005
369.285 7024
369.299 7068
369.313 7065
369.326 7007
369.340 7096
369.354 7093
369.368 7055
369.381 7053
369.395 7116
369.409 7093
369.423 7086
369.437 7069
369.450 7114
369.464 7098
369.478 7086
369.492 7113
369.505 7125
369.519 7089
369.533 7134
369.547 7078
369.560 7116
369.574 7110
369.588 7216
369.602 7094
369.615 7167
369.629 7115
369.643 7162
369.657 7209
369.671 7189
369.684 7208
369.698 7225
369.712 7209
369.726 7203
369.739 7208
369.753 7283
369.767 7294
369.781 7234
369.794 7214
369.808 7221
369.822 7290
369.836 7238
369.849 7305
369.863 7334
369.877 7271
369.891 7316
369.904 7315
369.918 7328
369.932 7342
369.946 7320
369.959 7317
369.973 7425
369.987 7373
370.001 7341
370.014 7384
370.028 7374
370.042 7376
370.056 7409
370.069 7440
370.083 7447
370.097 7415
370.111 7412
370.124 7427
370.138 7438
370.152 7499
370.166 7536
370.179 7479
370.193 7506
370.207 7461
370.221 7518
370.234 7482
370.248 7505
370.262 7505
370.276 7560
370.289 7539
370.303 7549
370.317 7550
370.331 7619
370.344 7587
370.358 7616
370.372 7640
370.386 7566
370.399 7639
370.413 7675
370.427 7672
370.440 7734
370.454 7619
370.468 7698
370.482 7647
370.495 7708
370.509 7755
370.523 7734
370.537 7781
370.550 7691
370.564 7741
370.578 7773
370.592 7732
370.605 7856
370.619 7810
370.633 7835
370.646 7866
370.660 7891
370.674 7861
370.688 7886
370.701 7880
370.715 7999
370.729 7935
370.743 7996
370.756 7923
370.770 8007
370.784 8023
370.798 8020
370.811 8113
370.825 8026
370.839 8091
370.852 8070
370.866 8053
370.880 8088
370.894 8072
370.907 8066
370.921 8074
370.935 8142
370.948 8066
370.962 8163
370.976 8167
370.990 8247
371.003 8131
371.017 8244
371.031 8171
371.045 8331
371.058 8268
371.072 8273
371.086 8249
371.099 8321
371.113 8335
371.127 8273
371.141 8366
371.154 8336
371.168 8349
371.182 8336
371.195 8390
371.209 8358
371.223 8390
371.237 8401
371.250 8414
371.264 8488
371.278 8397
371.291 8497
371.305 8436
371.319 8474
371.333 8496
371.346 8543
371.360 8603
371.374 8634
371.387 8583
371.401 8566
371.415 8648
371.429 8659
371.442 8628
371.456 8783
371.470 8714
371.483 8692
371.497 8701
371.511 8721
371.524 8836
371.538 8906
371.552 8838
371.566 8880
371.579 8927
371.593 8829
371.607 8909
371.620 9009
371.634 8987
371.648 9012
371.662 8974
371.675 8929
371.689 8964
371.703 9032
371.716 9121
371.730 9043
371.744 9154
371.757 9110
371.771 9084
371.785 9221
371.799 9129
371.812 9229
371.826 9215
371.840 9308
371.853 9293
371.867 9296
371.881 9351
371.894 9233
371.908 9333
371.922 9525
371.936 9472
371.949 9484
371.963 9514
371.977 9625
371.990 9630
372.004 9680
372.018 9735
372.031 9664
372.045 9678
372.059 9592
372.072 9773
372.086 9875
372.100 9765
372.114 9896
372.127 9954
372.141 10158
372.155 10001
372.168 10097
372.182 10093
372.196 10250
372.209 10187
372.223 10167
372.237 10369
372.250 10241
372.264 10310
372.278 10275
372.291 10375
372.305 10389
372.319 10396
372.332 10413
372.346 10481
372.360 10350
372.374 10573
372.387 10623
372.401 10600
372.415 10716
372.428 10693
372.442 10850
372.456 10770
372.469 10981
372.483 10963
372.497 11166
372.510 11024
372.524 10945
372.538 11000
372.551 11021
372.565 10965
372.579 10926
372.592 11064
372.606 11129
372.620 11187
372.633 11192
372.647 11173
372.661 11283
372.674 11190
372.688 11136
372.702 11192
372.715 11304
372.729 11387
372.743 11295
372.756 11293
372.770 11453
372.784 11374
372.797 11549
372.811 11540
372.825 11411
372.838 11432
372.852 11500
372.866 11584
372.879 11589
372.893 11799
372.907 11819
372.920 11872
372.934 12001
372.948 11931
372.961 12041
372.975 11868
372.989 12063
373.002 11942
373.016 12182
373.030 12025
373.043 12237
373.057 12193
373.071 12136
373.084 12074
373.098 12227
373.112 12079
373.125 12103
373.139 12044
373.153 12179
373.166 12071
373.180 12179
373.194 12289
373.207 12514
373.221 12522
373.235 12623
373.248 12548
373.262 12524
373.276 12603
373.289 12751
373.303 12645
373.317 12695
373.330 12809
373.344 12612
373.358 12624
373.371 12694
373.385 12772
373.399 12871
373.412 12930
373.426 13009
373.440 13111
373.453 13026
373.467 13132
373.480 13143
373.494 13052
373.508 13132
373.521 13045
373.535 13284
373.549 12991
373.562 13372
373.576 13315
373.590 13417
373.603 13448
373.617 13419
373.631 13484
373.644 13629
373.658 13745
373.672 13758
373.685 13862
373.699 14032
373.712 14132
373.726 13896
373.740 13956
373.753 13872
373.767 13868
373.781 13903
373.794 14095
373.808 14119
373.822 14118
373.835 14305
373.849 14234
373.863 14400
373.876 14306
373.890 14515
373.903 14447
373.917 14448
373.931 14498
373.944 14526
373.958 14586
373.972 14525
373.985 14684
373.999 14886
374.013 14872
374.026 15003
374.040 14949
374.053 15092
374.067 15187
374.081 15307
374.094 15368
374.108 15505
374.122 15452
374.135 15215
374.149 15373
374.162 15470
374.176 15443
374.190 15651
374.203 15506
374.217 15773
374.231 15782
374.244 15906
374.258 16034
374.272 16082
374.285 15866
374.299 15886
374.312 15989
374.326 15883
374.340 15888
374.353 15934
374.367 16005
374.381 16013
374.394 16201
374.408 16222
374.421 16240
374.435 16207
374.449 16319
374.462 16257
374.476 16516
374.489 16634
374.503 16796
374.517 16924
374.530 16928
374.544 16880
374.558 16769
374.571 17083
374.585 17165
374.598 17348
374.612 17407
374.626 17510
374.639 17352
374.653 17392
374.667 17338
374.680 17217
374.694 17272
374.707 17456
374.721 17335
374.735 17530
374.748 17689
374.762 17633
374.775 17813
374.789 17711
374.803 18019
374.816 18112
374.830 17958
374.844 18138
374.857 18338
374.871 18469
374.884 18386
374.898 18577
374.912 18458
374.925 18482
374.939 18535
374.952 18560
374.966 18955
374.980 18944
374.993 19035
375.007 19039
375.020 19291
375.034 19119
375.048 18905
375.061 18832
375.075 18648
375.088 18732
375.102 18936
375.116 18912
375.129 19083
375.143 19153
375.156 19265
375.170 19537
375.184 20040
375.197 20099
375.211 20098
375.224 20006
375.238 20120
375.252 20182
375.265 20113
375.279 20154
375.292 20225
375.306 20034
375.320 20161
375.333 20635
375.347 20992
375.360 20902
375.374 20791
375.388 20580
375.401 20754
375.415 20356
375.428 20350
375.442 20326
375.456 20411
375.469 20707
375.483 20951
375.496 20933
375.510 21026
375.524 21144
375.537 21352
375.551 21006
375.564 20964
375.578 21135
375.591 21471
375.605 21463
375.619 21752
375.632 21846
375.646 22061
375.659 21936
375.673 22133
375.687 21892
375.700 22197
375.714 22240
375.727 22081
375.741 22082
375.755 21954
375.768 21869
375.782 21987
375.795 22051
375.809 22046
375.822 21856
375.836 21653
375.850 21906
375.863 22030
375.877 22160
375.890 22306
375.904 22107
375.918 22374
375.931 22391
375.945 22556
375.958 22565
375.972 22201
375.985 22486
375.999 22699
376.013 23043
376.026 23029
376.040 23227
376.053 22813
376.067 23035
376.080 22816
376.094 22862
376.108 22922
376.121 22935
376.135 23233
376.148 23456
376.162 23592
376.175 23472
376.189 23433
376.203 23432
376.216 23439
376.230 23210
376.243 23470
376.257 23457
376.270 23722
376.284 23735
376.298 23848
376.311 23666
376.325 23781
376.338 23990
376.352 23996
376.365 24241
376.379 24442
376.393 24328
376.406 24340
376.420 24105
376.433 24085
376.447 24032
376.460 24296
376.474 24548
376.487 24600
376.501 24388
376.515 24527
376.528 24679
376.542 24707
376.555 24613
376.569 24400
376.582 24452
376.596 24704
376.610 25090
376.623 25123
376.637 25372
376.650 25600
376.664 25439
376.677 25425
376.691 25345
376.704 25380
376.718 25586
376.732 25541
376.745 25725
376.759 25933
376.772 26022
376.786 26273
376.799 26226
376.813 26066
376.826 25858
376.840 25750
376.854 25810
376.867 25910
376.881 26072
376.894 25857
376.908 25992
376.921 26081
376.935 26477
376.948 26798
376.962 26862
376.975 26342
376.989 26436
377.003 26163
377.016 25964
377.030 26078
377.043 26421
377.057 26185
377.070 26502
377.084 26612
377.097 26923
377.111 27205
377.125 27342
377.138 26939
377.152 27192
377.165 27456
377.179 27428
377.192 27224
377.206 27163
377.219 27031
377.233 27035
377.246 26987
377.260 27279
377.273 27288
377.287 26980
377.301 27120
377.314 27266
377.328 27393
377.341 27178
377.355 27338
377.368 27931
377.382 28055
377.395 28064
377.409 27940
377.422 27931
377.436 27929
377.449 27744
377.463 27430
377.477 27631
377.490 27425
377.504 27248
377.517 27181
377.531 27307
377.544 28076
377.558 28068
377.571 28131
377.585 28218
377.598 28302
377.612 28058
377.625 28178
377.639 28175
377.652 28271
377.666 28091
377.679 28176
377.693 27929
377.707 27590
377.720 27540
377.734 27773
377.747 27884
377.761 28252
377.774 28550
377.788 28622
377.801 28450
377.815 28830
377.828 28574
377.842 28341
377.855 28454
377.869 28177
377.882 28369
377.896 28375
377.909 28778
377.923 28930
377.936 29343
377.950 28994
377.963 28934
377.977 28813
377.991 28731
378.004 28785
378.018 28382
378.031 28088
378.045 28458
378.058 28402
378.072 28280
378.085 28046
378.099 28174
378.112 28347
378.126 28375
378.139 28854
378.153 28740
378.166 28504
378.180 27863
378.193 27915
378.207 27565
378.220 27147
378.234 27114
378.247 27283
378.261 27418
378.274 27432
378.288 27330
378.301 27526
378.315 27522
378.328 27493
378.342 27386
378.355 27531
378.369 27029
378.382 26992
378.396 26957
378.409 27147
378.423 27439
378.436 27554
378.450 27191
378.463 27086
378.477 27377
378.490 26992
378.504 26861
378.517 27038
378.531 27385
378.544 27524
378.558 27825
378.571 27742
378.585 27480
378.598 27294
378.612 27114
378.625 27457
378.639 27202
378.652 27680
378.666 27011
378.679 26941
378.693 26660
378.706 26455
378.720 26936
378.733 26582
378.747 26775
378.760 26642
378.774 26469
378.787 26432
378.801 26464
378.814 26455
378.828 26540
378.841 26195
378.855 25914
378.868 26150
378.882 25772
378.895 26260
378.909 26116
378.922 26268
378.936 26243
378.949 26376
378.963 26135
378.976 25836
378.990 25550
379.003 25426
379.017 25251
379.030 25007
379.044 25243
379.057 25469
379.071 25346
379.084 25477
379.098 25332
379.111 25423
379.125 25347
379.138 25292
379.152 25437
379.165 25123
379.179 24496
379.192 24615
379.206 24645
379.219 24998
379.233 24609
379.246 24624
379.260 24370
379.273 24028
379.287 23860
379.300 23860
379.314 24034
379.327 24188
379.340 24399
379.354 24156
379.367 24148
379.381 23703
379.394 23755
379.408 23553
379.421 23463
379.435 23604
379.448 23514
379.462 23373
379.475 23100
379.489 23046
379.502 23071
379.516 23044
379.529 23081
379.543 22959
379.556 22958
379.570 22915
379.583 22736
379.597 22578
379.610 22291
379.623 22350
379.637 22135
379.650 21929
379.664 21909
379.677 21721
379.691 21719
379.704 21701
379.718 21803
379.731 21777
379.745 21327
379.758 21189
379.772 21274
379.785 21567
379.799 21343
379.812 21358
379.825 21412
379.839 21251
379.852 21037
379.866 20832
379.879 20531
379.893 20424
379.906 19943
379.920 20063
379.933 19864
379.947 19885
379.960 20230
379.974 20335
379.987 20205
380.000 20284
380.014 20238
380.027 20009
380.041 20095
380.054 19886
380.068 19840
380.081 19764
380.095 19577
380.108 19279
380.122 18999
380.135 18846
380.149 18772
380.162 18780
380.175 18502
380.189 18359
380.202 18227
380.216 18324
380.229 18289
380.243 18190
380.256 17945
380.270 17722
380.283 17560
380.297 17672
380.310 17727
380.323 17345
380.337 17147
380.350 17281
380.364 17311
380.377 17252
380.391 16976
380.404 16954
380.418 16997
380.431 17080
380.444 16900
380.458 16865
380.471 16618
380.485 16506
380.498 16407
380.512 16159
380.525 16010
380.539 16022
380.552 15916
380.565 15977
380.579 15918
380.592 15837
380.606 15728
380.619 15681
380.633 15650
380.646 15563
380.660 15539
380.673 15359
380.686 15168
380.700 14990
380.713 14945
380.727 14845
380.740 14685
380.754 14370
380.767 14404
380.781 14386
380.794 14160
380.807 14055
380.821 13894
380.834 13766
380.848 13768
380.861 13847
380.875 13595
380.888 13606
380.901 13637
380.915 13454
380.928 13432
380.942 13339
380.955 13304
380.969 12930
380.982 13056
380.995 12868
381.009 12824
381.022 12713
381.036 12547
381.049 12478
381.063 12444
381.076 12373
381.089 12212
381.103 12288
381.116 12124
381.130 12306
381.143 12169
381.157 12274
381.170 11980
381.183 11884
381.197 11798
381.210 11647
381.224 11660
381.237 11396
381.251 11417
381.264 11348
381.277 11283
381.291 11087
381.304 11093
381.318 11051
381.331 11014
381.345 11032
381.358 10838
381.371 10866
381.385 10794
381.398 10678
381.412 10590
381.425 10452
381.438 10456
381.452 10337
381.465 10340
381.479 10306
381.492 10319
381.506 10103
381.519 10145
381.532 9929
381.546 9848
381.559 9857
381.573 9799
381.586 9836
381.599 9691
381.613 9740
381.626 9680
381.640 9619
381.653 9567
381.667 9544
381.680 9357
381.693 9412
381.707 9449
381.720 9270
381.734 9297
381.747 9295
381.760 9281
381.774 9297
381.787 9262
381.801 9153
381.814 9172
381.827 9029
381.841 9060
381.854 9074
381.868 8969
381.881 8881
381.894 8755
381.908 8834
381.921 8769
381.935 8698
381.948 8729
381.961 8598
381.975 8664
381.988 8615
382.002 8644
382.015 8565
382.028 8536
382.042 8572
382.055 8543
382.069 8431
382.082 8387
382.095 8370
382.109 8454
382.122 8390
382.136 8256
382.149 8291
382.162 8244
382.176 8318
382.189 8174
382.203 8245
382.216 8168
382.229 8169
382.243 8140
382.256 8188
382.270 8175
382.283 8059
382.296 8107
382.310 8033
382.323 8000
382.337 7950
382.350 7968
382.363 7973
382.377 7915
382.390 7908
382.404 7887
382.417 7901
382.430 7903
382.444 7935
382.457 7910
382.471 7822
382.484 7879
382.497 7857
382.511 7905
382.524 7807
382.537 7759
382.551 7807
382.564 7808
382.578 7827
382.591 7782
382.604 7757
382.618 7777
382.631 7689
382.645 7722
382.658 7720
382.671 7630
382.685 7680
382.698 7555
382.711 7641
382.725 7659
382.738 7568
382.752 7549
382.765 7590
382.778 7556
382.792 7599
382.805 7507
382.818 7538
382.832 7464
382.845 7512
382.859 7492
382.872 7513
382.885 7549
382.899 7476
382.912 7405
382.925 7452
382.939 7517
382.952 7437
382.966 7484
382.979 7423
382.992 7385
383.006 7468
383.019 7479
383.032 7422
383.046 7370
383.059 7451
383.073 7403
383.086 7417
383.099 7357
383.113 7402
383.126 7431
383.139 7396
383.153 7381
383.166 7303
383.179 7426
383.193 7282
383.206 7386
383.220 7344
383.233 7345
383.246 7290
383.260 7275
383.273 7294
383.286 7246
383.300 7179
383.313 7257
383.327 7196
383.340 7202
383.353 7238
383.367 7182
383.380 7238
383.393 7270
383.407 7209
383.420 7267
383.433 7197
383.447 7231
383.460 7217
383.473 7254
383.487 7182
383.500 7185
383.514 7178
383.527 7168
383.540 7114
383.554 7163
383.567 7129
383.580 7146
383.594 7207
383.607 7172
383.620 7191
383.634 7207
383.647 7123
383.660 7158
383.674 7168
383.687 7118
383.701 7076
383.714 7108
383.727 7107
383.741 7154
383.754 7087
383.767 7127
383.781 7164
383.794 7035
383.807 7123
383.821 7064
383.834 7123
383.847 7047
383.861 7054
383.874 7038
383.887 7055
383.901 7029
383.914 6997
383.927 7019
383.941 6992
383.954 7091
383.967 7013
383.981 7054
383.994 7013
384.007 7089
384.021 7024
