365.802 6431
365.816 6424
365.830 6473
365.844 6490
365.858 6440
365.872 6470
365.886 6480
365.899 6490
365.913 6458
365.927 6470
365.941 6471
365.955 6451
365.969 6507
365.983 6434
365.997 6495
366.010 6475
366.024 6495
366.038 6479
366.052 6495
366.066 6459
366.080 6485
366.094 6498
366.107 6463
366.121 6510
366.135 6484
366.149 6479
366.163 6498
366.177 6489
366.191 6478
366.204 6461
366.218 6505
366.232 6489
366.246 6494
366.260 6456
366.274 6496
366.288 6436
366.301 6528
366.315 6471
366.329 6489
366.343 6523
366.357 6487
366.371 6509
366.385 6508
366.398 6491
366.412 6493
366.426 6508
366.440 6474
366.454 6477
366.468 6513
366.482 6505
366.495 6515
366.509 6510
366.523 6544
366.537 6513
366.551 6512
366.565 6484
366.578 6497
366.592 6498
366.606 6509
366.620 6521
366.634 6506
366.648 6495
366.662 6509
366.675 6507
366.689 6496
366.703 6534
366.717 6493
366.731 6521
366.745 6548
366.758 6506
366.772 6527
366.786 6483
366.800 6536
366.814 6523
366.828 6481
366.842 6508
366.855 6494
366.869 6468
366.883 6556
366.897 6504
366.911 6478
366.925 6580
366.938 6534
366.952 6549
366.966 6537
366.980 6552
366.994 6549
367.008 6543
367.021 6529
367.035 6523
367.049 6580
367.063 6537
367.077 6566
367.091 6583
367.104 6562
367.118 6566
367.132 6573
367.146 6559
367.160 6574
367.174 6559
367.187 6566
367.201 6580
367.215 6595
367.229 6595
367.243 6573
367.257 6602
367.270 6552
367.284 6601
367.298 6552
367.312 6535
367.326 6564
367.340 6562
367.353 6582
367.367 6590
367.381 6601
367.395 6589
367.409 6604
367.422 6584
367.436 6629
367.450 6635
367.464 6632
367.478 6593
367.492 6635
367.505 6606
367.519 6563
367.533 6581
367.547 6610
367.561 6634
367.575 6597
367.588 6610
367.602 6645
367.616 6636
367.630 6612
367.644 6646
367.657 6678
367.671 6607
367.685 6628
367.699 6636
367.713 6653
367.727 6646
367.740 6659
367.754 6677
367.768 6655
367.782 6653
367.796 6647
367.809 6690
367.823 6667
367.837 6710
367.851 6651
367.865 6698
367.878 6655
367.892 6697
367.906 6638
367.920 6656
367.934 6707
367.948 6688
367.961 6661
367.975 6709
367.989 6726
368.003 6739
368.017 6677
368.030 6681
368.044 6710
368.058 6727
368.072 6679
368.086 6703
368.099 6682
368.113 6697
368.127 6738
368.141 6709
368.155 6739
368.168 6737
368.182 6769
368.196 6791
368.210 6702
368.224 6770
368.237 6732
368.251 6746
368.265 6742
368.279 6732
368.293 6787
368.306 6784
368.320 6793
368.334 6801
368.348 6814
368.362 6801
368.375 6793
368.389 6834
368.403 6794
368.417 6804
368.431 6843
368.444 6808
368.458 6765
368.472 6761
368.486 6859
368.500 6841
368.513 6823
368.527 6808
368.541 6843
368.555 6791
368.569 6929
368.582 6872
368.596 6873
368.610 6860
368.624 6854
368.637 6940
368.651 6898
368.665 6932
368.679 6893
368.693 6874
368.706 6940
368.720 6919
368.734 6915
368.748 6929
368.762 6953
368.775 6896
368.789 6906
368.803 6968
368.817 6931
368.830 6937
368.844 6984
368.858 6957
368.872 6954
368.886 6948
368.899 6992
368.913 6970
368.927 6975
368.941 7022
368.955 6990
368.968 7043
368.982 7020
368.996 7013
369.010 7046
369.023 7015
369.037 7020
369.051 7040
369.065 7087
369.079 7042
369.092 7060
369.106 7049
369.120 7030
369.134 7016
369.147 7109
369.161 7038
369.175 7073
369.189 7123
369.202 7075
369.216 7115
369.230 7080
369.244 7154
369.258 7124
369.271 7165
369.285 7171
369.299 7138
369.313 7141
369.326 7181
369.340 7173
369.354 7125
369.368 7218
369.381 7256
369.395 7221
369.409 7150
369.423 7172
369.437 7230
369.450 7231
369.464 7223
369.478 7220
369.492 7248
369.505 7254
369.519 7240
369.533 7218
369.547 7229
369.560 7257
369.574 7264
369.588 7239
369.602 7277
369.615 7244
369.629 7290
369.643 7345
369.657 7266
369.671 7307
369.684 7358
369.698 7374
369.712 7366
369.726 7356
369.739 7369
369.753 7390
369.767 7395
369.781 7299
369.794 7338
369.808 7371
369.822 7474
369.836 7367
369.849 7384
369.863 7418
369.877 7460
369.891 7428
369.904 7448
369.918 7472
369.932 7472
369.946 7467
369.959 7465
369.973 7534
369.987 7524
370.001 7513
370.014 7551
370.028 7512
370.042 7638
370.056 7550
370.069 7582
370.083 7616
370.097 7528
370.111 7576
370.124 7589
370.138 7589
370.152 7621
370.166 7646
370.179 7628
370.193 7695
370.207 7617
370.221 7678
370.234 7659
370.248 7620
370.262 7713
370.276 7664
370.289 7744
370.303 7616
370.317 7761
370.331 7717
370.344 7696
370.358 7814
370.372 7828
370.386 7773
370.399 7869
370.413 7817
370.427 7797
370.440 7857
370.454 7806
370.468 7840
370.482 7888
370.495 7884
370.509 7874
370.523 7867
370.537 7947
370.550 7931
370.564 7939
370.578 8004
370.592 8026
370.605 8022
370.619 7955
370.633 8030
370.646 8010
370.660 8041
370.674 8097
370.688 8130
370.701 8120
370.715 8113
370.729 8074
370.743 8177
370.756 8147
370.770 8152
370.784 8145
370.798 8284
370.811 8311
370.825 8259
370.839 8256
370.852 8234
370.866 8269
370.880 8317
370.894 8370
370.907 8276
370.921 8320
370.935 8380
370.948 8326
370.962 8321
370.976 8424
370.990 8347
371.003 8386
371.017 8426
371.031 8412
371.045 8442
371.058 8475
371.072 8460
371.086 8459
371.099 8503
371.113 8501
371.127 8502
371.141 8605
371.154 8568
371.168 8631
371.182 8573
371.195 8594
371.209 8561
371.223 8646
371.237 8581
371.250 8614
371.264 8642
371.278 8701
371.291 8688
371.305 8676
371.319 8721
371.333 8762
371.346 8730
371.360 8737
371.374 8850
371.387 8782
371.401 8759
371.415 8943
371.429 8928
371.442 9014
371.456 8939
371.470 8912
371.483 8969
371.497 8982
371.511 8900
371.524 9072
371.538 9079
371.552 9143
371.566 9102
371.579 9096
371.593 9232
371.607 9171
371.620 9265
371.634 9322
371.648 9235
371.662 9276
371.675 9165
371.689 9259
371.703 9228
371.716 9323
371.730 9380
371.744 9400
371.757 9409
371.771 9370
371.785 9320
371.799 9426
371.812 9461
371.826 9448
371.840 9555
371.853 9518
371.867 9576
371.881 9645
371.894 9610
371.908 9566
371.922 9820
371.936 9627
371.949 9744
371.963 9891
371.977 9854
371.990 9807
372.004 9890
372.018 9937
372.031 9907
372.045 10015
372.059 9879
372.072 10016
372.086 10053
372.100 10043
372.114 10239
372.127 10290
372.141 10360
372.155 10276
372.168 10413
372.182 10436
372.196 10392
372.209 10486
372.223 10495
372.237 10454
372.250 10468
372.264 10531
372.278 10542
372.291 10609
372.305 10674
372.319 10613
372.332 10655
372.346 10717
372.360 10606
372.374 10670
372.387 10789
372.401 10729
372.415 10892
372.428 10931
372.442 11039
372.456 11034
372.469 11219
372.483 11184
372.497 11227
372.510 11286
372.524 11193
372.538 11198
372.551 11062
372.565 11168
372.579 11172
372.592 11240
372.606 11297
372.620 11353
372.633 11324
372.647 11322
372.661 11359
372.674 11275
372.688 11429
372.702 11397
372.715 11397
372.729 11426
372.743 11434
372.756 11576
372.770 11468
372.784 11603
372.797 11585
372.811 11610
372.825 11512
372.838 11606
372.852 11622
372.866 11661
372.879 11750
372.893 11926
372.907 11981
372.920 12108
372.934 12066
372.948 11934
372.961 12099
372.975 12030
372.989 12058
373.002 12031
373.016 12142
373.030 12128
373.043 12147
373.057 12250
373.071 12182
373.084 12298
373.098 12256
373.112 12119
373.125 12127
373.139 12164
373.153 12200
373.166 12205
373.180 12285
373.194 12346
373.207 12441
373.221 12520
373.235 12646
373.248 12513
373.262 12556
373.276 12680
373.289 12699
373.303 12631
373.317 12705
373.330 12791
373.344 12803
373.358 12710
373.371 12793
373.385 12896
373.399 12980
373.412 12773
373.426 13076
373.440 13091
373.453 13093
373.467 13134
373.480 13106
373.494 12979
373.508 13126
373.521 12984
373.535 13094
373.549 13168
373.562 13252
373.576 13458
373.590 13290
373.603 13265
373.617 13349
373.631 13419
373.644 13250
373.658 13620
373.672 13658
373.685 13912
373.699 13788
373.712 13869
373.726 13717
373.740 13581
373.753 13706
373.767 13753
373.781 13700
373.794 13924
373.808 14060
373.822 14085
373.835 14017
373.849 14250
373.863 14050
373.876 14195
373.890 14315
373.903 14356
373.917 14340
373.931 14233
373.944 14272
373.958 14347
373.972 14455
373.985 14442
373.999 14547
374.013 14665
374.026 14476
374.040 14556
374.053 14586
374.067 14849
374.081 15047
374.094 14973
374.108 15270
374.122 14981
374.135 14931
374.149 14886
374.162 14943
374.176 15132
374.190 15087
374.203 15178
374.217 15114
374.231 15528
374.244 15586
374.258 15634
374.272 15388
374.285 15404
374.299 15407
374.312 15467
374.326 15423
374.340 15528
374.353 15537
374.367 15481
374.381 15565
374.394 15577
374.408 15809
374.421 15726
374.435 15483
374.449 15687
374.462 15667
374.476 15952
374.489 16155
374.503 16001
374.517 16111
374.530 16098
374.544 16175
374.558 16383
374.571 16331
374.585 16423
374.598 16658
374.612 16811
374.626 16821
374.639 16621
374.653 16612
374.667 16533
374.680 16597
374.694 16447
374.707 16554
374.721 16759
374.735 16588
374.748 16650
374.762 16789
374.775 16815
374.789 17139
374.803 17087
374.816 17205
374.830 17198
374.844 17204
374.857 17426
374.871 17589
374.884 17274
374.898 17504
374.912 17647
374.925 17637
374.939 17626
374.952 17719
374.966 17830
374.980 17936
374.993 18098
375.007 18058
375.020 17972
375.034 17910
375.048 17800
375.061 17499
375.075 17562
375.088 17538
375.102 17604
375.116 17846
375.129 17838
375.143 17896
375.156 18095
375.170 18429
375.184 18513
375.197 18786
375.211 18666
375.224 18504
375.238 18652
375.252 18837
375.265 18756
375.279 18531
375.292 18507
375.306 18419
375.320 18841
375.333 19194
375.347 19261
375.360 19388
375.374 18938
375.388 18873
375.401 18852
375.415 18748
375.428 18701
375.442 18819
375.456 18872
375.469 18911
375.483 19033
375.496 19078
375.510 19193
375.524 19451
375.537 19401
375.551 19338
375.564 19242
375.578 19127
375.591 19376
375.605 19632
375.619 19737
375.632 19678
375.646 19691
375.659 19838
375.673 19834
375.687 19834
375.700 19956
375.714 20035
375.727 19735
375.741 20054
375.755 19874
375.768 19539
375.782 19934
375.795 19954
375.809 19558
375.822 19273
375.836 19589
375.850 19507
375.863 19639
375.877 19892
375.890 19738
375.904 19855
375.918 19894
375.931 19837
375.945 20187
375.958 20059
375.972 19631
375.985 19925
375.999 20015
376.013 20373
376.026 20486
376.040 20477
376.053 20340
376.067 20283
376.080 20297
376.094 20256
376.108 19967
376.121 20063
376.135 20416
376.148 20415
376.162 20637
376.175 20382
376.189 20594
376.203 20457
376.216 20588
376.230 20400
376.243 20389
376.257 20593
376.270 20673
376.284 20740
376.298 20675
376.311 20702
376.325 20768
376.338 20830
376.352 20786
376.365 21163
376.379 21213
376.393 21009
376.406 21082
376.420 20842
376.433 20775
376.447 20778
376.460 20956
376.474 21106
376.487 21159
376.501 20960
376.515 20831
376.528 21085
376.542 21167
376.555 20855
376.569 20958
376.582 21078
376.596 21292
376.610 21402
376.623 21476
376.637 21615
376.650 21657
376.664 21603
376.677 21422
376.691 21232
376.704 21377
376.718 21496
376.732 21361
376.745 21451
376.759 21630
376.772 21679
376.786 21879
376.799 22085
376.813 21777
376.826 21655
376.840 21450
376.854 21532
376.867 21552
376.881 21513
376.894 21392
376.908 21587
376.921 21633
376.935 21567
376.948 21930
376.962 22087
376.975 21794
376.989 21713
377.003 21489
377.016 21455
377.030 21255
377.043 21628
377.057 21572
377.070 21616
377.084 21614
377.097 21818
377.111 21865
377.125 22038
377.138 21929
377.152 22136
377.165 22186
377.179 21962
377.192 22055
377.206 21806
377.219 21729
377.233 21852
377.246 21753
377.260 21627
377.273 21802
377.287 21693
377.301 21539
377.314 21798
377.328 21830
377.341 21896
377.355 21891
377.368 22191
377.382 22203
377.395 22063
377.409 22017
377.422 22080
377.436 22011
377.449 21677
377.463 21603
377.477 21532
377.490 21309
377.504 21380
377.517 21292
377.531 21372
377.544 21767
377.558 21913
377.571 21778
377.585 22080
377.598 21907
377.612 21681
377.625 21812
377.639 21877
377.652 21785
377.666 21435
377.679 21712
377.693 21351
377.707 21182
377.720 21186
377.734 21166
377.747 21282
377.761 21565
377.774 21641
377.788 21904
377.801 21748
377.815 21581
377.828 21628
377.842 21460
377.855 21441
377.869 21271
377.882 21335
377.896 21315
377.909 21486
377.923 21585
377.936 21665
377.950 21610
377.963 21284
377.977 21152
377.991 21471
378.004 21339
378.018 21054
378.031 20553
378.045 20747
378.058 20938
378.072 20948
378.085 20607
378.099 20710
378.112 20653
378.126 20855
378.139 20841
378.153 21005
378.166 20683
378.180 20354
378.193 20352
378.207 19994
378.220 19728
378.234 19744
378.247 19624
378.261 19763
378.274 20003
378.288 19772
378.301 19885
378.315 19924
378.328 19821
378.342 19699
378.355 19656
378.369 19394
378.382 19263
378.396 19207
378.409 19498
378.423 19564
378.436 19450
378.450 19370
378.463 19301
378.477 19169
378.490 19124
378.504 19044
378.517 19129
378.531 19255
378.544 19257
378.558 19356
378.571 19331
378.585 19195
378.598 18967
378.612 19092
378.625 19032
378.639 19002
378.652 18934
378.666 18809
378.679 18606
378.693 18407
378.706 18517
378.720 18388
378.733 18429
378.747 18454
378.760 18243
378.774 18384
378.787 18082
378.801 18208
378.814 17948
378.828 17999
378.841 18031
378.855 17680
378.868 17734
378.882 17613
378.895 17787
378.909 17628
378.922 17768
378.936 17764
378.949 17690
378.963 17499
378.976 17337
378.990 17277
379.003 17078
379.017 16876
379.030 16845
379.044 16871
379.057 16789
379.071 16934
379.084 16919
379.098 16759
379.111 16790
379.125 16700
379.138 16845
379.152 16773
379.165 16649
379.179 16449
379.192 16282
379.206 16270
379.219 16298
379.233 16156
379.246 16045
379.260 15785
379.273 15617
379.287 15575
379.300 15707
379.314 15595
379.327 15747
379.340 15771
379.354 15704
379.367 15534
379.381 15303
379.394 15214
379.408 15279
379.421 15214
379.435 15057
379.448 15193
379.462 15097
379.475 15048
379.489 14724
379.502 14791
379.516 14829
379.529 14865
379.543 14754
379.556 14766
379.570 14693
379.583 14668
379.597 14316
379.610 14309
379.623 14265
379.637 14183
379.650 14103
379.664 13856
379.677 13934
379.691 13933
379.704 13914
379.718 13937
379.731 13716
379.745 13749
379.758 13438
379.772 13405
379.785 13705
379.799 13566
379.812 13534
379.825 13462
379.839 13389
379.852 13371
379.866 13144
379.879 13227
379.893 12852
379.906 12833
379.920 12780
379.933 12594
379.947 12661
379.960 12774
379.974 12769
379.987 12678
380.000 12728
380.014 12600
380.027 12674
380.041 12488
380.054 12633
380.068 12414
380.081 12487
380.095 12373
380.108 12177
380.122 12031
380.135 11959
380.149 11850
380.162 11591
380.175 11774
380.189 11736
380.202 11619
380.216 11692
380.229 11630
380.243 11512
380.256 11349
380.270 11316
380.283 11187
380.297 11241
380.310 11097
380.323 11110
380.337 11143
380.350 11085
380.364 11023
380.377 11043
380.391 10936
380.404 10744
380.418 10763
380.431 10759
380.444 10876
380.458 10752
380.471 10677
380.485 10730
380.498 10625
380.512 10407
380.525 10535
380.539 10313
380.552 10250
380.565 10393
380.579 10254
380.592 10193
380.606 10210
380.619 10128
380.633 10178
380.646 10125
380.660 10120
380.673 10059
380.686 9875
380.700 9838
380.713 9963
380.727 9752
380.740 9649
380.754 9649
380.767 9672
380.781 9525
380.794 9500
380.807 9459
380.821 9414
380.834 9352
380.848 9350
380.861 9342
380.875 9402
380.888 9226
380.901 9184
380.915 9142
380.928 9118
380.942 9051
380.955 9032
380.969 9059
380.982 9071
380.995 8986
381.009 8908
381.022 8827
381.036 8803
381.049 8774
381.063 8734
381.076 8722
381.089 8739
381.103 8721
381.116 8636
381.130 8591
381.143 8670
381.157 8685
381.170 8599
381.183 8547
381.197 8492
381.210 8498
381.224 8381
381.237 8421
381.251 8360
381.264 8341
381.277 8293
381.291 8178
381.304 8330
381.318 8224
381.331 8227
381.345 8221
381.358 8147
381.371 8190
381.385 8144
381.398 8061
381.412 8076
381.425 7995
381.438 8028
381.452 8135
381.465 7968
381.479 7929
381.492 7967
381.506 7857
381.519 7872
381.532 7783
381.546 7846
381.559 7772
381.573 7843
381.586 7793
381.599 7771
381.613 7758
381.626 7719
381.640 7679
381.653 7768
381.667 7664
381.680 7618
381.693 7690
381.707 7731
381.720 7690
381.734 7644
381.747 7609
381.760 7649
381.774 7620
381.787 7536
381.801 7576
381.814 7549
381.827 7559
381.841 7564
381.854 7471
381.868 7505
381.881 7494
381.894 7454
381.908 7496
381.921 7476
381.935 7476
381.948 7415
381.961 7347
381.975 7380
381.988 7380
382.002 7438
382.015 7364
382.028 7350
382.042 7410
382.055 7371
382.069 7328
382.082 7375
382.095 7294
382.109 7351
382.122 7273
382.136 7305
382.149 7243
382.162 7230
382.176 7311
382.189 7258
382.203 7287
382.216 7285
382.229 7246
382.243 7158
382.256 7263
382.270 7280
382.283 7298
382.296 7208
382.310 7172
382.323 7185
382.337 7172
382.350 7200
382.363 7113
382.377 7138
382.390 7141
382.404 7162
382.417 7141
382.430 7233
382.444 7160
382.457 7149
382.471 7150
382.484 7115
382.497 7124
382.511 7089
382.524 7146
382.537 7124
382.551 7076
382.564 7143
382.578 7096
382.591 7015
382.604 7103
382.618 7080
382.631 7006
382.645 7040
382.658 7061
382.671 7041
382.685 7050
382.698 7051
382.711 7038
382.725 7040
382.738 7039
382.752 6988
382.765 7049
382.778 6955
382.792 7013
382.805 7007
382.818 7038
382.832 6923
382.845 6963
382.859 7007
382.872 6945
382.885 7006
382.899 6922
382.912 6993
382.925 6948
382.939 6972
382.952 6973
382.966 6952
382.979 6898
382.992 6962
383.006 6980
383.019 6951
383.032 6967
383.046 6928
383.059 6904
383.073 6895
383.086 6926
383.099 6917
383.113 6935
383.126 6909
383.139 6900
383.153 6917
383.166 6923
383.179 6969
383.193 6845
383.206 6937
383.220 6954
383.233 6849
383.246 6866
383.260 6864
383.273 6903
383.286 6830
383.300 6860
383.313 6895
383.327 6834
383.340 6806
383.353 6878
383.367 6810
383.380 6839
383.393 6840
383.407 6839
383.420 6851
383.433 6799
383.447 6818
383.460 6785
383.473 6785
383.487 6848
383.500 6795
383.514 6825
383.527 6752
383.540 6749
383.554 6752
383.567 6806
383.580 6738
383.594 6812
383.607 6780
383.620 6796
383.634 6787
383.647 6723
383.660 6811
383.674 6732
383.687 6789
383.701 6739
383.714 6754
383.727 6764
383.741 6844
383.754 6767
383.767 6754
383.781 6812
383.794 6776
383.807 6746
383.821 6738
383.834 6757
383.847 6719
383.861 6748
383.874 6725
383.887 6722
383.901 6747
383.914 6713
383.927 6730
383.941 6724
383.954 6736
383.967 6725
383.981 6753
383.994 6692
384.007 6761
384.021 6680
