365.802 6299
365.816 6341
365.830 6353
365.844 6356
365.858 6367
365.872 6330
365.886 6353
365.899 6336
365.913 6347
365.927 6370
365.941 6358
365.955 6351
365.969 6314
365.983 6377
365.997 6327
366.010 6377
366.024 6340
366.038 6346
366.052 6355
366.066 6360
366.080 6356
366.094 6326
366.107 6382
366.121 6348
366.135 6337
366.149 6343
366.163 6366
366.177 6392
366.191 6358
366.204 6317
366.218 6355
366.232 6340
366.246 6330
366.260 6345
366.274 6325
366.288 6337
366.301 6365
366.315 6338
366.329 6302
366.343 6352
366.357 6331
366.371 6328
366.385 6330
366.398 6310
366.412 6346
366.426 6353
366.440 6330
366.454 6315
366.468 6336
366.482 6326
366.495 6291
366.509 6347
366.523 6326
366.537 6365
366.551 6366
366.565 6321
366.578 6321
366.592 6333
366.606 6344
366.620 6338
366.634 6342
366.648 6297
366.662 6356
366.675 6332
366.689 6336
366.703 6323
366.717 6313
366.731 6333
366.745 6375
366.758 6302
366.772 6337
366.786 6335
366.800 6305
366.814 6304
366.828 6283
366.842 6322
366.855 6313
366.869 6312
366.883 6336
366.897 6321
366.911 6309
366.925 6311
366.938 6306
366.952 6279
366.966 6321
366.980 6318
366.994 6333
367.008 6308
367.021 6283
367.035 6318
367.049 6305
367.063 6332
367.077 6292
367.091 6347
367.104 6299
367.118 6314
367.132 6336
367.146 6311
367.160 6333
367.174 6304
367.187 6291
367.201 6314
367.215 6319
367.229 6295
367.243 6318
367.257 6311
367.270 6320
367.284 6316
367.298 6294
367.312 6340
367.326 6308
367.340 6302
367.353 6324
367.367 6315
367.381 6287
367.395 6317
367.409 6307
367.422 6332
367.436 6307
367.450 6285
367.464 6252
367.478 6271
367.492 6332
367.505 6277
367.519 6308
367.533 6272
367.547 6296
367.561 6300
367.575 6279
367.588 6291
367.602 6308
367.616 6340
367.630 6315
367.644 6311
367.657 6273
367.671 6306
367.685 6318
367.699 6264
367.713 6306
367.727 6272
367.740 6271
367.754 6329
367.768 6296
367.782 6290
367.796 6310
367.809 6293
367.823 6286
367.837 6314
367.851 6304
367.865 6300
367.878 6300
367.892 6293
367.906 6319
367.920 6268
367.934 6308
367.948 6294
367.961 6300
367.975 6305
367.989 6281
368.003 6294
368.017 6287
368.030 6300
368.044 6276
368.058 6309
368.072 6313
368.086 6350
368.099 6298
368.113 6287
368.127 6271
368.141 6282
368.155 6259
368.168 6292
368.182 6264
368.196 6340
368.210 6302
368.224 6305
368.237 6303
368.251 6313
368.265 6283
368.279 6237
368.293 6319
368.306 6290
368.320 6311
368.334 6301
368.348 6274
368.362 6289
368.375 6301
368.389 6314
368.403 6277
368.417 6334
368.431 6298
368.444 6279
368.458 6265
368.472 6327
368.486 6319
368.500 6274
368.513 6308
368.527 6306
368.541 6279
368.555 6266
368.569 6276
368.582 6308
368.596 6293
368.610 6303
368.624 6280
368.637 6252
368.651 6276
368.665 6292
368.679 6295
368.693 6333
368.706 6251
368.720 6286
368.734 6316
368.748 6260
368.762 6282
368.775 6300
368.789 6273
368.803 6284
368.817 6302
368.830 6305
368.844 6285
368.858 6271
368.872 6292
368.886 6328
368.899 6284
368.913 6313
368.927 6304
368.941 6289
368.955 6307
368.968 6279
368.982 6290
368.996 6324
369.010 6303
369.023 6299
369.037 6268
369.051 6323
369.065 6289
369.079 6266
369.092 6306
369.106 6306
369.120 6232
369.134 6321
369.147 6282
369.161 6279
369.175 6323
369.189 6299
369.202 6267
369.216 6274
369.230 6320
369.244 6306
369.258 6269
369.271 6331
369.285 6280
369.299 6294
369.313 6300
369.326 6285
369.340 6294
369.354 6285
369.368 6281
369.381 6289
369.395 6284
369.409 6286
369.423 6304
369.437 6298
369.450 6283
369.464 6295
369.478 6299
369.492 6263
369.505 6311
369.519 6246
369.533 6310
369.547 6296
369.560 6277
369.574 6254
369.588 6308
369.602 6295
369.615 6299
369.629 6304
369.643 6323
369.657 6258
369.671 6301
369.684 6300
369.698 6311
369.712 6341
369.726 6291
369.739 6284
369.753 6316
369.767 6284
369.781 6272
369.794 6267
369.808 6281
369.822 6316
369.836 6293
369.849 6303
369.863 6324
369.877 6250
369.891 6304
369.904 6277
369.918 6258
369.932 6302
369.946 6273
369.959 6288
369.973 6300
369.987 6301
370.001 6276
370.014 6249
370.028 6306
370.042 6297
370.056 6287
370.069 6290
370.083 6296
370.097 6255
370.111 6280
370.124 6254
370.138 6282
370.152 6295
370.166 6290
370.179 6265
370.193 6290
370.207 6273
370.221 6285
370.234 6284
370.248 6307
370.262 6306
370.276 6262
370.289 6300
370.303 6304
370.317 6306
370.331 6314
370.344 6306
370.358 6266
370.372 6278
370.386 6309
370.399 6298
370.413 6271
370.427 6304
370.440 6297
370.454 6288
370.468 6294
370.482 6302
370.495 6296
370.509 6274
370.523 6299
370.537 6282
370.550 6318
370.564 6248
370.578 6291
370.592 6275
370.605 6292
370.619 6310
370.633 6286
370.646 6259
370.660 6283
370.674 6284
370.688 6302
370.701 6293
370.715 6258
370.729 6262
370.743 6284
370.756 6286
370.770 6282
370.784 6290
370.798 6302
370.811 6284
370.825 6288
370.839 6264
370.852 6286
370.866 6276
370.880 6265
370.894 6262
370.907 6291
370.921 6262
370.935 6285
370.948 6330
370.962 6283
370.976 6310
370.990 6287
371.003 6290
371.017 6284
371.031 6288
371.045 6265
371.058 6299
371.072 6292
371.086 6282
371.099 6289
371.113 6262
371.127 6314
371.141 6295
371.154 6290
371.168 6273
371.182 6295
371.195 6296
371.209 6299
371.223 6262
371.237 6274
371.250 6261
371.264 6291
371.278 6265
371.291 6285
371.305 6309
371.319 6288
371.333 6289
371.346 6315
371.360 6258
371.374 6283
371.387 6290
371.401 6268
371.415 6249
371.429 6276
371.442 6302
371.456 6261
371.470 6295
371.483 6291
371.497 6291
371.511 6266
371.524 6258
371.538 6302
371.552 6280
371.566 6274
371.579 6256
371.593 6275
371.607 6276
371.620 6286
371.634 6286
371.648 6324
371.662 6281
371.675 6281
371.689 6235
371.703 6292
371.716 6284
371.730 6263
371.744 6310
371.757 6300
371.771 6274
371.785 6236
371.799 6261
371.812 6275
371.826 6291
371.840 6269
371.853 6261
371.867 6281
371.881 6294
371.894 6284
371.908 6277
371.922 6287
371.936 6245
371.949 6317
371.963 6278
371.977 6308
371.990 6261
372.004 6298
372.018 6303
372.031 6289
372.045 6275
372.059 6289
372.072 6289
372.086 6276
372.100 6259
372.114 6275
372.127 6244
372.141 6252
372.155 6278
372.168 6260
372.182 6298
372.196 6288
372.209 6261
372.223 6255
372.237 6292
372.250 6293
372.264 6270
372.278 6292
372.291 6265
372.305 6265
372.319 6257
372.332 6272
372.346 6259
372.360 6274
372.374 6288
372.387 6295
372.401 6260
372.415 6305
372.428 6274
372.442 6266
372.456 6255
372.469 6287
372.483 6278
372.497 6267
372.510 6295
372.524 6281
372.538 6273
372.551 6279
372.565 6284
372.579 6277
372.592 6266
372.606 6260
372.620 6308
372.633 6278
372.647 6285
372.661 6279
372.674 6270
372.688 6283
372.702 6285
372.715 6292
372.729 6269
372.743 6286
372.756 6278
372.770 6296
372.784 6231
372.797 6261
372.811 6290
372.825 6306
372.838 6318
372.852 6263
372.866 6282
372.879 6293
372.893 6289
372.907 6246
372.920 6284
372.934 6274
372.948 6264
372.961 6263
372.975 6231
372.989 6291
373.002 6272
373.016 6276
373.030 6283
373.043 6250
373.057 6302
373.071 6258
373.084 6297
373.098 6285
373.112 6301
373.125 6297
373.139 6223
373.153 6279
373.166 6303
373.180 6259
373.194 6318
373.207 6283
373.221 6275
373.235 6272
373.248 6257
373.262 6266
373.276 6281
373.289 6275
373.303 6262
373.317 6284
373.330 6312
373.344 6301
373.358 6267
373.371 6299
373.385 6260
373.399 6293
373.412 6306
373.426 6290
373.440 6270
373.453 6282
373.467 6320
373.480 6260
373.494 6304
373.508 6280
373.521 6276
373.535 6261
373.549 6287
373.562 6259
373.576 6282
373.590 6277
373.603 6312
373.617 6274
373.631 6282
373.644 6270
373.658 6247
373.672 6298
373.685 6263
373.699 6283
373.712 6244
373.726 6284
373.740 6294
373.753 6257
373.767 6275
373.781 6295
373.794 6282
373.808 6290
373.822 6247
373.835 6270
373.849 6299
373.863 6308
373.876 6250
373.890 6293
373.903 6293
373.917 6304
373.931 6255
373.944 6297
373.958 6285
373.972 6300
373.985 6307
373.999 6280
374.013 6264
374.026 6305
374.040 6302
374.053 6296
374.067 6257
374.081 6280
374.094 6320
374.108 6236
374.122 6291
374.135 6282
374.149 6295
374.162 6296
374.176 6262
374.190 6286
374.203 6319
374.217 6300
374.231 6292
374.244 6278
374.258 6271
374.272 6307
374.285 6253
374.299 6285
374.312 6309
374.326 6248
374.340 6317
374.353 6269
374.367 6282
374.381 6311
374.394 6293
374.408 6247
374.421 6303
374.435 6295
374.449 6296
374.462 6311
374.476 6268
374.489 6298
374.503 6297
374.517 6307
374.530 6304
374.544 6298
374.558 6309
374.571 6285
374.585 6256
374.598 6296
374.612 6298
374.626 6254
374.639 6288
374.653 6258
374.667 6283
374.680 6273
374.694 6251
374.707 6301
374.721 6274
374.735 6305
374.748 6250
374.762 6252
374.775 6304
374.789 6287
374.803 6277
374.816 6272
374.830 6284
374.844 6255
374.857 6263
374.871 6268
374.884 6276
374.898 6276
374.912 6314
374.925 6276
374.939 6238
374.952 6295
374.966 6294
374.980 6282
374.993 6274
375.007 6279
375.020 6255
375.034 6296
375.048 6282
375.061 6293
375.075 6263
375.088 6292
375.102 6257
375.116 6288
375.129 6329
375.143 6275
375.156 6288
375.170 6285
375.184 6317
375.197 6278
375.211 6246
375.224 6274
375.238 6317
375.252 6281
375.265 6278
375.279 6231
375.292 6290
375.306 6265
375.320 6270
375.333 6276
375.347 6271
375.360 6287
375.374 6260
375.388 6265
375.401 6260
375.415 6308
375.428 6291
375.442 6290
375.456 6248
375.469 6281
375.483 6287
375.496 6289
375.510 6232
375.524 6281
375.537 6283
375.551 6290
375.564 6259
375.578 6282
375.591 6266
375.605 6279
375.619 6264
375.632 6298
375.646 6299
375.659 6295
375.673 6306
375.687 6263
375.700 6275
375.714 6311
375.727 6264
375.741 6276
375.755 6303
375.768 6291
375.782 6276
375.795 6295
375.809 6266
375.822 6285
375.836 6273
375.850 6285
375.863 6285
375.877 6289
375.890 6279
375.904 6270
375.918 6313
375.931 6295
375.945 6295
375.958 6271
375.972 6254
375.985 6318
375.999 6283
376.013 6314
376.026 6282
376.040 6261
376.053 6287
376.067 6291
376.080 6297
376.094 6284
376.108 6273
376.121 6289
376.135 6253
376.148 6287
376.162 6303
376.175 6260
376.189 6305
376.203 6286
376.216 6289
376.230 6286
376.243 6253
376.257 6273
376.270 6286
376.284 6355
376.298 6261
376.311 6286
376.325 6288
376.338 6246
376.352 6285
376.365 6279
376.379 6269
376.393 6309
376.406 6291
376.420 6236
376.433 6263
376.447 6294
376.460 6272
376.474 6275
376.487 6269
376.501 6286
376.515 6285
376.528 6314
376.542 6276
376.555 6273
376.569 6319
376.582 6309
376.596 6242
376.610 6246
376.623 6310
376.637 6303
376.650 6290
376.664 6287
376.677 6316
376.691 6279
376.704 6273
376.718 6289
376.732 6298
376.745 6301
376.759 6293
376.772 6286
376.786 6294
376.799 6299
376.813 6289
376.826 6258
376.840 6276
376.854 6261
376.867 6264
376.881 6237
376.894 6279
376.908 6285
376.921 6292
376.935 6272
376.948 6267
376.962 6298
376.975 6310
376.989 6279
377.003 6257
377.016 6310
377.030 6323
377.043 6281
377.057 6295
377.070 6294
377.084 6311
377.097 6292
377.111 6280
377.125 6249
377.138 6270
377.152 6328
377.165 6261
377.179 6267
377.192 6306
377.206 6247
377.219 6268
377.233 6299
377.246 6266
377.260 6314
377.273 6293
377.287 6283
377.301 6277
377.314 6290
377.328 6268
377.341 6286
377.355 6292
377.368 6288
377.382 6272
377.395 6286
377.409 6274
377.422 6300
377.436 6303
377.449 6273
377.463 6276
377.477 6335
377.490 6280
377.504 6256
377.517 6272
377.531 6321
377.544 6296
377.558 6252
377.571 6280
377.585 6315
377.598 6264
377.612 6247
377.625 6269
377.639 6266
377.652 6287
377.666 6317
377.679 6274
377.693 6271
377.707 6262
377.720 6296
377.734 6237
377.747 6273
377.761 6290
377.774 6296
377.788 6265
377.801 6256
377.815 6284
377.828 6327
377.842 6256
377.855 6270
377.869 6267
377.882 6284
377.896 6292
377.909 6292
377.923 6315
377.936 6317
377.950 6276
377.963 6273
377.977 6277
377.991 6292
378.004 6278
378.018 6272
378.031 6286
378.045 6284
378.058 6270
378.072 6291
378.085 6300
378.099 6298
378.112 6286
378.126 6286
378.139 6279
378.153 6322
378.166 6315
378.180 6311
378.193 6267
378.207 6291
378.220 6281
378.234 6303
378.247 6286
378.261 6303
378.274 6261
378.288 6304
378.301 6277
378.315 6287
378.328 6256
378.342 6341
378.355 6254
378.369 6287
378.382 6243
378.396 6280
378.409 6310
378.423 6311
378.436 6239
378.450 6277
378.463 6269
378.477 6242
378.490 6281
378.504 6301
378.517 6292
378.531 6286
378.544 6293
378.558 6276
378.571 6314
378.585 6305
378.598 6289
378.612 6298
378.625 6281
378.639 6273
378.652 6242
378.666 6295
378.679 6306
378.693 6279
378.706 6274
378.720 6267
378.733 6283
378.747 6288
378.760 6298
378.774 6288
378.787 6291
378.801 6292
378.814 6320
378.828 6276
378.841 6277
378.855 6327
378.868 6315
378.882 6300
378.895 6257
378.909 6301
378.922 6275
378.936 6279
378.949 6267
378.963 6269
378.976 6300
378.990 6270
379.003 6286
379.017 6295
379.030 6296
379.044 6279
379.057 6252
379.071 6306
379.084 6292
379.098 6305
379.111 6289
379.125 6284
379.138 6308
379.152 6295
379.165 6285
379.179 6288
379.192 6279
379.206 6292
379.219 6270
379.233 6291
379.246 6262
379.260 6265
379.273 6266
379.287 6281
379.300 6289
379.314 6266
379.327 6320
379.340 6257
379.354 6289
379.367 6322
379.381 6258
379.394 6257
379.408 6268
379.421 6293
379.435 6273
379.448 6261
379.462 6264
379.475 6269
379.489 6300
379.502 6273
379.516 6324
379.529 6287
379.543 6325
379.556 6263
379.570 6282
379.583 6264
379.597 6286
379.610 6275
379.623 6252
379.637 6313
379.650 6272
379.664 6264
379.677 6309
379.691 6302
379.704 6293
379.718 6317
379.731 6252
379.745 6270
379.758 6294
379.772 6300
379.785 6276
379.799 6276
379.812 6312
379.825 6283
379.839 6279
379.852 6298
379.866 6277
379.879 6307
379.893 6271
379.906 6265
379.920 6322
379.933 6303
379.947 6249
379.960 6251
379.974 6303
379.987 6265
380.000 6273
380.014 6254
380.027 6275
380.041 6315
380.054 6282
380.068 6276
380.081 6275
380.095 6300
380.108 6289
380.122 6292
380.135 6296
380.149 6281
380.162 6265
380.175 6253
380.189 6277
380.202 6265
380.216 6311
380.229 6268
380.243 6297
380.256 6268
380.270 6288
380.283 6284
380.297 6242
380.310 6286
380.323 6298
380.337 6271
380.350 6279
380.364 6298
380.377 6270
380.391 6285
380.404 6228
380.418 6270
380.431 6267
380.444 6283
380.458 6253
380.471 6284
380.485 6296
380.498 6283
380.512 6293
380.525 6248
380.539 6304
380.552 6280
380.565 6254
380.579 6290
380.592 6283
380.606 6283
380.619 6296
380.633 6272
380.646 6268
380.660 6282
380.673 6310
380.686 6240
380.700 6246
380.713 6301
380.727 6271
380.740 6267
380.754 6282
380.767 6280
380.781 6296
380.794 6268
380.807 6261
380.821 6281
380.834 6263
380.848 6244
380.861 6276
380.875 6304
380.888 6310
380.901 6288
380.915 6249
380.928 6283
380.942 6291
380.955 6276
380.969 6285
380.982 6287
380.995 6290
381.009 6280
381.022 6289
381.036 6250
381.049 6298
381.063 6302
381.076 6253
381.089 6266
381.103 6278
381.116 6301
381.130 6236
381.143 6316
381.157 6270
381.170 6294
381.183 6295
381.197 6268
381.210 6292
381.224 6295
381.237 6306
381.251 6276
381.264 6311
381.277 6320
381.291 6315
381.304 6256
381.318 6287
381.331 6307
381.345 6289
381.358 6291
381.371 6278
381.385 6304
381.398 6289
381.412 6263
381.425 6239
381.438 6287
381.452 6280
381.465 6248
381.479 6275
381.492 6282
381.506 6284
381.519 6237
381.532 6286
381.546 6244
381.559 6295
381.573 6268
381.586 6290
381.599 6263
381.613 6280
381.626 6278
381.640 6254
381.653 6316
381.667 6291
381.680 6339
381.693 6267
381.707 6286
381.720 6271
381.734 6310
381.747 6280
381.760 6286
381.774 6278
381.787 6254
381.801 6262
381.814 6282
381.827 6283
381.841 6322
381.854 6270
381.868 6300
381.881 6271
381.894 6286
381.908 6251
381.921 6302
381.935 6256
381.948 6276
381.961 6302
381.975 6269
381.988 6265
382.002 6293
382.015 6292
382.028 6261
382.042 6299
382.055 6295
382.069 6290
382.082 6270
382.095 6266
382.109 6260
382.122 6278
382.136 6295
382.149 6270
382.162 6312
382.176 6301
382.189 6290
382.203 6237
382.216 6261
382.229 6276
382.243 6270
382.256 6269
382.270 6232
382.283 6269
382.296 6276
382.310 6297
382.323 6275
382.337 6277
382.350 6290
382.363 6305
382.377 6266
382.390 6287
382.404 6351
382.417 6267
382.430 6259
382.444 6240
382.457 6250
382.471 6303
382.484 6307
382.497 6293
382.511 6304
382.524 6324
382.537 6303
382.551 6264
382.564 6305
382.578 6302
382.591 6273
382.604 6276
382.618 6271
382.631 6278
382.645 6255
382.658 6283
382.671 6281
382.685 6299
382.698 6293
382.711 6242
382.725 6261
382.738 6307
382.752 6337
382.765 6281
382.778 6319
382.792 6311
382.805 6274
382.818 6269
382.832 6249
382.845 6263
382.859 6302
382.872 6275
382.885 6306
382.899 6279
382.912 6304
382.925 6288
382.939 6293
382.952 6268
382.966 6289
382.979 6241
382.992 6304
383.006 6269
383.019 6267
383.032 6275
383.046 6251
383.059 6254
383.073 6288
383.086 6308
383.099 6293
383.113 6281
383.126 6250
383.139 6323
383.153 6265
383.166 6268
383.179 6296
383.193 6291
383.206 6280
383.220 6280
383.233 6270
383.246 6273
383.260 6295
383.273 6271
383.286 6264
383.300 6278
383.313 6308
383.327 6256
383.340 6259
383.353 6256
383.367 6288
383.380 6283
383.393 6277
383.407 6277
383.420 6305
383.433 6295
383.447 6284
383.460 6278
383.473 6284
383.487 6306
383.500 6276
383.514 6289
383.527 6324
383.540 6260
383.554 6295
383.567 6256
383.580 6258
383.594 6318
383.607 6290
383.620 6282
383.634 6276
383.647 6302
383.660 6296
383.674 6258
383.687 6308
383.701 6260
383.714 6254
383.727 6269
383.741 6271
383.754 6262
383.767 6316
383.781 6307
383.794 6269
383.807 6293
383.821 6229
383.834 6240
383.847 6281
383.861 6285
383.874 6306
383.887 6311
383.901 6308
383.914 6268
383.927 6268
383.941 6285
383.954 6308
383.967 6272
383.981 6324
383.994 6307
384.007 6287
384.021 6274
