379.928 10093
379.941 10068
379.955 10109
379.969 10163
379.982 9962
379.996 9977
380.010 10031
380.023 9991
380.037 9994
380.051 9957
380.064 9937
380.078 9856
380.092 9864
380.105 9887
380.119 9847
380.133 9791
380.146 9835
380.160 9761
380.174 9856
380.188 9835
380.201 9664
380.215 9730
380.229 9665
380.242 9580
380.256 9582
380.270 9622
380.283 9550
380.297 9648
380.311 9597
380.324 9551
380.338 9630
380.352 9609
380.365 9669
380.379 9518
380.393 9538
380.406 9656
380.420 9645
380.434 9632
380.447 9610
380.461 9723
380.475 9723
380.488 9711
380.502 9706
380.516 9722
380.529 9746
380.543 9721
380.557 9667
380.570 9704
380.584 9754
380.598 9689
380.611 9732
380.625 9920
380.639 9807
380.652 9674
380.666 9857
380.680 9744
380.693 9741
380.707 9858
380.721 9812
380.734 9844
380.748 9882
380.762 9822
380.775 9882
380.789 9924
380.803 9883
380.816 9825
380.830 9776
380.844 9818
380.857 9797
380.871 9899
380.885 9785
380.898 9844
380.912 9793
380.926 9858
380.939 9813
380.953 9723
380.967 9829
380.980 9835
380.994 9833
381.008 9713
381.021 9825
381.035 9724
381.049 9924
381.062 9872
381.076 9990
381.089 9958
381.103 9994
381.117 10003
381.130 9859
381.144 10099
381.158 10113
381.171 10105
381.185 10205
381.199 10110
381.212 10163
381.226 10301
381.240 10245
381.253 10330
381.267 10398
381.281 10454
381.294 10526
381.308 10716
381.321 10676
381.335 10660
381.349 10655
381.362 10795
381.376 10828
381.390 10691
381.403 10652
381.417 10688
381.431 10760
381.444 10869
381.458 10803
381.472 10945
381.485 10978
381.499 10962
381.512 11108
381.526 11197
381.540 11212
381.553 11448
381.567 11320
381.581 11436
381.594 11487
381.608 11462
381.622 11520
381.635 11766
381.649 11654
381.662 11801
381.676 11806
381.690 12017
381.703 12057
381.717 12157
381.731 12251
381.744 12294
381.758 12413
381.772 12651
381.785 12720
381.799 12700
381.812 12818
381.826 12836
381.840 12897
381.853 12917
381.867 13034
381.881 13077
381.894 13174
381.908 13407
381.921 13325
381.935 13553
381.949 13601
381.962 13664
381.976 13677
381.990 13834
382.003 13944
382.017 14187
382.030 14165
382.044 14446
382.058 14512
382.071 14573
382.085 14814
382.099 14927
382.112 15238
382.126 15212
382.139 15442
382.153 15511
382.167 15752
382.180 15837
382.194 15849
382.208 16056
382.221 16245
382.235 16509
382.248 16675
382.262 16867
382.276 17020
382.289 17293
382.303 17436
382.317 17694
382.330 17955
382.344 18045
382.357 18155
382.371 18480
382.385 18772
382.398 19054
382.412 19110
382.425 19525
382.439 19585
382.453 19855
382.466 20127
382.480 20413
382.493 20790
382.507 21055
382.521 21360
382.534 21343
382.548 21627
382.562 21863
382.575 22129
382.589 22831
382.602 22984
382.616 23490
382.630 23964
382.643 24140
382.657 24485
382.670 24692
382.684 24993
382.698 25349
382.711 25828
382.725 26447
382.738 26943
382.752 26742
382.766 26963
382.779 27363
382.793 28134
382.806 28667
382.820 29212
382.834 29412
382.847 30158
382.861 30314
382.874 30550
382.888 31121
382.902 31826
382.915 32094
382.929 32952
382.942 33294
382.956 33920
382.970 34243
382.983 34499
382.997 35262
383.010 36336
383.024 36506
383.038 37749
383.051 37729
383.065 38091
383.078 38902
383.092 39365
383.106 40174
383.119 40609
383.133 40880
383.146 41627
383.160 42217
383.174 43155
383.187 43439
383.201 43867
383.214 44451
383.228 45258
383.241 46117
383.255 46602
383.269 47400
383.282 47756
383.296 48954
383.309 49965
383.323 49846
383.337 50351
383.350 50755
383.364 51518
383.377 52134
383.391 53636
383.404 53962
383.418 54646
383.432 55139
383.445 55774
383.459 56471
383.472 56621
383.486 56862
383.500 57301
383.513 57790
383.527 58784
383.540 58842
383.554 58774
383.567 59705
383.581 60047
383.595 60533
383.608 60866
383.622 61472
383.635 61584
383.649 62199
383.662 62520
383.676 63026
383.690 63607
383.703 64310
383.717 64819
383.730 65543
383.744 65732
383.758 66443
383.771 66642
383.785 66882
383.798 67535
383.812 67535
383.825 67843
383.839 68204
383.853 67737
383.866 68218
383.880 68346
383.893 68953
383.907 68652
383.920 68996
383.934 69626
383.947 69904
383.961 69991
383.975 70636
383.988 71011
384.002 70630
384.015 70142
384.029 70638
384.042 71686
384.056 71309
384.070 71140
384.083 71408
384.097 71458
384.110 71389
384.124 71347
384.137 71213
384.151 71000
384.165 70982
384.178 70462
384.192 70528
384.205 70671
384.219 70619
384.232 70133
384.246 69926
384.259 69772
384.273 69420
384.287 69251
384.300 69450
384.314 68877
384.327 68842
384.341 68906
384.354 69403
384.368 69288
384.381 68983
384.395 69099
384.409 68840
384.422 68786
384.436 68254
384.449 67995
384.463 67803
384.476 66432
384.490 66599
384.503 66479
384.517 66245
384.531 66078
384.544 65703
384.558 65163
384.571 65252
384.585 65144
384.598 64954
384.612 64563
384.625 64536
384.639 64320
384.652 63765
384.666 64028
384.680 63599
384.693 63447
384.707 63250
384.720 63395
384.734 62733
384.747 62765
384.761 62470
384.774 61622
384.788 62194
384.801 61923
384.815 61561
384.829 61617
384.842 61666
384.856 61385
384.869 61721
384.883 61631
384.896 61072
384.910 60940
384.923 60763
384.937 60839
384.950 60617
384.964 60471
384.977 60695
384.991 61044
385.004 61049
385.018 60974
385.032 61120
385.045 61439
385.059 61781
385.072 61923
385.086 62012
385.099 62578
385.113 62769
385.126 62801
385.140 63132
385.153 64176
385.167 64418
385.180 64787
385.194 64829
385.207 65771
385.221 65550
385.235 66140
385.248 66201
385.262 66803
385.275 67296
385.289 67414
385.302 67520
385.316 68089
385.329 68519
385.343 68264
385.356 68874
385.370 68921
385.383 69534
385.397 69337
385.410 70251
385.424 69663
385.437 70670
385.451 70827
385.464 71064
385.478 71143
385.492 71782
385.505 71437
385.519 71289
385.532 71032
385.546 71162
385.559 71583
385.573 71832
385.586 72098
385.600 72284
385.613 72081
385.627 72432
385.640 72602
385.654 72893
385.667 72966
385.681 73162
385.694 72152
385.708 72594
385.721 72179
385.735 72328
385.748 73003
385.762 72985
385.775 72616
385.789 72334
385.802 72345
385.816 72450
385.829 72478
385.843 72059
385.856 72708
385.870 72741
385.883 72430
385.897 72901
385.910 72655
385.924 73065
385.937 73163
385.951 73410
385.965 72968
385.978 72910
385.992 73068
386.005 72969
386.019 72909
386.032 73432
386.046 73159
386.059 73270
386.073 72905
386.086 72833
386.100 73093
386.113 73134
386.127 73287
386.140 73249
386.154 73192
386.167 73796
386.181 73991
386.194 74088
386.208 74219
386.221 74183
386.235 74668
386.248 74325
386.262 74077
386.275 74109
386.289 73609
386.302 73538
386.316 73698
386.329 73637
386.343 73629
386.356 73917
386.370 74210
386.383 73613
386.397 74213
386.410 74416
386.424 74163
386.437 73944
386.450 73926
386.464 74383
386.477 74740
386.491 75282
386.504 75874
386.518 75911
386.531 75876
386.545 74772
386.558 74523
386.572 74206
386.585 74088
386.599 73950
386.612 74051
386.626 73874
386.639 74288
386.653 74666
386.666 74335
386.680 74050
386.693 73780
386.707 73372
386.720 73670
386.734 73680
386.747 73904
386.761 74012
386.774 73715
386.788 73448
386.801 73813
386.815 74069
386.828 73866
386.842 73633
386.855 73451
386.869 73516
386.882 73369
386.896 73480
386.909 73661
386.922 74427
386.936 74454
386.949 75071
386.963 75162
386.976 75201
386.990 74732
387.003 74713
387.017 74369
387.030 74642
387.044 74809
387.057 74855
387.071 74908
387.084 74824
387.098 74111
387.111 74464
387.125 74046
387.138 73728
387.152 73866
387.165 73763
387.178 73472
387.192 74111
387.205 74158
387.219 74179
387.232 74608
387.246 74626
387.259 75056
387.273 74466
387.286 74556
387.300 74770
387.313 74590
387.327 74000
387.340 73700
387.354 73783
387.367 72855
387.380 73234
387.394 72870
387.407 73323
387.421 73386
387.434 73240
387.448 73329
387.461 73653
387.475 73398
387.488 73240
387.502 72946
387.515 72442
387.529 72632
387.542 72478
387.555 72458
387.569 72456
387.582 72530
387.596 72478
387.609 72321
387.623 72492
387.636 72352
387.650 72339
387.663 72592
387.677 72630
387.690 72738
387.704 73057
387.717 73167
387.730 72943
387.744 72647
387.757 72266
387.771 72148
387.784 71523
387.798 71893
387.811 72947
387.825 72721
387.838 72236
387.851 72780
387.865 72240
387.878 72311
387.892 72253
387.905 72168
387.919 72509
387.932 71769
387.946 71459
387.959 71967
387.973 72060
387.986 72148
387.999 72057
388.013 72646
388.026 72266
388.040 72241
388.053 72123
388.067 71831
388.080 72318
388.094 72801
388.107 73018
388.120 72593
388.134 72353
388.147 71625
388.161 71633
388.174 72177
388.188 72745
388.201 72050
388.214 71881
388.228 72529
388.241 73016
388.255 73120
388.268 73057
388.282 72468
388.295 72083
388.309 71887
388.322 71188
388.335 71354
388.349 71404
388.362 70774
388.376 70886
388.389 70796
388.403 71388
388.416 71111
388.429 71121
388.443 70816
388.456 71027
388.470 70520
388.483 71371
388.497 71186
388.510 71618
388.523 71829
388.537 71966
388.550 71568
388.564 71467
388.577 71806
388.591 71573
388.604 72163
388.617 72208
388.631 72011
388.644 71740
388.658 71429
388.671 70713
388.685 70220
388.698 70248
388.711 70484
388.725 70266
388.738 70427
388.752 70844
388.765 69990
388.779 70067
388.792 70326
388.805 70762
388.819 70500
388.832 70323
388.846 70289
388.859 70207
388.873 70147
388.886 69782
388.899 70028
388.913 70352
388.926 70636
388.940 70369
388.953 70437
388.966 70312
388.980 70296
388.993 70305
389.007 70059
389.020 69832
389.034 69514
389.047 69064
389.060 68774
389.074 68959
389.087 68856
389.101 68842
389.114 69104
389.127 68934
389.141 68756
389.154 68945
389.168 68622
389.181 69300
389.194 69025
389.208 69511
389.221 69259
389.235 69206
389.248 69306
389.262 69255
389.275 69382
389.288 69946
389.302 69726
389.315 69945
389.329 70452
389.342 70290
389.355 71076
389.369 69621
389.382 69140
389.396 68767
389.409 68262
389.422 67697
389.436 67790
389.449 68203
389.463 68318
389.476 68058
389.489 67993
389.503 68109
389.516 68367
389.530 68575
389.543 67766
389.556 67664
389.570 68409
389.583 68652
389.597 68737
389.610 68671
389.623 68619
389.637 69319
389.650 69074
389.664 68987
389.677 68697
389.690 69015
389.704 68848
389.717 68607
389.731 68006
389.744 67575
389.757 67400
389.771 67844
389.784 67940
389.798 67206
389.811 66784
389.824 67156
389.838 66668
389.851 66829
389.864 67065
389.878 67407
389.891 66709
389.905 66586
389.918 67308
389.931 67243
389.945 66562
389.958 66480
389.972 66543
389.985 66712
389.998 66532
390.012 66809
390.025 66695
390.038 66765
390.052 66692
390.065 66430
390.079 66760
390.092 66325
390.105 66201
390.119 66589
390.132 66420
390.146 66358
390.159 66204
390.172 66017
390.186 65981
390.199 65649
390.212 65398
390.226 65163
390.239 65487
390.253 65336
390.266 65374
390.279 65424
390.293 65066
390.306 65099
390.319 65443
390.333 65981
390.346 66154
390.360 66336
390.373 66287
390.386 65632
390.400 64926
390.413 64833
390.426 65072
390.440 65416
390.453 64827
390.467 64931
390.480 64862
390.493 64836
390.507 64972
390.520 64203
390.533 64137
390.547 63903
390.560 63923
390.574 63579
390.587 64237
390.600 64768
390.614 64930
390.627 64808
390.640 64632
390.654 64446
390.667 64325
390.680 64155
390.694 64498
390.707 64779
390.721 65173
390.734 64572
390.747 65091
390.761 64512
390.774 64776
390.787 64571
390.801 64203
390.814 64138
390.827 63470
390.841 64113
390.854 63658
390.868 63163
390.881 62821
390.894 63132
390.908 63684
390.921 63953
390.934 64082
390.948 64291
390.961 63510
390.974 63357
390.988 62852
391.001 62381
391.014 62847
391.028 62700
391.041 62419
391.055 62692
391.068 62848
391.081 63417
391.095 63457
391.108 63492
391.121 63871
391.135 62811
391.148 62518
391.161 61900
391.175 61619
391.188 61680
391.201 61740
391.215 61783
391.228 61841
391.241 61621
391.255 61188
391.268 61341
391.281 61793
391.295 62150
391.308 61719
391.322 62223
391.335 62212
391.348 62269
391.362 61878
391.375 62025
391.388 61721
391.402 61474
391.415 61451
391.428 60677
391.442 61153
391.455 60721
391.468 60725
391.482 60954
391.495 60683
391.508 61084
391.522 61000
391.535 60947
391.548 61035
391.562 60626
391.575 60434
391.588 60482
391.602 60696
391.615 60180
391.628 59940
391.642 59895
391.655 60552
391.668 59613
391.682 60212
391.695 59802
391.708 60680
391.722 60623
391.735 60263
391.748 60084
391.762 59968
391.775 60170
391.788 59630
391.802 59491
391.815 59317
391.828 59428
391.842 59242
391.855 59701
391.868 59789
391.882 59965
391.895 59996
391.908 59773
391.922 59486
391.935 59390
391.948 58745
391.962 59304
391.975 58707
391.988 58994
392.002 58644
392.015 59221
392.028 58763
392.042 58738
392.055 58805
392.068 58686
392.082 59267
392.095 58891
392.108 59496
392.121 59186
392.135 58441
392.148 58439
392.161 57843
392.175 57705
392.188 57356
392.201 57265
392.215 57097
392.228 57336
392.241 57581
392.255 57547
392.268 57629
392.281 57251
392.295 56945
392.308 56594
392.321 56206
392.335 56877
392.348 56384
392.361 56839
392.375 57398
392.388 56833
392.401 56791
392.414 56082
392.428 56416
392.441 56328
392.454 55946
392.468 56020
392.481 55950
392.494 55459
392.508 55975
392.521 56908
392.534 56993
392.548 56365
392.561 56164
392.574 56268
392.587 55944
392.601 55941
392.614 55979
392.627 55666
392.641 55427
392.654 54798
392.667 55354
392.681 55063
392.694 55056
392.707 54834
392.721 54852
392.734 54714
392.747 54886
392.760 54449
392.774 54544
392.787 54563
392.800 54576
392.814 54132
392.827 54377
392.840 54801
392.854 55049
392.867 55209
392.880 55536
392.893 55494
392.907 54803
392.920 54149
392.933 53659
392.947 53536
392.960 53568
392.973 53628
392.986 53780
393.000 53631
393.013 54007
393.026 53755
393.040 53517
393.053 53475
393.066 53728
393.080 54219
393.093 54335
393.106 53723
393.119 53469
393.133 52970
393.146 53574
393.159 53549
393.173 53829
393.186 53470
393.199 52752
393.212 52245
393.226 52682
393.239 52518
393.252 52893
393.266 53426
393.279 53732
393.292 53485
393.305 52696
393.319 52746
393.332 52600
393.345 52249
393.359 51941
393.372 52191
393.385 52057
393.398 51718
393.412 51525
393.425 51199
393.438 51270
393.452 51258
393.465 51254
393.478 51246
393.491 51389
393.505 51099
393.518 51204
393.531 51168
393.545 50932
393.558 51056
393.571 50814
393.584 50956
393.598 50482
393.611 50749
393.624 50909
393.637 50607
393.651 50815
393.664 50359
393.677 50366
393.691 49913
393.704 50195
393.717 50777
393.730 50766
393.744 50715
393.757 50901
393.770 50847
393.783 50981
393.797 50543
393.810 49576
393.823 49167
393.837 48609
393.850 49109
393.863 48929
393.876 49206
393.890 49429
393.903 49501
393.916 49283
393.929 49746
393.943 49694
393.956 49498
393.969 49773
393.982 49581
393.996 49506
394.009 49758
394.022 49753
394.036 49278
394.049 49441
394.062 48791
394.075 48230
394.089 47649
394.102 47873
394.115 47679
394.128 47578
394.142 47457
394.155 47752
394.168 47363
394.181 47441
394.195 47185
394.208 47105
394.221 47099
394.234 46984
394.248 46459
394.261 46755
394.274 46961
394.287 47214
394.301 47234
394.314 47053
394.327 46790
394.340 46347
394.354 46865
394.367 46714
394.380 46867
394.393 47015
394.407 46555
394.420 46649
394.433 46338
394.446 46312
394.460 46173
394.473 45865
394.486 45992
394.499 45926
394.513 46259
394.526 46220
394.539 46504
394.552 46615
394.566 46777
394.579 47025
394.592 46814
394.605 46350
394.619 46492
394.632 46488
394.645 45900
394.658 45586
394.672 44939
394.685 44725
394.698 44717
394.711 44657
394.725 44105
394.738 44264
394.751 44366
394.764 44274
394.778 44424
394.791 44616
394.804 44715
394.817 44579
394.831 44467
394.844 44314
394.857 44581
394.870 44227
394.883 44284
394.897 43962
394.910 43681
394.923 43380
394.936 43372
394.950 43128
394.963 43104
394.976 43067
394.989 43134
395.003 42968
395.016 42606
395.029 43071
395.042 43552
395.056 43471
395.069 43476
395.082 43768
395.095 43293
395.108 43009
395.122 42868
395.135 42925
395.148 42751
395.161 42643
395.175 42034
395.188 42307
395.201 42028
395.214 41924
395.228 41981
395.241 42120
395.254 42433
395.267 42534
395.280 42723
395.294 42660
395.307 42091
395.320 41901
395.333 41384
395.347 41302
395.360 41263
395.373 41384
395.386 41299
395.399 41166
395.413 41017
395.426 40846
395.439 40527
395.452 40099
395.466 40319
395.479 40577
395.492 40348
395.505 40529
395.518 40223
395.532 40343
395.545 40123
395.558 40511
395.571 40225
395.584 40049
395.598 40098
395.611 40070
395.624 40011
395.637 39499
395.651 39836
395.664 39893
395.677 39982
395.690 39702
395.703 39820
395.717 39840
395.730 39809
395.743 39474
395.756 38938
395.769 38998
395.783 38777
395.796 38697
395.809 38485
395.822 38953
395.835 38545
395.849 38973
395.862 38711
395.875 38694
395.888 38942
395.902 38934
395.915 38621
395.928 38325
395.941 38331
395.954 38260
395.968 38308
395.981 37830
395.994 38153
396.007 38119
396.020 38080
396.034 38047
396.047 37581
396.060 37779
396.073 37569
396.086 37376
396.100 37782
396.113 37165
396.126 37575
396.139 37234
396.152 37565
396.166 37579
396.179 37244
396.192 37151
396.205 36871
396.218 36923
396.232 36880
396.245 37031
396.258 36896
396.271 36674
396.284 36689
396.298 36268
396.311 36578
396.324 36813
396.337 36783
396.350 36774
396.363 36968
396.377 36393
396.390 36462
396.403 36593
396.416 36306
396.429 36188
396.443 36154
396.456 36001
396.469 36022
396.482 35615
396.495 35802
396.509 36119
396.522 35919
396.535 35818
396.548 35775
396.561 35473
396.574 35281
396.588 35606
396.601 35156
396.614 34969
396.627 34978
396.640 34764
396.654 34628
396.667 34513
396.680 34392
396.693 34186
396.706 34279
396.719 34199
396.733 34054
396.746 34173
396.759 34336
396.772 34095
396.785 33998
396.799 34137
396.812 34239
396.825 33972
396.838 33872
396.851 33925
396.864 33945
396.878 33774
396.891 33898
396.904 33676
396.917 33577
396.930 33529
396.944 33815
396.957 33499
396.970 33485
396.983 33753
396.996 33607
397.009 33677
397.023 33599
397.036 33427
397.049 33201
397.062 33267
397.075 33452
397.088 33311
397.102 32872
397.115 32937
397.128 32840
397.141 32548
397.154 32278
397.167 32122
397.181 31664
397.194 31764
397.207 31734
397.220 31786
397.233 31469
397.246 31322
397.260 31323
397.273 31241
397.286 31414
397.299 31512
397.312 31580
397.325 31354
397.339 31606
397.352 31460
397.365 31133
397.378 31397
397.391 31426
397.404 31403
397.417 31240
397.431 31384
397.444 31236
397.457 31213
397.470 31193
397.483 31007
397.496 31100
397.510 31057
397.523 30904
397.536 30981
397.549 30861
397.562 30429
397.575 30561
397.589 30541
397.602 30549
397.615 30431
397.628 30253
397.641 30175
397.654 30432
397.667 30421
397.681 30389
397.694 30228
397.707 29989
397.720 29714
397.733 29780
397.746 29899
397.759 29530
397.773 29335
397.786 29550
397.799 29548
397.812 29446
397.825 29334
397.838 29322
397.852 29534
397.865 29218
397.878 29328
397.891 29208
