379.928 7063
379.941 7083
379.955 7094
379.969 7108
379.982 7044
379.996 7118
380.010 7117
380.023 7087
380.037 7068
380.051 7078
380.064 7115
380.078 7103
380.092 7092
380.105 7075
380.119 7060
380.133 7058
380.146 7024
380.160 7040
380.174 7045
380.188 7051
380.201 7025
380.215 7030
380.229 7080
380.242 7059
380.256 7034
380.270 7047
380.283 7036
380.297 7013
380.311 7023
380.324 6963
380.338 7022
380.352 7005
380.365 6989
380.379 6957
380.393 6981
380.406 7027
380.420 6999
380.434 6989
380.447 7029
380.461 6974
380.475 6983
380.488 7010
380.502 6923
380.516 6984
380.529 6956
380.543 6955
380.557 6993
380.570 7013
380.584 6979
380.598 6964
380.611 6968
380.625 6966
380.639 6911
380.652 6924
380.666 6957
380.680 6905
380.693 6936
380.707 6993
380.721 6898
380.734 6932
380.748 6970
380.762 6894
380.775 6920
380.789 6926
380.803 6939
380.816 6928
380.830 6883
380.844 6904
380.857 6863
380.871 6877
380.885 6898
380.898 6855
380.912 6839
380.926 6877
380.939 6819
380.953 6872
380.967 6880
380.980 6781
380.994 6802
381.008 6785
381.021 6843
381.035 6770
381.049 6760
381.062 6864
381.076 6805
381.089 6795
381.103 6854
381.117 6799
381.130 6782
381.144 6844
381.158 6803
381.171 6788
381.185 6806
381.199 6784
381.212 6803
381.226 6750
381.240 6748
381.253 6733
381.267 6808
381.281 6809
381.294 6739
381.308 6736
381.321 6793
381.335 6782
381.349 6779
381.362 6809
381.376 6828
381.390 6733
381.403 6751
381.417 6725
381.431 6702
381.444 6687
381.458 6700
381.472 6653
381.485 6677
381.499 6783
381.512 6719
381.526 6711
381.540 6716
381.553 6673
381.567 6712
381.581 6725
381.594 6704
381.608 6649
381.622 6690
381.635 6718
381.649 6655
381.662 6675
381.676 6692
381.690 6671
381.703 6683
381.717 6731
381.731 6671
381.744 6653
381.758 6662
381.772 6659
381.785 6744
381.799 6667
381.812 6693
381.826 6650
381.840 6651
381.853 6641
381.867 6598
381.881 6630
381.894 6690
381.908 6648
381.921 6582
381.935 6667
381.949 6604
381.962 6615
381.976 6618
381.990 6614
382.003 6606
382.017 6584
382.030 6645
382.044 6552
382.058 6607
382.071 6578
382.085 6572
382.099 6560
382.112 6646
382.126 6576
382.139 6556
382.153 6594
382.167 6572
382.180 6603
382.194 6581
382.208 6614
382.221 6540
382.235 6572
382.248 6557
382.262 6558
382.276 6544
382.289 6607
382.303 6539
382.317 6520
382.330 6574
382.344 6579
382.357 6549
382.371 6549
382.385 6596
382.398 6518
382.412 6555
382.425 6591
382.439 6544
382.453 6566
382.466 6544
382.480 6528
382.493 6486
382.507 6586
382.521 6488
382.534 6519
382.548 6515
382.562 6546
382.575 6531
382.589 6516
382.602 6565
382.616 6519
382.630 6531
382.643 6522
382.657 6474
382.670 6496
382.684 6529
382.698 6461
382.711 6509
382.725 6536
382.738 6475
382.752 6542
382.766 6491
382.779 6527
382.793 6520
382.806 6527
382.820 6554
382.834 6495
382.847 6539
382.861 6579
382.874 6518
382.888 6503
382.902 6585
382.915 6505
382.929 6509
382.942 6549
382.956 6535
382.970 6491
382.983 6506
382.997 6546
383.010 6525
383.024 6540
383.038 6539
383.051 6473
383.065 6536
383.078 6522
383.092 6544
383.106 6515
383.119 6506
383.133 6547
383.146 6563
383.160 6533
383.174 6567
383.187 6557
383.201 6520
383.214 6573
383.228 6539
383.241 6552
383.255 6607
383.269 6554
383.282 6579
383.296 6609
383.309 6569
383.323 6572
383.337 6592
383.350 6650
383.364 6573
383.377 6587
383.391 6616
383.404 6616
383.418 6645
383.432 6650
383.445 6616
383.459 6638
383.472 6684
383.486 6587
383.500 6609
383.513 6692
383.527 6641
383.540 6648
383.554 6644
383.567 6675
383.581 6693
383.595 6684
383.608 6757
383.622 6729
383.635 6752
383.649 6818
383.662 6752
383.676 6764
383.690 6810
383.703 6821
383.717 6807
383.730 6836
383.744 6944
383.758 6921
383.771 6950
383.785 6936
383.798 6972
383.812 7004
383.825 7029
383.839 7043
383.853 7098
383.866 7166
383.880 7194
383.893 7304
383.907 7354
383.920 7324
383.934 7396
383.947 7544
383.961 7509
383.975 7648
383.988 7763
384.002 7770
384.015 7892
384.029 8041
384.042 8210
384.056 8331
384.070 8427
384.083 8539
384.097 8668
384.110 8812
384.124 9053
384.137 9296
384.151 9358
384.165 9630
384.178 9976
384.192 10038
384.205 10412
384.219 10691
384.232 10951
384.246 11245
384.259 11688
384.273 11960
384.287 12384
384.300 12794
384.314 13438
384.327 13926
384.341 14349
384.354 15040
384.368 15604
384.381 16341
384.395 16861
384.409 17525
384.422 18074
384.436 18929
384.449 19798
384.463 20350
384.476 20933
384.490 21797
384.503 22396
384.517 23234
384.531 24119
384.544 24965
384.558 25587
384.571 26856
384.585 27440
384.598 28426
384.612 29072
384.625 29846
384.639 30502
384.652 31391
384.666 31904
384.680 32736
384.693 33612
384.707 34333
384.720 34666
384.734 35499
384.747 35944
384.761 36395
384.774 37084
384.788 37395
384.801 38139
384.815 38534
384.829 38981
384.842 39062
384.856 40198
384.869 40275
384.883 40702
384.896 40740
384.910 41273
384.923 41043
384.937 41565
384.950 42387
384.964 42711
384.977 42925
384.991 43302
385.004 43573
385.018 44179
385.032 44633
385.045 45133
385.059 45665
385.072 46144
385.086 46680
385.099 47063
385.113 47348
385.126 47919
385.140 48285
385.153 48734
385.167 48830
385.180 49729
385.194 49746
385.207 50006
385.221 50428
385.235 51139
385.248 51083
385.262 51640
385.275 52010
385.289 52080
385.302 52431
385.316 52533
385.329 52732
385.343 53326
385.356 53056
385.370 53429
385.383 53678
385.397 54074
385.410 54125
385.424 54708
385.437 54902
385.451 55410
385.464 55171
385.478 55508
385.492 56024
385.505 55885
385.519 55781
385.532 55755
385.546 55830
385.559 56300
385.573 56403
385.586 56526
385.600 56405
385.613 56554
385.627 56654
385.640 57295
385.654 57739
385.667 57630
385.681 57298
385.694 57320
385.708 57179
385.721 57457
385.735 57682
385.748 58181
385.762 57909
385.775 58305
385.789 57615
385.802 57798
385.816 58115
385.829 57843
385.843 57836
385.856 57976
385.870 58216
385.883 58101
385.897 58389
385.910 58017
385.924 58347
385.937 58311
385.951 58492
385.965 58809
385.978 57953
385.992 58212
386.005 58662
386.019 58688
386.032 58540
386.046 58579
386.059 58779
386.073 58727
386.086 58676
386.100 58364
386.113 58672
386.127 58596
386.140 58563
386.154 58857
386.167 59325
386.181 60063
386.194 59984
386.208 59651
386.221 60253
386.235 60000
386.248 59721
386.262 59552
386.275 60003
386.289 59739
386.302 59399
386.316 59284
386.329 59865
386.343 59991
386.356 60094
386.370 59816
386.383 59877
386.397 60224
386.410 60232
386.424 60192
386.437 59938
386.450 60284
386.464 60607
386.477 60995
386.491 60563
386.504 61302
386.518 61282
386.531 61324
386.545 60502
386.558 60362
386.572 60274
386.585 59894
386.599 60034
386.612 59774
386.626 59832
386.639 60022
386.653 59997
386.666 59809
386.680 60083
386.693 59505
386.707 59486
386.720 59239
386.734 60118
386.747 60263
386.761 60324
386.774 60261
386.788 59960
386.801 59854
386.815 59959
386.828 59867
386.842 60070
386.855 59814
386.869 60119
386.882 60347
386.896 59297
386.909 60291
386.922 60554
386.936 61092
386.949 60842
386.963 61485
386.976 61139
386.990 61033
387.003 60714
387.017 61072
387.030 61005
387.044 61384
387.057 61310
387.071 61085
387.084 61242
387.098 60988
387.111 61241
387.125 60136
387.138 60331
387.152 59577
387.165 59647
387.178 59669
387.192 60035
387.205 60115
387.219 60240
387.232 60775
387.246 61013
387.259 61265
387.273 60646
387.286 60728
387.300 61136
387.313 60238
387.327 59809
387.340 59776
387.354 59715
387.367 59361
387.380 58796
387.394 58882
387.407 59200
387.421 59502
387.434 59479
387.448 59537
387.461 59905
387.475 60449
387.488 59595
387.502 59027
387.515 58965
387.529 59106
387.542 59168
387.555 58754
387.569 59225
387.582 58882
387.596 58949
387.609 59167
387.623 59113
387.636 58686
387.650 58959
387.663 59016
387.677 59130
387.690 59442
387.704 59455
387.717 58961
387.730 59067
387.744 58952
387.757 58680
387.771 58320
387.784 58209
387.798 58611
387.811 59315
387.825 59589
387.838 58952
387.851 58956
387.865 58925
387.878 59225
387.892 59349
387.905 59265
387.919 59322
387.932 58570
387.946 58634
387.959 58951
387.973 58773
387.986 59172
387.999 59210
388.013 59300
388.026 59192
388.040 59118
388.053 58800
388.067 58761
388.080 58496
388.094 58976
388.107 59249
388.120 59223
388.134 58986
388.147 58365
388.161 58760
388.174 59285
388.188 59202
388.201 58878
388.214 58482
388.228 58538
388.241 59256
388.255 59129
388.268 58945
388.282 58619
388.295 57996
388.309 58038
388.322 57870
388.335 58232
388.349 58340
388.362 57811
388.376 57599
388.389 58079
388.403 58464
388.416 58151
388.429 58051
388.443 57457
388.456 57729
388.470 57753
388.483 57874
388.497 58272
388.510 58576
388.523 58806
388.537 58572
388.550 58219
388.564 58124
388.577 58248
388.591 58378
388.604 58598
388.617 58243
388.631 58348
388.644 57913
388.658 57940
388.671 57574
388.685 57447
388.698 57352
388.711 57358
388.725 56905
388.738 57238
388.752 57261
388.765 57063
388.779 56752
388.792 56651
388.805 56784
388.819 56528
388.832 56798
388.846 57117
388.859 56970
388.873 57228
388.886 57122
388.899 57009
388.913 57406
388.926 57485
388.940 57004
388.953 56969
388.966 57130
388.980 57132
388.993 57291
389.007 57271
389.020 57218
389.034 57061
389.047 56463
389.060 56303
389.074 56237
389.087 56620
389.101 56199
389.114 56272
389.127 56338
389.141 56670
389.154 56301
389.168 56148
389.181 56332
389.194 56388
389.208 56043
389.221 56385
389.235 56433
389.248 56142
389.262 56451
389.275 57200
389.288 57397
389.302 57256
389.315 57656
389.329 58214
389.342 58400
389.355 58001
389.369 57301
389.382 56959
389.396 55932
389.409 55367
389.422 55146
389.436 55403
389.449 55251
389.463 55423
389.476 55483
389.489 55534
389.503 55640
389.516 55847
389.530 55761
389.543 55405
389.556 55575
389.570 56244
389.583 56580
389.597 56447
389.610 56196
389.623 56400
389.637 56758
389.650 56931
389.664 56497
389.677 56620
389.690 56682
389.704 56570
389.717 56148
389.731 55099
389.744 55228
389.757 55139
389.771 55549
389.784 55401
389.798 54742
389.811 54311
389.824 54257
389.838 54320
389.851 54334
389.864 54519
389.878 54960
389.891 54835
389.905 54854
389.918 54775
389.931 54759
389.945 54499
389.958 53947
389.972 54184
389.985 54168
389.998 54175
390.012 54420
390.025 54472
390.038 54256
390.052 54177
390.065 54646
390.079 54354
390.092 54115
390.105 54066
390.119 54385
390.132 54605
390.146 53534
390.159 53608
390.172 53346
390.186 53691
390.199 53224
390.212 53193
390.226 52885
390.239 53124
390.253 53479
390.266 52970
390.279 52844
390.293 52962
390.306 53307
390.319 53183
390.333 53845
390.346 54093
390.360 54204
390.373 53965
390.386 53892
390.400 53307
390.413 53199
390.426 53256
390.440 53150
390.453 52811
390.467 53008
390.480 52899
390.493 53243
390.507 52838
390.520 52564
390.533 52273
390.547 52644
390.560 52084
390.574 51961
390.587 52504
390.600 52786
390.614 52900
390.627 52820
390.640 52592
390.654 52264
390.667 52199
390.680 52430
390.694 52531
390.707 52526
390.721 52511
390.734 52589
390.747 52583
390.761 52769
390.774 52657
390.787 51955
390.801 52483
390.814 52189
390.827 52226
390.841 51716
390.854 51600
390.868 51438
390.881 51596
390.894 51764
390.908 52371
390.921 53108
390.934 52642
390.948 52233
390.961 52466
390.974 51824
390.988 51626
391.001 50894
391.014 50858
391.028 50953
391.041 51214
391.055 51014
391.068 51121
391.081 51678
391.095 52047
391.108 52134
391.121 52020
391.135 51566
391.148 51177
391.161 50681
391.175 50075
391.188 50159
391.201 50234
391.215 50030
391.228 49974
391.241 49978
391.255 50030
391.268 49914
391.281 50324
391.295 50231
391.308 50363
391.322 50527
391.335 50483
391.348 50761
391.362 50624
391.375 50773
391.388 50434
391.402 49993
391.415 50110
391.428 50203
391.442 49724
391.455 49995
391.468 49768
391.482 49566
391.495 49706
391.508 49691
391.522 49484
391.535 49799
391.548 49793
391.562 49370
391.575 49362
391.588 49578
391.602 49329
391.615 48732
391.628 48932
391.642 48614
391.655 48927
391.668 49268
391.682 49130
391.695 49486
391.708 49832
391.722 49860
391.735 49724
391.748 49759
391.762 48995
391.775 49099
391.788 48709
391.802 47984
391.815 48306
391.828 48333
391.842 48210
391.855 48207
391.868 48187
391.882 48614
391.895 48677
391.908 48309
391.922 48379
391.935 48274
391.948 47889
391.962 48116
391.975 48407
391.988 48315
392.002 48323
392.015 48502
392.028 48168
392.042 48086
392.055 48332
392.068 48318
392.082 48463
392.095 48547
392.108 48834
392.121 48457
392.135 47947
392.148 48049
392.161 47835
392.175 47907
392.188 47186
392.201 46576
392.215 46877
392.228 47038
392.241 47113
392.255 46918
392.268 47071
392.281 46526
392.295 45916
392.308 46391
392.321 45945
392.335 45774
392.348 45696
392.361 46047
392.375 46093
392.388 45677
392.401 45969
392.414 45918
392.428 45989
392.441 45813
392.454 45680
392.468 45438
392.481 45721
392.494 45098
392.508 45500
392.521 46187
392.534 46248
392.548 45715
392.561 46039
392.574 45570
392.587 45516
392.601 45377
392.614 45423
392.627 45221
392.641 45062
392.654 45118
392.667 44941
392.681 44997
392.694 44539
392.707 44419
392.721 44399
392.734 44524
392.747 44294
392.760 44561
392.774 44700
392.787 44413
392.800 44414
392.814 44568
392.827 44575
392.840 44907
392.854 44815
392.867 45341
392.880 45752
392.893 45805
392.907 45382
392.920 44524
392.933 44255
392.947 44088
392.960 43730
392.973 44183
392.986 44051
393.000 44158
393.013 43840
393.026 44031
393.040 43796
393.053 43781
393.066 43905
393.080 44309
393.093 44539
393.106 44384
393.119 43634
393.133 43455
393.146 44096
393.159 44049
393.173 44038
393.186 43585
393.199 43353
393.212 42504
393.226 42678
393.239 42987
393.252 43334
393.266 43282
393.279 43838
393.292 43845
393.305 43413
393.319 43490
393.332 43115
393.345 42936
393.359 42934
393.372 43108
393.385 42874
393.398 42947
393.412 41996
393.425 41917
393.438 41885
393.452 42336
393.465 42086
393.478 42049
393.491 42025
393.505 41618
393.518 42274
393.531 41782
393.545 41840
393.558 41988
393.571 41617
393.584 41630
393.598 41639
393.611 41450
393.624 41365
393.637 41573
393.651 41726
393.664 41191
393.677 41102
393.691 40904
393.704 41071
393.717 41185
393.730 41374
393.744 41702
393.757 41832
393.770 41806
393.783 41364
393.797 41495
393.810 40884
393.823 40389
393.837 40059
393.850 40423
393.863 40176
393.876 40296
393.890 40501
393.903 40570
393.916 40802
393.929 40654
393.943 40510
393.956 40523
393.969 40650
393.982 40517
393.996 40575
394.009 40665
394.022 40482
394.036 40365
394.049 40342
394.062 39795
394.075 39524
394.089 38942
394.102 38721
394.115 38910
394.128 38950
394.142 38936
394.155 38810
394.168 38695
394.181 38673
394.195 38274
394.208 38294
394.221 38339
394.234 38494
394.248 38180
394.261 38153
394.274 38429
394.287 38572
394.301 38656
394.314 38452
394.327 38421
394.340 38249
394.354 38489
394.367 38125
394.380 38371
394.393 38337
394.407 38045
394.420 37896
394.433 37903
394.446 37653
394.460 37624
394.473 37671
394.486 37840
394.499 37476
394.513 37508
394.526 37568
394.539 37899
394.552 38024
394.566 38135
394.579 38401
394.592 38258
394.605 38052
394.619 37860
394.632 38007
394.645 37254
394.658 37047
394.672 36994
394.685 36661
394.698 36748
394.711 36401
394.725 36429
394.738 36333
394.751 36358
394.764 36620
394.778 36562
394.791 36332
394.804 36394
394.817 36292
394.831 36336
394.844 36394
394.857 36271
394.870 36131
394.883 35977
394.897 35850
394.910 35496
394.923 35295
394.936 35489
394.950 35178
394.963 34900
394.976 34754
394.989 35129
395.003 35105
395.016 35118
395.029 35283
395.042 35581
395.056 35547
395.069 35572
395.082 35495
395.095 35618
395.108 35307
395.122 35289
395.135 34898
395.148 35079
395.161 34880
395.175 34237
395.188 34473
395.201 34474
395.214 34286
395.228 34584
395.241 34667
395.254 35070
395.267 35020
395.280 35119
395.294 34858
395.307 34896
395.320 34213
395.333 34107
395.347 34051
395.360 34013
395.373 33535
395.386 33885
395.399 33849
395.413 33765
395.426 33391
395.439 33347
395.452 33049
395.466 32978
395.479 33169
395.492 33147
395.505 33405
395.518 33145
395.532 33057
395.545 33023
395.558 33011
395.571 32929
395.584 32906
395.598 32905
395.611 32782
395.624 32778
395.637 32542
395.651 32768
395.664 32601
395.677 32697
395.690 32760
395.703 32805
395.717 32690
395.730 32577
395.743 32542
395.756 32390
395.769 32087
395.783 31922
395.796 31612
395.809 31615
395.822 31577
395.835 31851
395.849 31633
395.862 31889
395.875 31703
395.888 31488
395.902 31630
395.915 31580
395.928 31598
395.941 31260
395.954 31110
395.968 31123
395.981 30972
395.994 31171
396.007 31007
396.020 30917
396.034 30936
396.047 31007
396.060 30876
396.073 30844
396.086 30730
396.100 30710
396.113 30812
396.126 30891
396.139 30817
396.152 30816
396.166 30785
396.179 30779
396.192 30674
396.205 30604
396.218 30530
396.232 30596
396.245 30624
396.258 30428
396.271 30365
396.284 29987
396.298 30002
396.311 30270
396.324 29899
396.337 30240
396.350 30180
396.363 30439
396.377 30149
396.390 29937
396.403 29601
396.416 29832
396.429 29758
396.443 29701
396.456 29480
396.469 29440
396.482 29545
396.495 29515
396.509 29612
396.522 29489
396.535 29333
396.548 29434
396.561 29201
396.574 29088
396.588 29047
396.601 28784
396.614 29031
396.627 28587
396.640 28695
396.654 28716
396.667 28417
396.680 28445
396.693 28536
396.706 28219
396.719 28338
396.733 28624
396.746 28373
396.759 28386
396.772 28188
396.785 28199
396.799 27887
396.812 28250
396.825 27740
396.838 27869
396.851 27862
396.864 27906
396.878 27624
396.891 27743
396.904 27461
396.917 27324
396.930 27681
396.944 27869
396.957 27515
396.970 27505
396.983 27897
396.996 27745
397.009 27864
397.023 27749
397.036 27463
397.049 27298
397.062 27355
397.075 27181
397.088 27412
397.102 27243
397.115 27250
397.128 27245
397.141 26943
397.154 26857
397.167 26387
397.181 26332
397.194 26359
397.207 26197
397.220 26079
397.233 26166
397.246 25953
397.260 26198
397.273 25900
397.286 26056
397.299 25862
397.312 25914
397.325 25982
397.339 25854
397.352 25810
397.365 25752
397.378 25602
397.391 26015
397.404 26024
397.417 26076
397.431 25930
397.444 26060
397.457 25715
397.470 25791
397.483 25558
397.496 25526
397.510 25641
397.523 25558
397.536 25401
397.549 25370
397.562 25387
397.575 25394
397.589 25286
397.602 25075
397.615 25152
397.628 25147
397.641 25089
397.654 25021
397.667 24927
397.681 25057
397.694 24779
397.707 24768
397.720 24853
397.733 24645
397.746 24632
397.759 24484
397.773 24351
397.786 24483
397.799 24475
397.812 24635
397.825 24557
397.838 24513
397.852 24283
397.865 24363
397.878 24224
397.891 24034
