379.928 103350
379.941 103309
379.955 103567
379.969 103098
379.982 103064
379.996 103754
380.010 104474
380.023 105061
380.037 105240
380.051 105617
380.064 104365
380.078 104561
380.092 104955
380.105 104639
380.119 104736
380.133 105515
380.146 106573
380.160 105986
380.174 106866
380.188 105673
380.201 106071
380.215 105090
380.229 104493
380.242 105126
380.256 105165
380.270 105717
380.283 106185
380.297 105011
380.311 105210
380.324 105827
380.338 106172
380.352 105704
380.365 106102
380.379 106777
380.393 107112
380.406 107176
380.420 107054
380.434 107108
380.447 107381
380.461 108320
380.475 108324
380.488 107417
380.502 106305
380.516 106232
380.529 106318
380.543 106688
380.557 106284
380.570 106527
380.584 107088
380.598 106647
380.611 106783
380.625 106841
380.639 106879
380.652 107125
380.666 107488
380.680 106810
380.693 106396
380.707 106617
380.721 107125
380.734 106802
380.748 107655
380.762 107374
380.775 107685
380.789 107654
380.803 107135
380.816 107491
380.830 107510
380.844 107379
380.857 108508
380.871 109231
380.885 109834
380.898 109638
380.912 109818
380.926 109372
380.939 109718
380.953 110232
380.967 110546
380.980 110719
380.994 109510
381.008 109263
381.021 108616
381.035 109113
381.049 110958
381.062 111670
381.076 112607
381.089 113428
381.103 112871
381.117 111575
381.130 110998
381.144 111754
381.158 112189
381.171 111976
381.185 112067
381.199 113057
381.212 113216
381.226 112167
381.240 112183
381.253 112198
381.267 112330
381.281 112236
381.294 111580
381.308 113654
381.321 114016
381.335 114309
381.349 114739
381.362 115053
381.376 115182
381.390 113264
381.403 111879
381.417 111705
381.431 112018
381.444 112088
381.458 111560
381.472 111639
381.485 112018
381.499 112370
381.512 113008
381.526 113198
381.540 113085
381.553 113889
381.567 114040
381.581 114109
381.594 113255
381.608 113424
381.622 113854
381.635 113195
381.649 112567
381.662 112685
381.676 113506
381.690 114629
381.703 114997
381.717 114506
381.731 114775
381.744 115257
381.758 116572
381.772 116571
381.785 115990
381.799 116943
381.812 116349
381.826 116401
381.840 117111
381.853 115355
381.867 114059
381.881 114472
381.894 114563
381.908 115107
381.921 115363
381.935 115463
381.949 115790
381.962 114972
381.976 114989
381.990 114312
382.003 114960
382.017 115009
382.030 115272
382.044 115448
382.058 115378
382.071 115193
382.085 115236
382.099 115502
382.112 116333
382.126 115153
382.139 115097
382.153 115967
382.167 115407
382.180 115111
382.194 115026
382.208 115960
382.221 115913
382.235 115639
382.248 115655
382.262 116260
382.276 116972
382.289 117275
382.303 117278
382.317 116967
382.330 117376
382.344 117073
382.357 117527
382.371 117089
382.385 119025
382.398 118663
382.412 118680
382.425 118838
382.439 118786
382.453 118075
382.466 118954
382.480 119168
382.493 119072
382.507 119025
382.521 118771
382.534 118012
382.548 117678
382.562 117171
382.575 117382
382.589 117773
382.602 120668
382.616 120890
382.630 120455
382.643 119811
382.657 119857
382.670 119802
382.684 119786
382.698 119967
382.711 121224
382.725 122415
382.738 120916
382.752 119404
382.766 119101
382.779 118724
382.793 119734
382.806 120483
382.820 120304
382.834 120641
382.847 119916
382.861 119309
382.874 119012
382.888 118712
382.902 119826
382.915 119913
382.929 119982
382.942 121110
382.956 120481
382.970 120530
382.983 119862
382.997 119805
383.010 120534
383.024 121464
383.038 121169
383.051 121599
383.065 121013
383.078 120678
383.092 120951
383.106 121531
383.119 121364
383.133 120284
383.146 119902
383.160 120339
383.174 120284
383.187 120428
383.201 120028
383.214 120372
383.228 120752
383.241 121208
383.255 121406
383.269 121266
383.282 121927
383.296 122973
383.309 123351
383.323 122950
383.337 121529
383.350 121585
383.364 121739
383.377 121656
383.391 123233
383.404 123282
383.418 123043
383.432 123452
383.445 123949
383.459 123867
383.472 122734
383.486 123270
383.500 122402
383.513 122528
383.527 121933
383.540 122196
383.554 121920
383.567 121675
383.581 121709
383.595 121409
383.608 120633
383.622 121711
383.635 121529
383.649 121662
383.662 122078
383.676 121904
383.690 121941
383.703 121713
383.717 122436
383.730 123044
383.744 123538
383.758 123313
383.771 124295
383.785 123636
383.798 123746
383.812 123601
383.825 123900
383.839 123212
383.853 122680
383.866 122438
383.880 123311
383.893 123385
383.907 123004
383.920 122825
383.934 123762
383.947 123803
383.961 124251
383.975 125070
383.988 125293
384.002 124501
384.015 124363
384.029 124436
384.042 126208
384.056 125911
384.070 124914
384.083 124819
384.097 124412
384.110 124692
384.124 125349
384.137 124335
384.151 124306
384.165 123923
384.178 124016
384.192 123768
384.205 123882
384.219 124618
384.232 123806
384.246 123505
384.259 123606
384.273 122507
384.287 122756
384.300 123279
384.314 122710
384.327 123108
384.341 123297
384.354 124373
384.368 124968
384.381 124920
384.395 124697
384.409 124293
384.422 124775
384.436 125076
384.449 124609
384.463 123751
384.476 123219
384.490 123037
384.503 122717
384.517 122881
384.531 123162
384.544 123402
384.558 123043
384.571 122706
384.585 123278
384.598 123129
384.612 123580
384.625 122531
384.639 123899
384.652 123665
384.666 123737
384.680 123812
384.693 124143
384.707 123725
384.720 123725
384.734 123402
384.747 123818
384.761 123835
384.774 123745
384.788 123625
384.801 123791
384.815 123958
384.829 123439
384.842 124052
384.856 124800
384.869 125746
384.883 125324
384.896 124874
384.910 124574
384.923 124084
384.937 123936
384.950 124362
384.964 123719
384.977 124212
384.991 124587
385.004 124533
385.018 124413
385.032 123859
385.045 123855
385.059 124444
385.072 124010
385.086 123987
385.099 123756
385.113 124378
385.126 123874
385.140 123702
385.153 124414
385.167 124432
385.180 124216
385.194 124581
385.207 124049
385.221 123690
385.235 124033
385.248 123636
385.262 123633
385.275 123317
385.289 123502
385.302 123529
385.316 124010
385.329 124006
385.343 123715
385.356 123613
385.370 123775
385.383 123844
385.397 123821
385.410 123982
385.424 123732
385.437 124525
385.451 124992
385.464 124491
385.478 125156
385.492 124825
385.505 124969
385.519 124260
385.532 124345
385.546 124026
385.559 123918
385.573 124901
385.586 124823
385.600 124249
385.613 123980
385.627 124418
385.640 125124
385.654 125925
385.667 125692
385.681 124893
385.694 124106
385.708 124286
385.721 124059
385.735 123431
385.748 124050
385.762 123602
385.775 123645
385.789 123252
385.802 123051
385.816 122704
385.829 123126
385.843 123279
385.856 122960
385.870 123387
385.883 123127
385.897 122769
385.910 123228
385.924 123008
385.937 123437
385.951 122563
385.965 123249
385.978 122954
385.992 123065
386.005 123110
386.019 123896
386.032 122935
386.046 123214
386.059 122976
386.073 123124
386.086 122955
386.100 122513
386.113 122576
386.127 122391
386.140 122581
386.154 122407
386.167 123202
386.181 124401
386.194 123902
386.208 123678
386.221 124143
386.235 124476
386.248 123780
386.262 123269
386.275 123449
386.289 123279
386.302 122759
386.316 122528
386.329 123496
386.343 122946
386.356 123392
386.370 122994
386.383 123127
386.397 123331
386.410 123526
386.424 123594
386.437 123234
386.450 123679
386.464 123779
386.477 124094
386.491 123799
386.504 125546
386.518 126854
386.531 125643
386.545 124590
386.558 123677
386.572 123524
386.585 123524
386.599 123224
386.612 122433
386.626 123350
386.639 123294
386.653 123553
386.666 123265
386.680 123066
386.693 121735
386.707 121414
386.720 122029
386.734 122776
386.747 123070
386.761 122690
386.774 122312
386.788 122408
386.801 121755
386.815 122049
386.828 121936
386.842 122078
386.855 122236
386.869 121938
386.882 121699
386.896 121629
386.909 122299
386.922 123093
386.936 122768
386.949 123656
386.963 124178
386.976 123712
386.990 123976
387.003 123653
387.017 123065
387.030 123279
387.044 123597
387.057 123664
387.071 123969
387.084 123469
387.098 123151
387.111 123098
387.125 122241
387.138 121623
387.152 121791
387.165 121315
387.178 121590
387.192 122207
387.205 122734
387.219 121633
387.232 122355
387.246 123376
387.259 123854
387.273 122996
387.286 122786
387.300 123353
387.313 122609
387.327 121709
387.340 121089
387.354 121220
387.367 120789
387.380 120467
387.394 120525
387.407 121078
387.421 120729
387.434 120365
387.448 121173
387.461 121225
387.475 121183
387.488 120937
387.502 119953
387.515 119542
387.529 119844
387.542 119527
387.555 119018
387.569 119070
387.582 119176
387.596 119385
387.609 119032
387.623 118692
387.636 118886
387.650 118886
387.663 118859
387.677 118994
387.690 119894
387.704 119245
387.717 119409
387.730 119891
387.744 118999
387.757 118788
387.771 118297
387.784 117687
387.798 117721
387.811 119226
387.825 119228
387.838 118405
387.851 118843
387.865 118848
387.878 118810
387.892 119264
387.905 118779
387.919 119156
387.932 117672
387.946 117785
387.959 118063
387.973 117502
387.986 118827
387.999 118488
388.013 118749
388.026 118923
388.040 118277
388.053 117878
388.067 117188
388.080 118532
388.094 119084
388.107 119682
388.120 119340
388.134 118852
388.147 117269
388.161 117756
388.174 118139
388.188 118554
388.201 118503
388.214 118026
388.228 117875
388.241 119706
388.255 119718
388.268 119993
388.282 118315
388.295 117382
388.309 117082
388.322 116968
388.335 116584
388.349 117072
388.362 116082
388.376 115961
388.389 116550
388.403 116536
388.416 116763
388.429 116112
388.443 115866
388.456 115471
388.470 115298
388.483 115859
388.497 116694
388.510 116986
388.523 118053
388.537 117199
388.550 116901
388.564 116929
388.577 116357
388.591 117452
388.604 117682
388.617 117692
388.631 116993
388.644 116703
388.658 116742
388.671 115824
388.685 115113
388.698 114729
388.711 115091
388.725 114241
388.738 114518
388.752 114362
388.765 113918
388.779 114334
388.792 115009
388.805 114374
388.819 114627
388.832 113836
388.846 114375
388.859 114961
388.873 114094
388.886 114504
388.899 114668
388.913 114623
388.926 114792
388.940 114724
388.953 114315
388.966 114241
388.980 114587
388.993 115451
389.007 114606
389.020 113877
389.034 113909
389.047 112854
389.060 112214
389.074 112235
389.087 112044
389.101 112586
389.114 113135
389.127 112062
389.141 112585
389.154 112730
389.168 112541
389.181 112702
389.194 112810
389.208 113131
389.221 113179
389.235 113471
389.248 113201
389.262 112756
389.275 113678
389.288 114523
389.302 113418
389.315 114514
389.329 115690
389.342 115440
389.355 114693
389.369 113478
389.382 112495
389.396 111785
389.409 110625
389.422 110218
389.436 110537
389.449 110456
389.463 111481
389.476 110797
389.489 111125
389.503 111156
389.516 111728
389.530 111861
389.543 110473
389.556 110348
389.570 111221
389.583 112416
389.597 112520
389.610 112143
389.623 112416
389.637 113336
389.650 113054
389.664 111905
389.677 111539
389.690 112507
389.704 112582
389.717 111309
389.731 111202
389.744 110424
389.757 110105
389.771 110340
389.784 109855
389.798 108713
389.811 108530
389.824 107994
389.838 107824
389.851 107995
389.864 108957
389.878 108502
389.891 108990
389.905 108779
389.918 108529
389.931 108759
389.945 108520
389.958 107809
389.972 107756
389.985 107320
389.998 108695
390.012 108207
390.025 108065
390.038 108140
390.052 108415
390.065 107781
390.079 108490
390.092 107544
390.105 107361
390.119 107687
390.132 108212
390.146 107573
390.159 107068
390.172 107015
390.186 106455
390.199 106236
390.212 106183
390.226 105934
390.239 105636
390.253 105962
390.266 105343
390.279 105696
390.293 105896
390.306 105949
390.319 105904
390.333 106905
390.346 106997
390.360 107623
390.373 106802
390.386 106104
390.400 105568
390.413 105299
390.426 105144
390.440 105292
390.453 105883
390.467 105439
390.480 105013
390.493 105008
390.507 104759
390.520 104315
390.533 104119
390.547 103992
390.560 103682
390.574 103834
390.587 104374
390.600 104971
390.614 104803
390.627 104705
390.640 104419
390.654 104266
390.667 103782
390.680 103873
390.694 103692
390.707 104921
390.721 105000
390.734 104744
390.747 104763
390.761 105124
390.774 104716
390.787 103949
390.801 103824
390.814 103828
390.827 103340
390.841 102698
390.854 102251
390.868 102336
390.881 101441
390.894 102395
390.908 103008
390.921 103426
390.934 103587
390.948 103756
390.961 102902
390.974 103218
390.988 101765
391.001 101222
391.014 101485
391.028 101258
391.041 100859
391.055 100345
391.068 100864
391.081 102337
391.095 102719
391.108 102357
391.121 102480
391.135 102141
391.148 101154
391.161 100569
391.175 99878
391.188 99672
391.201 99816
391.215 99336
391.228 99660
391.241 99662
391.255 99505
391.268 99375
391.281 99558
391.295 99891
391.308 99784
391.322 99720
391.335 100079
391.348 100664
391.362 100297
391.375 99824
391.388 99045
391.402 99104
391.415 98752
391.428 98875
391.442 98205
391.455 98435
391.468 98041
391.482 97859
391.495 97855
391.508 97819
391.522 98638
391.535 98746
391.548 98420
391.562 98149
391.575 97018
391.588 97305
391.602 97592
391.615 96958
391.628 96843
391.642 96977
391.655 96583
391.668 96667
391.682 96351
391.695 97513
391.708 97906
391.722 97893
391.735 98020
391.748 97226
391.762 97077
391.775 96790
391.788 96517
391.802 95708
391.815 95612
391.828 95416
391.842 96274
391.855 95690
391.868 96217
391.882 96225
391.895 96860
391.908 96132
391.922 95245
391.935 95704
391.948 94498
391.962 95234
391.975 95172
391.988 94428
392.002 95014
392.015 94692
392.028 94303
392.042 94188
392.055 94500
392.068 94439
392.082 94838
392.095 95736
392.108 95620
392.121 95403
392.135 94531
392.148 94663
392.161 93371
392.175 92843
392.188 91756
392.201 91732
392.215 91623
392.228 92215
392.241 91966
392.255 92910
392.268 92191
392.281 92041
392.295 91314
392.308 91104
392.321 90891
392.335 90805
392.348 90637
392.361 91066
392.375 91766
392.388 90698
392.401 90972
392.414 90449
392.428 89715
392.441 89754
392.454 89656
392.468 88879
392.481 89627
392.494 88855
392.508 89930
392.521 90961
392.534 90726
392.548 90429
392.561 90060
392.574 90294
392.587 89725
392.601 89718
392.614 89727
392.627 89350
392.641 88179
392.654 88718
392.667 88098
392.681 88464
392.694 88333
392.707 87904
392.721 87782
392.734 87743
392.747 87403
392.760 87271
392.774 87506
392.787 87633
392.800 86891
392.814 86917
392.827 87122
392.840 87805
392.854 87966
392.867 88443
392.880 89241
392.893 88925
392.907 87836
392.920 86812
392.933 85936
392.947 85583
392.960 85433
392.973 85958
392.986 86418
393.000 86281
393.013 85899
393.026 85163
393.040 85525
393.053 85484
393.066 85924
393.080 86963
393.093 86585
393.106 85824
393.119 85023
393.133 85051
393.146 85445
393.159 86021
393.173 85767
393.186 85423
393.199 84682
393.212 83324
393.226 83369
393.239 83536
393.252 84532
393.266 84791
393.279 85263
393.292 84958
393.305 84279
393.319 84299
393.332 83910
393.345 83271
393.359 83402
393.372 83024
393.385 83092
393.398 82783
393.412 81817
393.425 81750
393.438 81906
393.452 82069
393.465 81792
393.478 81603
393.491 81926
393.505 81523
393.518 82257
393.531 81613
393.545 81364
393.558 81426
393.571 80958
393.584 80946
393.598 80725
393.611 80616
393.624 81061
393.637 80867
393.651 80793
393.664 80318
393.677 79616
393.691 79672
393.704 79976
393.717 80291
393.730 80607
393.744 80786
393.757 80651
393.770 81497
393.783 81177
393.797 80715
393.810 79810
393.823 78169
393.837 77515
393.850 77596
393.863 77470
393.876 78015
393.890 78471
393.903 79300
393.916 78610
393.929 78785
393.943 78746
393.956 79303
393.969 79223
393.982 79035
393.996 79170
394.009 78798
394.022 79026
394.036 77916
394.049 78138
394.062 77558
394.075 76256
394.089 75871
394.102 75710
394.115 75530
394.128 75278
394.142 75333
394.155 75183
394.168 75496
394.181 75026
394.195 74463
394.208 74490
394.221 74307
394.234 74203
394.248 74107
394.261 73966
394.274 74570
394.287 74329
394.301 74143
394.314 73852
394.327 74303
394.340 73574
394.354 74374
394.367 73985
394.380 73947
394.393 74073
394.407 73829
394.420 73498
394.433 73004
394.446 72905
394.460 72745
394.473 72493
394.486 72469
394.499 73081
394.513 72704
394.526 72657
394.539 73020
394.552 73539
394.566 74006
394.579 74295
394.592 74367
394.605 73410
394.619 73694
394.632 72951
394.645 71855
394.658 71671
394.672 70815
394.685 70995
394.698 70716
394.711 70928
394.725 70274
394.738 70179
394.751 70025
394.764 70241
394.778 70186
394.791 70167
394.804 70411
394.817 70110
394.831 69742
394.844 69733
394.857 69790
394.870 69473
394.883 69689
394.897 69452
394.910 68882
394.923 68479
394.936 67837
394.950 67746
394.963 67760
394.976 67468
394.989 67624
395.003 68010
395.016 67729
395.029 67658
395.042 68314
395.056 68463
395.069 68926
395.082 68248
395.095 68028
395.108 68201
395.122 67607
395.135 67158
395.148 66656
395.161 66452
395.175 66231
395.188 66171
395.201 65739
395.214 65911
395.228 65653
395.241 66549
395.254 66572
395.267 66957
395.280 66553
395.294 66882
395.307 66278
395.320 65209
395.333 64781
395.347 65115
395.360 64940
395.373 64444
395.386 64769
395.399 64547
395.413 64677
395.426 63701
395.439 63327
395.452 63094
395.466 63010
395.479 63238
395.492 63306
395.505 63358
395.518 63206
395.532 63183
395.545 62862
395.558 62995
395.571 62800
395.584 62938
395.598 62587
395.611 63027
395.624 62415
395.637 62258
395.651 62666
395.664 62328
395.677 62437
395.690 62177
395.703 62452
395.717 62131
395.730 61995
395.743 61567
395.756 61470
395.769 61046
395.783 60690
395.796 60631
395.809 60186
395.822 60565
395.835 60107
395.849 60245
395.862 60367
395.875 60356
395.888 60623
395.902 60105
395.915 60312
395.928 59779
395.941 59506
395.954 59910
395.968 59377
395.981 59528
395.994 59234
396.007 59180
396.020 59053
396.034 58860
396.047 58459
396.060 57974
396.073 58426
396.086 58358
396.100 58237
396.113 57974
396.126 58254
396.139 58484
396.152 58393
396.166 58397
396.179 58091
396.192 57786
396.205 57361
396.218 57370
396.232 57361
396.245 57640
396.258 56975
396.271 57034
396.284 56628
396.298 56694
396.311 56616
396.324 57062
396.337 56991
396.350 57050
396.363 56875
396.377 56553
396.390 56677
396.403 55885
396.416 56127
396.429 56001
396.443 55647
396.456 55937
396.469 55513
396.482 55883
396.495 55646
396.509 55768
396.522 55856
396.535 55162
396.548 55070
396.561 55135
396.574 54600
396.588 54633
396.601 54301
396.614 54222
396.627 54313
396.640 53778
396.654 53666
396.667 53175
396.680 53047
396.693 52930
396.706 52677
396.719 52607
396.733 52929
396.746 53146
396.759 52771
396.772 52773
396.785 52785
396.799 52513
396.812 52621
396.825 52537
396.838 52252
396.851 52188
396.864 51933
396.878 52269
396.891 51979
396.904 51504
396.917 51576
396.930 51601
396.944 51791
396.957 51660
396.970 51779
396.983 51630
396.996 51640
397.009 52151
397.023 51534
397.036 51523
397.049 51274
397.062 50981
397.075 51360
397.088 51256
397.102 51058
397.115 50698
397.128 50398
397.141 50000
397.154 49689
397.167 49143
397.181 48754
397.194 48758
397.207 48417
397.220 48378
397.233 48105
397.246 48386
397.260 48240
397.273 48059
397.286 48125
397.299 47959
397.312 48377
397.325 48039
397.339 47943
397.352 47941
397.365 47900
397.378 47939
397.391 48017
397.404 48238
397.417 47764
397.431 47873
397.444 47327
397.457 47849
397.470 47689
397.483 47562
397.496 47417
397.510 47311
397.523 47307
397.536 46987
397.549 46895
397.562 46964
397.575 46794
397.589 46671
397.602 46582
397.615 46533
397.628 46135
397.641 45730
397.654 46104
397.667 46303
397.681 46345
397.694 45801
397.707 45515
397.720 45230
397.733 45087
397.746 45050
397.759 44821
397.773 44670
397.786 44532
397.799 44898
397.812 44969
397.825 45225
397.838 45026
397.852 44839
397.865 44449
397.878 44450
397.891 44335
