364.117 10491
364.148 10457
364.180 10530
364.211 10573
364.243 10544
364.274 10650
364.305 10623
364.337 10768
364.368 10827
364.399 10844
364.431 10825
364.462 10848
364.493 10879
364.525 10891
364.556 10825
364.587 11028
364.619 11156
364.650 11306
364.682 11159
364.713 11089
364.744 11252
364.776 11228
364.807 11151
364.838 11069
364.870 11372
364.901 11326
364.932 11397
364.964 11363
364.995 11340
365.026 11559
365.058 11615
365.089 11399
365.120 11626
365.152 11716
365.183 11767
365.214 11934
365.246 11824
365.277 11999
365.308 11977
365.340 12092
365.371 12126
365.402 12064
365.434 12040
365.465 12029
365.496 12101
365.528 12098
365.559 12211
365.591 12225
365.622 12344
365.653 12416
365.685 12450
365.716 12554
365.747 12504
365.779 12669
365.810 12643
365.841 12620
365.873 12715
365.904 12706
365.935 12809
365.967 12734
365.998 13107
366.029 13041
366.060 13100
366.092 13145
366.123 13242
366.154 13338
366.186 13433
366.217 13388
366.248 13786
366.280 13829
366.311 13918
366.342 14252
366.374 14154
366.405 14299
366.436 14298
366.468 14347
366.499 14403
366.530 14546
366.562 14574
366.593 14561
366.624 14317
366.656 14644
366.687 14975
366.718 15030
366.750 15367
366.781 15501
366.812 15524
366.844 15529
366.875 15364
366.906 15455
366.938 15661
366.969 15764
367.000 15923
367.031 15821
367.063 16208
367.094 16137
367.125 16291
367.157 16378
367.188 16414
367.219 16412
367.251 16609
367.282 16993
367.313 17221
367.345 17495
367.376 17469
367.407 17686
367.438 17645
367.470 17580
367.501 17561
367.532 17557
367.564 17791
367.595 17833
367.626 17911
367.658 18009
367.689 18145
367.720 18631
367.752 18821
367.783 18905
367.814 19178
367.845 19372
367.877 19468
367.908 19676
367.939 19683
367.971 20073
368.002 20132
368.033 19878
368.065 20023
368.096 20048
368.127 20443
368.158 20793
368.190 20714
368.221 21079
368.252 21076
368.284 21308
368.315 21654
368.346 21918
368.377 22145
368.409 22383
368.440 22428
368.471 22372
368.503 22554
368.534 22652
368.565 22419
368.597 22883
368.628 23617
368.659 23972
368.690 24206
368.722 24319
368.753 24497
368.784 24575
368.816 24186
368.847 24370
368.878 24760
368.909 24947
368.941 25198
368.972 25353
369.003 25624
369.034 25638
369.066 26286
369.097 26484
369.128 26725
369.160 26972
369.191 27076
369.222 27314
369.253 27375
369.285 27208
369.316 27596
369.347 27970
369.379 28140
369.410 28414
369.441 28545
369.472 28902
369.504 29366
369.535 29438
369.566 29873
369.597 30159
369.629 30277
369.660 30520
369.691 30835
369.723 31026
369.754 31873
369.785 32542
369.816 32690
369.848 33264
369.879 32916
369.910 33270
369.941 33703
369.973 34297
370.004 34578
370.035 34785
370.067 34595
370.098 34697
370.129 34977
370.160 34809
370.192 35321
370.223 35672
370.254 36896
370.285 37365
370.317 37984
370.348 37781
370.379 37875
370.410 38339
370.442 38705
370.473 39053
370.504 39864
370.535 40659
370.567 40498
370.598 40702
370.629 40670
370.660 41116
370.692 41591
370.723 42427
370.754 42756
370.785 43217
370.817 43186
370.848 42778
370.879 42733
370.910 43286
370.942 44311
370.973 44959
371.004 45627
371.035 45877
371.067 46521
371.098 46172
371.129 45958
371.160 46300
371.192 47492
371.223 48018
371.254 48306
371.285 48404
371.317 48975
371.348 48916
371.379 49167
371.410 49725
371.442 50008
371.473 50194
371.504 50303
371.535 50678
371.567 51110
371.598 51885
371.629 51810
371.660 52013
371.692 52844
371.723 52906
371.754 53840
371.785 54240
371.817 54081
371.848 54952
371.879 55263
371.910 55817
371.941 55741
371.973 55540
372.004 55856
372.035 56874
372.066 57894
372.098 58758
372.129 58556
372.160 58975
372.191 60038
372.223 60906
372.254 60449
372.285 61041
372.316 61172
372.347 60945
372.379 61294
372.410 61813
372.441 62015
372.472 62604
372.504 62551
372.535 62817
372.566 63278
372.597 63453
372.629 64540
372.660 64491
372.691 65368
372.722 65788
372.753 65869
372.785 65732
372.816 67018
372.847 68234
372.878 68239
372.910 69430
372.941 70861
372.972 71500
373.003 72252
373.034 72292
373.066 72546
373.097 72592
373.128 71827
373.159 71139
373.190 72332
373.222 72981
373.253 72621
373.284 72674
373.315 73674
373.347 74227
373.378 75713
373.409 77390
373.440 77869
373.471 77532
373.503 76985
373.534 77138
373.565 78809
373.596 78751
373.627 78140
373.659 78806
373.690 79636
373.721 79705
373.752 80633
373.783 80623
373.815 81084
373.846 81421
373.877 81232
373.908 82043
373.939 81703
373.971 82889
374.002 82774
374.033 82929
374.064 82891
374.095 82949
374.127 82821
374.158 83481
374.189 83526
374.220 83836
374.251 85191
374.283 86240
374.314 86313
374.345 86359
374.376 86901
374.407 87186
374.439 88113
374.470 88924
374.501 88486
374.532 88597
374.563 88634
374.595 89232
374.626 89893
374.657 89983
374.688 90490
374.719 90750
374.751 90797
374.782 91224
374.813 92320
374.844 93115
374.875 93867
374.906 94154
374.938 94593
374.969 95336
375.000 95352
375.031 95125
375.062 96288
375.094 97065
375.125 97633
375.156 97789
375.187 98108
375.218 98475
375.250 99089
375.281 99757
375.312 100638
375.343 100963
375.374 101239
375.405 102058
375.437 102837
375.468 104828
375.499 105908
375.530 106189
375.561 106082
375.592 105663
375.624 106140
375.655 107075
375.686 107159
375.717 107763
375.748 108420
375.780 109059
375.811 108353
375.842 107868
375.873 108837
375.904 110109
375.935 109944
375.967 110105
375.998 110169
376.029 110626
376.060 111489
376.091 112332
376.122 114231
376.154 115083
376.185 115757
376.216 116314
376.247 114662
376.278 114616
376.309 115268
376.341 115621
376.372 116732
376.403 117097
376.434 117673
376.465 118585
376.496 119714
376.528 120118
376.559 120430
376.590 120675
376.621 121886
376.652 121840
376.683 122730
376.714 122704
376.746 124491
376.777 126108
376.808 127793
376.839 128504
376.870 128890
376.901 130146
376.933 130630
376.964 129205
376.995 129031
377.026 129370
377.057 130595
377.088 133402
377.119 134685
377.151 134809
377.182 135427
377.213 135986
377.244 137534
377.275 138515
377.306 140081
377.338 139950
377.369 139911
377.400 140170
377.431 139276
377.462 139991
377.493 140952
377.524 141489
377.556 141925
377.587 142697
377.618 143052
377.649 143448
377.680 143764
377.711 144909
377.742 145768
377.774 146687
377.805 148447
377.836 149134
377.867 149508
377.898 149967
377.929 151022
377.960 152958
377.991 153734
378.023 153488
378.054 153660
378.085 155979
378.116 156979
378.147 158724
378.178 158551
378.209 158787
378.241 159450
378.272 159898
378.303 160463
378.334 161654
378.365 162631
378.396 163696
378.427 164705
378.458 168101
378.490 170402
378.521 170264
378.552 170849
378.583 172393
378.614 173259
378.645 174355
378.676 173924
378.707 173894
378.739 174228
378.770 174984
378.801 176791
378.832 178354
378.863 179924
378.894 179173
378.925 180154
378.956 179938
378.988 181723
379.019 182455
379.050 183502
379.081 184187
379.112 186640
379.143 188014
379.174 189177
379.205 190636
379.237 195523
379.268 197594
379.299 198463
379.330 197566
379.361 196958
379.392 196476
379.423 196725
379.454 197296
379.485 198385
379.517 199203
379.548 200607
379.579 201786
379.610 203830
379.641 204691
379.672 203849
379.703 200622
379.734 201978
379.765 205187
379.797 204344
379.828 204648
379.859 206012
379.890 206796
379.921 206413
379.952 207905
379.983 208471
380.014 209963
380.045 210632
380.077 210762
380.108 211750
380.139 211448
380.170 214953
380.201 218294
380.232 220438
380.263 223439
380.294 223317
380.325 222650
380.356 223012
380.388 222126
380.419 222634
380.450 223666
380.481 225099
380.512 226430
380.543 228288
380.574 228390
380.605 226768
380.636 226510
380.667 227189
380.698 227446
380.730 227126
380.761 225416
380.792 227451
380.823 228464
380.854 230923
380.885 231820
380.916 234007
380.947 238818
380.978 240450
381.009 240015
381.040 241128
381.072 241307
381.103 240626
381.134 240485
381.165 243184
381.196 242518
381.227 240666
381.258 238450
381.289 240507
381.320 242636
381.351 243276
381.382 243155
381.413 244302
381.445 245570
381.476 242881
381.507 241223
381.538 241648
381.569 240281
381.600 240419
381.631 239724
381.662 240055
381.693 241160
381.724 241101
381.755 242109
381.786 241014
381.817 240895
381.849 240995
381.880 241777
381.911 243000
381.942 245587
381.973 245015
382.004 246432
382.035 248153
382.066 246811
382.097 245060
382.128 244274
382.159 244154
382.190 243042
382.221 244110
382.252 246673
382.284 246936
382.315 246798
382.346 246088
382.377 247799
382.408 247273
382.439 247334
382.470 249504
382.501 248929
382.532 248382
382.563 246745
382.594 247033
382.625 247558
382.656 247897
382.687 249352
382.718 250067
382.750 250088
382.781 250064
382.812 248681
382.843 250848
382.874 254087
382.905 256692
382.936 258452
382.967 259630
382.998 256270
383.029 251320
383.060 251211
383.091 252203
383.122 253128
383.153 252099
383.184 250522
383.215 252018
383.246 257014
383.277 259173
383.308 259326
383.340 257758
383.371 256590
383.402 256965
383.433 255287
383.464 253953
383.495 252721
383.526 252511
383.557 251430
383.588 252327
383.619 253227
383.650 253380
383.681 253384
383.712 253535
383.743 252675
383.774 252712
383.805 253829
383.836 256510
383.867 258106
383.898 258234
383.929 257356
383.960 255880
383.991 255773
384.023 255912
384.054 257581
384.085 260397
384.116 262462
384.147 261604
384.178 260482
384.209 258939
384.240 257588
384.271 256341
384.302 255302
384.333 254675
384.364 255878
384.395 255911
384.426 256131
384.457 255371
384.488 256553
384.519 258689
384.550 258094
384.581 257427
384.612 255676
384.643 257351
384.674 259487
384.705 259314
384.736 258588
384.767 259524
384.798 258432
384.829 258666
384.860 259232
384.891 259220
384.922 259796
384.953 260774
384.984 260748
385.016 261746
385.047 262360
385.078 260993
385.109 258886
385.140 256078
385.171 255539
385.202 256129
385.233 257498
385.264 258154
385.295 257553
385.326 257332
385.357 258583
385.388 262219
385.419 265293
385.450 266594
385.481 265522
385.512 263392
385.543 264077
385.574 263682
385.605 262862
385.636 261768
385.667 263122
385.698 261259
385.729 261430
385.760 264305
385.791 266987
385.822 266258
385.853 262938
385.884 260175
385.915 259697
385.946 258812
385.977 257433
386.008 258156
386.039 258310
386.070 260815
386.101 261120
386.132 261492
386.163 261974
386.194 262412
386.225 261534
386.256 259233
386.287 257705
386.318 259541
386.349 262111
386.380 263391
386.411 264704
386.442 264981
386.473 264609
386.504 265188
386.535 265419
386.566 264105
386.597 265264
386.628 265161
386.659 265007
386.690 264485
386.721 261313
386.752 258950
386.783 258418
386.814 259311
386.845 256937
386.876 255645
386.907 254877
386.938 255644
386.969 256449
387.000 257474
387.031 257358
387.062 257526
387.093 258078
387.124 258394
387.155 258145
387.186 256925
387.217 254653
387.248 254264
387.279 254811
387.310 255619
387.341 256262
387.372 255704
387.403 256554
387.434 255393
387.465 255133
387.496 257420
387.527 256168
387.558 256074
387.589 257797
387.620 257310
387.651 256750
387.682 254575
387.713 252644
387.744 253183
387.775 251673
387.806 251419
387.837 250975
387.867 250829
387.898 252081
387.929 251612
387.960 251779
387.991 251155
388.022 252457
388.053 252669
388.084 252054
388.115 252603
388.146 255717
388.177 254115
388.208 251694
388.239 251066
388.270 249898
388.301 250789
388.332 252094
388.363 252234
388.394 251953
388.425 249610
388.456 249229
388.487 248980
388.518 248575
388.549 247011
388.580 245707
388.611 244908
388.642 246166
388.673 249526
388.704 249883
388.735 249966
388.766 249544
388.797 250117
388.828 248678
388.858 248746
388.889 247101
388.920 247502
388.951 247277
388.982 248482
389.013 248818
389.044 249224
389.075 248542
389.106 248377
389.137 244518
389.168 241627
389.199 240726
389.230 241186
389.261 240543
389.292 240738
389.323 241195
389.354 240999
389.385 240339
389.416 241902
389.447 243127
389.478 244148
389.509 242592
389.539 241504
389.570 240629
389.601 239642
389.632 239777
389.663 240605
389.694 240488
389.725 239812
389.756 237162
389.787 237883
389.818 239106
389.849 239124
389.880 238679
389.911 239925
389.942 240743
389.973 239378
390.004 239017
390.035 236695
390.066 237577
390.096 237118
390.127 237473
390.158 236243
390.189 235773
390.220 234520
390.251 232620
390.282 233930
390.313 233984
390.344 234292
390.375 234093
390.406 235256
390.437 235117
390.468 235353
390.499 234106
390.530 232822
390.561 230459
390.591 228502
390.622 227178
390.653 226775
390.684 224747
390.715 223122
390.746 222596
390.777 222958
390.808 226159
390.839 229697
390.870 229587
390.901 228715
390.932 228603
390.963 226652
390.994 225334
391.024 225020
391.055 225214
391.086 222760
391.117 221798
391.148 219647
391.179 217255
391.210 216451
391.241 217694
391.272 219228
391.303 219697
391.334 222430
391.365 222805
391.396 220809
391.426 220833
391.457 219562
391.488 217757
391.519 217353
391.550 216001
391.581 215238
391.612 215191
391.643 217606
391.674 219505
391.705 219944
391.736 217327
391.767 215062
391.797 214873
391.828 213482
391.859 214602
391.890 210965
391.921 210118
391.952 210937
391.983 210654
392.014 210325
392.045 208308
392.076 208081
392.107 208627
392.137 209555
392.168 209084
392.199 207670
392.230 206141
392.261 205278
392.292 203173
392.323 201951
392.354 199863
392.385 198330
392.416 198021
392.446 197681
392.477 196623
392.508 197092
392.539 198313
392.570 198899
392.601 197572
392.632 196624
392.663 194956
392.694 193203
392.725 193188
392.755 192877
392.786 193839
392.817 195485
392.848 194887
392.879 193126
392.910 193324
392.941 191967
392.972 191268
393.003 190148
393.034 189866
393.064 190621
393.095 190622
393.126 191532
393.157 192928
393.188 189420
393.219 187872
393.250 186632
393.281 187543
393.312 187648
393.342 187543
393.373 184914
393.404 183909
393.435 182182
393.466 181287
393.497 181480
393.528 181843
393.559 181845
393.589 181825
393.620 179978
393.651 179337
393.682 178360
393.713 178109
393.744 177795
393.775 177254
393.806 174879
393.837 174581
393.867 174842
393.898 174498
393.929 174450
393.960 173915
393.991 174100
394.022 173245
394.053 171781
394.084 170486
394.114 168330
394.145 167559
394.176 167043
394.207 167134
394.238 166786
394.269 167350
394.300 167948
394.331 167503
394.361 166408
394.392 165630
394.423 165663
394.454 164452
394.485 165500
394.516 163913
394.547 161434
394.578 161379
394.608 160805
394.639 160645
394.670 159837
394.701 158319
394.732 157130
394.763 155543
394.794 154825
394.824 154713
394.855 155413
394.886 156100
394.917 156224
394.948 155959
394.979 154817
395.010 154017
395.040 153048
395.071 152269
395.102 151966
395.133 151691
395.164 151877
395.195 150596
395.226 149093
395.256 148210
395.287 147874
395.318 147869
395.349 147406
395.380 146977
395.411 146080
395.442 145907
395.472 144718
395.503 143912
395.534 142780
395.565 142078
395.596 141482
395.627 140542
395.658 139855
395.688 139534
395.719 139955
395.750 140308
395.781 139820
395.812 138605
395.843 137405
395.873 134978
395.904 135452
395.935 135697
395.966 135361
395.997 135153
396.028 134243
396.059 133440
396.089 133263
396.120 132117
396.151 130449
396.182 129531
396.213 128345
396.244 128261
396.274 127810
396.305 128183
396.336 129737
396.367 130296
396.398 129634
396.429 129061
396.459 128499
396.490 128075
396.521 128195
396.552 127202
396.583 126430
396.614 125968
396.644 125213
396.675 123745
396.706 122979
396.737 121606
396.768 119813
396.799 119485
396.829 119102
396.860 118114
396.891 117728
396.922 117326
396.953 116891
396.984 116169
397.014 115354
397.045 114479
397.076 113779
397.107 113283
397.138 112282
397.169 111983
397.199 111191
397.230 110844
397.261 110488
397.292 109630
397.323 109060
397.354 107956
397.384 108552
397.415 109591
397.446 109246
397.477 108795
397.508 108245
397.538 107633
397.569 107572
397.600 106439
397.631 105275
397.662 104368
397.693 104040
397.723 103232
397.754 103249
397.785 103137
397.816 102789
397.847 102457
397.877 101736
397.908 102128
397.939 102119
397.970 100619
398.001 99150
398.031 98884
398.062 98476
398.093 97654
398.124 96877
398.155 96210
398.186 96179
398.216 94824
398.247 94558
398.278 93829
398.309 92978
398.340 93050
398.370 93005
398.401 92474
398.432 91890
398.463 91507
398.494 90585
398.524 90676
398.555 90072
398.586 89840
398.617 88880
398.648 88547
398.678 88076
398.709 87296
398.740 86338
398.771 86057
398.802 85256
398.832 84660
398.863 84982
398.894 84246
398.925 84333
398.956 83896
398.986 83008
399.017 84191
399.048 83619
399.079 83329
399.110 82209
399.140 81013
399.171 80494
399.202 80188
399.233 79974
399.263 79166
399.294 78617
399.325 77975
399.356 77114
399.387 76822
399.417 76113
399.448 75265
399.479 75396
399.510 74771
399.541 74691
399.571 74650
399.602 73784
399.633 73191
399.664 72416
399.694 72128
399.725 71680
399.756 71703
399.787 70696
399.818 70382
399.848 69962
399.879 69236
399.910 68955
399.941 68277
399.972 67121
400.002 66803
400.033 66513
400.064 66553
400.095 66434
400.125 65598
400.156 65070
400.187 64851
400.218 64750
400.249 64046
400.279 63704
400.310 63479
400.341 63684
400.372 62811
400.402 62458
400.433 62491
400.464 62367
400.495 61414
400.525 61013
400.556 61039
400.587 60934
400.618 60262
400.649 59860
400.679 59390
400.710 58917
400.741 58298
400.772 57530
400.802 57091
400.833 56792
400.864 56279
400.895 55781
400.925 55654
400.956 55155
400.987 55859
401.018 55308
401.048 55352
401.079 54719
401.110 54130
401.141 53893
401.172 53354
401.202 52972
401.233 52106
401.264 51805
401.295 51803
401.325 51533
401.356 50743
401.387 50549
401.418 50146
401.448 50199
401.479 49921
401.510 49544
401.541 49440
401.571 49022
401.602 48559
401.633 48656
401.664 48116
401.694 47511
401.725 46636
401.756 46565
401.787 46436
401.817 46148
401.848 45519
401.879 45204
401.910 44756
401.940 44610
401.971 44778
402.002 44629
402.033 44461
402.063 44040
402.094 43841
402.125 43581
402.156 42963
402.186 42883
402.217 42636
402.248 41966
402.279 41655
402.309 41282
402.340 41160
402.371 40738
402.401 40817
402.432 40870
402.463 40404
402.494 40065
402.524 39495
402.555 39379
402.586 38838
402.617 38791
402.647 38466
402.678 38115
402.709 37875
402.740 37820
402.770 37526
402.801 37361
402.832 36778
402.863 36373
402.893 36037
402.924 35448
402.955 35533
402.985 35457
403.016 35130
403.047 35021
403.078 34850
403.108 34641
403.139 34592
403.170 34164
403.201 34003
403.231 33842
403.262 33578
403.293 33377
403.323 33282
403.354 32964
403.385 32650
403.416 32325
403.446 31942
403.477 32122
403.508 31589
403.538 31496
403.569 31323
403.600 31281
403.631 30827
403.661 30434
403.692 30447
403.723 30541
403.754 30235
403.784 29728
403.815 29637
403.846 29254
403.876 29051
403.907 28755
403.938 28452
403.969 28244
403.999 27772
404.030 27671
404.061 27266
404.091 27244
404.122 27183
404.153 26903
404.184 26447
404.214 26527
404.245 26399
404.276 26430
404.306 26287
404.337 26088
404.368 25815
404.398 25542
404.429 25534
404.460 25260
404.491 25098
404.521 24956
404.552 24683
404.583 24508
404.613 24298
404.644 24415
404.675 24285
404.706 24122
404.736 23981
404.767 23848
404.798 23642
404.828 23364
404.859 23249
404.890 22856
404.920 22741
404.951 22686
404.982 22642
405.012 22479
405.043 22129
405.074 22182
405.105 21935
405.135 22054
405.166 21857
405.197 21600
405.227 21400
405.258 21233
405.289 21062
405.319 21068
405.350 20618
405.381 20383
405.412 20242
405.442 20271
405.473 20190
405.504 20063
405.534 20077
405.565 19841
405.596 19615
405.626 19492
405.657 19355
