364.117 13123
364.148 13075
364.180 13160
364.211 13220
364.243 13272
364.274 13349
364.305 13407
364.337 13420
364.368 13569
364.399 13578
364.431 13636
364.462 13612
364.493 13621
364.525 13655
364.556 13775
364.587 13910
364.619 14063
364.650 14292
364.682 14313
364.713 14260
364.744 14433
364.776 14224
364.807 14115
364.838 14138
364.870 14132
364.901 14431
364.932 14273
364.964 14325
364.995 14496
365.026 14502
365.058 14749
365.089 14746
365.120 14834
365.152 14889
365.183 14898
365.214 15158
365.246 15332
365.277 15205
365.308 15097
365.340 15091
365.371 15172
365.402 15045
365.434 15104
365.465 14954
365.496 15221
365.528 15392
365.559 15587
365.591 15717
365.622 15767
365.653 15752
365.685 15701
365.716 15855
365.747 15900
365.779 16050
365.810 15819
365.841 15675
365.873 15962
365.904 15875
365.935 15881
365.967 16109
365.998 16207
366.029 16323
366.060 16625
366.092 16588
366.123 16454
366.154 16525
366.186 16700
366.217 16745
366.248 16937
366.280 17253
366.311 17298
366.342 17872
366.374 17868
366.405 17746
366.436 17779
366.468 17882
366.499 18007
366.530 18071
366.562 18010
366.593 17676
366.624 17613
366.656 17911
366.687 18588
366.718 18500
366.750 18667
366.781 18873
366.812 18812
366.844 18706
366.875 18306
366.906 18652
366.938 18542
366.969 18617
367.000 18752
367.031 19012
367.063 19268
367.094 19498
367.125 19034
367.157 19316
367.188 19603
367.219 19488
367.251 19622
367.282 19946
367.313 20354
367.345 20415
367.376 20344
367.407 20504
367.438 20715
367.470 20365
367.501 20344
367.532 20347
367.564 20476
367.595 20564
367.626 20683
367.658 20571
367.689 20908
367.720 21126
367.752 21366
367.783 21314
367.814 21713
367.845 22054
367.877 22088
367.908 22224
367.939 22089
367.971 22184
368.002 22371
368.033 22140
368.065 22144
368.096 22261
368.127 22454
368.158 22756
368.190 22984
368.221 22972
368.252 23242
368.284 23391
368.315 23726
368.346 23778
368.377 23912
368.409 23952
368.440 24121
368.471 23998
368.503 24189
368.534 24176
368.565 24202
368.597 24200
368.628 24973
368.659 25066
368.690 25390
368.722 25387
368.753 25467
368.784 25691
368.816 25435
368.847 25353
368.878 25885
368.909 26126
368.941 26194
368.972 26271
369.003 26532
369.034 26609
369.066 26980
369.097 27088
369.128 27214
369.160 27199
369.191 27121
369.222 27230
369.253 27326
369.285 27443
369.316 27474
369.347 27752
369.379 28121
369.410 28191
369.441 28341
369.472 28564
369.504 28955
369.535 28774
369.566 28909
369.597 29060
369.629 29151
369.660 29266
369.691 29567
369.723 29621
369.754 30230
369.785 30646
369.816 30874
369.848 31079
369.879 30988
369.910 30873
369.941 31681
369.973 31822
370.004 31686
370.035 31814
370.067 31727
370.098 31652
370.129 31878
370.160 31714
370.192 31993
370.223 32214
370.254 32995
370.285 33219
370.317 33450
370.348 33826
370.379 33787
370.410 33995
370.442 34005
370.473 34101
370.504 34746
370.535 35581
370.567 35651
370.598 35547
370.629 35462
370.660 35693
370.692 36047
370.723 36028
370.754 36715
370.785 37162
370.817 36856
370.848 36504
370.879 36126
370.910 36713
370.942 37451
370.973 37894
371.004 37986
371.035 38233
371.067 38300
371.098 38270
371.129 37703
371.160 37942
371.192 38737
371.223 38789
371.254 39317
371.285 39242
371.317 39048
371.348 39298
371.379 39451
371.410 40101
371.442 40369
371.473 40149
371.504 40152
371.535 40506
371.567 40212
371.598 40967
371.629 40600
371.660 40662
371.692 40946
371.723 41164
371.754 41656
371.785 41594
371.817 41781
371.848 42051
371.879 42291
371.910 42775
371.941 42582
371.973 42572
372.004 42960
372.035 43340
372.066 44118
372.098 44149
372.129 44195
372.160 44406
372.191 44743
372.223 45304
372.254 45363
372.285 45466
372.316 45891
372.347 45542
372.379 45555
372.410 46034
372.441 46010
372.472 46149
372.504 46322
372.535 46477
372.566 46515
372.597 46836
372.629 47297
372.660 47458
372.691 47575
372.722 47973
372.753 47879
372.785 47645
372.816 48634
372.847 48753
372.878 48988
372.910 49701
372.941 50838
372.972 51224
373.003 51561
373.034 51397
373.066 51525
373.097 51656
373.128 50662
373.159 50357
373.190 51145
373.222 51213
373.253 51167
373.284 51454
373.315 51872
373.347 52440
373.378 53083
373.409 54022
373.440 54357
373.471 54145
373.503 53956
373.534 53815
373.565 53917
373.596 54482
373.627 54028
373.659 54179
373.690 55199
373.721 55457
373.752 55604
373.783 56262
373.815 56680
373.846 56718
373.877 57012
373.908 56599
373.939 57112
373.971 57263
374.002 57582
374.033 57420
374.064 57447
374.095 57190
374.127 57274
374.158 57206
374.189 57558
374.220 58066
374.251 57903
374.283 58503
374.314 59296
374.345 59194
374.376 59681
374.407 59926
374.439 60480
374.470 60578
374.501 60600
374.532 60513
374.563 60407
374.595 60926
374.626 60962
374.657 61337
374.688 61736
374.719 61999
374.751 62089
374.782 62589
374.813 63245
374.844 62930
374.875 64022
374.906 64042
374.938 64490
374.969 65042
375.000 64985
375.031 65197
375.062 65813
375.094 66306
375.125 66613
375.156 66929
375.187 66873
375.218 67273
375.250 67864
375.281 68063
375.312 68407
375.343 68874
375.374 69083
375.405 69463
375.437 70077
375.468 71240
375.499 71910
375.530 71927
375.561 71910
375.592 71767
375.624 72225
375.655 71951
375.686 72893
375.717 73113
375.748 73160
375.780 74175
375.811 73073
375.842 72683
375.873 73446
375.904 74409
375.935 74239
375.967 74633
375.998 74378
376.029 75253
376.060 75321
376.091 76069
376.122 77255
376.154 77488
376.185 78421
376.216 78206
376.247 77379
376.278 77532
376.309 77592
376.341 77840
376.372 77943
376.403 78857
376.434 78614
376.465 79247
376.496 79655
376.528 80712
376.559 80512
376.590 81148
376.621 81275
376.652 81475
376.683 81626
376.714 82173
376.746 82758
376.777 84228
376.808 85197
376.839 85228
376.870 85851
376.901 86618
376.933 86976
376.964 86024
376.995 85132
377.026 85885
377.057 87142
377.088 89008
377.119 89322
377.151 89601
377.182 89659
377.213 89774
377.244 90856
377.275 91588
377.306 91751
377.338 92232
377.369 92461
377.400 92896
377.431 92032
377.462 92050
377.493 92685
377.524 93350
377.556 93232
377.587 93619
377.618 93623
377.649 93889
377.680 94090
377.711 93636
377.742 94989
377.774 95454
377.805 96275
377.836 96376
377.867 96900
377.898 97129
377.929 97482
377.960 98593
377.991 99098
378.023 98553
378.054 98752
378.085 99852
378.116 100670
378.147 101208
378.178 101130
378.209 101109
378.241 101713
378.272 101142
378.303 101689
378.334 101910
378.365 102817
378.396 102375
378.427 103446
378.458 105520
378.490 106478
378.521 107075
378.552 107476
378.583 108210
378.614 108875
378.645 107971
378.676 107903
378.707 108545
378.739 108102
378.770 108239
378.801 108818
378.832 109762
378.863 110336
378.894 109977
378.925 110383
378.956 110360
378.988 110902
379.019 111201
379.050 111213
379.081 111740
379.112 112710
379.143 112602
379.174 113438
379.205 114407
379.237 116968
379.268 118179
379.299 118145
379.330 117796
379.361 116937
379.392 116752
379.423 117002
379.454 117079
379.485 117511
379.517 118139
379.548 118332
379.579 119311
379.610 119950
379.641 120268
379.672 119612
379.703 117145
379.734 118844
379.765 119820
379.797 119318
379.828 119388
379.859 119583
379.890 119813
379.921 119817
379.952 120255
379.983 121181
380.014 120810
380.045 121486
380.077 121772
380.108 121972
380.139 121718
380.170 123423
380.201 125351
380.232 126512
380.263 127508
380.294 127299
380.325 126267
380.356 126467
380.388 126302
380.419 125751
380.450 126028
380.481 126272
380.512 127075
380.543 129281
380.574 128837
380.605 128039
380.636 128234
380.667 128138
380.698 127510
380.730 127808
380.761 126487
380.792 127820
380.823 128165
380.854 128839
380.885 130137
380.916 130635
380.947 132209
380.978 133780
381.009 133435
381.040 133209
381.072 132973
381.103 132988
381.134 133640
381.165 134674
381.196 134855
381.227 133844
381.258 132452
381.289 132640
381.320 134765
381.351 134080
381.382 134664
381.413 135203
381.445 134707
381.476 133445
381.507 132574
381.538 132873
381.569 132148
381.600 132458
381.631 132262
381.662 131687
381.693 132702
381.724 132243
381.755 132645
381.786 132621
381.817 132871
381.849 133009
381.880 133682
381.911 134218
381.942 134535
381.973 134867
382.004 135759
382.035 137158
382.066 136061
382.097 135173
382.128 134874
382.159 134060
382.190 133380
382.221 133873
382.252 135655
382.284 136059
382.315 135517
382.346 135642
382.377 135624
382.408 135865
382.439 136453
382.470 136847
382.501 137377
382.532 136822
382.563 135652
382.594 134922
382.625 135733
382.656 135595
382.687 137480
382.718 138052
382.750 137624
382.781 137299
382.812 136146
382.843 137710
382.874 139839
382.905 140946
382.936 142598
382.967 142742
382.998 140741
383.029 137845
383.060 138136
383.091 137917
383.122 137498
383.153 137792
383.184 136952
383.215 137297
383.246 140307
383.277 140941
383.308 141288
383.340 140305
383.371 140655
383.402 140950
383.433 139268
383.464 138537
383.495 138094
383.526 138171
383.557 138404
383.588 138607
383.619 138814
383.650 138856
383.681 139487
383.712 139648
383.743 138456
383.774 138118
383.805 138723
383.836 139789
383.867 140862
383.898 141504
383.929 141200
383.960 140306
383.991 139924
384.023 139564
384.054 140689
384.085 141343
384.116 142327
384.147 142026
384.178 141363
384.209 141236
384.240 140104
384.271 139767
384.302 139421
384.333 138753
384.364 138613
384.395 139096
384.426 139366
384.457 139145
384.488 139753
384.519 141265
384.550 141327
384.581 140757
384.612 139626
384.643 140489
384.674 141520
384.705 141975
384.736 142035
384.767 141846
384.798 142997
384.829 142663
384.860 142673
384.891 142538
384.922 142370
384.953 143138
384.984 143332
385.016 143187
385.047 143762
385.078 143782
385.109 142344
385.140 140607
385.171 140864
385.202 140742
385.233 141083
385.264 141474
385.295 141568
385.326 141719
385.357 142120
385.388 143556
385.419 145998
385.450 147193
385.481 145991
385.512 145815
385.543 145289
385.574 145048
385.605 144438
385.636 143901
385.667 143339
385.698 143288
385.729 142766
385.760 144550
385.791 145198
385.822 145559
385.853 144677
385.884 143625
385.915 142670
385.946 142402
385.977 142076
386.008 142705
386.039 142734
386.070 143109
386.101 143716
386.132 144301
386.163 143748
386.194 143683
386.225 144351
386.256 142491
386.287 142116
386.318 143782
386.349 145088
386.380 145262
386.411 146680
386.442 146532
386.473 146545
386.504 146594
386.535 146070
386.566 145316
386.597 146143
386.628 146948
386.659 146202
386.690 146207
386.721 144881
386.752 143083
386.783 142752
386.814 142797
386.845 141031
386.876 140805
386.907 141082
386.938 140853
386.969 140572
387.000 141129
387.031 141740
387.062 141286
387.093 141080
387.124 141277
387.155 141524
387.186 141644
387.217 140545
387.248 140316
387.279 140686
387.310 140856
387.341 141407
387.372 141371
387.403 140737
387.434 140562
387.465 141688
387.496 142266
387.527 141399
387.558 141267
387.589 142883
387.620 142551
387.651 141604
387.682 140328
387.713 139938
387.744 139243
387.775 139524
387.806 138522
387.837 137953
387.867 139028
387.898 138867
387.929 138911
387.960 138985
387.991 138847
388.022 139150
388.053 138557
388.084 138753
388.115 139458
388.146 141377
388.177 140315
388.208 139773
388.239 138679
388.270 138302
388.301 138684
388.332 139243
388.363 139484
388.394 139736
388.425 138249
388.456 137621
388.487 137568
388.518 137451
388.549 136798
388.580 136068
388.611 134722
388.642 136026
388.673 137592
388.704 137926
388.735 137505
388.766 137909
388.797 137365
388.828 137266
388.858 137119
388.889 136768
388.920 136189
388.951 136770
388.982 137132
389.013 137384
389.044 137920
389.075 137769
389.106 137679
389.137 135327
389.168 133608
389.199 133465
389.230 133481
389.261 133486
389.292 133433
389.323 133115
389.354 133882
389.385 133286
389.416 133504
389.447 133843
389.478 134645
389.509 133865
389.539 132385
389.570 132267
389.601 132158
389.632 133165
389.663 133554
389.694 132975
389.725 132172
389.756 131829
389.787 131573
389.818 132274
389.849 131623
389.880 131751
389.911 131487
389.942 132994
389.973 132629
390.004 131884
390.035 130669
390.066 131124
390.096 131472
390.127 131119
390.158 131108
390.189 130443
390.220 130123
390.251 128552
390.282 129241
390.313 129806
390.344 129176
390.375 129347
390.406 130311
390.437 130782
390.468 130446
390.499 129988
390.530 129387
390.561 128258
390.591 127030
390.622 126439
390.653 125245
390.684 124523
390.715 123473
390.746 123862
390.777 124935
390.808 125955
390.839 127821
390.870 127640
390.901 127703
390.932 126741
390.963 125196
390.994 124868
391.024 125277
391.055 124158
391.086 123452
391.117 123828
391.148 122270
391.179 121158
391.210 120040
391.241 120342
391.272 121095
391.303 121420
391.334 122848
391.365 123103
391.396 122940
391.426 122120
391.457 121334
391.488 121257
391.519 120847
391.550 120528
391.581 119642
391.612 119921
391.643 121073
391.674 121455
391.705 121764
391.736 120249
391.767 119588
391.797 118623
391.828 118834
391.859 119086
391.890 117951
391.921 116995
391.952 116915
391.983 115974
392.014 116304
392.045 115728
392.076 115982
392.107 115925
392.137 115923
392.168 115712
392.199 114493
392.230 114329
392.261 113387
392.292 112563
392.323 111381
392.354 110135
392.385 109508
392.416 109422
392.446 109184
392.477 109510
392.508 108950
392.539 109588
392.570 110547
392.601 109995
392.632 109533
392.663 108440
392.694 108225
392.725 107281
392.755 107013
392.786 108286
392.817 109302
392.848 108980
392.879 107940
392.910 107528
392.941 106992
392.972 106415
393.003 105844
393.034 105796
393.064 106340
393.095 106412
393.126 107403
393.157 108111
393.188 106035
393.219 104887
393.250 104441
393.281 105232
393.312 104902
393.342 104858
393.373 103395
393.404 102423
393.435 101852
393.466 101602
393.497 101242
393.528 101603
393.559 101794
393.589 101560
393.620 100647
393.651 100806
393.682 99462
393.713 98986
393.744 99229
393.775 99298
393.806 97981
393.837 98038
393.867 97848
393.898 97645
393.929 97181
393.960 97367
393.991 97349
394.022 97414
394.053 95961
394.084 94786
394.114 94082
394.145 93847
394.176 93369
394.207 93044
394.238 93280
394.269 93287
394.300 93608
394.331 93471
394.361 93341
394.392 92498
394.423 92140
394.454 92102
394.485 92243
394.516 91705
394.547 91014
394.578 90207
394.608 90411
394.639 90211
394.670 90004
394.701 88809
394.732 88353
394.763 86896
394.794 86841
394.824 86558
394.855 87094
394.886 87573
394.917 87339
394.948 87354
394.979 86464
395.010 86067
395.040 86335
395.071 85671
395.102 85364
395.133 85667
395.164 85409
395.195 84970
395.226 83705
395.256 83615
395.287 83309
395.318 83392
395.349 83271
395.380 82615
395.411 82496
395.442 81642
395.472 81788
395.503 80760
395.534 80619
395.565 79954
395.596 79825
395.627 78974
395.658 78839
395.688 78401
395.719 78719
395.750 78526
395.781 78337
395.812 78066
395.843 77428
395.873 76863
395.904 76362
395.935 76294
395.966 76109
395.997 75832
396.028 75249
396.059 74785
396.089 74983
396.120 74038
396.151 73714
396.182 73276
396.213 72492
396.244 72624
396.274 71974
396.305 72921
396.336 73328
396.367 73545
396.398 73622
396.429 73197
396.459 72897
396.490 72530
396.521 71989
396.552 72226
396.583 71557
396.614 71161
396.644 70686
396.675 70398
396.706 69922
396.737 69219
396.768 68621
396.799 68206
396.829 67241
396.860 67464
396.891 67056
396.922 66712
396.953 66368
396.984 66090
397.014 65708
397.045 65638
397.076 64562
397.107 64355
397.138 64154
397.169 63552
397.199 63265
397.230 62842
397.261 62733
397.292 62441
397.323 62350
397.354 61730
397.384 61978
397.415 62359
397.446 62615
397.477 62447
397.508 61992
397.538 61373
397.569 61110
397.600 60591
397.631 59925
397.662 60065
397.693 59542
397.723 59526
397.754 58895
397.785 59220
397.816 58836
397.847 59012
397.877 59043
397.908 58690
397.939 58285
397.970 57702
398.001 56785
398.031 56684
398.062 56428
398.093 55894
398.124 55520
398.155 55197
398.186 55184
398.216 54971
398.247 54783
398.278 54698
398.309 53959
398.340 53821
398.370 53259
398.401 52975
398.432 53037
398.463 52780
398.494 52180
398.524 52140
398.555 51771
398.586 51624
398.617 51296
398.648 51357
398.678 51155
398.709 50177
398.740 50295
398.771 49883
398.802 49605
398.832 49109
398.863 49243
398.894 48908
398.925 49016
398.956 48610
398.986 48305
399.017 48309
399.048 48760
399.079 48077
399.110 47865
399.140 46863
399.171 46978
399.202 46529
399.233 46334
399.263 46353
399.294 45454
399.325 45263
399.356 45100
399.387 44754
399.417 44383
399.448 43971
399.479 43623
399.510 43339
399.541 43552
399.571 43101
399.602 42844
399.633 42447
399.664 42636
399.694 42255
399.725 42079
399.756 41918
399.787 41553
399.818 41276
399.848 40956
399.879 40847
399.910 40627
399.941 40102
399.972 39798
400.002 39505
400.033 39362
400.064 39401
400.095 38952
400.125 38736
400.156 38560
400.187 38468
400.218 38119
400.249 37851
400.279 37683
400.310 37319
400.341 37527
400.372 37315
400.402 36814
400.433 37298
400.464 36876
400.495 36616
400.525 36412
400.556 36262
400.587 36037
400.618 36062
400.649 35747
400.679 35461
400.710 35164
400.741 34887
400.772 34515
400.802 34008
400.833 33720
400.864 33594
400.895 33298
400.925 33259
400.956 33203
400.987 33160
401.018 33083
401.048 32694
401.079 32662
401.110 32416
401.141 32472
401.172 31793
401.202 31802
401.233 31491
401.264 31432
401.295 31313
401.325 30887
401.356 30602
401.387 30406
401.418 30585
401.448 30236
401.479 30238
401.510 30190
401.541 30263
401.571 29673
401.602 29651
401.633 29518
401.664 29334
401.694 28690
401.725 28590
401.756 28105
401.787 28130
401.817 28197
401.848 27960
401.879 27493
401.910 27344
401.940 27490
401.971 27608
402.002 27155
402.033 27228
402.063 27103
402.094 26705
402.125 26722
402.156 26615
402.186 26433
402.217 26240
402.248 26087
402.279 25536
402.309 25539
402.340 25507
402.371 25297
402.401 25185
402.432 25251
402.463 25049
402.494 24938
402.524 24587
402.555 24509
402.586 24097
402.617 23914
402.647 23992
402.678 23964
402.709 23787
402.740 23549
402.770 23425
402.801 23042
402.832 22956
402.863 22742
402.893 22576
402.924 22497
402.955 22550
402.985 22348
403.016 22023
403.047 22106
403.078 22227
403.108 22012
403.139 21852
403.170 21763
403.201 21528
403.231 21558
403.262 21320
403.293 21287
403.323 21058
403.354 20963
403.385 20654
403.416 20544
403.446 20504
403.477 20226
403.508 20435
403.538 20350
403.569 20092
403.600 19913
403.631 19972
403.661 19626
403.692 19537
403.723 19625
403.754 19344
403.784 19237
403.815 19005
403.846 19041
403.876 18773
403.907 18424
403.938 18645
403.969 18548
403.999 18024
404.030 18147
404.061 17910
404.091 17895
404.122 17800
404.153 17550
404.184 17598
404.214 17597
404.245 17421
404.276 17403
404.306 17185
404.337 17308
404.368 16956
404.398 17094
404.429 16802
404.460 16734
404.491 16812
404.521 16403
404.552 16381
404.583 16438
404.613 16371
404.644 16264
404.675 16139
404.706 16010
404.736 15892
404.767 16044
404.798 15794
404.828 15788
404.859 15650
404.890 15515
404.920 15608
404.951 15479
404.982 15409
405.012 15290
405.043 15183
405.074 15022
405.105 14837
405.135 15073
405.166 14963
405.197 14547
405.227 14629
405.258 14490
405.289 14466
405.319 14315
405.350 14254
405.381 13980
405.412 13965
405.442 13929
405.473 13979
405.504 13966
405.534 13825
405.565 13784
405.596 13650
405.626 13654
405.657 13425
