364.117 59774
364.148 59914
364.180 60316
364.211 60096
364.243 60355
364.274 61023
364.305 61209
364.337 62155
364.368 62799
364.399 63026
364.431 62497
364.462 62046
364.493 62317
364.525 62794
364.556 63146
364.587 63941
364.619 64888
364.650 65635
364.682 66003
364.713 65445
364.744 65780
364.776 65088
364.807 65128
364.838 65249
364.870 65527
364.901 65722
364.932 65565
364.964 65638
364.995 65828
365.026 66823
365.058 67453
365.089 67317
365.120 68180
365.152 68169
365.183 69149
365.214 69599
365.246 70088
365.277 69944
365.308 69434
365.340 70369
365.371 71026
365.402 70607
365.434 69087
365.465 69322
365.496 69459
365.528 69938
365.559 71011
365.591 71570
365.622 72397
365.653 72040
365.685 72158
365.716 72272
365.747 71995
365.779 72039
365.810 72240
365.841 72048
365.873 71689
365.904 72377
365.935 72342
365.967 72506
365.998 72990
366.029 73778
366.060 74289
366.092 74793
366.123 74787
366.154 74816
366.186 74926
366.217 75595
366.248 77247
366.280 78676
366.311 79665
366.342 80381
366.374 79608
366.405 79348
366.436 79800
366.468 80143
366.499 80653
366.530 80877
366.562 81002
366.593 79346
366.624 78618
366.656 79666
366.687 81773
366.718 83060
366.750 84781
366.781 85957
366.812 85802
366.844 83949
366.875 82249
366.906 83531
366.938 84024
366.969 84651
367.000 83997
367.031 85887
367.063 86216
367.094 85788
367.125 85540
367.157 86281
367.188 86918
367.219 86473
367.251 86618
367.282 89628
367.313 91026
367.345 91545
367.376 91066
367.407 92303
367.438 91471
367.470 89912
367.501 87800
367.532 88139
367.564 88506
367.595 88552
367.626 88714
367.658 88867
367.689 89557
367.720 90854
367.752 91472
367.783 92367
367.814 93699
367.845 95119
367.877 95560
367.908 95832
367.939 94611
367.971 95945
368.002 95727
368.033 94214
368.065 93686
368.096 93502
368.127 94975
368.158 95623
368.190 96376
368.221 97262
368.252 97576
368.284 97245
368.315 98957
368.346 99880
368.377 100284
368.409 100859
368.440 100122
368.471 100884
368.503 101075
368.534 100057
368.565 98524
368.597 100008
368.628 103019
368.659 103885
368.690 104757
368.722 104840
368.753 105622
368.784 104242
368.816 102251
368.847 101610
368.878 103252
368.909 103834
368.941 104581
368.972 104808
369.003 104909
369.034 105465
369.066 106551
369.097 107620
369.128 108076
369.160 107417
369.191 107290
369.222 107835
369.253 108170
369.285 107389
369.316 106620
369.347 107837
369.379 108866
369.410 109248
369.441 108618
369.472 109191
369.504 110509
369.535 110784
369.566 111101
369.597 111141
369.629 111977
369.660 111919
369.691 112550
369.723 113012
369.754 114971
369.785 116709
369.816 117918
369.848 118432
369.879 117677
369.910 116463
369.941 119091
369.973 119985
370.004 120926
370.035 119803
370.067 118770
370.098 117600
370.129 117614
370.160 117529
370.192 117914
370.223 118573
370.254 122370
370.285 123754
370.317 123793
370.348 124317
370.379 124399
370.410 123424
370.442 124757
370.473 124831
370.504 126820
370.535 129557
370.567 128296
370.598 127266
370.629 126549
370.660 126827
370.692 128210
370.723 129827
370.754 130409
370.785 130909
370.817 130547
370.848 128870
370.879 127265
370.910 128358
370.942 131032
370.973 132238
371.004 132575
371.035 133548
371.067 134763
371.098 132496
371.129 131202
371.160 132835
371.192 134170
371.223 136137
371.254 136379
371.285 136001
371.317 135720
371.348 134225
371.379 135972
371.410 136178
371.442 136675
371.473 136461
371.504 136138
371.535 136226
371.567 136940
371.598 138970
371.629 137279
371.660 137599
371.692 138114
371.723 138676
371.754 139789
371.785 141013
371.817 140156
371.848 141707
371.879 142638
371.910 142962
371.941 142595
371.973 141854
372.004 142837
372.035 143886
372.066 146872
372.098 147954
372.129 148031
372.160 149035
372.191 149966
372.223 151745
372.254 150894
372.285 151500
372.316 151374
372.347 149968
372.379 150743
372.410 151311
372.441 150314
372.472 150657
372.504 151995
372.535 150666
372.566 150871
372.597 151075
372.629 152892
372.660 153604
372.691 153880
372.722 153994
372.753 153746
372.785 154131
372.816 155870
372.847 156872
372.878 157135
372.910 159707
372.941 162868
372.972 163576
373.003 164459
373.034 165089
373.066 165299
373.097 163904
373.128 161857
373.159 160583
373.190 163716
373.222 162916
373.253 162415
373.284 162267
373.315 164073
373.347 166153
373.378 168151
373.409 172519
373.440 172445
373.471 171921
373.503 170675
373.534 169575
373.565 173092
373.596 173370
373.627 171069
373.659 172542
373.690 173702
373.721 174713
373.752 174948
373.783 175410
373.815 176107
373.846 176078
373.877 176928
373.908 175979
373.939 176264
373.971 177665
374.002 176783
374.033 176879
374.064 176581
374.095 176086
374.127 176132
374.158 177211
374.189 176923
374.220 176938
374.251 178689
374.283 180179
374.314 181005
374.345 180966
374.376 181483
374.407 182257
374.439 183959
374.470 184004
374.501 183378
374.532 183132
374.563 183566
374.595 183272
374.626 185051
374.657 186148
374.688 185678
374.719 186067
374.751 186384
374.782 187272
374.813 188672
374.844 189679
374.875 191295
374.906 191395
374.938 193186
374.969 193238
375.000 192636
375.031 192703
375.062 193994
375.094 195861
375.125 196508
375.156 195653
375.187 197641
375.218 197105
375.250 198348
375.281 199707
375.312 199813
375.343 200566
375.374 201626
375.405 202221
375.437 203508
375.468 206601
375.499 209155
375.530 208959
375.561 208374
375.592 208520
375.624 208823
375.655 209279
375.686 209339
375.717 209937
375.748 211105
375.780 211608
375.811 208602
375.842 207571
375.873 209610
375.904 211072
375.935 212168
375.967 211953
375.998 210704
376.029 212504
376.060 212276
376.091 214461
376.122 217350
376.154 218096
376.185 219698
376.216 218890
376.247 216641
376.278 216079
376.309 215998
376.341 216683
376.372 217209
376.403 217092
376.434 217783
376.465 219000
376.496 221219
376.528 221726
376.559 222473
376.590 222160
376.621 222925
376.652 222488
376.683 222880
376.714 224010
376.746 224849
376.777 229527
376.808 231722
376.839 232033
376.870 232691
376.901 234443
376.933 234280
376.964 230868
376.995 230469
377.026 230733
377.057 232906
377.088 237121
377.119 238551
377.151 237290
377.182 238617
377.213 239558
377.244 240898
377.275 242801
377.306 243385
377.338 243303
377.369 241934
377.400 241251
377.431 238971
377.462 239290
377.493 240889
377.524 240387
377.556 241481
377.587 240465
377.618 241656
377.649 241075
377.680 241033
377.711 242651
377.742 243406
377.774 243989
377.805 245722
377.836 245895
377.867 245803
377.898 246812
377.929 247174
377.960 249155
377.991 249737
378.023 247991
378.054 249839
378.085 251212
378.116 252316
378.147 253093
378.178 253646
378.209 252570
378.241 253192
378.272 252227
378.303 253636
378.334 253762
378.365 254680
378.396 254110
378.427 256845
378.458 260601
378.490 263038
378.521 263741
378.552 262935
378.583 264158
378.614 265891
378.645 264199
378.676 264545
378.707 263403
378.739 263895
378.770 263809
378.801 265244
378.832 267551
378.863 268714
378.894 267273
378.925 266266
378.956 267600
378.988 268292
379.019 268565
379.050 268542
379.081 269907
379.112 273392
379.143 274205
379.174 275021
379.205 276907
379.237 283013
379.268 284828
379.299 285812
379.330 284619
379.361 281951
379.392 279852
379.423 280286
379.454 279458
379.485 280842
379.517 281590
379.548 283187
379.579 284576
379.610 285485
379.641 285583
379.672 284220
379.703 278216
379.734 280070
379.765 283851
379.797 282801
379.828 282246
379.859 282271
379.890 284142
379.921 282946
379.952 284346
379.983 284604
380.014 285116
380.045 286277
380.077 287267
380.108 286816
380.139 285872
380.170 289837
380.201 294414
380.232 297621
380.263 299941
380.294 299001
380.325 298768
380.356 299191
380.388 297830
380.419 296520
380.450 297133
380.481 298688
380.512 301054
380.543 302903
380.574 302559
380.605 300213
380.636 300229
380.667 299923
380.698 299794
380.730 298926
380.761 297506
380.792 299411
380.823 299861
380.854 303037
380.885 303399
380.916 306984
380.947 312840
380.978 314844
381.009 313813
381.040 315554
381.072 315154
381.103 314637
381.134 314779
381.165 316154
381.196 318022
381.227 312791
381.258 311160
381.289 312171
381.320 314633
381.351 315975
381.382 315963
381.413 317275
381.445 318063
381.476 314336
381.507 312760
381.538 312458
381.569 312079
381.600 311052
381.631 310265
381.662 310982
381.693 311270
381.724 311492
381.755 312038
381.786 311536
381.817 311582
381.849 312361
381.880 312538
381.911 315201
381.942 317405
381.973 316861
382.004 319052
382.035 320634
382.066 319054
382.097 316504
382.128 315452
382.159 314638
382.190 312622
382.221 314866
382.252 318278
382.284 319271
382.315 319085
382.346 318880
382.377 318685
382.408 320229
382.439 318422
382.470 321336
382.501 322344
382.532 320102
382.563 318764
382.594 317962
382.625 318219
382.656 320317
382.687 321694
382.718 322650
382.750 323025
382.781 322316
382.812 322175
382.843 324660
382.874 328997
382.905 331752
382.936 334272
382.967 335046
382.998 331789
383.029 324593
383.060 325352
383.091 326330
383.122 326922
383.153 326125
383.184 323674
383.215 324070
383.246 332418
383.277 334996
383.308 334325
383.340 331887
383.371 330854
383.402 332637
383.433 329707
383.464 327660
383.495 326928
383.526 325166
383.557 325186
383.588 325978
383.619 327056
383.650 327407
383.681 328227
383.712 328436
383.743 326579
383.774 326393
383.805 327816
383.836 330645
383.867 333717
383.898 333409
383.929 332928
383.960 331449
383.991 331040
384.023 331042
384.054 332958
384.085 336375
384.116 339574
384.147 339727
384.178 336781
384.209 336155
384.240 333238
384.271 331543
384.302 330581
384.333 330288
384.364 331896
384.395 330608
384.426 331476
384.457 332021
384.488 332770
384.519 334808
384.550 335443
384.581 334005
384.612 331680
384.643 334219
384.674 335802
384.705 335821
384.736 335573
384.767 335892
384.798 336602
384.829 335646
384.860 335752
384.891 335970
384.922 335408
384.953 337671
384.984 337919
385.016 338678
385.047 340401
385.078 338191
385.109 335484
385.140 332170
385.171 331728
385.202 332200
385.233 332634
385.264 333952
385.295 332992
385.326 333245
385.357 334327
385.388 338632
385.419 344518
385.450 345786
385.481 343581
385.512 340335
385.543 341442
385.574 341224
385.605 339407
385.636 339605
385.667 340094
385.698 337503
385.729 338568
385.760 342614
385.791 344867
385.822 343929
385.853 338729
385.884 337344
385.915 336035
385.946 334176
385.977 332898
386.008 332858
386.039 334036
386.070 337135
386.101 338437
386.132 338752
386.163 338429
386.194 338197
386.225 338224
386.256 335231
386.287 333738
386.318 337224
386.349 339009
386.380 340013
386.411 342680
386.442 342984
386.473 343460
386.504 343792
386.535 342235
386.566 341581
386.597 342437
386.628 343261
386.659 342597
386.690 342115
386.721 337776
386.752 335734
386.783 336896
386.814 334917
386.845 332680
386.876 330128
386.907 330314
386.938 330665
386.969 332383
387.000 334460
387.031 332938
387.062 333317
387.093 332616
387.124 333528
387.155 334468
387.186 332323
387.217 329056
387.248 328861
387.279 329502
387.310 330260
387.341 331087
387.372 330387
387.403 330091
387.434 329026
387.465 330796
387.496 332504
387.527 331104
387.558 331408
387.589 332907
387.620 333223
387.651 332685
387.682 329088
387.713 327348
387.744 327121
387.775 325872
387.806 325112
387.837 325968
387.867 325174
387.898 326186
387.929 325414
387.960 326495
387.991 326264
388.022 326651
388.053 325540
388.084 326934
388.115 328236
388.146 330124
388.177 329541
388.208 327263
388.239 324584
388.270 323425
388.301 324188
388.332 326678
388.363 328277
388.394 325638
388.425 323164
388.456 322185
388.487 323390
388.518 321926
388.549 320671
388.580 318351
388.611 318102
388.642 319170
388.673 322505
388.704 323800
388.735 323507
388.766 323251
388.797 323741
388.828 322535
388.858 321294
388.889 321414
388.920 320200
388.951 320552
388.982 322338
389.013 322831
389.044 321999
389.075 323067
389.106 322034
389.137 316582
389.168 313159
389.199 311580
389.230 311620
389.261 311289
389.292 312061
389.323 311604
389.354 311921
389.385 311145
389.416 312445
389.447 314376
389.478 314891
389.509 314501
389.539 311120
389.570 310866
389.601 309754
389.632 311419
389.663 311441
389.694 311990
389.725 310967
389.756 309302
389.787 308309
389.818 310400
389.849 309093
389.880 309538
389.911 310569
389.942 312350
389.973 312288
390.004 309053
390.035 306422
390.066 307310
390.096 307619
390.127 308001
390.158 305893
390.189 304525
390.220 303630
390.251 301820
390.282 302775
390.313 304230
390.344 302583
390.375 304100
390.406 304969
390.437 306076
390.468 304259
390.499 304171
390.530 302788
390.561 299453
390.591 296023
390.622 295211
390.653 293830
390.684 289718
390.715 289855
390.746 289244
390.777 290225
390.808 293402
390.839 298558
390.870 297599
390.901 297286
390.932 295643
390.963 292858
390.994 292161
391.024 292871
391.055 292042
391.086 289347
391.117 288773
391.148 284058
391.179 282185
391.210 281300
391.241 282516
391.272 283616
391.303 285255
391.334 288840
391.365 288799
391.396 287095
391.426 287103
391.457 285719
391.488 282816
391.519 282095
391.550 280785
391.581 279096
391.612 279244
391.643 282953
391.674 284554
391.705 284416
391.736 281467
391.767 279343
391.797 278399
391.828 277501
391.859 278057
391.890 275342
391.921 272675
391.952 273476
391.983 272434
392.014 271456
392.045 270707
392.076 270956
392.107 270967
392.137 271058
392.168 271649
392.199 269709
392.230 266885
392.261 265229
392.292 263684
392.323 261499
392.354 259877
392.385 257703
392.416 255535
392.446 256138
392.477 255293
392.508 255151
392.539 256631
392.570 257637
392.601 256454
392.632 255621
392.663 253025
392.694 251405
392.725 249835
392.755 249356
392.786 251338
392.817 253823
392.848 253484
392.879 250309
392.910 249651
392.941 249092
392.972 248376
393.003 246608
393.034 246621
393.064 247895
393.095 248510
393.126 249103
393.157 250188
393.188 246075
393.219 243121
393.250 242685
393.281 243961
393.312 243849
393.342 242827
393.373 240357
393.404 238382
393.435 236509
393.466 236032
393.497 235821
393.528 236443
393.559 236106
393.589 235592
393.620 233914
393.651 233354
393.682 232074
393.713 231074
393.744 231187
393.775 229739
393.806 226498
393.837 226372
393.867 226589
393.898 226296
393.929 225802
393.960 225185
393.991 226411
394.022 224463
394.053 222562
394.084 220561
394.114 219141
394.145 218021
394.176 216352
394.207 216444
394.238 216332
394.269 217458
394.300 217400
394.331 217114
394.361 216117
394.392 215377
394.423 214836
394.454 214711
394.485 214065
394.516 212885
394.547 210255
394.578 209572
394.608 208845
394.639 208412
394.670 208325
394.701 205747
394.732 203608
394.763 202079
394.794 202328
394.824 200961
394.855 201881
394.886 201918
394.917 201858
394.948 201851
394.979 199596
395.010 199357
395.040 198377
395.071 196755
395.102 197589
395.133 196904
395.164 196198
395.195 195529
395.226 192430
395.256 191795
395.287 191358
395.318 191788
395.349 191440
395.380 190796
395.411 189702
395.442 188349
395.472 188192
395.503 186629
395.534 185609
395.565 183660
395.596 183191
395.627 181857
395.658 181360
395.688 180681
395.719 181530
395.750 181064
395.781 180678
395.812 179795
395.843 177554
395.873 176134
395.904 175959
395.935 175573
395.966 175407
395.997 174743
396.028 174238
396.059 173187
396.089 172219
396.120 170572
396.151 168528
396.182 167518
396.213 165977
396.244 165639
396.274 166108
396.305 166867
396.336 168466
396.367 168884
396.398 167455
396.429 167600
396.459 167043
396.490 166305
396.521 166334
396.552 164737
396.583 164315
396.614 163542
396.644 161535
396.675 159891
396.706 159479
396.737 157801
396.768 156165
396.799 154295
396.829 153660
396.860 153896
396.891 152643
396.922 152050
396.953 151590
396.984 151032
397.014 149899
397.045 148122
397.076 147760
397.107 146467
397.138 146356
397.169 145135
397.199 144246
397.230 143672
397.261 143219
397.292 141977
397.323 141198
397.354 139765
397.384 140339
397.415 141765
397.446 141694
397.477 140930
397.508 140183
397.538 138884
397.569 138102
397.600 137239
397.631 136384
397.662 134888
397.693 134531
397.723 134139
397.754 133606
397.785 133407
397.816 132418
397.847 132180
397.877 132254
397.908 131760
397.939 132110
397.970 130415
398.001 127925
398.031 127984
398.062 127437
398.093 126324
398.124 125394
398.155 124389
398.186 123450
398.216 123139
398.247 122844
398.278 121639
398.309 120868
398.340 120000
398.370 119968
398.401 119752
398.432 118637
398.463 118211
398.494 117682
398.524 116471
398.555 116173
398.586 115401
398.617 114752
398.648 114535
398.678 113791
398.709 112486
398.740 112001
398.771 111143
398.802 109716
398.832 109553
398.863 109269
398.894 109759
398.925 108177
398.956 107902
398.986 107420
399.017 107537
399.048 107940
399.079 107292
399.110 106573
399.140 104608
399.171 103708
399.202 103247
399.233 102946
399.263 101813
399.294 101079
399.325 100153
399.356 99093
399.387 99269
399.417 97903
399.448 97396
399.479 96844
399.510 96365
399.541 96045
399.571 95207
399.602 94579
399.633 94372
399.664 93009
399.694 92645
399.725 92140
399.756 91666
399.787 90890
399.818 90961
399.848 90332
399.879 89005
399.910 88939
399.941 87282
399.972 86500
400.002 85971
400.033 85717
400.064 85700
400.095 85174
400.125 84893
400.156 83579
400.187 83459
400.218 83084
400.249 82799
400.279 81769
400.310 81640
400.341 81449
400.372 80984
400.402 80153
400.433 80506
400.464 79721
400.495 79297
400.525 78679
400.556 78431
400.587 77956
400.618 77400
400.649 76632
400.679 75853
400.710 75303
400.741 74514
400.772 73218
400.802 73431
400.833 72883
400.864 71965
400.895 71076
400.925 70810
400.956 70663
400.987 70898
401.018 70887
401.048 70255
401.079 69639
401.110 69309
401.141 68492
401.172 67817
401.202 67589
401.233 66549
401.264 66554
401.295 65875
401.325 65508
401.356 64984
401.387 64814
401.418 64655
401.448 63804
401.479 63808
401.510 63267
401.541 63201
401.571 62833
401.602 62122
401.633 61843
401.664 61364
401.694 60427
401.725 59578
401.756 59448
401.787 58672
401.817 58590
401.848 58447
401.879 57681
401.910 57032
401.940 56694
401.971 56609
402.002 56872
402.033 56472
402.063 56000
402.094 55865
402.125 55446
402.156 54890
402.186 54558
402.217 54016
402.248 53613
402.279 52993
402.309 52570
402.340 52172
402.371 51770
402.401 51640
402.432 51177
402.463 51157
402.494 50933
402.524 50180
402.555 49902
402.586 49008
402.617 48363
402.647 48731
402.678 48388
402.709 48075
402.740 47358
402.770 47160
402.801 46639
402.832 46584
402.863 45501
402.893 45558
402.924 45079
402.955 44835
402.985 44751
403.016 44340
403.047 44067
403.078 43908
403.108 43884
403.139 43641
403.170 43315
403.201 42850
403.231 42618
403.262 42229
403.293 42121
403.323 41890
403.354 41467
403.385 40900
403.416 40658
403.446 40229
403.477 39796
403.508 40046
403.538 39662
403.569 39344
403.600 38891
403.631 38787
403.661 38601
403.692 38212
403.723 37984
403.754 37688
403.784 37316
403.815 36960
403.846 36676
403.876 36297
403.907 35965
403.938 35743
403.969 35056
403.999 34601
404.030 34525
404.061 34067
404.091 33830
404.122 33445
404.153 33242
404.184 33197
404.214 32921
404.245 32875
404.276 32562
404.306 32409
404.337 32319
404.368 32025
404.398 31926
404.429 31638
404.460 31213
404.491 31171
404.521 30854
404.552 30529
404.583 30181
404.613 30102
404.644 30143
404.675 29998
404.706 29778
404.736 29454
404.767 29383
404.798 29067
404.828 28843
404.859 28637
404.890 28425
404.920 28422
404.951 28121
404.982 28073
405.012 27607
405.043 27495
405.074 27212
405.105 27055
405.135 26779
405.166 26635
405.197 26510
405.227 26114
405.258 25810
405.289 25791
405.319 25504
405.350 25317
405.381 24858
405.412 24827
405.442 24527
405.473 24443
405.504 24493
405.534 24405
405.565 24340
405.596 24011
405.626 23554
405.657 23751
