373.873 6966
373.887 6981
373.901 6970
373.915 7017
373.928 6997
373.942 7009
373.956 6980
373.970 7007
373.983 7020
373.997 7003
374.011 7031
374.025 7046
374.039 7066
374.052 7038
374.066 7084
374.080 7071
374.094 7086
374.107 7086
374.121 7176
374.135 7112
374.149 7104
374.162 7160
374.176 7088
374.190 7108
374.204 7181
374.217 7164
374.231 7099
374.245 7164
374.259 7181
374.272 7204
374.286 7188
374.300 7175
374.314 7213
374.327 7238
374.341 7201
374.355 7176
374.369 7221
374.382 7250
374.396 7288
374.410 7292
374.424 7329
374.437 7276
374.451 7278
374.465 7306
374.479 7277
374.492 7353
374.506 7320
374.520 7349
374.534 7395
374.547 7348
374.561 7424
374.575 7318
374.589 7351
374.602 7400
374.616 7374
374.630 7429
374.644 7436
374.657 7461
374.671 7401
374.685 7469
374.699 7460
374.712 7442
374.726 7420
374.740 7566
374.754 7499
374.767 7476
374.781 7567
374.795 7560
374.809 7563
374.822 7614
374.836 7605
374.850 7710
374.863 7673
374.877 7645
374.891 7654
374.905 7745
374.918 7733
374.932 7705
374.946 7706
374.960 7781
374.973 7770
374.987 7735
375.001 7798
375.015 7839
375.028 7879
375.042 7905
375.056 7966
375.069 7884
375.083 7893
375.097 8002
375.111 7905
375.124 7878
375.138 8056
375.152 7968
375.166 8019
375.179 8056
375.193 8075
375.207 8033
375.220 8104
375.234 8164
375.248 8099
375.262 8229
375.275 8266
375.289 8276
375.303 8281
375.317 8310
375.330 8347
375.344 8272
375.358 8304
375.371 8277
375.385 8319
375.399 8388
375.413 8351
375.426 8428
375.440 8425
375.454 8433
375.468 8477
375.481 8458
375.495 8560
375.509 8665
375.522 8646
375.536 8650
375.550 8660
375.564 8598
375.577 8746
375.591 8683
375.605 8717
375.618 8789
375.632 8806
375.646 8813
375.660 8772
375.673 8807
375.687 8915
375.701 8922
375.714 9050
375.728 8951
375.742 8956
375.756 9056
375.769 9105
375.783 9054
375.797 9181
375.810 9154
375.824 9071
375.838 9088
375.852 9113
375.865 9235
375.879 9265
375.893 9337
375.906 9429
375.920 9387
375.934 9408
375.947 9363
375.961 9541
375.975 9601
375.989 9565
376.002 9547
376.016 9610
376.030 9626
376.043 9686
376.057 9578
376.071 9737
376.084 9740
376.098 9701
376.112 9832
376.126 9849
376.139 9769
376.153 9813
376.167 9878
376.180 9943
376.194 10051
376.208 9975
376.221 10054
376.235 10110
376.249 10132
376.263 10160
376.276 10193
376.290 10220
376.304 10223
376.317 10397
376.331 10390
376.345 10423
376.358 10427
376.372 10546
376.386 10635
376.400 10634
376.413 10542
376.427 10747
376.441 10797
376.454 10748
376.468 10820
376.482 10772
376.495 10782
376.509 11001
376.523 10800
376.536 10968
376.550 11040
376.564 11203
376.577 11321
376.591 11339
376.605 11376
376.619 11449
376.632 11388
376.646 11511
376.660 11453
376.673 11533
376.687 11731
376.701 11811
376.714 11807
376.728 11785
376.742 11928
376.755 11839
376.769 11841
376.783 11951
376.796 12098
376.810 12131
376.824 12219
376.837 12115
376.851 12207
376.865 12334
376.879 12437
376.892 12392
376.906 12622
376.920 12535
376.933 12570
376.947 12645
376.961 12676
376.974 12808
376.988 12899
377.002 12887
377.015 12906
377.029 13066
377.043 13034
377.056 13185
377.070 13208
377.084 13434
377.097 13287
377.111 13481
377.125 13471
377.138 13586
377.152 13569
377.166 13638
377.179 13714
377.193 13832
377.207 13929
377.220 14056
377.234 14180
377.248 14151
377.261 14289
377.275 14486
377.289 14463
377.302 14458
377.316 14398
377.330 14610
377.343 14520
377.357 14846
377.371 14825
377.384 14794
377.398 14968
377.412 15118
377.425 15270
377.439 15264
377.453 15287
377.466 15337
377.480 15289
377.494 15518
377.507 15619
377.521 15576
377.535 15684
377.548 15779
377.562 15770
377.576 15819
377.589 15904
377.603 16036
377.617 16114
377.630 16232
377.644 16332
377.658 16416
377.671 16377
377.685 16621
377.698 16508
377.712 16763
377.726 17049
377.739 17125
377.753 17262
377.767 17336
377.780 17380
377.794 17527
377.808 17624
377.821 17446
377.835 17430
377.849 17660
377.862 17822
377.876 17657
377.890 17903
377.903 18040
377.917 18014
377.931 18355
377.944 18358
377.958 18501
377.972 18604
377.985 18658
377.999 18629
378.012 18941
378.026 19114
378.040 19098
378.053 18991
378.067 19253
378.081 19437
378.094 19727
378.108 19743
378.122 19876
378.135 19751
378.149 19810
378.163 19927
378.176 20134
378.190 20289
378.203 20364
378.217 20366
378.231 20556
378.244 20417
378.258 20388
378.272 20795
378.285 20585
378.299 20819
378.313 20865
378.326 21138
378.340 21379
378.353 21447
378.367 21552
378.381 21803
378.394 22004
378.408 22018
378.422 22311
378.435 22166
378.449 22308
378.463 22506
378.476 22359
378.490 22603
378.503 22689
378.517 22855
378.531 22888
378.544 23052
378.558 23442
378.572 23590
378.585 23760
378.599 23723
378.612 24163
378.626 24172
378.640 24413
378.653 24362
378.667 24707
378.681 24835
378.694 24754
378.708 25061
378.721 25164
378.735 25260
378.749 25502
378.762 25806
378.776 26054
378.790 26189
378.803 26235
378.817 26689
378.830 26859
378.844 27072
378.858 27196
378.871 27432
378.885 27127
378.899 27350
378.912 27507
378.926 27667
378.939 27905
378.953 28020
378.967 28432
378.980 28436
378.994 28359
379.007 28592
379.021 28826
379.035 28917
379.048 29140
379.062 29244
379.076 29587
379.089 29655
379.103 29835
379.116 30057
379.130 30335
379.144 30405
379.157 30875
379.171 30740
379.184 31270
379.198 31023
379.212 31401
379.225 31448
379.239 31658
379.252 31938
379.266 32007
379.280 32484
379.293 32771
379.307 32916
379.321 33309
379.334 33588
379.348 33506
379.361 33717
379.375 34018
379.389 34536
379.402 34586
379.416 35135
379.429 35584
379.443 35492
379.457 36075
379.470 36372
379.484 36801
379.497 36857
379.511 36883
379.525 36995
379.538 37584
379.552 38194
379.565 38680
379.579 38289
379.593 38638
379.606 38805
379.620 39541
379.633 40086
379.647 39970
379.661 40391
379.674 40214
379.688 40488
379.701 40574
379.715 40730
379.729 41199
379.742 41133
379.756 41699
379.769 41780
379.783 42225
379.797 42229
379.810 42578
379.824 42867
379.837 43192
379.851 43550
379.864 44159
379.878 44333
379.892 44745
379.905 45016
379.919 45380
379.932 45948
379.946 46124
379.960 46572
379.973 46567
379.987 47337
380.000 47899
380.014 48288
380.028 48838
380.041 48888
380.055 49514
380.068 49830
380.082 49861
380.095 50571
380.109 50940
380.123 51291
380.136 52139
380.150 53372
380.163 54051
380.177 54618
380.191 54863
380.204 55119
380.218 55575
380.231 56204
380.245 56976
380.258 57286
380.272 57339
380.286 57739
380.299 58577
380.313 59160
380.326 59675
380.340 59756
380.353 60046
380.367 60548
380.381 61173
380.394 61340
380.408 61905
380.421 62426
380.435 63148
380.449 63944
380.462 64905
380.476 65596
380.489 66675
380.503 67332
380.516 67857
380.530 67945
380.544 67819
380.557 67966
380.571 68244
380.584 69158
380.598 69578
380.611 69862
380.625 70705
380.639 71551
380.652 71814
380.666 72635
380.679 72832
380.693 72698
380.706 73220
380.720 74612
380.733 74938
380.747 75765
380.761 76099
380.774 76411
380.788 77710
380.801 78397
380.815 78876
380.828 79584
380.842 80175
380.856 81390
380.869 81595
380.883 82240
380.896 83671
380.910 85402
380.923 86519
380.937 87530
380.950 88683
380.964 89424
380.978 90038
380.991 90594
381.005 91595
381.018 92123
381.032 92927
381.045 93501
381.059 94607
381.072 95431
381.086 95013
381.100 95628
381.113 95474
381.127 96246
381.140 96389
381.154 96885
381.167 97576
381.181 99599
381.194 99789
381.208 100538
381.222 101726
381.235 103575
381.249 104215
381.262 105160
381.276 105486
381.289 106312
381.303 106588
381.316 107471
381.330 108538
381.343 109055
381.357 109002
381.371 109245
381.384 110543
381.398 111510
381.411 112412
381.425 112788
381.438 114177
381.452 114878
381.465 114703
381.479 116219
381.492 116995
381.506 117187
381.520 117940
381.533 118200
381.547 119216
381.560 119870
381.574 120831
381.587 121855
381.601 122391
381.614 122887
381.628 123047
381.641 123946
381.655 124749
381.669 125985
381.682 127434
381.696 129487
381.709 130673
381.723 130909
381.736 130595
381.750 130776
381.763 130706
381.777 130417
381.790 131713
381.804 133710
381.817 135886
381.831 136313
381.844 136433
381.858 138234
381.872 139107
381.885 138824
381.899 140170
381.912 141622
381.926 141977
381.939 142369
381.953 143203
381.966 143781
381.980 145088
381.993 145703
382.007 147746
382.020 147565
382.034 149053
382.047 149662
382.061 150653
382.074 152593
382.088 154694
382.101 156465
382.115 156922
382.129 156950
382.142 155269
382.156 156268
382.169 158399
382.183 158586
382.196 159656
382.210 160415
382.223 161618
382.237 164587
382.250 166669
382.264 167874
382.277 167426
382.291 166683
382.304 168237
382.318 168202
382.331 167813
382.345 168025
382.358 168209
382.372 168881
382.385 171602
382.399 172005
382.412 173336
382.426 173954
382.439 173494
382.453 174425
382.467 175705
382.480 177659
382.494 179929
382.507 181546
382.521 181958
382.534 182565
382.548 183192
382.561 184106
382.575 185136
382.588 187723
382.602 190264
382.615 191133
382.629 192726
382.642 191530
382.656 191398
382.669 191214
382.683 191608
382.696 191833
382.710 192007
382.723 192936
382.737 193200
382.750 194466
382.764 195264
382.777 196379
382.791 198131
382.804 199040
382.818 199344
382.831 198905
382.845 200660
382.858 201950
382.872 201436
382.885 201126
382.899 202866
382.912 203734
382.926 203167
382.939 204114
382.953 203994
382.966 205510
382.980 206939
382.993 207830
383.007 207705
383.020 207039
383.034 206143
383.047 205263
383.061 203674
383.074 204339
383.088 204281
383.101 204451
383.115 205119
383.128 205576
383.142 205608
383.155 206726
383.169 208823
383.182 211154
383.196 211314
383.209 211801
383.223 209821
383.236 210501
383.250 210870
383.263 209545
383.277 208636
383.290 210092
383.304 208902
383.317 209137
383.331 213166
383.344 213527
383.358 212645
383.371 208439
383.385 206851
383.398 205320
383.412 203897
383.425 203279
383.438 202496
383.452 201283
383.465 202483
383.479 202112
383.492 201290
383.506 201265
383.519 201747
383.533 201811
383.546 198065
383.560 195621
383.573 195382
383.587 195764
383.600 196690
383.614 196104
383.627 195375
383.641 194896
383.654 194698
383.668 192897
383.681 191240
383.695 190656
383.708 188536
383.722 186943
383.735 183975
383.749 180554
383.762 179537
383.775 177275
383.789 175853
383.802 173008
383.816 168520
383.829 166258
383.843 164777
383.856 163670
383.870 163191
383.883 160839
383.897 159696
383.910 157695
383.924 155306
383.937 153874
383.951 150061
383.964 147175
383.978 145599
383.991 144696
384.004 143708
384.018 141925
384.031 139501
384.045 136211
384.058 132772
384.072 129999
384.085 127650
384.099 124891
384.112 121920
384.126 120229
384.139 119035
384.153 117413
384.166 114418
384.180 110850
384.193 108908
384.206 105373
384.220 102082
384.233 99769
384.247 97720
384.260 95958
384.274 93481
384.287 90494
384.301 88296
384.314 85498
384.328 83812
384.341 81263
384.355 79050
384.368 77582
384.381 74813
384.395 72233
384.408 69504
384.422 67594
384.435 65220
384.449 64461
384.462 63345
384.476 61093
384.489 59138
384.503 57623
384.516 56336
384.529 54708
384.543 53189
384.556 51754
384.570 50172
384.583 49689
384.597 48899
384.610 47998
384.624 47173
384.637 46205
384.651 45425
384.664 44126
384.677 43374
384.691 42876
384.704 42024
384.718 41188
384.731 40880
384.745 40225
384.758 39760
384.772 39175
384.785 38877
384.798 38362
384.812 37955
384.825 37208
384.839 36775
384.852 36492
384.866 35761
384.879 35286
384.893 34805
384.906 34676
384.919 34927
384.933 34922
384.946 34560
384.960 34012
384.973 33333
384.987 32916
385.000 32366
385.013 32088
385.027 32138
385.040 31909
385.054 31826
385.067 31525
385.081 31111
385.094 31059
385.108 30953
385.121 30554
385.134 30624
385.148 30491
385.161 30185
385.175 29725
385.188 29321
385.202 28960
385.215 28676
385.228 28545
385.242 28245
385.255 27926
385.269 27718
385.282 27426
385.296 27427
385.309 27157
385.322 27108
385.336 26836
385.349 26951
385.363 26794
385.376 26339
385.390 26159
385.403 25948
385.416 25783
385.430 25243
385.443 25138
385.457 24814
385.470 24730
385.484 24325
385.497 24221
385.510 24076
385.524 24325
385.537 24153
385.551 24211
385.564 23911
385.578 23560
385.591 23425
385.604 23508
385.618 23253
385.631 23242
385.645 22871
385.658 22780
385.671 22415
385.685 22285
385.698 22248
385.712 22039
385.725 21925
385.739 22048
385.752 21906
385.765 21931
385.779 21752
385.792 21453
385.806 21517
385.819 21226
385.832 21258
385.846 20833
385.859 20931
385.873 20624
385.886 20888
385.900 20903
385.913 20724
385.926 20543
385.940 20284
385.953 20241
385.967 19928
385.980 20113
385.993 19654
386.007 19556
386.020 19522
386.034 19449
386.047 19237
386.060 19323
386.074 19176
386.087 19155
386.101 18995
386.114 19196
386.127 19121
386.141 18634
386.154 18693
386.168 18432
386.181 18333
386.194 18020
386.208 17836
386.221 17827
386.235 17805
386.248 17658
386.261 17725
386.275 17717
386.288 17601
386.302 17621
386.315 17404
386.328 17260
386.342 17175
386.355 16937
386.369 17126
386.382 17116
386.395 17095
386.409 17029
386.422 16910
386.436 16700
386.449 16675
386.462 16587
386.476 16458
386.489 16542
386.503 16344
386.516 16317
386.529 16285
386.543 16211
386.556 16191
386.570 15939
386.583 15860
386.596 16036
386.610 15855
386.623 15847
386.637 15704
386.650 15543
386.663 15523
386.677 15404
386.690 15317
386.704 15327
386.717 15342
386.730 15191
386.744 15040
386.757 14890
386.770 14892
386.784 14751
386.797 14909
386.811 14649
386.824 14572
386.837 14439
386.851 14394
386.864 14429
386.878 14392
386.891 14398
386.904 14442
386.918 14351
386.931 14215
386.944 14064
386.958 13992
386.971 13820
386.985 13867
386.998 13779
387.011 13762
387.025 13667
387.038 13635
387.051 13653
387.065 13526
387.078 13497
387.092 13567
387.105 13493
387.118 13464
387.132 13444
387.145 13248
387.158 13217
387.172 13233
387.185 13134
387.199 13011
387.212 13044
387.225 12861
387.239 12824
387.252 12711
387.265 12651
387.279 12697
387.292 12726
387.306 12766
387.319 12766
387.332 12608
387.346 12556
387.359 12659
387.372 12478
387.386 12383
387.399 12486
387.412 12301
387.426 12425
387.439 12367
387.453 12126
387.466 12107
387.479 12050
387.493 12109
387.506 12198
387.519 12263
387.533 12069
387.546 12081
387.559 12114
387.573 12083
387.586 11858
387.600 11934
387.613 11897
387.626 11827
387.640 11695
387.653 11803
387.666 11798
387.680 11916
387.693 11748
387.706 11693
387.720 11579
387.733 11748
387.747 11833
387.760 11792
387.773 11678
387.787 11772
387.800 11730
387.813 11662
387.827 11406
387.840 11459
387.853 11428
387.867 11406
387.880 11317
387.893 11265
387.907 11334
387.920 11360
387.933 11447
387.947 11392
387.960 11383
387.974 11288
387.987 11410
388.000 11276
388.014 11379
388.027 11387
388.040 11410
388.054 11382
388.067 11251
388.080 11081
388.094 11079
388.107 11196
388.120 11123
388.134 11047
388.147 10999
388.160 11028
388.174 10952
388.187 10956
388.200 10963
388.214 10858
388.227 10872
388.240 10902
388.254 10927
388.267 10814
388.280 10783
388.294 10720
388.307 10751
388.320 10872
388.334 10830
388.347 10804
388.361 10784
388.374 10727
388.387 10752
388.401 10773
388.414 10786
388.427 10725
388.441 10659
388.454 10731
388.467 10646
388.481 10619
388.494 10519
388.507 10511
388.521 10637
388.534 10603
388.547 10557
388.561 10603
388.574 10601
388.587 10725
388.601 10771
388.614 10551
388.627 10574
388.641 10641
388.654 10500
388.667 10660
388.680 10455
388.694 10362
388.707 10366
388.720 10330
388.734 10335
388.747 10413
388.760 10361
388.774 10261
388.787 10391
388.800 10280
388.814 10214
388.827 10202
388.840 10152
388.854 10288
388.867 10274
388.880 10124
388.894 10109
388.907 10163
388.920 10167
388.934 10125
388.947 10030
388.960 10084
388.974 9993
388.987 9892
389.000 9905
389.014 9873
389.027 9959
389.040 9940
389.054 9917
389.067 9836
389.080 9913
389.093 9914
389.107 9872
389.120 9920
389.133 9797
389.147 9869
389.160 9811
389.173 9774
389.187 9688
389.200 9644
389.213 9597
389.227 9653
389.240 9622
389.253 9530
389.267 9533
389.280 9535
389.293 9540
389.306 9409
389.320 9505
389.333 9438
389.346 9376
389.360 9429
389.373 9304
389.386 9302
389.400 9314
389.413 9325
389.426 9218
389.440 9282
389.453 9242
389.466 9211
389.479 9070
389.493 9000
389.506 9165
389.519 9078
389.533 9016
389.546 9006
389.559 9027
389.573 8933
389.586 8974
389.599 8850
389.613 8914
389.626 8854
389.639 8892
389.652 8807
389.666 8822
389.679 8870
389.692 8743
389.706 8726
389.719 8808
389.732 8730
389.745 8666
389.759 8670
389.772 8621
389.785 8573
389.799 8555
389.812 8527
389.825 8507
389.839 8468
389.852 8496
389.865 8464
389.878 8309
389.892 8383
389.905 8324
389.918 8385
389.932 8349
389.945 8409
389.958 8343
389.971 8219
389.985 8288
389.998 8197
390.011 8239
390.025 8168
390.038 8102
390.051 8024
390.064 8147
390.078 8100
390.091 7994
390.104 8010
390.118 7974
390.131 7981
390.144 7953
390.157 7956
390.171 7966
390.184 7886
390.197 7889
390.211 7911
390.224 7878
390.237 7813
390.250 7793
390.264 7830
390.277 7782
390.290 7709
390.304 7705
390.317 7684
390.330 7676
390.343 7708
390.357 7642
390.370 7648
390.383 7663
390.397 7683
390.410 7610
390.423 7564
390.436 7535
390.450 7577
390.463 7586
390.476 7519
390.489 7554
390.503 7563
390.516 7550
390.529 7457
390.543 7504
390.556 7483
390.569 7493
390.582 7399
390.596 7417
390.609 7364
390.622 7345
390.635 7370
390.649 7338
390.662 7327
390.675 7373
390.689 7326
390.702 7321
390.715 7342
390.728 7280
390.742 7251
390.755 7207
390.768 7309
390.781 7255
390.795 7276
390.808 7238
390.821 7235
390.834 7208
390.848 7230
390.861 7218
390.874 7200
390.888 7267
390.901 7154
390.914 7139
390.927 7173
390.941 7150
390.954 7151
390.967 7139
390.980 7161
390.994 7081
391.007 7141
391.020 7132
391.033 7087
391.047 7155
391.060 7174
391.073 7097
391.086 7100
391.100 7048
391.113 7088
391.126 7090
391.139 7089
391.153 7051
391.166 7082
391.179 7043
391.192 7108
391.206 7078
391.219 7047
391.232 7071
391.245 7004
391.259 7002
391.272 7016
391.285 7044
391.298 7015
391.312 6986
391.325 7034
391.338 6995
391.351 7011
391.365 7017
391.378 6995
391.391 6994
391.404 7067
391.418 6975
391.431 6942
391.444 6995
391.457 7009
391.471 6992
391.484 6956
391.497 6983
391.510 6929
391.524 6972
391.537 7026
391.550 6945
391.563 6965
391.577 6948
391.590 6922
391.603 6920
391.616 6960
391.630 6923
391.643 6868
391.656 6886
391.669 6949
391.682 6966
391.696 6867
391.709 6933
391.722 6906
391.735 6886
391.749 6917
391.762 6866
391.775 6910
391.788 6832
391.802 6834
391.815 6859
391.828 6887
391.841 6854
391.855 6883
391.868 6792
391.881 6871
391.894 6817
391.907 6829
391.921 6825
391.934 6809
391.947 6836
