373.873 7705
373.887 7789
373.901 7863
373.915 7863
373.928 7830
373.942 7860
373.956 7932
373.970 7903
373.983 7960
373.997 7983
374.011 7955
374.025 7908
374.039 8046
374.052 8006
374.066 8033
374.080 8017
374.094 8060
374.107 8119
374.121 8112
374.135 8140
374.149 8108
374.162 8096
374.176 8170
374.190 8136
374.204 8198
374.217 8228
374.231 8177
374.245 8132
374.259 8251
374.272 8275
374.286 8314
374.300 8281
374.314 8404
374.327 8396
374.341 8447
374.355 8436
374.369 8473
374.382 8514
374.396 8404
374.410 8406
374.424 8521
374.437 8530
374.451 8580
374.465 8577
374.479 8585
374.492 8527
374.506 8656
374.520 8688
374.534 8722
374.547 8757
374.561 8666
374.575 8812
374.589 8746
374.602 8826
374.616 8774
374.630 8848
374.644 8815
374.657 8829
374.671 8958
374.685 8850
374.699 8989
374.712 9019
374.726 9006
374.740 9114
374.754 9045
374.767 9063
374.781 9076
374.795 9174
374.809 9208
374.822 9271
374.836 9235
374.850 9400
374.863 9365
374.877 9410
374.891 9349
374.905 9450
374.918 9552
374.932 9512
374.946 9423
374.960 9554
374.973 9455
374.987 9577
375.001 9727
375.015 9756
375.028 9780
375.042 9839
375.056 9904
375.069 9930
375.083 9830
375.097 9952
375.111 9920
375.124 9989
375.138 10130
375.152 10069
375.166 10189
375.179 10197
375.193 10151
375.207 10195
375.220 10273
375.234 10310
375.248 10257
375.262 10535
375.275 10555
375.289 10599
375.303 10557
375.317 10640
375.330 10711
375.344 10706
375.358 10633
375.371 10695
375.385 10654
375.399 10802
375.413 10864
375.426 10692
375.440 10869
375.454 10937
375.468 11079
375.481 11090
375.495 11259
375.509 11160
375.522 11263
375.536 11331
375.550 11363
375.564 11481
375.577 11460
375.591 11466
375.605 11425
375.618 11429
375.632 11530
375.646 11613
375.660 11722
375.673 11702
375.687 11794
375.701 11812
375.714 12049
375.728 12028
375.742 12133
375.756 12123
375.769 12153
375.783 12277
375.797 12326
375.810 12189
375.824 12181
375.838 12154
375.852 12441
375.865 12539
375.879 12603
375.893 12553
375.906 12787
375.920 12702
375.934 12578
375.947 12731
375.961 12737
375.975 12956
375.989 12998
376.002 12993
376.016 13134
376.030 13136
376.043 13390
376.057 13411
376.071 13447
376.084 13455
376.098 13391
376.112 13450
376.126 13411
376.139 13537
376.153 13525
376.167 13797
376.180 13922
376.194 13912
376.208 13936
376.221 14057
376.235 14095
376.249 14291
376.263 14203
376.276 14317
376.290 14433
376.304 14505
376.317 14525
376.331 14424
376.345 14652
376.358 14812
376.372 14995
376.386 15014
376.400 14893
376.413 14983
376.427 15348
376.441 15345
376.454 15424
376.468 15484
376.482 15338
376.495 15544
376.509 15551
376.523 15475
376.536 15626
376.550 15820
376.564 16078
376.577 16239
376.591 16292
376.605 16408
376.619 16315
376.632 16535
376.646 16543
376.660 16852
376.673 16815
376.687 17176
376.701 17159
376.714 17078
376.728 17193
376.742 17347
376.755 17292
376.769 17481
376.783 17650
376.796 17649
376.810 17734
376.824 17721
376.837 17646
376.851 17852
376.865 18085
376.879 18238
376.892 18330
376.906 18686
376.920 18529
376.933 18602
376.947 18529
376.961 18883
376.974 19010
376.988 19218
377.002 19196
377.015 19266
377.029 19137
377.043 19506
377.056 19665
377.070 19764
377.084 19973
377.097 20017
377.111 20027
377.125 20296
377.138 20315
377.152 20506
377.166 20384
377.179 20606
377.193 20772
377.207 20926
377.220 21313
377.234 21094
377.248 21325
377.261 21639
377.275 21969
377.289 21884
377.302 21893
377.316 22020
377.330 22003
377.343 22179
377.357 22446
377.371 22828
377.384 22947
377.398 23091
377.412 23149
377.425 23517
377.439 23209
377.453 23566
377.466 23606
377.480 23553
377.494 23774
377.507 23787
377.521 23949
377.535 24153
377.548 24373
377.562 24366
377.576 24323
377.589 24389
377.603 24719
377.617 25134
377.630 25190
377.644 25304
377.658 25296
377.671 25406
377.685 25504
377.698 25902
377.712 26099
377.726 26523
377.739 26935
377.753 27080
377.767 27007
377.780 27248
377.794 27408
377.808 27377
377.821 27374
377.835 27351
377.849 27561
377.862 27658
377.876 27694
377.890 28016
377.903 28255
377.917 28511
377.931 28813
377.944 29072
377.958 29368
377.972 29316
377.985 29414
377.999 29337
378.012 29811
378.026 29943
378.040 29933
378.053 30542
378.067 30888
378.081 30974
378.094 31228
378.108 31340
378.122 31051
378.135 31528
378.149 31595
378.163 31648
378.176 32025
378.190 32301
378.203 32517
378.217 32690
378.231 32623
378.244 32641
378.258 32574
378.272 32666
378.285 33228
378.299 33162
378.313 33524
378.326 33785
378.340 34212
378.353 34505
378.367 34540
378.381 34994
378.394 35173
378.408 35279
378.422 35105
378.435 35552
378.449 35637
378.463 35571
378.476 36152
378.490 36272
378.503 36649
378.517 36894
378.531 36805
378.544 37137
378.558 37409
378.572 37744
378.585 38266
378.599 38428
378.612 38963
378.626 39168
378.640 39401
378.653 39434
378.667 39524
378.681 40064
378.694 40251
378.708 40426
378.721 40614
378.735 40727
378.749 41489
378.762 41972
378.776 42193
378.790 42567
378.803 42361
378.817 42739
378.830 43442
378.844 43978
378.858 44310
378.871 44615
378.885 44628
378.899 44475
378.912 44942
378.926 45067
378.939 45309
378.953 45562
378.967 45810
378.980 46135
378.994 46375
379.007 46343
379.021 46941
379.035 47272
379.048 47811
379.062 47682
379.076 47843
379.089 48576
379.103 48431
379.116 49022
379.130 49165
379.144 50061
379.157 50326
379.171 50558
379.184 50298
379.198 50622
379.212 50872
379.225 51400
379.239 51616
379.252 52356
379.266 52720
379.280 52876
379.293 53671
379.307 54007
379.321 53938
379.334 54604
379.348 55038
379.361 55030
379.375 55585
379.389 56158
379.402 57011
379.416 57119
379.429 57778
379.443 58462
379.457 58757
379.470 59595
379.484 59908
379.497 59894
379.511 60183
379.525 60555
379.538 61706
379.552 62676
379.565 63042
379.579 63075
379.593 63309
379.606 63732
379.620 64213
379.633 65180
379.647 65692
379.661 65682
379.674 65966
379.688 66141
379.701 65920
379.715 66054
379.729 67228
379.742 67492
379.756 67551
379.769 68026
379.783 68436
379.797 68923
379.810 69230
379.824 70069
379.837 70248
379.851 70529
379.864 71737
379.878 72254
379.892 72482
379.905 72957
379.919 73686
379.932 74346
379.946 74759
379.960 75332
379.973 75419
379.987 76578
380.000 77762
380.014 78478
380.028 78619
380.041 79520
380.055 80060
380.068 80139
380.082 80745
380.095 81572
380.109 82175
380.123 82964
380.136 84267
380.150 85714
380.163 86927
380.177 87413
380.191 87911
380.204 88736
380.218 89193
380.231 90031
380.245 91122
380.258 91114
380.272 92043
380.286 92574
380.299 93073
380.313 94532
380.326 95994
380.340 95239
380.353 95281
380.367 96482
380.381 97292
380.394 97796
380.408 98290
380.421 99461
380.435 100304
380.449 101370
380.462 102597
380.476 104069
380.489 105810
380.503 107629
380.516 107916
380.530 107378
380.544 107089
380.557 107757
380.571 108281
380.584 109079
380.598 109451
380.611 110698
380.625 111467
380.639 112342
380.652 113299
380.666 113841
380.679 114004
380.693 113354
380.706 114273
380.720 116173
380.733 117139
380.747 117381
380.761 118345
380.774 119326
380.788 120489
380.801 120605
380.815 122086
380.828 123221
380.842 123901
380.856 124981
380.869 125467
380.883 126445
380.896 128684
380.910 130584
380.923 132638
380.937 134557
380.950 135276
380.964 136337
380.978 137661
380.991 138692
381.005 139026
381.018 140144
381.032 141809
381.045 143122
381.059 143768
381.072 145294
381.086 144737
381.100 144630
381.113 144615
381.127 145792
381.140 145377
381.154 146902
381.167 147748
381.181 149987
381.194 150763
381.208 151296
381.222 153299
381.235 156139
381.249 157186
381.262 157993
381.276 158806
381.289 160292
381.303 159637
381.316 160512
381.330 162326
381.343 162443
381.357 162157
381.371 162804
381.384 164407
381.398 165862
381.411 166875
381.425 168000
381.438 168970
381.452 170172
381.465 170569
381.479 171385
381.492 173040
381.506 172723
381.520 172967
381.533 173963
381.547 174740
381.560 175377
381.574 176620
381.587 178254
381.601 177939
381.614 178979
381.628 179578
381.641 180282
381.655 181180
381.669 182292
381.682 184796
381.696 186886
381.709 188925
381.723 188603
381.736 188068
381.750 187729
381.763 187725
381.777 187141
381.790 189599
381.804 190759
381.817 194112
381.831 194691
381.844 195489
381.858 196898
381.872 197213
381.885 197451
381.899 198043
381.912 199396
381.926 200442
381.939 200434
381.953 201228
381.966 201762
381.980 203246
381.993 205179
382.007 205994
382.020 206985
382.034 207117
382.047 208377
382.061 209048
382.074 212051
382.088 214057
382.101 216372
382.115 217372
382.129 216348
382.142 213972
382.156 214309
382.169 216684
382.183 217219
382.196 218140
382.210 217971
382.223 219346
382.237 223687
382.250 226098
382.264 226391
382.277 226019
382.291 225433
382.304 225576
382.318 225145
382.331 224658
382.345 224875
382.358 224079
382.372 224562
382.385 226850
382.399 227510
382.412 227627
382.426 228622
382.439 228194
382.453 228878
382.467 229779
382.480 230886
382.494 233149
382.507 235611
382.521 235752
382.534 235239
382.548 234811
382.561 235330
382.575 236399
382.588 238747
382.602 242040
382.615 242252
382.629 243648
382.642 241338
382.656 240794
382.669 240021
382.683 239600
382.696 239014
382.710 239211
382.723 239418
382.737 239186
382.750 239761
382.764 240240
382.777 240137
382.791 242082
382.804 241695
382.818 241195
382.831 240436
382.845 241424
382.858 243242
382.872 241087
382.885 239575
382.899 240672
382.912 240141
382.926 239731
382.939 238715
382.953 238781
382.966 238574
382.980 240623
382.993 240400
383.007 238703
383.020 237244
383.034 236064
383.047 232706
383.061 230307
383.074 229988
383.088 228782
383.101 228924
383.115 228698
383.128 227470
383.142 226766
383.155 227096
383.169 228957
383.182 230083
383.196 229493
383.209 228412
383.223 225417
383.236 225193
383.250 223592
383.263 222092
383.277 220397
383.290 219967
383.304 217240
383.317 217081
383.331 219306
383.344 219019
383.358 215991
383.371 211692
383.385 208449
383.398 206333
383.412 204236
383.425 201337
383.438 199735
383.452 197929
383.465 197577
383.479 196424
383.492 195370
383.506 193483
383.519 192954
383.533 191536
383.546 187292
383.560 183517
383.573 183067
383.587 182265
383.600 181663
383.614 179932
383.627 178446
383.641 175988
383.654 174264
383.668 172556
383.681 170053
383.695 168623
383.708 165548
383.722 162994
383.735 159833
383.749 155823
383.762 152818
383.775 150923
383.789 148628
383.802 143973
383.816 140777
383.829 137799
383.843 135367
383.856 133726
383.870 131992
383.883 130117
383.897 127809
383.910 125465
383.924 123379
383.937 120880
383.951 117437
383.964 114695
383.978 112684
383.991 111237
384.004 109805
384.018 107576
384.031 105497
384.045 102507
384.058 99254
384.072 97095
384.085 94828
384.099 92553
384.112 89660
384.126 88349
384.139 86984
384.153 85175
384.166 82401
384.180 80248
384.193 78763
384.206 76200
384.220 73770
384.233 71380
384.247 70753
384.260 68836
384.274 67070
384.287 65470
384.301 63735
384.314 62071
384.328 60692
384.341 59443
384.355 58001
384.368 56837
384.381 55419
384.395 53864
384.408 52127
384.422 51004
384.435 50145
384.449 49040
384.462 48685
384.476 47219
384.489 46372
384.503 45334
384.516 44617
384.529 43845
384.543 42959
384.556 42019
384.570 41240
384.583 40710
384.597 40552
384.610 40095
384.624 39766
384.637 39043
384.651 38689
384.664 38055
384.677 37416
384.691 37195
384.704 36464
384.718 36235
384.731 36176
384.745 35734
384.758 35595
384.772 35306
384.785 35019
384.798 34372
384.812 33941
384.825 33632
384.839 33462
384.852 33118
384.866 32928
384.879 32296
384.893 31767
384.906 32131
384.919 32044
384.933 32397
384.946 32311
384.960 31558
384.973 31114
384.987 31097
385.000 30498
385.013 30509
385.027 30265
385.040 30098
385.054 29945
385.067 29692
385.081 29450
385.094 29509
385.108 29122
385.121 29021
385.134 28887
385.148 28814
385.161 28469
385.175 28212
385.188 27711
385.202 27555
385.215 27029
385.228 26843
385.242 26917
385.255 26561
385.269 26088
385.282 26176
385.296 26121
385.309 25918
385.322 25518
385.336 25516
385.349 25305
385.363 25295
385.376 25134
385.390 24862
385.403 24725
385.416 24222
385.430 24257
385.443 23817
385.457 23782
385.470 23208
385.484 23180
385.497 22975
385.510 22862
385.524 23007
385.537 23139
385.551 22969
385.564 22708
385.578 22843
385.591 22401
385.604 22496
385.618 22399
385.631 22132
385.645 22060
385.658 21953
385.671 21403
385.685 21332
385.698 21089
385.712 21067
385.725 21048
385.739 21017
385.752 21143
385.765 20980
385.779 20901
385.792 20974
385.806 20494
385.819 20469
385.832 20417
385.846 19914
385.859 19966
385.873 20056
385.886 20018
385.900 20073
385.913 19953
385.926 19873
385.940 19699
385.953 19578
385.967 19572
385.980 19346
385.993 19112
386.007 18944
386.020 18920
386.034 18863
386.047 18624
386.060 18541
386.074 18499
386.087 18493
386.101 18506
386.114 18424
386.127 18446
386.141 18187
386.154 18110
386.168 17873
386.181 17771
386.194 17479
386.208 17291
386.221 17374
386.235 17243
386.248 17183
386.261 17207
386.275 17238
386.288 17131
386.302 16975
386.315 17008
386.328 16924
386.342 16676
386.355 16684
386.369 16498
386.382 16621
386.395 16698
386.409 16373
386.422 16201
386.436 16231
386.449 16111
386.462 16106
386.476 15999
386.489 16074
386.503 15967
386.516 16071
386.529 16189
386.543 15834
386.556 15828
386.570 15640
386.583 15467
386.596 15643
386.610 15625
386.623 15447
386.637 15274
386.650 15099
386.663 15060
386.677 15026
386.690 15000
386.704 15096
386.717 15033
386.730 14913
386.744 14821
386.757 14608
386.770 14721
386.784 14649
386.797 14605
386.811 14507
386.824 14355
386.837 14338
386.851 14387
386.864 14179
386.878 14332
386.891 14303
386.904 14269
386.918 14091
386.931 14038
386.944 13986
386.958 13936
386.971 13854
386.985 13783
386.998 13704
387.011 13861
387.025 13813
387.038 13562
387.051 13735
387.065 13531
387.078 13612
387.092 13545
387.105 13451
387.118 13447
387.132 13375
387.145 13320
387.158 13310
387.172 13314
387.185 13199
387.199 13172
387.212 12975
387.225 13064
387.239 12874
387.252 12874
387.265 12879
387.279 12909
387.292 12875
387.306 13048
387.319 12923
387.332 12720
387.346 12614
387.359 12765
387.372 12650
387.386 12541
387.399 12565
387.412 12618
387.426 12384
387.439 12434
387.453 12432
387.466 12423
387.479 12562
387.493 12409
387.506 12450
387.519 12368
387.533 12296
387.546 12383
387.559 12310
387.573 12194
387.586 12100
387.600 12204
387.613 12140
387.626 12184
387.640 12109
387.653 12047
387.666 12131
387.680 12150
387.693 12020
387.706 12095
387.720 11963
387.733 12029
387.747 12102
387.760 12104
387.773 12005
387.787 12029
387.800 12012
387.813 11891
387.827 12055
387.840 11867
387.853 11683
387.867 11731
387.880 11609
387.893 11557
387.907 11754
387.920 11663
387.933 11709
387.947 11764
387.960 11706
387.974 11792
387.987 11875
388.000 11626
388.014 11712
388.027 11628
388.040 11717
388.054 11609
388.067 11576
388.080 11438
388.094 11493
388.107 11339
388.120 11306
388.134 11308
388.147 11321
388.160 11329
388.174 11333
388.187 11236
388.200 11227
388.214 11195
388.227 11313
388.240 11121
388.254 11160
388.267 10951
388.280 11060
388.294 11030
388.307 11150
388.320 11031
388.334 11098
388.347 11054
388.361 10942
388.374 10987
388.387 11064
388.401 11161
388.414 11086
388.427 11006
388.441 10923
388.454 10869
388.467 10997
388.481 10867
388.494 10835
388.507 10784
388.521 10905
388.534 10818
388.547 10907
388.561 10686
388.574 10858
388.587 10839
388.601 10759
388.614 10777
388.627 10804
388.641 10669
388.654 10812
388.667 10704
388.680 10537
388.694 10639
388.707 10596
388.720 10477
388.734 10410
388.747 10387
388.760 10436
388.774 10292
388.787 10392
388.800 10337
388.814 10394
388.827 10375
388.840 10316
388.854 10201
388.867 10290
388.880 10305
388.894 10153
388.907 10164
388.920 10195
388.934 9996
388.947 10091
388.960 10081
388.974 9958
388.987 9848
389.000 9980
389.014 9954
389.027 9839
389.040 9849
389.054 9813
389.067 9896
389.080 9886
389.093 9890
389.107 9887
389.120 9800
389.133 9766
389.147 9785
389.160 9668
389.173 9663
389.187 9586
389.200 9598
389.213 9506
389.227 9496
389.240 9517
389.253 9389
389.267 9449
389.280 9455
389.293 9322
389.306 9338
389.320 9360
389.333 9318
389.346 9296
389.360 9178
389.373 9207
389.386 9207
389.400 9164
389.413 9137
389.426 9031
389.440 9077
389.453 9083
389.466 8985
389.479 8977
389.493 8970
389.506 8805
389.519 8880
389.533 8821
389.546 8823
389.559 8794
389.573 8771
389.586 8723
389.599 8734
389.613 8657
389.626 8649
389.639 8620
389.652 8603
389.666 8658
389.679 8586
389.692 8623
389.706 8559
389.719 8522
389.732 8576
389.745 8471
389.759 8385
389.772 8393
389.785 8390
389.799 8383
389.812 8414
389.825 8217
389.839 8271
389.852 8298
389.865 8199
389.878 8157
389.892 8197
389.905 8139
389.918 8093
389.932 8271
389.945 8101
389.958 8153
389.971 8098
389.985 8090
389.998 8099
390.011 8060
390.025 7996
390.038 8032
390.051 7952
390.064 7927
390.078 7923
390.091 7908
390.104 7835
390.118 7869
390.131 7840
390.144 7892
390.157 7781
390.171 7894
390.184 7745
390.197 7792
390.211 7803
390.224 7759
390.237 7738
390.250 7757
390.264 7671
390.277 7653
390.290 7653
390.304 7681
390.317 7680
390.330 7577
390.343 7628
390.357 7593
390.370 7577
390.383 7551
390.397 7585
390.410 7548
390.423 7619
390.436 7584
390.450 7500
390.463 7497
390.476 7489
390.489 7518
390.503 7485
390.516 7437
390.529 7431
390.543 7410
390.556 7482
390.569 7402
390.582 7429
390.596 7355
390.609 7411
390.622 7322
390.635 7328
390.649 7382
390.662 7320
390.675 7349
390.689 7329
390.702 7300
390.715 7287
390.728 7306
390.742 7338
390.755 7297
390.768 7243
390.781 7284
390.795 7206
390.808 7267
390.821 7216
390.834 7248
390.848 7287
390.861 7289
390.874 7234
390.888 7271
390.901 7271
390.914 7207
390.927 7203
390.941 7242
390.954 7206
390.967 7172
390.980 7239
390.994 7162
391.007 7203
391.020 7166
391.033 7176
391.047 7197
391.060 7189
391.073 7147
391.086 7115
391.100 7132
391.113 7147
391.126 7183
391.139 7154
391.153 7149
391.166 7166
391.179 7104
391.192 7068
391.206 7082
391.219 7114
391.232 7107
391.245 7050
391.259 7110
391.272 7053
391.285 7064
391.298 7087
391.312 7063
391.325 7073
391.338 7064
391.351 7033
391.365 7098
391.378 7041
391.391 7047
391.404 7018
391.418 6966
391.431 7043
391.444 6985
391.457 6988
391.471 6990
391.484 7035
391.497 7000
391.510 7023
391.524 7002
391.537 6958
391.550 7019
391.563 6965
391.577 6984
391.590 7017
391.603 6969
391.616 6939
391.630 6925
391.643 6903
391.656 6991
391.669 6946
391.682 7004
391.696 6953
391.709 6948
391.722 6977
391.735 6925
391.749 6870
391.762 6947
391.775 6921
391.788 6948
391.802 6928
391.815 6933
391.828 6923
391.841 6933
391.855 6925
391.868 6875
391.881 6904
391.894 6949
391.907 6921
391.921 6907
391.934 6895
391.947 6951
