373.873 6236
373.887 6226
373.901 6259
373.915 6273
373.928 6218
373.942 6250
373.956 6271
373.970 6224
373.983 6238
373.997 6245
374.011 6205
374.025 6215
374.039 6261
374.052 6275
374.066 6226
374.080 6231
374.094 6264
374.107 6233
374.121 6273
374.135 6228
374.149 6240
374.162 6267
374.176 6260
374.190 6229
374.204 6236
374.217 6262
374.231 6219
374.245 6248
374.259 6209
374.272 6269
374.286 6226
374.300 6245
374.314 6240
374.327 6250
374.341 6225
374.355 6253
374.369 6258
374.382 6267
374.396 6268
374.410 6238
374.424 6281
374.437 6242
374.451 6247
374.465 6236
374.479 6216
374.492 6236
374.506 6231
374.520 6225
374.534 6219
374.547 6267
374.561 6275
374.575 6236
374.589 6259
374.602 6217
374.616 6242
374.630 6203
374.644 6200
374.657 6204
374.671 6245
374.685 6200
374.699 6230
374.712 6231
374.726 6207
374.740 6233
374.754 6249
374.767 6204
374.781 6220
374.795 6218
374.809 6234
374.822 6186
374.836 6246
374.850 6252
374.863 6270
374.877 6191
374.891 6191
374.905 6197
374.918 6190
374.932 6177
374.946 6215
374.960 6230
374.973 6216
374.987 6220
375.001 6212
375.015 6230
375.028 6213
375.042 6208
375.056 6225
375.069 6248
375.083 6198
375.097 6178
375.111 6237
375.124 6191
375.138 6220
375.152 6240
375.166 6183
375.179 6230
375.193 6190
375.207 6214
375.220 6187
375.234 6204
375.248 6222
375.262 6210
375.275 6197
375.289 6222
375.303 6192
375.317 6247
375.330 6221
375.344 6188
375.358 6194
375.371 6196
375.385 6221
375.399 6171
375.413 6189
375.426 6221
375.440 6221
375.454 6183
375.468 6199
375.481 6196
375.495 6187
375.509 6208
375.522 6187
375.536 6188
375.550 6224
375.564 6197
375.577 6220
375.591 6214
375.605 6220
375.618 6209
375.632 6225
375.646 6234
375.660 6191
375.673 6192
375.687 6167
375.701 6189
375.714 6220
375.728 6166
375.742 6195
375.756 6202
375.769 6194
375.783 6197
375.797 6186
375.810 6183
375.824 6214
375.838 6187
375.852 6166
375.865 6213
375.879 6223
375.893 6187
375.906 6192
375.920 6200
375.934 6201
375.947 6209
375.961 6216
375.975 6182
375.989 6216
376.002 6204
376.016 6215
376.030 6189
376.043 6218
376.057 6222
376.071 6243
376.084 6211
376.098 6192
376.112 6187
376.126 6187
376.139 6230
376.153 6224
376.167 6201
376.180 6195
376.194 6209
376.208 6178
376.221 6212
376.235 6217
376.249 6196
376.263 6202
376.276 6175
376.290 6191
376.304 6181
376.317 6256
376.331 6207
376.345 6174
376.358 6211
376.372 6204
376.386 6208
376.400 6206
376.413 6167
376.427 6182
376.441 6225
376.454 6214
376.468 6167
376.482 6217
376.495 6212
376.509 6183
376.523 6189
376.536 6186
376.550 6154
376.564 6200
376.577 6200
376.591 6204
376.605 6155
376.619 6211
376.632 6199
376.646 6189
376.660 6195
376.673 6213
376.687 6191
376.701 6153
376.714 6220
376.728 6215
376.742 6214
376.755 6195
376.769 6245
376.783 6153
376.796 6209
376.810 6192
376.824 6192
376.837 6191
376.851 6175
376.865 6208
376.879 6144
376.892 6162
376.906 6194
376.920 6206
376.933 6201
376.947 6203
376.961 6217
376.974 6153
376.988 6205
377.002 6209
377.015 6211
377.029 6216
377.043 6242
377.056 6154
377.070 6238
377.084 6176
377.097 6169
377.111 6205
377.125 6195
377.138 6187
377.152 6181
377.166 6169
377.179 6206
377.193 6201
377.207 6210
377.220 6193
377.234 6174
377.248 6197
377.261 6163
377.275 6141
377.289 6204
377.302 6160
377.316 6191
377.330 6198
377.343 6166
377.357 6207
377.371 6178
377.384 6206
377.398 6180
377.412 6203
377.425 6170
377.439 6183
377.453 6188
377.466 6189
377.480 6178
377.494 6161
377.507 6200
377.521 6210
377.535 6197
377.548 6141
377.562 6206
377.576 6169
377.589 6183
377.603 6173
377.617 6136
377.630 6172
377.644 6184
377.658 6182
377.671 6147
377.685 6209
377.698 6210
377.712 6193
377.726 6209
377.739 6223
377.753 6182
377.767 6190
377.780 6185
377.794 6187
377.808 6180
377.821 6198
377.835 6172
377.849 6161
377.862 6191
377.876 6219
377.890 6193
377.903 6176
377.917 6228
377.931 6205
377.944 6150
377.958 6226
377.972 6182
377.985 6215
377.999 6200
378.012 6177
378.026 6195
378.040 6230
378.053 6191
378.067 6200
378.081 6192
378.094 6205
378.108 6181
378.122 6193
378.135 6197
378.149 6208
378.163 6182
378.176 6173
378.190 6177
378.203 6174
378.217 6174
378.231 6195
378.244 6158
378.258 6179
378.272 6176
378.285 6167
378.299 6183
378.313 6198
378.326 6167
378.340 6146
378.353 6199
378.367 6180
378.381 6187
378.394 6183
378.408 6181
378.422 6177
378.435 6198
378.449 6190
378.463 6175
378.476 6172
378.490 6224
378.503 6193
378.517 6193
378.531 6215
378.544 6188
378.558 6186
378.572 6188
378.585 6170
378.599 6167
378.612 6153
378.626 6201
378.640 6205
378.653 6219
378.667 6206
378.681 6203
378.694 6195
378.708 6176
378.721 6203
378.735 6178
378.749 6165
378.762 6201
378.776 6184
378.790 6186
378.803 6225
378.817 6185
378.830 6193
378.844 6210
378.858 6159
378.871 6212
378.885 6199
378.899 6199
378.912 6168
378.926 6167
378.939 6188
378.953 6186
378.967 6199
378.980 6187
378.994 6160
379.007 6196
379.021 6171
379.035 6176
379.048 6172
379.062 6180
379.076 6216
379.089 6149
379.103 6242
379.116 6222
379.130 6140
379.144 6141
379.157 6183
379.171 6223
379.184 6197
379.198 6205
379.212 6179
379.225 6204
379.239 6194
379.252 6195
379.266 6140
379.280 6216
379.293 6174
379.307 6191
379.321 6219
379.334 6212
379.348 6211
379.361 6154
379.375 6199
379.389 6181
379.402 6189
379.416 6193
379.429 6223
379.443 6189
379.457 6221
379.470 6215
379.484 6134
379.497 6195
379.511 6200
379.525 6224
379.538 6128
379.552 6187
379.565 6180
379.579 6154
379.593 6189
379.606 6199
379.620 6177
379.633 6182
379.647 6198
379.661 6142
379.674 6197
379.688 6200
379.701 6153
379.715 6173
379.729 6176
379.742 6230
379.756 6185
379.769 6200
379.783 6165
379.797 6187
379.810 6169
379.824 6170
379.837 6178
379.851 6205
379.864 6203
379.878 6181
379.892 6172
379.905 6175
379.919 6235
379.932 6171
379.946 6203
379.960 6180
379.973 6172
379.987 6201
380.000 6204
380.014 6175
380.028 6142
380.041 6212
380.055 6154
380.068 6207
380.082 6193
380.095 6207
380.109 6177
380.123 6190
380.136 6198
380.150 6150
380.163 6209
380.177 6162
380.191 6188
380.204 6174
380.218 6195
380.231 6178
380.245 6192
380.258 6190
380.272 6179
380.286 6191
380.299 6139
380.313 6210
380.326 6144
380.340 6170
380.353 6197
380.367 6165
380.381 6205
380.394 6200
380.408 6148
380.421 6145
380.435 6185
380.449 6166
380.462 6171
380.476 6125
380.489 6230
380.503 6191
380.516 6199
380.530 6188
380.544 6156
380.557 6208
380.571 6151
380.584 6128
380.598 6169
380.611 6229
380.625 6182
380.639 6190
380.652 6160
380.666 6182
380.679 6201
380.693 6178
380.706 6184
380.720 6148
380.733 6155
380.747 6189
380.761 6184
380.774 6168
380.788 6208
380.801 6183
380.815 6171
380.828 6184
380.842 6184
380.856 6170
380.869 6200
380.883 6175
380.896 6159
380.910 6161
380.923 6148
380.937 6174
380.950 6180
380.964 6189
380.978 6171
380.991 6169
381.005 6166
381.018 6190
381.032 6162
381.045 6099
381.059 6209
381.072 6191
381.086 6139
381.100 6206
381.113 6201
381.127 6182
381.140 6170
381.154 6190
381.167 6191
381.181 6186
381.194 6174
381.208 6177
381.222 6220
381.235 6183
381.249 6190
381.262 6169
381.276 6186
381.289 6187
381.303 6161
381.316 6178
381.330 6219
381.343 6177
381.357 6195
381.371 6178
381.384 6190
381.398 6186
381.411 6189
381.425 6187
381.438 6180
381.452 6203
381.465 6210
381.479 6165
381.492 6175
381.506 6190
381.520 6192
381.533 6166
381.547 6136
381.560 6180
381.574 6198
381.587 6178
381.601 6168
381.614 6153
381.628 6223
381.641 6182
381.655 6152
381.669 6192
381.682 6152
381.696 6187
381.709 6180
381.723 6192
381.736 6172
381.750 6178
381.763 6169
381.777 6161
381.790 6144
381.804 6170
381.817 6210
381.831 6158
381.844 6208
381.858 6185
381.872 6236
381.885 6208
381.899 6171
381.912 6181
381.926 6178
381.939 6198
381.953 6167
381.966 6209
381.980 6183
381.993 6205
382.007 6199
382.020 6214
382.034 6180
382.047 6164
382.061 6217
382.074 6192
382.088 6183
382.101 6192
382.115 6214
382.129 6168
382.142 6235
382.156 6187
382.169 6184
382.183 6187
382.196 6210
382.210 6182
382.223 6181
382.237 6189
382.250 6147
382.264 6223
382.277 6138
382.291 6172
382.304 6204
382.318 6162
382.331 6187
382.345 6186
382.358 6203
382.372 6184
382.385 6198
382.399 6151
382.412 6208
382.426 6170
382.439 6206
382.453 6211
382.467 6166
382.480 6163
382.494 6166
382.507 6156
382.521 6149
382.534 6202
382.548 6203
382.561 6187
382.575 6154
382.588 6186
382.602 6173
382.615 6181
382.629 6187
382.642 6189
382.656 6190
382.669 6174
382.683 6210
382.696 6176
382.710 6186
382.723 6157
382.737 6176
382.750 6140
382.764 6176
382.777 6178
382.791 6158
382.804 6178
382.818 6167
382.831 6206
382.845 6195
382.858 6180
382.872 6192
382.885 6176
382.899 6225
382.912 6170
382.926 6204
382.939 6211
382.953 6195
382.966 6162
382.980 6191
382.993 6161
383.007 6176
383.020 6178
383.034 6177
383.047 6197
383.061 6192
383.074 6194
383.088 6155
383.101 6202
383.115 6149
383.128 6187
383.142 6173
383.155 6175
383.169 6197
383.182 6167
383.196 6227
383.209 6245
383.223 6219
383.236 6188
383.250 6223
383.263 6190
383.277 6163
383.290 6190
383.304 6165
383.317 6173
383.331 6208
383.344 6214
383.358 6175
383.371 6171
383.385 6189
383.398 6168
383.412 6184
383.425 6148
383.438 6233
383.452 6173
383.465 6166
383.479 6166
383.492 6177
383.506 6183
383.519 6206
383.533 6168
383.546 6186
383.560 6193
383.573 6173
383.587 6187
383.600 6151
383.614 6203
383.627 6172
383.641 6181
383.654 6207
383.668 6188
383.681 6204
383.695 6200
383.708 6190
383.722 6193
383.735 6185
383.749 6210
383.762 6232
383.775 6214
383.789 6172
383.802 6168
383.816 6174
383.829 6198
383.843 6183
383.856 6187
383.870 6203
383.883 6186
383.897 6177
383.910 6205
383.924 6170
383.937 6190
383.951 6175
383.964 6197
383.978 6181
383.991 6222
384.004 6219
384.018 6174
384.031 6189
384.045 6214
384.058 6192
384.072 6178
384.085 6201
384.099 6178
384.112 6201
384.126 6182
384.139 6167
384.153 6166
384.166 6179
384.180 6187
384.193 6164
384.206 6154
384.220 6164
384.233 6151
384.247 6168
384.260 6170
384.274 6187
384.287 6157
384.301 6200
384.314 6180
384.328 6152
384.341 6180
384.355 6210
384.368 6163
384.381 6191
384.395 6155
384.408 6182
384.422 6185
384.435 6152
384.449 6150
384.462 6174
384.476 6209
384.489 6170
384.503 6204
384.516 6184
384.529 6197
384.543 6172
384.556 6199
384.570 6200
384.583 6176
384.597 6192
384.610 6172
384.624 6200
384.637 6182
384.651 6206
384.664 6191
384.677 6186
384.691 6182
384.704 6173
384.718 6209
384.731 6179
384.745 6239
384.758 6177
384.772 6200
384.785 6197
384.798 6189
384.812 6193
384.825 6193
384.839 6184
384.852 6191
384.866 6208
384.879 6183
384.893 6189
384.906 6220
384.919 6182
384.933 6186
384.946 6178
384.960 6205
384.973 6192
384.987 6184
385.000 6189
385.013 6147
385.027 6198
385.040 6170
385.054 6186
385.067 6156
385.081 6206
385.094 6163
385.108 6196
385.121 6153
385.134 6194
385.148 6161
385.161 6201
385.175 6168
385.188 6173
385.202 6173
385.215 6177
385.228 6193
385.242 6189
385.255 6217
385.269 6190
385.282 6181
385.296 6157
385.309 6203
385.322 6149
385.336 6144
385.349 6198
385.363 6101
385.376 6189
385.390 6184
385.403 6232
385.416 6173
385.430 6191
385.443 6207
385.457 6186
385.470 6184
385.484 6162
385.497 6169
385.510 6187
385.524 6248
385.537 6219
385.551 6162
385.564 6185
385.578 6212
385.591 6178
385.604 6142
385.618 6169
385.631 6142
385.645 6183
385.658 6181
385.671 6157
385.685 6161
385.698 6214
385.712 6195
385.725 6200
385.739 6239
385.752 6202
385.765 6169
385.779 6192
385.792 6208
385.806 6165
385.819 6147
385.832 6211
385.846 6155
385.859 6168
385.873 6180
385.886 6180
385.900 6189
385.913 6172
385.926 6198
385.940 6211
385.953 6177
385.967 6184
385.980 6168
385.993 6184
386.007 6182
386.020 6198
386.034 6166
386.047 6164
386.060 6168
386.074 6162
386.087 6225
386.101 6176
386.114 6171
386.127 6219
386.141 6184
386.154 6167
386.168 6183
386.181 6200
386.194 6164
386.208 6160
386.221 6180
386.235 6204
386.248 6153
386.261 6209
386.275 6176
386.288 6217
386.302 6214
386.315 6171
386.328 6168
386.342 6167
386.355 6191
386.369 6189
386.382 6172
386.395 6206
386.409 6185
386.422 6160
386.436 6193
386.449 6179
386.462 6188
386.476 6220
386.489 6167
386.503 6173
386.516 6189
386.529 6209
386.543 6195
386.556 6202
386.570 6185
386.583 6196
386.596 6198
386.610 6183
386.623 6165
386.637 6216
386.650 6174
386.663 6155
386.677 6199
386.690 6176
386.704 6174
386.717 6157
386.730 6174
386.744 6187
386.757 6181
386.770 6164
386.784 6171
386.797 6210
386.811 6184
386.824 6178
386.837 6184
386.851 6176
386.864 6219
386.878 6174
386.891 6179
386.904 6177
386.918 6210
386.931 6160
386.944 6168
386.958 6178
386.971 6184
386.985 6182
386.998 6206
387.011 6206
387.025 6167
387.038 6197
387.051 6204
387.065 6195
387.078 6164
387.092 6199
387.105 6199
387.118 6144
387.132 6204
387.145 6182
387.158 6184
387.172 6161
387.185 6188
387.199 6187
387.212 6180
387.225 6194
387.239 6175
387.252 6176
387.265 6179
387.279 6173
387.292 6160
387.306 6198
387.319 6173
387.332 6183
387.346 6180
387.359 6202
387.372 6172
387.386 6185
387.399 6180
387.412 6160
387.426 6196
387.439 6211
387.453 6196
387.466 6204
387.479 6198
387.493 6198
387.506 6173
387.519 6180
387.533 6194
387.546 6142
387.559 6196
387.573 6207
387.586 6178
387.600 6188
387.613 6146
387.626 6179
387.640 6172
387.653 6186
387.666 6182
387.680 6157
387.693 6199
387.706 6136
387.720 6148
387.733 6169
387.747 6206
387.760 6188
387.773 6157
387.787 6183
387.800 6165
387.813 6208
387.827 6173
387.840 6159
387.853 6147
387.867 6207
387.880 6195
387.893 6140
387.907 6167
387.920 6209
387.933 6182
387.947 6151
387.960 6206
387.974 6171
387.987 6177
388.000 6175
388.014 6166
388.027 6191
388.040 6189
388.054 6191
388.067 6180
388.080 6168
388.094 6183
388.107 6175
388.120 6181
388.134 6208
388.147 6168
388.160 6160
388.174 6207
388.187 6177
388.200 6216
388.214 6226
388.227 6201
388.240 6154
388.254 6176
388.267 6214
388.280 6140
388.294 6196
388.307 6186
388.320 6189
388.334 6168
388.347 6198
388.361 6186
388.374 6182
388.387 6178
388.401 6176
388.414 6153
388.427 6210
388.441 6193
388.454 6159
388.467 6204
388.481 6172
388.494 6179
388.507 6193
388.521 6196
388.534 6206
388.547 6204
388.561 6180
388.574 6170
388.587 6143
388.601 6177
388.614 6171
388.627 6151
388.641 6177
388.654 6172
388.667 6156
388.680 6146
388.694 6221
388.707 6165
388.720 6212
388.734 6152
388.747 6221
388.760 6185
388.774 6176
388.787 6211
388.800 6168
388.814 6180
388.827 6225
388.840 6200
388.854 6191
388.867 6203
388.880 6180
388.894 6198
388.907 6183
388.920 6189
388.934 6198
388.947 6160
388.960 6212
388.974 6193
388.987 6202
389.000 6196
389.014 6175
389.027 6199
389.040 6204
389.054 6201
389.067 6218
389.080 6171
389.093 6219
389.107 6167
389.120 6154
389.133 6197
389.147 6185
389.160 6207
389.173 6163
389.187 6098
389.200 6185
389.213 6172
389.227 6200
389.240 6181
389.253 6167
389.267 6176
389.280 6187
389.293 6209
389.306 6223
389.320 6172
389.333 6163
389.346 6173
389.360 6177
389.373 6170
389.386 6198
389.400 6169
389.413 6199
389.426 6191
389.440 6175
389.453 6191
389.466 6168
389.479 6184
389.493 6183
389.506 6163
389.519 6202
389.533 6155
389.546 6151
389.559 6189
389.573 6195
389.586 6179
389.599 6188
389.613 6196
389.626 6179
389.639 6177
389.652 6186
389.666 6218
389.679 6135
389.692 6211
389.706 6150
389.719 6167
389.732 6200
389.745 6181
389.759 6220
389.772 6187
389.785 6198
389.799 6192
389.812 6226
389.825 6178
389.839 6161
389.852 6178
389.865 6184
389.878 6182
389.892 6152
389.905 6178
389.918 6150
389.932 6214
389.945 6184
389.958 6162
389.971 6149
389.985 6159
389.998 6196
390.011 6160
390.025 6151
390.038 6180
390.051 6189
390.064 6163
390.078 6177
390.091 6178
390.104 6180
390.118 6182
390.131 6160
390.144 6182
390.157 6165
390.171 6194
390.184 6173
390.197 6133
390.211 6188
390.224 6173
390.237 6163
390.250 6151
390.264 6191
390.277 6153
390.290 6210
390.304 6172
390.317 6184
390.330 6214
390.343 6150
390.357 6179
390.370 6194
390.383 6207
390.397 6179
390.410 6171
390.423 6171
390.436 6247
390.450 6165
390.463 6205
390.476 6178
390.489 6181
390.503 6167
390.516 6161
390.529 6199
390.543 6198
390.556 6189
390.569 6162
390.582 6189
390.596 6196
390.609 6193
390.622 6174
390.635 6163
390.649 6211
390.662 6154
390.675 6175
390.689 6169
390.702 6218
390.715 6192
390.728 6180
390.742 6207
390.755 6167
390.768 6227
390.781 6201
390.795 6173
390.808 6147
390.821 6192
390.834 6160
390.848 6195
390.861 6173
390.874 6181
390.888 6192
390.901 6187
390.914 6159
390.927 6161
390.941 6189
390.954 6201
390.967 6146
390.980 6143
390.994 6194
391.007 6170
391.020 6219
391.033 6194
391.047 6183
391.060 6177
391.073 6196
391.086 6174
391.100 6179
391.113 6225
391.126 6183
391.139 6201
391.153 6167
391.166 6216
391.179 6137
391.192 6185
391.206 6192
391.219 6191
391.232 6171
391.245 6177
391.259 6204
391.272 6186
391.285 6174
391.298 6191
391.312 6146
391.325 6193
391.338 6211
391.351 6200
391.365 6167
391.378 6224
391.391 6182
391.404 6163
391.418 6170
391.431 6173
391.444 6191
391.457 6171
391.471 6205
391.484 6171
391.497 6219
391.510 6161
391.524 6166
391.537 6158
391.550 6195
391.563 6175
391.577 6168
391.590 6200
391.603 6182
391.616 6175
391.630 6176
391.643 6183
391.656 6150
391.669 6198
391.682 6192
391.696 6182
391.709 6192
391.722 6204
391.735 6178
391.749 6186
391.762 6183
391.775 6174
391.788 6196
391.802 6180
391.815 6197
391.828 6185
391.841 6218
391.855 6194
391.868 6151
391.881 6183
391.894 6195
391.907 6202
391.921 6157
391.934 6180
391.947 6187
