373.873 10644
373.887 10644
373.901 10749
373.915 10784
373.928 10814
373.942 10930
373.956 10903
373.970 11176
373.983 11100
373.997 11195
374.011 11087
374.025 11127
374.039 11162
374.052 11320
374.066 11263
374.080 11446
374.094 11405
374.107 11521
374.121 11616
374.135 11456
374.149 11591
374.162 11654
374.176 11597
374.190 11673
374.204 11579
374.217 11834
374.231 11750
374.245 11870
374.259 11803
374.272 12000
374.286 12044
374.300 12078
374.314 12188
374.327 12253
374.341 12285
374.355 12187
374.369 12396
374.382 12324
374.396 12412
374.410 12498
374.424 12705
374.437 12646
374.451 12644
374.465 12537
374.479 12681
374.492 12721
374.506 12804
374.520 12913
374.534 12834
374.547 13064
374.561 12940
374.575 13021
374.589 13171
374.602 13120
374.616 13271
374.630 13275
374.644 13265
374.657 13452
374.671 13475
374.685 13482
374.699 13684
374.712 13616
374.726 13910
374.740 13747
374.754 13845
374.767 13892
374.781 13971
374.795 14140
374.809 14239
374.822 14248
374.836 14434
374.850 14723
374.863 14648
374.877 14738
374.891 14742
374.905 14995
374.918 14859
374.932 15062
374.946 14946
374.960 14994
374.973 15160
374.987 15258
375.001 15433
375.015 15687
375.028 15899
375.042 15898
375.056 15954
375.069 15980
375.083 16077
375.097 16155
375.111 16348
375.124 16293
375.138 16547
375.152 16590
375.166 16758
375.179 16792
375.193 16634
375.207 16946
375.220 17035
375.234 17064
375.248 17086
375.262 17488
375.275 17768
375.289 17657
375.303 17918
375.317 18026
375.330 17921
375.344 17790
375.358 17811
375.371 18005
375.385 17914
375.399 17996
375.413 18010
375.426 18275
375.440 18437
375.454 18599
375.468 18645
375.481 18791
375.495 18815
375.509 19125
375.522 19253
375.536 19416
375.550 19251
375.564 19557
375.577 19721
375.591 19506
375.605 19660
375.618 19557
375.632 19918
375.646 20023
375.660 20101
375.673 20321
375.687 20509
375.701 20437
375.714 21038
375.728 21123
375.742 21074
375.756 21405
375.769 21649
375.783 21497
375.797 21633
375.810 21735
375.824 21404
375.838 21649
375.852 21638
375.865 21960
375.879 22060
375.893 22249
375.906 22394
375.920 22468
375.934 22349
375.947 22435
375.961 22777
375.975 22854
375.989 22985
376.002 23226
376.016 23104
376.030 23586
376.043 23443
376.057 23680
376.071 24008
376.084 23961
376.098 24044
376.112 24096
376.126 24292
376.139 24460
376.153 24461
376.167 24709
376.180 25181
376.194 25018
376.208 25227
376.221 25251
376.235 25487
376.249 25723
376.263 26009
376.276 26127
376.290 26335
376.304 26413
376.317 26464
376.331 26632
376.345 26926
376.358 27318
376.372 27503
376.386 27840
376.400 27806
376.413 27783
376.427 28159
376.441 28307
376.454 28498
376.468 28705
376.482 28875
376.495 28842
376.509 28838
376.523 28973
376.536 28523
376.550 29416
376.564 30234
376.577 30472
376.591 30524
376.605 30790
376.619 30975
376.632 30915
376.646 31157
376.660 31244
376.673 31973
376.687 32613
376.701 32184
376.714 32237
376.728 32201
376.742 32317
376.755 32891
376.769 33254
376.783 33594
376.796 33700
376.810 33811
376.824 33654
376.837 33561
376.851 33988
376.865 34324
376.879 34953
376.892 35164
376.906 35359
376.920 35528
376.933 35650
376.947 35888
376.961 36116
376.974 36727
376.988 37161
377.002 37173
377.015 37338
377.029 37569
377.043 37967
377.056 38272
377.070 38244
377.084 38569
377.097 38793
377.111 38752
377.125 39217
377.138 39370
377.152 39489
377.166 40035
377.179 40297
377.193 40495
377.207 40949
377.220 41458
377.234 41726
377.248 41999
377.261 42725
377.275 43336
377.289 43501
377.302 43180
377.316 43241
377.330 43709
377.343 43811
377.357 44562
377.371 45089
377.384 45518
377.398 45541
377.412 46233
377.425 46884
377.439 46498
377.453 46917
377.466 47308
377.480 47050
377.494 47278
377.507 47429
377.521 47831
377.535 48180
377.548 48184
377.562 48395
377.576 48684
377.589 48804
377.603 49590
377.617 49966
377.630 50328
377.644 50553
377.658 50702
377.671 51235
377.685 51913
377.698 52221
377.712 52686
377.726 53206
377.739 53965
377.753 54508
377.767 54537
377.780 54645
377.794 54708
377.808 55026
377.821 55266
377.835 55309
377.849 55412
377.862 56272
377.876 56218
377.890 56524
377.903 57378
377.917 58270
377.931 58507
377.944 59314
377.958 59745
377.972 59847
377.985 59658
377.999 60134
378.012 61021
378.026 61314
378.040 61626
378.053 62090
378.067 62814
378.081 63053
378.094 63306
378.108 63459
378.122 63599
378.135 63988
378.149 64219
378.163 64806
378.176 65167
378.190 65294
378.203 65646
378.217 66145
378.231 66376
378.244 66224
378.258 66975
378.272 66909
378.285 67596
378.299 67972
378.313 69239
378.326 70153
378.340 70948
378.353 71346
378.367 71634
378.381 72096
378.394 72713
378.408 73282
378.422 73754
378.435 73703
378.449 73785
378.463 73576
378.476 74209
378.490 74771
378.503 75375
378.517 75392
378.531 76371
378.544 76417
378.558 77562
378.572 78086
378.585 78713
378.599 78919
378.612 79698
378.626 80093
378.640 80737
378.653 81163
378.667 81868
378.681 83013
378.694 83313
378.708 83494
378.721 84486
378.735 84479
378.749 84898
378.762 86504
378.776 86686
378.790 87027
378.803 87674
378.817 88772
378.830 89824
378.844 91049
378.858 91487
378.871 91519
378.885 91609
378.899 92032
378.912 92568
378.926 93008
378.939 93878
378.953 94560
378.967 94806
378.980 96247
378.994 96018
379.007 96572
379.021 97795
379.035 98004
379.048 98863
379.062 99752
379.076 100471
379.089 100974
379.103 101619
379.116 102003
379.130 103520
379.144 103974
379.157 105561
379.171 105392
379.184 106168
379.198 106625
379.212 107802
379.225 108270
379.239 109218
379.252 109858
379.266 110497
379.280 111830
379.293 113071
379.307 113867
379.321 114213
379.334 115178
379.348 116170
379.361 117346
379.375 118044
379.389 118549
379.402 119576
379.416 120893
379.429 122945
379.443 123951
379.457 124771
379.470 125720
379.484 126888
379.497 126551
379.511 126794
379.525 127520
379.538 129888
379.552 131428
379.565 132249
379.579 131872
379.593 133075
379.606 133898
379.620 136426
379.633 138276
379.647 138745
379.661 139664
379.674 138748
379.688 139358
379.701 139541
379.715 140839
379.729 142102
379.742 143133
379.756 143504
379.769 144476
379.783 145324
379.797 145765
379.810 146764
379.824 147444
379.837 148909
379.851 150343
379.864 151631
379.878 152951
379.892 153713
379.905 155403
379.919 157068
379.932 158643
379.946 159515
379.960 159380
379.973 161042
379.987 163024
380.000 164967
380.014 166820
380.028 167874
380.041 168803
380.055 170327
380.068 171111
380.082 173154
380.095 174175
380.109 175100
380.123 177558
380.136 180107
380.150 183843
380.163 186131
380.177 187903
380.191 189082
380.204 191278
380.218 193388
380.231 193747
380.245 195363
380.258 197257
380.272 197447
380.286 198468
380.299 199484
380.313 202374
380.326 204884
380.340 205794
380.353 206567
380.367 209166
380.381 211426
380.394 213058
380.408 214041
380.421 215564
380.435 217624
380.449 220166
380.462 222305
380.476 225507
380.489 229864
380.503 232338
380.516 233290
380.530 231284
380.544 231552
380.557 231812
380.571 233429
380.584 234644
380.598 237520
380.611 237356
380.625 240131
380.639 242794
380.652 242744
380.666 245086
380.679 243978
380.693 244067
380.706 247348
380.720 251783
380.733 253722
380.747 254399
380.761 256553
380.774 258296
380.788 259697
380.801 262833
380.815 263815
380.828 266654
380.842 267642
380.856 270725
380.869 271546
380.883 273542
380.896 277764
380.910 283422
380.923 287913
380.937 291216
380.950 293694
380.964 296423
380.978 298439
380.991 299690
381.005 301011
381.018 303587
381.032 305674
381.045 308174
381.059 311643
381.072 312824
381.086 312362
381.100 315251
381.113 313072
381.127 314271
381.140 314584
381.154 314874
381.167 317529
381.181 322746
381.194 323836
381.208 325598
381.222 329459
381.235 335218
381.249 336910
381.262 337555
381.276 339867
381.289 342406
381.303 341940
381.316 342267
381.330 343243
381.343 343762
381.357 343087
381.371 344190
381.384 346206
381.398 349606
381.411 352232
381.425 353532
381.438 357429
381.452 361297
381.465 360743
381.479 362186
381.492 361585
381.506 361304
381.520 362886
381.533 364466
381.547 365172
381.560 367163
381.574 368968
381.587 371140
381.601 371501
381.614 372571
381.628 374944
381.641 376299
381.655 379204
381.669 381629
381.682 384909
381.696 388331
381.709 391548
381.723 390526
381.736 389773
381.750 390516
381.763 390563
381.777 388398
381.790 392240
381.804 398202
381.817 400771
381.831 401278
381.844 402414
381.858 404065
381.872 406111
381.885 406975
381.899 410374
381.912 409905
381.926 409772
381.939 411321
381.953 412456
381.966 413289
381.980 417333
381.993 418977
382.007 421435
382.020 422779
382.034 423592
382.047 422289
382.061 424048
382.074 426766
382.088 430110
382.101 435781
382.115 434605
382.129 433174
382.142 428652
382.156 429555
382.169 435305
382.183 436195
382.196 437190
382.210 435729
382.223 437488
382.237 445996
382.250 447769
382.264 449598
382.277 447404
382.291 442379
382.304 442537
382.318 440647
382.331 441699
382.345 441667
382.358 440018
382.372 441216
382.385 443473
382.399 444806
382.412 445282
382.426 444932
382.439 442830
382.453 442482
382.467 443919
382.480 447830
382.494 450689
382.507 453595
382.521 455387
382.534 452843
382.548 450900
382.561 452186
382.575 452004
382.588 454101
382.602 459447
382.615 459000
382.629 457315
382.642 453995
382.656 452487
382.669 449238
382.683 446390
382.696 445714
382.710 442769
382.723 443066
382.737 441973
382.750 443307
382.764 442246
382.777 441286
382.791 441655
382.804 438914
382.818 439084
382.831 436567
382.845 437040
382.858 437866
382.872 435160
382.885 432150
382.899 431782
382.912 431778
382.926 430451
382.939 427623
382.953 425973
382.966 425147
382.980 426368
382.993 425706
383.007 420772
383.020 418715
383.034 414292
383.047 408435
383.061 403296
383.074 399774
383.088 397772
383.101 396507
383.115 396898
383.128 392216
383.142 389997
383.155 388554
383.169 386833
383.182 387680
383.196 385313
383.209 383079
383.223 379310
383.236 376769
383.250 373060
383.263 368442
383.277 367965
383.290 366610
383.304 362128
383.317 361109
383.331 361765
383.344 359219
383.358 355226
383.371 345449
383.385 338639
383.398 332139
383.412 324906
383.425 320318
383.438 317306
383.452 313556
383.465 311471
383.479 307148
383.492 303481
383.506 300701
383.519 298551
383.533 294961
383.546 288942
383.560 282573
383.573 280817
383.587 280085
383.600 276156
383.614 271835
383.627 267413
383.641 265036
383.654 261849
383.668 255083
383.681 249192
383.695 246952
383.708 241727
383.722 236040
383.735 229669
383.749 222704
383.762 218141
383.775 214240
383.789 210362
383.802 203307
383.816 197705
383.829 192359
383.843 188447
383.856 185248
383.870 182912
383.883 177926
383.897 174289
383.910 171409
383.924 167101
383.937 162966
383.951 158526
383.964 153895
383.978 150358
383.991 147472
384.004 145357
384.018 141981
384.031 138578
384.045 134312
384.058 131137
384.072 127862
384.085 125206
384.099 121663
384.112 117787
384.126 115517
384.139 113245
384.153 110710
384.166 107761
384.180 104784
384.193 102174
384.206 99342
384.220 96606
384.233 94570
384.247 92393
384.260 90902
384.274 88482
384.287 86486
384.301 84809
384.314 82882
384.328 81571
384.341 80673
384.355 79358
384.368 78467
384.381 76486
384.395 74589
384.408 73124
384.422 71226
384.435 70296
384.449 69692
384.462 68614
384.476 67771
384.489 66508
384.503 65723
384.516 64716
384.529 63438
384.543 62376
384.556 61554
384.570 60540
384.583 60543
384.597 60083
384.610 59877
384.624 59309
384.637 58776
384.651 58269
384.664 57471
384.677 56825
384.691 56779
384.704 56176
384.718 56164
384.731 56063
384.745 55941
384.758 55684
384.772 55537
384.785 54962
384.798 54320
384.812 54426
384.825 53479
384.839 53322
384.852 52602
384.866 53011
384.879 52151
384.893 51765
384.906 51912
384.919 52182
384.933 52801
384.946 52270
384.960 52046
384.973 51300
384.987 50561
385.000 50065
385.013 49088
385.027 49220
385.040 49090
385.054 48637
385.067 48050
385.081 48235
385.094 48152
385.108 48125
385.121 47562
385.134 47473
385.148 47072
385.161 46185
385.175 45371
385.188 44579
385.202 44190
385.215 44179
385.228 43510
385.242 43220
385.255 43205
385.269 42485
385.282 42144
385.296 42044
385.309 41596
385.322 41392
385.336 41228
385.349 41228
385.363 41091
385.376 40468
385.390 40079
385.403 39815
385.416 39061
385.430 38607
385.443 38703
385.457 38207
385.470 37737
385.484 37320
385.497 37482
385.510 37005
385.524 37154
385.537 37009
385.551 36544
385.564 36624
385.578 36175
385.591 36032
385.604 35747
385.618 35546
385.631 35054
385.645 34403
385.658 34580
385.671 34036
385.685 33877
385.698 33500
385.712 33721
385.725 33875
385.739 33697
385.752 33709
385.765 33426
385.779 33004
385.792 32709
385.806 32427
385.819 32219
385.832 31841
385.846 31784
385.859 31411
385.873 31254
385.886 31445
385.900 31593
385.913 31214
385.926 30775
385.940 30787
385.953 30656
385.967 30174
385.980 30285
385.993 30002
386.007 29596
386.020 29501
386.034 29200
386.047 29286
386.060 29012
386.074 28966
386.087 28829
386.101 28634
386.114 28832
386.127 28665
386.141 28118
386.154 27989
386.168 27765
386.181 27588
386.194 27235
386.208 26808
386.221 26684
386.235 26403
386.248 26407
386.261 26637
386.275 26393
386.288 26486
386.302 25842
386.315 25667
386.328 25596
386.342 25527
386.355 25324
386.369 25157
386.382 25056
386.395 25237
386.409 25019
386.422 24921
386.436 24643
386.449 24642
386.462 24447
386.476 24282
386.489 23956
386.503 24313
386.516 24216
386.529 24006
386.543 23991
386.556 23888
386.570 23724
386.583 23585
386.596 23539
386.610 23372
386.623 23214
386.637 23029
386.650 22839
386.663 22627
386.677 22668
386.690 22567
386.704 22550
386.717 22373
386.730 22397
386.744 22213
386.757 22052
386.770 21935
386.784 21808
386.797 21666
386.811 21488
386.824 21465
386.837 21338
386.851 21322
386.864 21339
386.878 21380
386.891 21456
386.904 21284
386.918 21082
386.931 21213
386.944 20974
386.958 20767
386.971 20557
386.985 20573
386.998 20398
387.011 20498
387.025 20413
387.038 20329
387.051 20154
387.065 20094
387.078 20087
387.092 20109
387.105 20231
387.118 20302
387.132 20027
387.145 19660
387.158 19755
387.172 19875
387.185 19808
387.199 19695
387.212 19498
387.225 19391
387.239 19105
387.252 19183
387.265 19137
387.279 19172
387.292 19376
387.306 19481
387.319 19183
387.332 18971
387.346 19045
387.359 18888
387.372 18779
387.386 18763
387.399 18479
387.412 18954
387.426 18590
387.439 18374
387.453 18437
387.466 18610
387.479 18485
387.493 18494
387.506 18264
387.519 18393
387.533 18409
387.546 18338
387.559 18232
387.573 18244
387.586 18273
387.600 18271
387.613 18127
387.626 18066
387.640 18009
387.653 17895
387.666 17937
387.680 17878
387.693 17895
387.706 17823
387.720 17658
387.733 17722
387.747 17779
387.760 17943
387.773 17698
387.787 17846
387.800 17879
387.813 17714
387.827 17623
387.840 17431
387.853 17231
387.867 17065
387.880 16984
387.893 17077
387.907 16966
387.920 17116
387.933 17210
387.947 17342
387.960 17361
387.974 17233
387.987 17237
388.000 17075
388.014 16997
388.027 17195
388.040 16988
388.054 16950
388.067 16834
388.080 16777
388.094 16570
388.107 16542
388.120 16289
388.134 16367
388.147 16352
388.160 16349
388.174 16149
388.187 16154
388.200 16148
388.214 15990
388.227 15836
388.240 15982
388.254 15825
388.267 15928
388.280 15855
388.294 15800
388.307 15791
388.320 15825
388.334 15799
388.347 15659
388.361 15672
388.374 15544
388.387 15609
388.401 15694
388.414 15652
388.427 15504
388.441 15518
388.454 15345
388.467 15351
388.481 15194
388.494 15178
388.507 15011
388.521 15122
388.534 15030
388.547 15005
388.561 15095
388.574 15071
388.587 15118
388.601 15104
388.614 15189
388.627 15141
388.641 15024
388.654 14874
388.667 14776
388.680 14734
388.694 14560
388.707 14293
388.720 14354
388.734 14302
388.747 14246
388.760 14100
388.774 14108
388.787 14005
388.800 14146
388.814 13895
388.827 14045
388.840 13921
388.854 13930
388.867 13796
388.880 13775
388.894 13659
388.907 13778
388.920 13743
388.934 13580
388.947 13451
388.960 13409
388.974 13325
388.987 13111
389.000 13024
389.014 13227
389.027 13044
389.040 13127
389.054 12979
389.067 12950
389.080 12970
389.093 12914
389.107 13006
389.120 12819
389.133 12895
389.147 12667
389.160 12769
389.173 12578
389.187 12470
389.200 12406
389.213 12297
389.227 12368
389.240 12165
389.253 12180
389.267 12068
389.280 12244
389.293 12116
389.306 12072
389.320 11979
389.333 11934
389.346 11834
389.360 11696
389.373 11662
389.386 11532
389.400 11614
389.413 11566
389.426 11538
389.440 11464
389.453 11429
389.466 11316
389.479 11179
389.493 11190
389.506 10996
389.519 11031
389.533 11012
389.546 11045
389.559 10899
389.573 10888
389.586 10912
389.599 10882
389.613 10694
389.626 10704
389.639 10671
389.652 10622
389.666 10530
389.679 10440
389.692 10535
389.706 10547
389.719 10461
389.732 10487
389.745 10315
389.759 10240
389.772 10189
389.785 10167
389.799 10121
389.812 10114
389.825 9978
389.839 10009
389.852 9940
389.865 9922
389.878 9894
389.892 9881
389.905 9878
389.918 9795
389.932 9745
389.945 9764
389.958 9672
389.971 9710
389.985 9629
389.998 9515
390.011 9526
390.025 9546
390.038 9440
390.051 9366
390.064 9474
390.078 9360
390.091 9351
390.104 9336
390.118 9278
390.131 9258
390.144 9289
390.157 9241
390.171 9248
390.184 9115
390.197 9269
390.211 9106
390.224 9058
390.237 9046
390.250 9040
390.264 8984
390.277 8907
390.290 8927
390.304 8962
390.317 8903
390.330 8871
390.343 8940
390.357 8858
390.370 8850
390.383 8792
390.397 8837
390.410 8772
390.423 8826
390.436 8701
390.450 8671
390.463 8717
390.476 8671
390.489 8647
390.503 8683
390.516 8720
390.529 8621
390.543 8647
390.556 8565
390.569 8617
390.582 8647
390.596 8491
390.609 8567
390.622 8546
390.635 8427
390.649 8441
390.662 8430
390.675 8446
390.689 8448
390.702 8357
390.715 8365
390.728 8324
390.742 8327
390.755 8327
390.768 8278
390.781 8393
390.795 8291
390.808 8315
390.821 8273
390.834 8354
390.848 8305
390.861 8221
390.874 8291
390.888 8244
390.901 8347
390.914 8249
390.927 8276
390.941 8217
390.954 8207
390.967 8227
390.980 8192
390.994 8240
391.007 8196
391.020 8189
391.033 8157
391.047 8118
391.060 8176
391.073 8173
391.086 8091
391.100 8141
391.113 8163
391.126 8102
391.139 8149
391.153 8161
391.166 8164
391.179 8090
391.192 8049
391.206 8046
391.219 8043
391.232 7998
391.245 7994
391.259 7887
391.272 7985
391.285 7945
391.298 7921
391.312 7986
391.325 8006
391.338 7905
391.351 7961
391.365 7849
391.378 7918
391.391 7884
391.404 7937
391.418 7929
391.431 7936
391.444 7958
391.457 7863
391.471 7829
391.484 7892
391.497 7958
391.510 7861
391.524 7874
391.537 7844
391.550 7861
391.563 7853
391.577 7816
391.590 7805
391.603 7839
391.616 7795
391.630 7768
391.643 7812
391.656 7737
391.669 7763
391.682 7717
391.696 7804
391.709 7792
391.722 7702
391.735 7723
391.749 7756
391.762 7728
391.775 7695
391.788 7789
391.802 7738
391.815 7711
391.828 7733
391.841 7673
391.855 7663
391.868 7694
391.881 7691
391.894 7720
391.907 7640
391.921 7684
391.934 7595
391.947 7602
