375.891 821
375.905 823
375.919 838
375.933 821
375.946 814
375.960 827
375.974 843
375.987 848
376.001 833
376.015 859
376.029 851
376.042 844
376.056 850
376.070 864
376.084 845
376.097 860
376.111 870
376.125 882
376.139 891
376.152 867
376.166 883
376.180 892
376.193 886
376.207 864
376.221 885
376.235 886
376.248 871
376.262 917
376.276 900
376.290 911
376.303 901
376.317 896
376.331 902
376.345 925
376.358 915
376.372 927
376.386 926
376.399 946
376.413 943
376.427 949
376.441 946
376.454 936
376.468 944
376.482 957
376.495 969
376.509 953
376.523 974
376.537 982
376.550 986
376.564 1003
376.578 973
376.592 1000
376.605 1010
376.619 1015
376.633 990
376.646 1007
376.660 997
376.674 1007
376.688 1029
376.701 1041
376.715 1009
376.729 1003
376.742 1066
376.756 1041
376.770 1062
376.784 1042
376.797 1035
376.811 1065
376.825 1088
376.838 1075
376.852 1093
376.866 1102
376.880 1094
376.893 1091
376.907 1091
376.921 1102
376.934 1101
376.948 1116
376.962 1126
376.976 1128
376.989 1102
377.003 1144
377.017 1151
377.030 1162
377.044 1176
377.058 1176
377.071 1182
377.085 1185
377.099 1176
377.113 1158
377.126 1164
377.140 1199
377.154 1200
377.167 1204
377.181 1215
377.195 1218
377.208 1229
377.222 1242
377.236 1211
377.250 1241
377.263 1259
377.277 1233
377.291 1272
377.304 1265
377.318 1296
377.332 1282
377.345 1292
377.359 1280
377.373 1282
377.387 1296
377.400 1307
377.414 1315
377.428 1311
377.441 1307
377.455 1328
377.469 1309
377.482 1337
377.496 1342
377.510 1367
377.524 1394
377.537 1368
377.551 1361
377.565 1368
377.578 1379
377.592 1380
377.606 1369
377.619 1372
377.633 1382
377.647 1362
377.660 1378
377.674 1365
377.688 1388
377.701 1392
377.715 1393
377.729 1410
377.743 1412
377.756 1410
377.770 1408
377.784 1451
377.797 1420
377.811 1436
377.825 1397
377.838 1416
377.852 1442
377.866 1459
377.879 1460
377.893 1496
377.907 1483
377.920 1458
377.934 1445
377.948 1486
377.961 1478
377.975 1467
377.989 1463
378.002 1473
378.016 1457
378.030 1471
378.044 1472
378.057 1494
378.071 1479
378.085 1474
378.098 1522
378.112 1495
378.126 1501
378.139 1523
378.153 1504
378.167 1520
378.180 1514
378.194 1553
378.208 1498
378.221 1509
378.235 1526
378.249 1543
378.262 1539
378.276 1539
378.290 1543
378.303 1513
378.317 1574
378.331 1543
378.344 1554
378.358 1549
378.372 1528
378.385 1585
378.399 1541
378.413 1614
378.426 1595
378.440 1603
378.454 1606
378.467 1618
378.481 1542
378.495 1600
378.508 1609
378.522 1621
378.536 1586
378.549 1600
378.563 1606
378.577 1594
378.590 1592
378.604 1628
378.618 1613
378.631 1650
378.645 1632
378.659 1657
378.672 1668
378.686 1659
378.700 1702
378.713 1691
378.727 1704
378.740 1717
378.754 1719
378.768 1741
378.781 1772
378.795 1698
378.809 1735
378.822 1765
378.836 1725
378.850 1684
378.863 1725
378.877 1727
378.891 1740
378.904 1783
378.918 1773
378.932 1755
378.945 1777
378.959 1754
378.973 1767
378.986 1757
379.000 1757
379.014 1803
379.027 1778
379.041 1776
379.054 1769
379.068 1768
379.082 1772
379.095 1792
379.109 1827
379.123 1835
379.136 1824
379.150 1848
379.164 1900
379.177 1830
379.191 1839
379.205 1890
379.218 1860
379.232 1893
379.245 1917
379.259 1917
379.273 1926
379.286 1941
379.300 1939
379.314 1922
379.327 1981
379.341 1979
379.355 1976
379.368 1994
379.382 1980
379.396 1980
379.409 1997
379.423 2071
379.436 2038
379.450 2027
379.464 2069
379.477 2079
379.491 2111
379.505 2081
379.518 2183
379.532 2169
379.546 2196
379.559 2154
379.573 2195
379.586 2230
379.600 2219
379.614 2257
379.627 2310
379.641 2272
379.655 2326
379.668 2312
379.682 2284
379.695 2376
379.709 2321
379.723 2360
379.736 2455
379.750 2560
379.764 2497
379.777 2555
379.791 2583
379.804 2632
379.818 2659
379.832 2592
379.845 2580
379.859 2591
379.873 2619
379.886 2671
379.900 2657
379.913 2691
379.927 2841
379.941 2748
379.954 2906
379.968 2935
379.982 2840
379.995 2892
380.009 2937
380.022 2994
380.036 3049
380.050 2999
380.063 3134
380.077 3168
380.090 3353
380.104 3289
380.118 3326
380.131 3423
380.145 3461
380.159 3421
380.172 3458
380.186 3540
380.199 3652
380.213 3619
380.227 3712
380.240 3778
380.254 3634
380.267 3718
380.281 3787
380.295 3836
380.308 3836
380.322 3877
380.336 4001
380.349 4096
380.363 4056
380.376 4182
380.390 4183
380.404 4247
380.417 4359
380.431 4398
380.444 4466
380.458 4447
380.472 4535
380.485 4534
380.499 4637
380.512 4726
380.526 4829
380.540 4789
380.553 4884
380.567 4891
380.580 4982
380.594 5113
380.608 5264
380.621 5360
380.635 5440
380.648 5356
380.662 5527
380.676 5611
380.689 5689
380.703 5621
380.716 5700
380.730 5911
380.744 5884
380.757 5949
380.771 6182
380.784 6269
380.798 6227
380.812 6292
380.825 6460
380.839 6573
380.852 6744
380.866 6792
380.880 6774
380.893 6861
380.907 6829
380.920 6906
380.934 7030
380.948 7044
380.961 7290
380.975 7296
380.988 7363
381.002 7358
381.015 7429
381.029 7303
381.043 7550
381.056 7607
381.070 7741
381.083 7695
381.097 7683
381.111 7858
381.124 8060
381.138 8196
381.151 8187
381.165 8275
381.179 8371
381.192 8383
381.206 8435
381.219 8437
381.233 8448
381.246 8545
381.260 8654
381.274 8590
381.287 8750
381.301 8879
381.314 8918
381.328 8927
381.341 9041
381.355 9257
381.369 9164
381.382 9251
381.396 9452
381.409 9621
381.423 9744
381.437 9830
381.450 9826
381.464 9805
381.477 10170
381.491 10356
381.504 10143
381.518 10215
381.532 10335
381.545 10494
381.559 10854
381.572 10590
381.586 10732
381.599 10835
381.613 10876
381.627 10984
381.640 11173
381.654 11145
381.667 11267
381.681 11307
381.694 11352
381.708 11185
381.722 10925
381.735 11006
381.749 11231
381.762 11140
381.776 11326
381.789 11419
381.803 11335
381.817 11445
381.830 11530
381.844 11797
381.857 11654
381.871 12057
381.884 11879
381.898 11744
381.911 11886
381.925 12003
381.939 12115
381.952 12194
381.966 12277
381.979 12418
381.993 12674
382.006 12766
382.020 12941
382.034 12939
382.047 12974
382.061 12786
382.074 12872
382.088 12944
382.101 12867
382.115 12923
382.128 13116
382.142 13529
382.156 14092
382.169 13934
382.183 13949
382.196 13807
382.210 13984
382.223 13961
382.237 13960
382.250 14150
382.264 14110
382.278 14147
382.291 14521
382.305 14788
382.318 14942
382.332 15079
382.345 14640
382.359 14223
382.372 14594
382.386 14556
382.399 14797
382.413 14742
382.427 14797
382.440 14792
382.454 15098
382.467 15271
382.481 15471
382.494 15818
382.508 16076
382.521 16135
382.535 16028
382.548 16026
382.562 16015
382.576 15979
382.589 16062
382.603 16183
382.616 16336
382.630 16494
382.643 16721
382.657 16877
382.670 17006
382.684 17000
382.697 17095
382.711 17012
382.724 17394
382.738 17531
382.752 17343
382.765 17463
382.779 17683
382.792 17890
382.806 17854
382.819 18196
382.833 18259
382.846 18407
382.860 18535
382.873 18572
382.887 18871
382.900 18879
382.914 19183
382.928 19338
382.941 19484
382.955 19454
382.968 19614
382.982 20041
382.995 20033
383.009 19958
383.022 20329
383.036 20325
383.049 20359
383.063 20697
383.076 20806
383.090 20926
383.103 20679
383.117 20994
383.130 21161
383.144 21120
383.158 21471
383.171 21348
383.185 21713
383.198 21925
383.212 22267
383.225 22580
383.239 22701
383.252 22927
383.266 23028
383.279 22870
383.293 23064
383.306 23288
383.320 23403
383.333 24024
383.347 24342
383.360 24040
383.374 24080
383.387 24252
383.401 24441
383.414 24476
383.428 23977
383.441 24058
383.455 24368
383.468 24090
383.482 24286
383.496 25107
383.509 25464
383.523 24981
383.536 25167
383.550 25128
383.563 25564
383.577 25592
383.590 25764
383.604 25634
383.617 25678
383.631 25202
383.644 25214
383.658 25185
383.671 25136
383.685 24984
383.698 25038
383.712 25512
383.725 25501
383.739 25160
383.752 25049
383.766 25175
383.779 25320
383.793 25098
383.806 25307
383.820 25667
383.833 25656
383.847 25473
383.860 25890
383.874 25822
383.887 25082
383.901 25283
383.914 25603
383.928 25305
383.941 25470
383.955 24822
383.968 24700
383.982 24704
383.995 24580
384.009 24558
384.022 24465
384.036 24243
384.049 24140
384.063 24408
384.076 24626
384.090 24661
384.103 25001
384.117 24993
384.130 24594
384.144 23585
384.157 23422
384.171 23078
384.184 23011
384.198 22697
384.211 22517
384.225 22600
384.238 22641
384.252 22530
384.265 22145
384.279 21865
384.292 21614
384.306 21494
384.319 21095
384.333 20468
384.346 20009
384.360 19629
384.373 19543
384.387 19188
384.400 18722
384.414 18410
384.427 18026
384.441 17882
384.454 17297
384.468 16897
384.481 16491
384.495 16252
384.508 15815
384.522 15393
384.535 14876
384.549 14538
384.562 14327
384.575 14026
384.589 13769
384.602 13590
384.616 13310
384.629 12989
384.643 12582
384.656 12236
384.670 11894
384.683 11386
384.697 10849
384.710 10713
384.724 10325
384.737 9973
384.751 9811
384.764 9384
384.778 9081
384.791 9039
384.805 8750
384.818 8524
384.832 8213
384.845 8088
384.859 7764
384.872 7416
384.885 7132
384.899 6978
384.912 6799
384.926 6643
384.939 6490
384.953 6256
384.966 6162
384.980 5999
384.993 5829
385.007 5685
385.020 5563
385.034 5526
385.047 5267
385.061 5200
385.074 4976
385.088 4911
385.101 4813
385.114 4760
385.128 4564
385.141 4538
385.155 4531
385.168 4485
385.182 4456
385.195 4408
385.209 4338
385.222 4213
385.236 4165
385.249 4084
385.263 3977
385.276 3972
385.290 3823
385.303 3708
385.316 3671
385.330 3675
385.343 3568
385.357 3629
385.370 3497
385.384 3445
385.397 3427
385.411 3337
385.424 3300
385.438 3225
385.451 3309
385.464 3268
385.478 3241
385.491 3208
385.505 3172
385.518 3153
385.532 3107
385.545 3074
385.559 2961
385.572 2998
385.586 2966
385.599 2999
385.612 3023
385.626 2949
385.639 2888
385.653 2928
385.666 2959
385.680 2903
385.693 2786
385.707 2772
385.720 2793
385.734 2805
385.747 2716
385.760 2719
385.774 2744
385.787 2686
385.801 2655
385.814 2566
385.828 2549
385.841 2514
385.855 2498
385.868 2537
385.881 2450
385.895 2461
385.908 2432
385.922 2427
385.935 2413
385.949 2409
385.962 2403
385.976 2321
385.989 2381
386.002 2394
386.016 2371
386.029 2375
386.043 2306
386.056 2303
386.070 2254
386.083 2298
386.097 2242
386.110 2328
386.123 2255
386.137 2309
386.150 2229
386.164 2238
386.177 2244
386.191 2231
386.204 2210
386.217 2142
386.231 2145
386.244 2144
386.258 2174
386.271 2114
386.285 2155
386.298 2114
386.311 2129
386.325 2086
386.338 2055
386.352 2047
386.365 2038
386.379 2024
386.392 2007
386.405 2013
386.419 2000
386.432 2013
386.446 2026
386.459 2022
386.473 1985
386.486 1914
386.499 1961
386.513 1908
386.526 1923
386.540 1897
386.553 1910
386.567 1900
386.580 1935
386.593 1925
386.607 1922
386.620 1918
386.634 1899
386.647 1883
386.661 1887
386.674 1894
386.687 1863
386.701 1820
386.714 1818
386.728 1797
386.741 1772
386.754 1815
386.768 1814
386.781 1799
386.795 1721
386.808 1743
386.822 1740
386.835 1714
386.848 1761
386.862 1687
386.875 1707
386.889 1729
386.902 1664
386.915 1661
386.929 1701
386.942 1670
386.956 1650
386.969 1623
386.983 1654
386.996 1646
387.009 1617
387.023 1620
387.036 1647
387.050 1642
387.063 1641
387.076 1588
387.090 1609
387.103 1562
387.117 1560
387.130 1567
387.143 1581
387.157 1596
387.170 1572
387.184 1523
387.197 1552
387.210 1570
387.224 1517
387.237 1525
387.251 1520
387.264 1483
387.278 1488
387.291 1491
387.304 1496
387.318 1490
387.331 1414
387.345 1491
387.358 1448
387.371 1488
387.385 1399
387.398 1454
387.412 1402
387.425 1420
387.438 1411
387.452 1400
387.465 1349
387.478 1373
387.492 1378
387.505 1349
387.519 1370
387.532 1371
387.545 1382
387.559 1372
387.572 1385
387.586 1340
387.599 1361
387.612 1336
387.626 1338
387.639 1364
387.653 1347
387.666 1311
387.679 1282
387.693 1289
387.706 1263
387.720 1270
387.733 1298
387.746 1279
387.760 1283
387.773 1277
387.787 1264
387.800 1282
387.813 1263
387.827 1256
387.840 1240
387.853 1217
387.867 1211
387.880 1269
387.894 1236
387.907 1268
387.920 1201
387.934 1239
387.947 1190
387.961 1200
387.974 1227
387.987 1209
388.001 1179
388.014 1191
388.027 1172
388.041 1193
388.054 1162
388.068 1173
388.081 1165
388.094 1123
388.108 1174
388.121 1121
388.134 1169
388.148 1140
388.161 1100
388.175 1099
388.188 1144
388.201 1120
388.215 1096
388.228 1129
388.241 1103
388.255 1086
388.268 1082
388.282 1125
388.295 1105
388.308 1094
388.322 1092
388.335 1076
388.348 1118
388.362 1091
388.375 1060
388.389 1088
388.402 1106
388.415 1099
388.429 1074
388.442 1097
388.455 1102
388.469 1068
388.482 1108
388.495 1112
388.509 1119
388.522 1117
388.536 1079
388.549 1071
388.562 1083
388.576 1075
388.589 1061
388.602 1083
388.616 1082
388.629 1071
388.642 1078
388.656 1045
388.669 1048
388.683 1079
388.696 1054
388.709 1071
388.723 1049
388.736 1049
388.749 1059
388.763 1062
388.776 1044
388.789 1042
388.803 1046
388.816 1052
388.829 1045
388.843 1029
388.856 1030
388.870 1045
388.883 1055
388.896 1029
388.910 1025
388.923 1021
388.936 1043
388.950 1059
388.963 1034
388.976 1030
388.990 1037
389.003 1032
389.016 1040
389.030 1041
389.043 1060
389.056 1059
389.070 1027
389.083 1061
389.097 1007
389.110 1010
389.123 1008
389.137 1017
389.150 998
389.163 1023
389.177 1006
389.190 1001
389.203 1010
389.217 1007
389.230 1022
389.243 1023
389.257 1004
389.270 988
389.283 998
389.297 994
389.310 1008
389.323 993
389.337 980
389.350 993
389.363 1011
389.377 993
389.390 989
389.403 986
389.417 1007
389.430 994
389.443 992
389.457 978
389.470 992
389.483 1020
389.497 1003
389.510 969
389.523 988
389.537 990
389.550 977
389.563 994
389.577 980
389.590 951
389.603 967
389.617 971
389.630 974
389.643 962
389.657 954
389.670 962
389.683 975
389.697 947
389.710 960
389.723 952
389.737 944
389.750 956
389.763 960
389.777 940
389.790 946
389.803 940
389.817 925
389.830 951
389.843 939
389.857 936
389.870 936
389.883 933
389.897 922
389.910 927
389.923 927
389.937 919
389.950 915
389.963 929
389.977 915
389.990 896
390.003 921
390.017 908
390.030 908
390.043 895
390.057 891
390.070 888
390.083 887
390.096 876
390.110 891
390.123 899
390.136 904
390.150 877
390.163 878
390.176 886
390.190 873
390.203 878
390.216 870
390.230 855
390.243 871
390.256 849
390.270 848
390.283 843
390.296 823
390.310 860
390.323 857
390.336 850
390.349 846
390.363 855
390.376 861
390.389 850
390.403 847
390.416 838
390.429 840
390.443 830
390.456 829
390.469 810
390.483 825
390.496 831
390.509 823
390.522 805
390.536 821
390.549 806
390.562 814
390.576 813
390.589 782
390.602 805
390.616 788
390.629 785
390.642 786
390.655 796
390.669 800
390.682 812
390.695 790
390.709 784
390.722 778
390.735 780
390.749 782
390.762 766
390.775 778
390.788 780
390.802 772
390.815 764
390.828 769
390.842 762
390.855 744
390.868 769
390.882 763
390.895 757
390.908 759
390.921 761
390.935 762
390.948 769
390.961 742
390.975 755
390.988 740
391.001 755
391.014 733
391.028 747
391.041 756
391.054 743
391.068 753
391.081 733
391.094 755
391.107 749
391.121 742
391.134 728
391.147 728
391.161 745
391.174 745
391.187 734
391.200 726
391.214 735
391.227 713
391.240 720
391.254 724
391.267 718
391.280 719
391.293 723
391.307 724
391.320 715
391.333 720
391.347 706
391.360 715
391.373 714
391.386 722
391.400 725
391.413 716
391.426 721
391.440 704
391.453 715
391.466 708
391.479 702
391.493 703
391.506 722
391.519 692
391.532 710
391.546 706
391.559 716
391.572 698
391.586 707
391.599 709
391.612 696
391.625 720
391.639 705
391.652 709
391.665 705
391.678 700
391.692 706
391.705 700
391.718 706
391.732 697
391.745 704
391.758 697
391.771 700
391.785 706
391.798 697
391.811 683
391.824 697
391.838 711
391.851 690
391.864 702
391.877 694
391.891 697
391.904 693
391.917 704
391.931 699
391.944 702
391.957 705
391.970 687
391.984 709
391.997 692
392.010 701
392.023 699
392.037 705
392.050 685
392.063 705
392.076 690
392.090 697
392.103 693
392.116 694
392.129 705
392.143 684
392.156 690
392.169 685
392.182 695
392.196 689
392.209 698
392.222 675
392.235 687
392.249 684
392.262 690
392.275 697
392.288 695
392.302 705
392.315 691
392.328 695
392.341 677
392.355 677
392.368 692
392.381 687
392.394 684
392.408 686
392.421 686
392.434 690
392.447 702
392.461 702
392.474 685
392.487 683
392.500 689
392.514 688
392.527 689
392.540 684
392.553 669
392.567 682
392.580 686
392.593 680
392.606 678
392.620 679
392.633 685
392.646 676
392.659 680
392.673 667
392.686 673
392.699 687
392.712 679
392.726 678
392.739 674
392.752 678
392.765 678
392.778 674
392.792 676
392.805 672
392.818 669
392.831 681
392.845 681
392.858 676
392.871 680
392.884 684
392.898 676
392.911 684
392.924 683
392.937 680
392.951 688
392.964 672
392.977 684
392.990 687
393.003 678
393.017 676
393.030 669
393.043 686
393.056 677
393.070 669
393.083 663
393.096 675
393.109 678
393.122 674
393.136 684
393.149 667
393.162 658
393.175 670
393.189 670
393.202 667
393.215 676
393.228 676
393.242 659
393.255 673
393.268 668
393.281 671
393.294 677
393.308 668
393.321 680
393.334 671
393.347 668
393.360 665
393.374 656
393.387 656
393.400 669
393.413 660
393.427 671
393.440 670
393.453 670
393.466 669
393.479 669
393.493 661
393.506 664
393.519 672
393.532 674
393.546 666
393.559 660
393.572 670
393.585 668
393.598 671
393.612 668
393.625 674
393.638 674
393.651 672
393.664 667
393.678 660
393.691 663
393.704 671
393.717 668
393.730 664
393.744 675
393.757 665
393.770 675
393.783 664
393.796 672
393.810 676
393.823 661
393.836 659
393.849 675
393.863 669
393.876 657
393.889 661
393.902 666
393.915 674
393.929 653
