375.891 822
375.905 843
375.919 813
375.933 837
375.946 836
375.960 823
375.974 859
375.987 841
376.001 846
376.015 846
376.029 855
376.042 847
376.056 870
376.070 874
376.084 861
376.097 857
376.111 869
376.125 877
376.139 855
376.152 864
376.166 861
376.180 896
376.193 892
376.207 883
376.221 863
376.235 909
376.248 887
376.262 911
376.276 895
376.290 915
376.303 897
376.317 889
376.331 920
376.345 913
376.358 943
376.372 923
376.386 947
376.399 951
376.413 940
376.427 950
376.441 950
376.454 931
376.468 919
376.482 953
376.495 962
376.509 973
376.523 976
376.537 979
376.550 998
376.564 1002
376.578 1002
376.592 1017
376.605 992
376.619 1018
376.633 990
376.646 989
376.660 1030
376.674 1017
376.688 1013
376.701 1010
376.715 1021
376.729 1026
376.742 1031
376.756 1036
376.770 1042
376.784 1052
376.797 1054
376.811 1052
376.825 1084
376.838 1075
376.852 1101
376.866 1095
376.880 1096
376.893 1093
376.907 1094
376.921 1092
376.934 1104
376.948 1089
376.962 1116
376.976 1109
376.989 1127
377.003 1140
377.017 1115
377.030 1179
377.044 1196
377.058 1178
377.071 1169
377.085 1177
377.099 1165
377.113 1184
377.126 1181
377.140 1173
377.154 1189
377.167 1188
377.181 1198
377.195 1206
377.208 1184
377.222 1193
377.236 1250
377.250 1203
377.263 1203
377.277 1242
377.291 1241
377.304 1243
377.318 1257
377.332 1245
377.345 1271
377.359 1265
377.373 1291
377.387 1260
377.400 1280
377.414 1286
377.428 1278
377.441 1263
377.455 1306
377.469 1309
377.482 1327
377.496 1301
377.510 1339
377.524 1358
377.537 1381
377.551 1379
377.565 1374
377.578 1362
377.592 1347
377.606 1315
377.619 1344
377.633 1348
377.647 1390
377.660 1394
377.674 1349
377.688 1361
377.701 1420
377.715 1424
377.729 1413
377.743 1378
377.756 1389
377.770 1405
377.784 1417
377.797 1446
377.811 1407
377.825 1398
377.838 1440
377.852 1378
377.866 1486
377.879 1442
377.893 1454
377.907 1433
377.920 1465
377.934 1468
377.948 1435
377.961 1417
377.975 1458
377.989 1499
378.002 1483
378.016 1477
378.030 1460
378.044 1475
378.057 1478
378.071 1470
378.085 1518
378.098 1526
378.112 1421
378.126 1492
378.139 1475
378.153 1474
378.167 1506
378.180 1498
378.194 1499
378.208 1492
378.221 1509
378.235 1532
378.249 1534
378.262 1525
378.276 1540
378.290 1558
378.303 1516
378.317 1541
378.331 1539
378.344 1561
378.358 1575
378.372 1553
378.385 1534
378.399 1567
378.413 1570
378.426 1526
378.440 1568
378.454 1550
378.467 1640
378.481 1590
378.495 1579
378.508 1546
378.522 1595
378.536 1601
378.549 1570
378.563 1571
378.577 1623
378.590 1662
378.604 1623
378.618 1625
378.631 1666
378.645 1653
378.659 1618
378.672 1646
378.686 1661
378.700 1651
378.713 1748
378.727 1733
378.740 1694
378.754 1682
378.768 1709
378.781 1673
378.795 1710
378.809 1742
378.822 1746
378.836 1787
378.850 1703
378.863 1726
378.877 1710
378.891 1739
378.904 1717
378.918 1746
378.932 1758
378.945 1748
378.959 1759
378.973 1750
378.986 1766
379.000 1782
379.014 1741
379.027 1750
379.041 1747
379.054 1784
379.068 1779
379.082 1782
379.095 1838
379.109 1821
379.123 1813
379.136 1794
379.150 1799
379.164 1843
379.177 1826
379.191 1789
379.205 1837
379.218 1884
379.232 1890
379.245 1898
379.259 1890
379.273 1891
379.286 1901
379.300 1905
379.314 1923
379.327 1961
379.341 1961
379.355 1962
379.368 2024
379.382 1963
379.396 2007
379.409 1959
379.423 2063
379.436 2044
379.450 2065
379.464 2059
379.477 2053
379.491 2046
379.505 2063
379.518 2100
379.532 2153
379.546 2114
379.559 2207
379.573 2167
379.586 2167
379.600 2155
379.614 2224
379.627 2232
379.641 2312
379.655 2278
379.668 2259
379.682 2339
379.695 2303
379.709 2358
379.723 2336
379.736 2464
379.750 2559
379.764 2585
379.777 2590
379.791 2620
379.804 2596
379.818 2585
379.832 2585
379.845 2558
379.859 2558
379.873 2608
379.886 2630
379.900 2645
379.913 2736
379.927 2802
379.941 2809
379.954 2795
379.968 2847
379.982 2868
379.995 2963
380.009 2870
380.022 2954
380.036 3019
380.050 3074
380.063 3127
380.077 3238
380.090 3258
380.104 3292
380.118 3369
380.131 3358
380.145 3318
380.159 3481
380.172 3448
380.186 3506
380.199 3591
380.213 3697
380.227 3727
380.240 3812
380.254 3710
380.267 3634
380.281 3743
380.295 3828
380.308 3874
380.322 3908
380.336 3948
380.349 4002
380.363 4123
380.376 4092
380.390 4168
380.404 4290
380.417 4316
380.431 4354
380.444 4340
380.458 4402
380.472 4487
380.485 4580
380.499 4546
380.512 4687
380.526 4756
380.540 4712
380.553 4937
380.567 4944
380.580 4908
380.594 5049
380.608 5201
380.621 5496
380.635 5446
380.648 5425
380.662 5558
380.676 5512
380.689 5622
380.703 5743
380.716 5692
380.730 5747
380.744 5941
380.757 6081
380.771 6169
380.784 6270
380.798 6279
380.812 6236
380.825 6329
380.839 6552
380.852 6654
380.866 6734
380.880 6859
380.893 6824
380.907 6795
380.920 6910
380.934 7039
380.948 7116
380.961 7193
380.975 7215
380.988 7293
381.002 7254
381.015 7427
381.029 7394
381.043 7472
381.056 7634
381.070 7717
381.083 7715
381.097 7820
381.111 7971
381.124 7945
381.138 8194
381.151 8220
381.165 8128
381.179 8311
381.192 8304
381.206 8126
381.219 8452
381.233 8415
381.246 8582
381.260 8602
381.274 8561
381.287 8761
381.301 8902
381.314 8952
381.328 8938
381.341 9217
381.355 9111
381.369 9085
381.382 9280
381.396 9414
381.409 9549
381.423 9748
381.437 9624
381.450 9812
381.464 9949
381.477 10052
381.491 10256
381.504 10114
381.518 10301
381.532 10404
381.545 10580
381.559 10902
381.572 10776
381.586 10833
381.599 10893
381.613 10845
381.627 11081
381.640 11128
381.654 11140
381.667 11264
381.681 11304
381.694 11266
381.708 11107
381.722 11104
381.735 11065
381.749 11148
381.762 11263
381.776 11265
381.789 11544
381.803 11448
381.817 11681
381.830 11600
381.844 11536
381.857 11824
381.871 11786
381.884 11906
381.898 11979
381.911 12018
381.925 12069
381.939 12018
381.952 12204
381.966 12263
381.979 12295
381.993 12592
382.006 12967
382.020 12899
382.034 13104
382.047 12912
382.061 12918
382.074 12801
382.088 12789
382.101 12841
382.115 13023
382.128 13101
382.142 13374
382.156 13977
382.169 14094
382.183 13991
382.196 13889
382.210 13956
382.223 13855
382.237 14116
382.250 14120
382.264 14080
382.278 14357
382.291 14402
382.305 14741
382.318 14852
382.332 15037
382.345 14608
382.359 14551
382.372 14429
382.386 14553
382.399 14472
382.413 14779
382.427 14682
382.440 15011
382.454 15095
382.467 15000
382.481 15566
382.494 15940
382.508 16006
382.521 16135
382.535 15975
382.548 15943
382.562 16012
382.576 16023
382.589 15956
382.603 16123
382.616 16345
382.630 16402
382.643 16526
382.657 16829
382.670 16739
382.684 16796
382.697 16642
382.711 16672
382.724 16935
382.738 16795
382.752 16861
382.765 16755
382.779 16974
382.792 17156
382.806 17376
382.819 17234
382.833 17103
382.846 17513
382.860 17499
382.873 17588
382.887 17668
382.900 17621
382.914 17960
382.928 17986
382.941 18021
382.955 18065
382.968 18244
382.982 18405
382.995 18473
383.009 18364
383.022 18438
383.036 18690
383.049 18747
383.063 18586
383.076 18711
383.090 18720
383.103 18972
383.117 18818
383.130 18967
383.144 19054
383.158 19025
383.171 19294
383.185 18950
383.198 19375
383.212 19334
383.225 19517
383.239 19763
383.252 19809
383.266 19792
383.279 19882
383.293 19882
383.306 19905
383.320 20030
383.333 20631
383.347 20671
383.360 20408
383.374 20125
383.387 20502
383.401 20733
383.414 20444
383.428 20161
383.441 20127
383.455 20299
383.468 19937
383.482 20226
383.496 20860
383.509 20718
383.523 20594
383.536 20574
383.550 20477
383.563 20399
383.577 20392
383.590 20843
383.604 20987
383.617 20572
383.631 20129
383.644 19881
383.658 19804
383.671 19845
383.685 19953
383.698 19907
383.712 20036
383.725 19927
383.739 19678
383.752 19582
383.766 19428
383.779 19214
383.793 19532
383.806 19311
383.820 19779
383.833 19528
383.847 19551
383.860 19510
383.874 19402
383.887 18861
383.901 18795
383.914 18688
383.928 18889
383.941 18775
383.955 18395
383.968 18512
383.982 18095
383.995 17894
384.009 17609
384.022 17804
384.036 17685
384.049 17511
384.063 17649
384.076 17781
384.090 17777
384.103 17820
384.117 17846
384.130 17459
384.144 16845
384.157 16699
384.171 16369
384.184 16309
384.198 16234
384.211 15927
384.225 15665
384.238 15716
384.252 15738
384.265 15475
384.279 15222
384.292 15137
384.306 14922
384.319 14503
384.333 14247
384.346 13879
384.360 13748
384.373 13448
384.387 13322
384.400 13203
384.414 12959
384.427 12741
384.441 12610
384.454 12202
384.468 11788
384.481 11543
384.495 11434
384.508 11167
384.522 10837
384.535 10724
384.549 10352
384.562 10071
384.575 9844
384.589 9733
384.602 9650
384.616 9370
384.629 9271
384.643 8953
384.656 8892
384.670 8578
384.683 8252
384.697 7880
384.710 7773
384.724 7486
384.737 7351
384.751 7080
384.764 6953
384.778 6673
384.791 6592
384.805 6429
384.818 6283
384.832 6062
384.845 6004
384.859 5912
384.872 5644
384.885 5451
384.899 5296
384.912 5218
384.926 5083
384.939 4958
384.953 4890
384.966 4824
384.980 4685
384.993 4595
385.007 4510
385.020 4471
385.034 4308
385.047 4210
385.061 4129
385.074 4076
385.088 4013
385.101 3965
385.114 3910
385.128 3837
385.141 3794
385.155 3798
385.168 3843
385.182 3773
385.195 3700
385.209 3635
385.222 3544
385.236 3551
385.249 3487
385.263 3462
385.276 3296
385.290 3228
385.303 3219
385.316 3214
385.330 3241
385.343 3181
385.357 3151
385.370 3075
385.384 3044
385.397 3011
385.411 2963
385.424 2955
385.438 2913
385.451 2962
385.464 2973
385.478 2905
385.491 2875
385.505 2854
385.518 2818
385.532 2773
385.545 2741
385.559 2702
385.572 2717
385.586 2714
385.599 2655
385.612 2659
385.626 2681
385.639 2624
385.653 2730
385.666 2733
385.680 2667
385.693 2572
385.707 2632
385.720 2634
385.734 2507
385.747 2502
385.760 2500
385.774 2501
385.787 2497
385.801 2455
385.814 2384
385.828 2317
385.841 2356
385.855 2275
385.868 2311
385.881 2321
385.895 2281
385.908 2245
385.922 2206
385.935 2309
385.949 2208
385.962 2197
385.976 2230
385.989 2247
386.002 2188
386.016 2180
386.029 2234
386.043 2155
386.056 2158
386.070 2102
386.083 2178
386.097 2178
386.110 2120
386.123 2089
386.137 2105
386.150 2088
386.164 2058
386.177 2030
386.191 2089
386.204 1992
386.217 1940
386.231 2002
386.244 1964
386.258 1974
386.271 2007
386.285 1980
386.298 2014
386.311 1972
386.325 1944
386.338 1933
386.352 1944
386.365 1902
386.379 1923
386.392 1911
386.405 1875
386.419 1867
386.432 1887
386.446 1842
386.459 1849
386.473 1824
386.486 1811
386.499 1793
386.513 1828
386.526 1825
386.540 1777
386.553 1776
386.567 1803
386.580 1803
386.593 1857
386.607 1805
386.620 1844
386.634 1766
386.647 1807
386.661 1776
386.674 1782
386.687 1716
386.701 1729
386.714 1677
386.728 1696
386.741 1676
386.754 1684
386.768 1675
386.781 1657
386.795 1695
386.808 1653
386.822 1610
386.835 1589
386.848 1643
386.862 1588
386.875 1597
386.889 1609
386.902 1613
386.915 1596
386.929 1540
386.942 1610
386.956 1550
386.969 1578
386.983 1493
386.996 1539
387.009 1529
387.023 1533
387.036 1529
387.050 1513
387.063 1602
387.076 1507
387.090 1538
387.103 1515
387.117 1497
387.130 1477
387.143 1508
387.157 1468
387.170 1511
387.184 1470
387.197 1438
387.210 1452
387.224 1448
387.237 1438
387.251 1462
387.264 1415
387.278 1430
387.291 1409
387.304 1418
387.318 1387
387.331 1414
387.345 1439
387.358 1429
387.371 1369
387.385 1390
387.398 1389
387.412 1341
387.425 1376
387.438 1348
387.452 1307
387.465 1346
387.478 1317
387.492 1312
387.505 1309
387.519 1275
387.532 1371
387.545 1336
387.559 1339
387.572 1317
387.586 1330
387.599 1316
387.612 1345
387.626 1326
387.639 1316
387.653 1308
387.666 1293
387.679 1270
387.693 1225
387.706 1236
387.720 1229
387.733 1270
387.746 1282
387.760 1281
387.773 1235
387.787 1219
387.800 1217
387.813 1227
387.827 1210
387.840 1206
387.853 1226
387.867 1203
387.880 1219
387.894 1262
387.907 1204
387.920 1220
387.934 1182
387.947 1205
387.961 1180
387.974 1173
387.987 1158
388.001 1170
388.014 1156
388.027 1169
388.041 1123
388.054 1161
388.068 1156
388.081 1138
388.094 1136
388.108 1151
388.121 1122
388.134 1119
388.148 1132
388.161 1129
388.175 1118
388.188 1087
388.201 1078
388.215 1104
388.228 1081
388.241 1141
388.255 1092
388.268 1084
388.282 1126
388.295 1090
388.308 1086
388.322 1096
388.335 1079
388.348 1087
388.362 1084
388.375 1109
388.389 1116
388.402 1093
388.415 1049
388.429 1084
388.442 1069
388.455 1088
388.469 1071
388.482 1094
388.495 1099
388.509 1107
388.522 1075
388.536 1072
388.549 1066
388.562 1040
388.576 1048
388.589 1058
388.602 1090
388.616 1062
388.629 1028
388.642 1002
388.656 1072
388.669 1047
388.683 1087
388.696 1084
388.709 1075
388.723 1092
388.736 1056
388.749 1023
388.763 1037
388.776 1051
388.789 1018
388.803 1037
388.816 1014
388.829 1033
388.843 1032
388.856 1060
388.870 1016
388.883 1041
388.896 1004
388.910 1021
388.923 1019
388.936 1017
388.950 1029
388.963 1009
388.976 1042
388.990 1012
389.003 1017
389.016 1002
389.030 1026
389.043 1030
389.056 1032
389.070 1017
389.083 1000
389.097 994
389.110 1014
389.123 1032
389.137 1001
389.150 990
389.163 1007
389.177 965
389.190 1017
389.203 980
389.217 995
389.230 971
389.243 987
389.257 968
389.270 997
389.283 1002
389.297 971
389.310 973
389.323 968
389.337 973
389.350 970
389.363 978
389.377 959
389.390 952
389.403 960
389.417 968
389.430 981
389.443 952
389.457 969
389.470 970
389.483 964
389.497 969
389.510 971
389.523 947
389.537 955
389.550 935
389.563 934
389.577 950
389.590 927
389.603 941
389.617 929
389.630 937
389.643 929
389.657 944
389.670 930
389.683 931
389.697 917
389.710 927
389.723 928
389.737 916
389.750 949
389.763 926
389.777 917
389.790 912
389.803 930
389.817 918
389.830 910
389.843 913
389.857 890
389.870 901
389.883 877
389.897 902
389.910 894
389.923 911
389.937 897
389.950 882
389.963 910
389.977 891
389.990 875
390.003 898
390.017 892
390.030 873
390.043 855
390.057 857
390.070 866
390.083 866
390.096 883
390.110 863
390.123 848
390.136 906
390.150 849
390.163 854
390.176 848
390.190 853
390.203 841
390.216 830
390.230 846
390.243 834
390.256 842
390.270 822
390.283 832
390.296 822
390.310 849
390.323 821
390.336 827
390.349 841
390.363 816
390.376 813
390.389 818
390.403 825
390.416 822
390.429 799
390.443 809
390.456 804
390.469 813
390.483 817
390.496 810
390.509 813
390.522 803
390.536 784
390.549 809
390.562 796
390.576 792
390.589 787
390.602 810
390.616 808
390.629 759
390.642 791
390.655 784
390.669 775
390.682 776
390.695 784
390.709 773
390.722 763
390.735 773
390.749 753
390.762 769
390.775 754
390.788 763
390.802 763
390.815 758
390.828 765
390.842 767
390.855 761
390.868 773
390.882 765
390.895 755
390.908 741
390.921 739
390.935 763
390.948 738
390.961 757
390.975 747
390.988 746
391.001 753
391.014 735
391.028 731
391.041 741
391.054 740
391.068 745
391.081 736
391.094 740
391.107 739
391.121 747
391.134 742
391.147 752
391.161 730
391.174 719
391.187 738
391.200 732
391.214 728
391.227 738
391.240 720
391.254 723
391.267 728
391.280 723
391.293 722
391.307 717
391.320 726
391.333 714
391.347 731
391.360 716
391.373 719
391.386 725
391.400 722
391.413 703
391.426 706
391.440 724
391.453 712
391.466 705
391.479 729
391.493 703
391.506 714
391.519 708
391.532 706
391.546 708
391.559 706
391.572 712
391.586 699
391.599 710
391.612 711
391.625 722
391.639 708
391.652 716
391.665 708
391.678 696
391.692 710
391.705 713
391.718 719
391.732 710
391.745 702
391.758 700
391.771 697
391.785 687
391.798 707
391.811 706
391.824 707
391.838 696
391.851 688
391.864 704
391.877 696
391.891 682
391.904 697
391.917 687
391.931 712
391.944 700
391.957 700
391.970 685
391.984 694
391.997 695
392.010 697
392.023 685
392.037 695
392.050 702
392.063 696
392.076 706
392.090 688
392.103 705
392.116 687
392.129 693
392.143 693
392.156 696
392.169 691
392.182 676
392.196 686
392.209 684
392.222 703
392.235 693
392.249 689
392.262 686
392.275 679
392.288 695
392.302 670
392.315 683
392.328 688
392.341 675
392.355 678
392.368 680
392.381 682
392.394 689
392.408 692
392.421 688
392.434 678
392.447 675
392.461 695
392.474 686
392.487 682
392.500 680
392.514 688
392.527 681
392.540 679
392.553 688
392.567 684
392.580 689
392.593 696
392.606 683
392.620 661
392.633 688
392.646 682
392.659 672
392.673 683
392.686 673
392.699 689
392.712 676
392.726 674
392.739 687
392.752 668
392.765 684
392.778 683
392.792 680
392.805 680
392.818 666
392.831 668
392.845 668
392.858 668
392.871 679
392.884 682
392.898 694
392.911 675
392.924 679
392.937 685
392.951 674
392.964 686
392.977 672
392.990 674
393.003 681
393.017 676
393.030 683
393.043 675
393.056 665
393.070 690
393.083 686
393.096 661
393.109 680
393.122 676
393.136 675
393.149 679
393.162 678
393.175 663
393.189 676
393.202 676
393.215 659
393.228 666
393.242 678
393.255 671
393.268 672
393.281 681
393.294 670
393.308 668
393.321 671
393.334 662
393.347 664
393.360 676
393.374 664
393.387 668
393.400 676
393.413 668
393.427 670
393.440 665
393.453 672
393.466 677
393.479 668
393.493 665
393.506 668
393.519 669
393.532 670
393.546 665
393.559 667
393.572 671
393.585 659
393.598 660
393.612 672
393.625 661
393.638 682
393.651 666
393.664 669
393.678 666
393.691 667
393.704 669
393.717 651
393.730 671
393.744 668
393.757 663
393.770 660
393.783 662
393.796 667
393.810 682
393.823 671
393.836 673
393.849 659
393.863 674
393.876 662
393.889 657
393.902 659
393.915 675
393.929 654
