375.891 801
375.905 821
375.919 816
375.933 821
375.946 811
375.960 818
375.974 809
375.987 825
376.001 830
376.015 821
376.029 845
376.042 821
376.056 852
376.070 837
376.084 823
376.097 846
376.111 841
376.125 851
376.139 862
376.152 886
376.166 869
376.180 863
376.193 859
376.207 877
376.221 864
376.235 860
376.248 875
376.262 876
376.276 885
376.290 893
376.303 876
376.317 872
376.331 894
376.345 884
376.358 905
376.372 893
376.386 906
376.399 916
376.413 900
376.427 931
376.441 927
376.454 915
376.468 937
376.482 921
376.495 918
376.509 927
376.523 962
376.537 986
376.550 951
376.564 976
376.578 967
376.592 980
376.605 982
376.619 976
376.633 953
376.646 991
376.660 946
376.674 968
376.688 994
376.701 974
376.715 1001
376.729 995
376.742 1005
376.756 992
376.770 1037
376.784 1030
376.797 1008
376.811 1028
376.825 1060
376.838 1031
376.852 1077
376.866 1074
376.880 1047
376.893 1067
376.907 1063
376.921 1051
376.934 1070
376.948 1087
376.962 1112
376.976 1078
376.989 1090
377.003 1090
377.017 1115
377.030 1116
377.044 1127
377.058 1154
377.071 1154
377.085 1114
377.099 1137
377.113 1115
377.126 1122
377.140 1151
377.154 1128
377.167 1165
377.181 1182
377.195 1147
377.208 1154
377.222 1203
377.236 1161
377.250 1174
377.263 1208
377.277 1204
377.291 1191
377.304 1232
377.318 1218
377.332 1231
377.345 1237
377.359 1215
377.373 1222
377.387 1218
377.400 1253
377.414 1245
377.428 1236
377.441 1261
377.455 1258
377.469 1264
377.482 1238
377.496 1281
377.510 1264
377.524 1275
377.537 1330
377.551 1307
377.565 1305
377.578 1286
377.592 1305
377.606 1275
377.619 1303
377.633 1301
377.647 1300
377.660 1306
377.674 1340
377.688 1296
377.701 1333
377.715 1342
377.729 1331
377.743 1376
377.756 1386
377.770 1328
377.784 1387
377.797 1355
377.811 1363
377.825 1330
377.838 1366
377.852 1378
377.866 1372
377.879 1373
377.893 1361
377.907 1397
377.920 1397
377.934 1399
377.948 1391
377.961 1369
377.975 1384
377.989 1420
378.002 1433
378.016 1383
378.030 1438
378.044 1392
378.057 1416
378.071 1410
378.085 1412
378.098 1436
378.112 1413
378.126 1399
378.139 1412
378.153 1451
378.167 1463
378.180 1397
378.194 1463
378.208 1464
378.221 1462
378.235 1474
378.249 1511
378.262 1461
378.276 1464
378.290 1510
378.303 1453
378.317 1486
378.331 1479
378.344 1501
378.358 1471
378.372 1493
378.385 1464
378.399 1515
378.413 1515
378.426 1502
378.440 1547
378.454 1530
378.467 1534
378.481 1540
378.495 1523
378.508 1529
378.522 1539
378.536 1541
378.549 1506
378.563 1552
378.577 1528
378.590 1537
378.604 1547
378.618 1531
378.631 1573
378.645 1571
378.659 1560
378.672 1551
378.686 1604
378.700 1631
378.713 1657
378.727 1661
378.740 1652
378.754 1632
378.768 1638
378.781 1667
378.795 1662
378.809 1678
378.822 1662
378.836 1659
378.850 1622
378.863 1689
378.877 1641
378.891 1653
378.904 1669
378.918 1669
378.932 1703
378.945 1661
378.959 1669
378.973 1716
378.986 1726
379.000 1682
379.014 1680
379.027 1672
379.041 1749
379.054 1698
379.068 1727
379.082 1727
379.095 1739
379.109 1726
379.123 1717
379.136 1766
379.150 1721
379.164 1785
379.177 1767
379.191 1718
379.205 1798
379.218 1825
379.232 1813
379.245 1801
379.259 1832
379.273 1824
379.286 1831
379.300 1854
379.314 1879
379.327 1866
379.341 1855
379.355 1925
379.368 1902
379.382 1902
379.396 1890
379.409 1956
379.423 1927
379.436 1957
379.450 1990
379.464 1988
379.477 2012
379.491 2030
379.505 2007
379.518 2039
379.532 2096
379.546 2091
379.559 2097
379.573 2084
379.586 2115
379.600 2109
379.614 2136
379.627 2204
379.641 2208
379.655 2187
379.668 2146
379.682 2215
379.695 2241
379.709 2229
379.723 2267
379.736 2335
379.750 2423
379.764 2492
379.777 2471
379.791 2485
379.804 2496
379.818 2540
379.832 2516
379.845 2441
379.859 2484
379.873 2472
379.886 2592
379.900 2543
379.913 2602
379.927 2637
379.941 2645
379.954 2719
379.968 2683
379.982 2731
379.995 2777
380.009 2752
380.022 2853
380.036 2851
380.050 2883
380.063 2969
380.077 3083
380.090 3168
380.104 3112
380.118 3150
380.131 3302
380.145 3203
380.159 3320
380.172 3387
380.186 3379
380.199 3429
380.213 3495
380.227 3600
380.240 3606
380.254 3508
380.267 3583
380.281 3627
380.295 3685
380.308 3627
380.322 3701
380.336 3810
380.349 3883
380.363 3976
380.376 3951
380.390 4027
380.404 4078
380.417 4066
380.431 4145
380.444 4221
380.458 4267
380.472 4338
380.485 4378
380.499 4471
380.512 4486
380.526 4532
380.540 4569
380.553 4620
380.567 4706
380.580 4685
380.594 4857
380.608 4989
380.621 5204
380.635 5174
380.648 5224
380.662 5185
380.676 5318
380.689 5352
380.703 5480
380.716 5522
380.730 5517
380.744 5714
380.757 5876
380.771 5935
380.784 5967
380.798 6084
380.812 6053
380.825 6147
380.839 6221
380.852 6341
380.866 6565
380.880 6625
380.893 6566
380.907 6513
380.920 6632
380.934 6689
380.948 6801
380.961 6917
380.975 6935
380.988 7047
381.002 6908
381.015 7002
381.029 7129
381.043 7335
381.056 7346
381.070 7326
381.083 7442
381.097 7459
381.111 7644
381.124 7683
381.138 7865
381.151 7766
381.165 7985
381.179 7844
381.192 7970
381.206 8015
381.219 8040
381.233 8149
381.246 8158
381.260 8181
381.274 8360
381.287 8382
381.301 8427
381.314 8594
381.328 8542
381.341 8646
381.355 8770
381.369 8889
381.382 8903
381.396 9015
381.409 9152
381.423 9218
381.437 9208
381.450 9290
381.464 9485
381.477 9675
381.491 9736
381.504 9848
381.518 9747
381.532 9986
381.545 10060
381.559 10301
381.572 10380
381.586 10484
381.599 10495
381.613 10563
381.627 10564
381.640 10817
381.654 10689
381.667 10741
381.681 10820
381.694 10887
381.708 10658
381.722 10562
381.735 10497
381.749 10716
381.762 10865
381.776 10779
381.789 10940
381.803 10973
381.817 11034
381.830 11082
381.844 11102
381.857 11320
381.871 11350
381.884 11560
381.898 11415
381.911 11394
381.925 11593
381.939 11500
381.952 11770
381.966 11663
381.979 11909
381.993 12141
382.006 12297
382.020 12500
382.034 12501
382.047 12398
382.061 12344
382.074 12352
382.088 12367
382.101 12472
382.115 12443
382.128 12473
382.142 13038
382.156 13392
382.169 13526
382.183 13411
382.196 13362
382.210 13454
382.223 13202
382.237 13417
382.250 13390
382.264 13708
382.278 13627
382.291 13922
382.305 14207
382.318 14522
382.332 14233
382.345 13952
382.359 13808
382.372 13928
382.386 13968
382.399 14032
382.413 14162
382.427 14320
382.440 14260
382.454 14463
382.467 14537
382.481 15004
382.494 15172
382.508 15288
382.521 15358
382.535 15305
382.548 15249
382.562 15333
382.576 15456
382.589 15443
382.603 15505
382.616 15771
382.630 15863
382.643 15919
382.657 16161
382.670 16246
382.684 16300
382.697 16237
382.711 16261
382.724 16368
382.738 16703
382.752 16723
382.765 16887
382.779 16970
382.792 17004
382.806 17285
382.819 17419
382.833 17415
382.846 17678
382.860 17581
382.873 17759
382.887 17914
382.900 17989
382.914 18270
382.928 18355
382.941 18623
382.955 18811
382.968 18780
382.982 19150
382.995 19358
383.009 19053
383.022 19419
383.036 19456
383.049 19700
383.063 19636
383.076 19703
383.090 19855
383.103 19922
383.117 20037
383.130 19883
383.144 20269
383.158 20577
383.171 20699
383.185 20799
383.198 20937
383.212 21177
383.225 21385
383.239 21616
383.252 21835
383.266 21991
383.279 21902
383.293 22101
383.306 22210
383.320 22426
383.333 22947
383.347 23300
383.360 23022
383.374 23008
383.387 22997
383.401 23226
383.414 23252
383.428 23014
383.441 23105
383.455 23115
383.468 23187
383.482 23486
383.496 24476
383.509 24088
383.523 24038
383.536 24000
383.550 24078
383.563 24357
383.577 24578
383.590 24838
383.604 24852
383.617 24491
383.631 24298
383.644 23959
383.658 23890
383.671 23987
383.685 24203
383.698 24349
383.712 24199
383.725 24444
383.739 24299
383.752 24188
383.766 24097
383.779 24071
383.793 24056
383.806 24147
383.820 24820
383.833 24593
383.847 24570
383.860 24804
383.874 24765
383.887 23898
383.901 24004
383.914 24341
383.928 24390
383.941 24533
383.955 23857
383.968 23786
383.982 23572
383.995 23516
384.009 23336
384.022 23462
384.036 23360
384.049 23403
384.063 23150
384.076 23656
384.090 23598
384.103 23809
384.117 24020
384.130 23519
384.144 22655
384.157 22341
384.171 21954
384.184 22056
384.198 21856
384.211 21539
384.225 21474
384.238 21462
384.252 21487
384.265 21362
384.279 20937
384.292 20677
384.306 20629
384.319 20048
384.333 19623
384.346 19242
384.360 19047
384.373 18523
384.387 18255
384.400 17749
384.414 17799
384.427 17234
384.441 16911
384.454 16498
384.468 15927
384.481 15826
384.495 15387
384.508 15139
384.522 14542
384.535 14021
384.549 13876
384.562 13546
384.575 13070
384.589 12955
384.602 12783
384.616 12658
384.629 12288
384.643 11815
384.656 11427
384.670 10900
384.683 10731
384.697 10237
384.710 9937
384.724 9621
384.737 9344
384.751 9067
384.764 8792
384.778 8582
384.791 8474
384.805 8229
384.818 7910
384.832 7688
384.845 7468
384.859 7249
384.872 7055
384.885 6754
384.899 6569
384.912 6332
384.926 6243
384.939 6075
384.953 5905
384.966 5804
384.980 5724
384.993 5613
385.007 5465
385.020 5420
385.034 5179
385.047 5190
385.061 5010
385.074 4988
385.088 4867
385.101 4786
385.114 4770
385.128 4654
385.141 4632
385.155 4560
385.168 4538
385.182 4530
385.195 4468
385.209 4316
385.222 4331
385.236 4239
385.249 4133
385.263 4155
385.276 3992
385.290 3900
385.303 3858
385.316 3899
385.330 3783
385.343 3763
385.357 3697
385.370 3598
385.384 3571
385.397 3526
385.411 3549
385.424 3487
385.438 3473
385.451 3418
385.464 3455
385.478 3326
385.491 3407
385.505 3284
385.518 3405
385.532 3294
385.545 3253
385.559 3183
385.572 3156
385.586 3139
385.599 3158
385.612 3113
385.626 3117
385.639 3056
385.653 3074
385.666 3113
385.680 3026
385.693 3026
385.707 3036
385.720 2972
385.734 2909
385.747 2903
385.760 2867
385.774 2931
385.787 2912
385.801 2768
385.814 2729
385.828 2678
385.841 2684
385.855 2622
385.868 2706
385.881 2652
385.895 2637
385.908 2622
385.922 2628
385.935 2532
385.949 2526
385.962 2528
385.976 2529
385.989 2541
386.002 2609
386.016 2556
386.029 2491
386.043 2497
386.056 2468
386.070 2416
386.083 2415
386.097 2374
386.110 2362
386.123 2405
386.137 2382
386.150 2387
386.164 2335
386.177 2368
386.191 2359
386.204 2353
386.217 2297
386.231 2267
386.244 2251
386.258 2336
386.271 2282
386.285 2281
386.298 2230
386.311 2261
386.325 2241
386.338 2192
386.352 2169
386.365 2158
386.379 2208
386.392 2111
386.405 2098
386.419 2096
386.432 2102
386.446 2131
386.459 2156
386.473 2108
386.486 2107
386.499 2030
386.513 2025
386.526 1945
386.540 2025
386.553 2013
386.567 2036
386.580 2022
386.593 2037
386.607 2057
386.620 2058
386.634 2034
386.647 1993
386.661 1988
386.674 2013
386.687 1976
386.701 1947
386.714 1952
386.728 1906
386.741 1909
386.754 1925
386.768 1870
386.781 1907
386.795 1860
386.808 1860
386.822 1851
386.835 1837
386.848 1828
386.862 1831
386.875 1801
386.889 1774
386.902 1786
386.915 1774
386.929 1754
386.942 1746
386.956 1772
386.969 1714
386.983 1724
386.996 1713
387.009 1676
387.023 1704
387.036 1696
387.050 1729
387.063 1694
387.076 1705
387.090 1667
387.103 1663
387.117 1686
387.130 1641
387.143 1678
387.157 1663
387.170 1684
387.184 1657
387.197 1610
387.210 1647
387.224 1604
387.237 1571
387.251 1607
387.264 1534
387.278 1580
387.291 1567
387.304 1595
387.318 1584
387.331 1526
387.345 1554
387.358 1514
387.371 1513
387.385 1518
387.398 1514
387.412 1520
387.425 1506
387.438 1427
387.452 1425
387.465 1455
387.478 1424
387.492 1473
387.505 1427
387.519 1409
387.532 1462
387.545 1408
387.559 1472
387.572 1442
387.586 1439
387.599 1426
387.612 1418
387.626 1385
387.639 1410
387.653 1418
387.666 1349
387.679 1299
387.693 1374
387.706 1347
387.720 1336
387.733 1325
387.746 1357
387.760 1326
387.773 1371
387.787 1315
387.800 1327
387.813 1320
387.827 1311
387.840 1276
387.853 1266
387.867 1262
387.880 1299
387.894 1309
387.907 1319
387.920 1280
387.934 1234
387.947 1283
387.961 1256
387.974 1242
387.987 1237
388.001 1249
388.014 1257
388.027 1258
388.041 1256
388.054 1232
388.068 1212
388.081 1207
388.094 1211
388.108 1192
388.121 1211
388.134 1203
388.148 1186
388.161 1198
388.175 1138
388.188 1174
388.201 1169
388.215 1159
388.228 1150
388.241 1120
388.255 1151
388.268 1191
388.282 1185
388.295 1159
388.308 1143
388.322 1132
388.335 1160
388.348 1113
388.362 1127
388.375 1141
388.389 1138
388.402 1152
388.415 1117
388.429 1147
388.442 1189
388.455 1151
388.469 1135
388.482 1141
388.495 1168
388.509 1148
388.522 1138
388.536 1120
388.549 1116
388.562 1144
388.576 1127
388.589 1117
388.602 1125
388.616 1103
388.629 1074
388.642 1111
388.656 1112
388.669 1085
388.683 1130
388.696 1111
388.709 1065
388.723 1101
388.736 1136
388.749 1082
388.763 1083
388.776 1090
388.789 1121
388.803 1098
388.816 1110
388.829 1075
388.843 1106
388.856 1064
388.870 1086
388.883 1081
388.896 1105
388.910 1086
388.923 1092
388.936 1090
388.950 1091
388.963 1080
388.976 1065
388.990 1057
389.003 1077
389.016 1075
389.030 1077
389.043 1088
389.056 1093
389.070 1096
389.083 1074
389.097 1079
389.110 1048
389.123 1021
389.137 1083
389.150 1054
389.163 1076
389.177 1052
389.190 1033
389.203 1055
389.217 1068
389.230 1040
389.243 1029
389.257 1026
389.270 1041
389.283 1025
389.297 1046
389.310 1044
389.323 1037
389.337 1048
389.350 1043
389.363 1052
389.377 1031
389.390 1024
389.403 1020
389.417 1023
389.430 1033
389.443 1019
389.457 1017
389.470 1012
389.483 1050
389.497 1054
389.510 1011
389.523 1033
389.537 1037
389.550 1002
389.563 1011
389.577 985
389.590 993
389.603 1025
389.617 985
389.630 1005
389.643 1011
389.657 991
389.670 993
389.683 1002
389.697 985
389.710 984
389.723 994
389.737 1001
389.750 982
389.763 1008
389.777 985
389.790 981
389.803 978
389.817 972
389.830 1003
389.843 974
389.857 948
389.870 944
389.883 936
389.897 950
389.910 966
389.923 949
389.937 938
389.950 934
389.963 948
389.977 939
389.990 956
390.003 956
390.017 955
390.030 949
390.043 932
390.057 902
390.070 930
390.083 938
390.096 910
390.110 908
390.123 914
390.136 914
390.150 917
390.163 901
390.176 898
390.190 905
390.203 901
390.216 909
390.230 888
390.243 889
390.256 906
390.270 869
390.283 902
390.296 864
390.310 883
390.323 876
390.336 876
390.349 855
390.363 853
390.376 849
390.389 889
390.403 861
390.416 853
390.429 860
390.443 840
390.456 851
390.469 842
390.483 837
390.496 833
390.509 840
390.522 838
390.536 836
390.549 844
390.562 830
390.576 836
390.589 819
390.602 829
390.616 804
390.629 822
390.642 802
390.655 801
390.669 796
390.682 814
390.695 789
390.709 808
390.722 802
390.735 817
390.749 792
390.762 800
390.775 784
390.788 780
390.802 779
390.815 788
390.828 780
390.842 795
390.855 773
390.868 753
390.882 778
390.895 772
390.908 757
390.921 772
390.935 773
390.948 778
390.961 750
390.975 746
390.988 784
391.001 757
391.014 758
391.028 770
391.041 748
391.054 751
391.068 755
391.081 756
391.094 757
391.107 756
391.121 751
391.134 738
391.147 756
391.161 742
391.174 748
391.187 752
391.200 749
391.214 737
391.227 751
391.240 734
391.254 739
391.267 736
391.280 741
391.293 737
391.307 728
391.320 729
391.333 742
391.347 722
391.360 720
391.373 728
391.386 725
391.400 729
391.413 722
391.426 719
391.440 731
391.453 726
391.466 740
391.479 720
391.493 736
391.506 737
391.519 728
391.532 716
391.546 721
391.559 728
391.572 724
391.586 708
391.599 706
391.612 731
391.625 718
391.639 713
391.652 718
391.665 716
391.678 720
391.692 700
391.705 712
391.718 706
391.732 705
391.745 723
391.758 718
391.771 707
391.785 713
391.798 715
391.811 706
391.824 708
391.838 709
391.851 711
391.864 695
391.877 713
391.891 716
391.904 698
391.917 708
391.931 708
391.944 700
391.957 708
391.970 705
391.984 703
391.997 697
392.010 691
392.023 701
392.037 705
392.050 711
392.063 693
392.076 698
392.090 713
392.103 705
392.116 712
392.129 704
392.143 700
392.156 685
392.169 700
392.182 705
392.196 699
392.209 698
392.222 706
392.235 716
392.249 677
392.262 703
392.275 690
392.288 700
392.302 694
392.315 689
392.328 702
392.341 712
392.355 689
392.368 698
392.381 682
392.394 695
392.408 704
392.421 681
392.434 680
392.447 703
392.461 689
392.474 706
392.487 699
392.500 689
392.514 692
392.527 707
392.540 685
392.553 701
392.567 693
392.580 693
392.593 696
392.606 703
392.620 695
392.633 685
392.646 683
392.659 679
392.673 689
392.686 691
392.699 697
392.712 687
392.726 679
392.739 694
392.752 686
392.765 679
392.778 677
392.792 695
392.805 683
392.818 694
392.831 681
392.845 690
392.858 692
392.871 690
392.884 682
392.898 685
392.911 684
392.924 693
392.937 686
392.951 686
392.964 697
392.977 685
392.990 690
393.003 688
393.017 683
393.030 683
393.043 683
393.056 679
393.070 673
393.083 680
393.096 680
393.109 685
393.122 679
393.136 692
393.149 676
393.162 681
393.175 690
393.189 671
393.202 684
393.215 681
393.228 671
393.242 676
393.255 685
393.268 668
393.281 678
393.294 686
393.308 676
393.321 674
393.334 680
393.347 674
393.360 664
393.374 675
393.387 676
393.400 670
393.413 680
393.427 672
393.440 677
393.453 658
393.466 679
393.479 681
393.493 686
393.506 685
393.519 672
393.532 685
393.546 678
393.559 678
393.572 680
393.585 684
393.598 675
393.612 670
393.625 672
393.638 672
393.651 676
393.664 676
393.678 674
393.691 675
393.704 671
393.717 681
393.730 676
393.744 667
393.757 679
393.770 674
393.783 670
393.796 666
393.810 676
393.823 666
393.836 663
393.849 681
393.863 674
393.876 674
393.889 666
393.902 671
393.915 674
393.929 672
