375.891 967
375.905 978
375.919 983
375.933 970
375.946 1010
375.960 992
375.974 1028
375.987 997
376.001 1017
376.015 1014
376.029 995
376.042 1034
376.056 1038
376.070 1025
376.084 1056
376.097 1038
376.111 1035
376.125 1048
376.139 1051
376.152 1067
376.166 1052
376.180 1088
376.193 1078
376.207 1077
376.221 1094
376.235 1083
376.248 1077
376.262 1099
376.276 1119
376.290 1136
376.303 1160
376.317 1072
376.331 1112
376.345 1136
376.358 1143
376.372 1129
376.386 1126
376.399 1147
376.413 1190
376.427 1158
376.441 1162
376.454 1140
376.468 1187
376.482 1148
376.495 1172
376.509 1176
376.523 1234
376.537 1229
376.550 1255
376.564 1242
376.578 1251
376.592 1207
376.605 1250
376.619 1260
376.633 1252
376.646 1250
376.660 1264
376.674 1227
376.688 1225
376.701 1257
376.715 1266
376.729 1264
376.742 1287
376.756 1305
376.770 1305
376.784 1283
376.797 1337
376.811 1305
376.825 1308
376.838 1383
376.852 1402
376.866 1345
376.880 1372
376.893 1361
376.907 1328
376.921 1395
376.934 1367
376.948 1390
376.962 1405
376.976 1357
376.989 1386
377.003 1384
377.017 1436
377.030 1456
377.044 1459
377.058 1511
377.071 1500
377.085 1438
377.099 1442
377.113 1464
377.126 1464
377.140 1478
377.154 1509
377.167 1496
377.181 1533
377.195 1484
377.208 1515
377.222 1543
377.236 1495
377.250 1534
377.263 1533
377.277 1574
377.291 1593
377.304 1562
377.318 1628
377.332 1613
377.345 1601
377.359 1633
377.373 1629
377.387 1607
377.400 1595
377.414 1613
377.428 1587
377.441 1609
377.455 1580
377.469 1640
377.482 1674
377.496 1685
377.510 1689
377.524 1694
377.537 1714
377.551 1700
377.565 1684
377.578 1712
377.592 1714
377.606 1677
377.619 1686
377.633 1675
377.647 1683
377.660 1802
377.674 1711
377.688 1723
377.701 1772
377.715 1723
377.729 1763
377.743 1768
377.756 1763
377.770 1785
377.784 1764
377.797 1818
377.811 1788
377.825 1814
377.838 1786
377.852 1754
377.866 1817
377.879 1839
377.893 1823
377.907 1851
377.920 1835
377.934 1845
377.948 1794
377.961 1856
377.975 1854
377.989 1793
378.002 1839
378.016 1816
378.030 1809
378.044 1884
378.057 1824
378.071 1842
378.085 1870
378.098 1865
378.112 1838
378.126 1852
378.139 1892
378.153 1892
378.167 1884
378.180 1907
378.194 1891
378.208 1895
378.221 1863
378.235 1866
378.249 1893
378.262 1908
378.276 1920
378.290 1892
378.303 1933
378.317 1934
378.331 1917
378.344 1908
378.358 1965
378.372 1973
378.385 1923
378.399 1919
378.413 1983
378.426 1956
378.440 2012
378.454 1986
378.467 1981
378.481 2020
378.495 1955
378.508 1964
378.522 2018
378.536 1950
378.549 2007
378.563 1970
378.577 2031
378.590 2026
378.604 2006
378.618 2046
378.631 2049
378.645 2083
378.659 2025
378.672 2120
378.686 2096
378.700 2115
378.713 2143
378.727 2179
378.740 2161
378.754 2140
378.768 2196
378.781 2190
378.795 2214
378.809 2157
378.822 2239
378.836 2256
378.850 2141
378.863 2152
378.877 2181
378.891 2165
378.904 2169
378.918 2220
378.932 2198
378.945 2230
378.959 2174
378.973 2204
378.986 2253
379.000 2240
379.014 2265
379.027 2256
379.041 2251
379.054 2283
379.068 2258
379.082 2228
379.095 2267
379.109 2259
379.123 2292
379.136 2323
379.150 2329
379.164 2337
379.177 2361
379.191 2415
379.205 2370
379.218 2397
379.232 2353
379.245 2425
379.259 2393
379.273 2411
379.286 2364
379.300 2480
379.314 2449
379.327 2454
379.341 2538
379.355 2503
379.368 2476
379.382 2548
379.396 2497
379.409 2523
379.423 2549
379.436 2578
379.450 2602
379.464 2619
379.477 2602
379.491 2601
379.505 2670
379.518 2677
379.532 2720
379.546 2728
379.559 2786
379.573 2800
379.586 2789
379.600 2805
379.614 2789
379.627 2937
379.641 2900
379.655 2916
379.668 2909
379.682 2925
379.695 2912
379.709 3045
379.723 3071
379.736 3177
379.750 3218
379.764 3295
379.777 3305
379.791 3294
379.804 3321
379.818 3364
379.832 3345
379.845 3237
379.859 3319
379.873 3283
379.886 3363
379.900 3409
379.913 3462
379.927 3510
379.941 3613
379.954 3640
379.968 3693
379.982 3682
379.995 3708
380.009 3765
380.022 3730
380.036 3740
380.050 3837
380.063 3944
380.077 4035
380.090 4159
380.104 4275
380.118 4255
380.131 4313
380.145 4327
380.159 4327
380.172 4405
380.186 4434
380.199 4532
380.213 4632
380.227 4728
380.240 4730
380.254 4661
380.267 4664
380.281 4659
380.295 4837
380.308 4798
380.322 4874
380.336 4900
380.349 5032
380.363 5074
380.376 5171
380.390 5237
380.404 5317
380.417 5314
380.431 5407
380.444 5406
380.458 5470
380.472 5548
380.485 5533
380.499 5654
380.512 5743
380.526 5959
380.540 5981
380.553 6008
380.567 6039
380.580 6110
380.594 6197
380.608 6362
380.621 6600
380.635 6674
380.648 6643
380.662 6773
380.676 6760
380.689 6988
380.703 7127
380.716 7008
380.730 7033
380.744 7244
380.757 7407
380.771 7450
380.784 7537
380.798 7650
380.812 7610
380.825 7743
380.839 7844
380.852 8017
380.866 8254
380.880 8318
380.893 8231
380.907 8111
380.920 8254
380.934 8254
380.948 8485
380.961 8519
380.975 8698
380.988 8679
381.002 8660
381.015 8610
381.029 8829
381.043 9037
381.056 9109
381.070 9062
381.083 9085
381.097 9223
381.111 9362
381.124 9443
381.138 9556
381.151 9547
381.165 9552
381.179 9769
381.192 9690
381.206 9663
381.219 9627
381.233 9651
381.246 9674
381.260 9809
381.274 9909
381.287 10002
381.301 10098
381.314 10206
381.328 10171
381.341 10114
381.355 10201
381.369 10217
381.382 10201
381.396 10430
381.409 10500
381.423 10470
381.437 10638
381.450 10704
381.464 10608
381.477 10883
381.491 10926
381.504 10847
381.518 10940
381.532 10832
381.545 11131
381.559 11450
381.572 11335
381.586 11250
381.599 11413
381.613 11472
381.627 11317
381.640 11385
381.654 11484
381.667 11577
381.681 11536
381.694 11428
381.708 11319
381.722 11119
381.735 11184
381.749 11258
381.762 11382
381.776 11294
381.789 11264
381.803 11156
381.817 11235
381.830 11332
381.844 11407
381.857 11444
381.871 11570
381.884 11523
381.898 11483
381.911 11398
381.925 11442
381.939 11515
381.952 11592
381.966 11641
381.979 11692
381.993 11704
382.006 11832
382.020 11949
382.034 11866
382.047 11799
382.061 11738
382.074 11716
382.088 11525
382.101 11584
382.115 11721
382.128 11620
382.142 11862
382.156 12218
382.169 12403
382.183 12460
382.196 12174
382.210 12036
382.223 12123
382.237 12112
382.250 12101
382.264 12078
382.278 12021
382.291 12374
382.305 12229
382.318 12501
382.332 12473
382.345 12096
382.359 12038
382.372 11900
382.386 12021
382.399 11886
382.413 11970
382.427 11995
382.440 11921
382.454 11954
382.467 12223
382.481 12158
382.494 12487
382.508 12490
382.521 12577
382.535 12356
382.548 12359
382.562 12389
382.576 12344
382.589 12259
382.603 12387
382.616 12380
382.630 12452
382.643 12584
382.657 12544
382.670 12500
382.684 12372
382.697 12326
382.711 12290
382.724 12491
382.738 12402
382.752 12434
382.765 12403
382.779 12454
382.792 12400
382.806 12426
382.819 12548
382.833 12572
382.846 12524
382.860 12453
382.873 12514
382.887 12576
382.900 12612
382.914 12765
382.928 12785
382.941 12740
382.955 12781
382.968 12879
382.982 12967
382.995 12871
383.009 12792
383.022 12930
383.036 12737
383.049 12911
383.063 12933
383.076 12865
383.090 12918
383.103 12827
383.117 12778
383.130 12712
383.144 12846
383.158 12825
383.171 12849
383.185 12711
383.198 12766
383.212 13095
383.225 13053
383.239 13287
383.252 13201
383.266 13014
383.279 13137
383.293 13120
383.306 13077
383.320 13238
383.333 13530
383.347 13468
383.360 13252
383.374 13062
383.387 13143
383.401 13169
383.414 13234
383.428 12962
383.441 12971
383.455 12965
383.468 12877
383.482 12844
383.496 13140
383.509 13037
383.523 12912
383.536 12764
383.550 12757
383.563 12648
383.577 12758
383.590 12864
383.604 12770
383.617 12657
383.631 12534
383.644 12503
383.658 12342
383.671 12386
383.685 12089
383.698 12418
383.712 12224
383.725 12202
383.739 12111
383.752 12160
383.766 11983
383.779 11815
383.793 11909
383.806 11738
383.820 11961
383.833 11687
383.847 11847
383.860 11782
383.874 11860
383.887 11408
383.901 11294
383.914 11249
383.928 11333
383.941 11218
383.955 11043
383.968 10917
383.982 10800
383.995 10816
384.009 10753
384.022 10643
384.036 10628
384.049 10477
384.063 10406
384.076 10618
384.090 10624
384.103 10620
384.117 10567
384.130 10309
384.144 10222
384.157 10103
384.171 9800
384.184 9734
384.198 9439
384.211 9451
384.225 9478
384.238 9377
384.252 9523
384.265 9401
384.279 9181
384.292 9111
384.306 8925
384.319 8920
384.333 8581
384.346 8403
384.360 8374
384.373 8222
384.387 8206
384.400 7973
384.414 7830
384.427 7797
384.441 7597
384.454 7376
384.468 7336
384.481 7112
384.495 7064
384.508 6833
384.522 6736
384.535 6571
384.549 6467
384.562 6431
384.575 6131
384.589 6065
384.602 5934
384.616 5932
384.629 5858
384.643 5592
384.656 5520
384.670 5310
384.683 5161
384.697 5066
384.710 5008
384.724 4834
384.737 4675
384.751 4587
384.764 4505
384.778 4455
384.791 4283
384.805 4206
384.818 4205
384.832 3990
384.845 3971
384.859 3868
384.872 3810
384.885 3710
384.899 3578
384.912 3490
384.926 3463
384.939 3372
384.953 3321
384.966 3353
384.980 3231
384.993 3253
385.007 3131
385.020 3186
385.034 3025
385.047 2983
385.061 2947
385.074 2861
385.088 2919
385.101 2870
385.114 2730
385.128 2760
385.141 2709
385.155 2652
385.168 2738
385.182 2678
385.195 2695
385.209 2657
385.222 2583
385.236 2609
385.249 2533
385.263 2445
385.276 2516
385.290 2500
385.303 2372
385.316 2341
385.330 2367
385.343 2328
385.357 2359
385.370 2251
385.384 2268
385.397 2198
385.411 2222
385.424 2176
385.438 2176
385.451 2148
385.464 2155
385.478 2146
385.491 2115
385.505 2114
385.518 2147
385.532 2145
385.545 2054
385.559 1995
385.572 2044
385.586 2013
385.599 2029
385.612 2066
385.626 2003
385.639 1984
385.653 2018
385.666 1974
385.680 1965
385.693 1971
385.707 1975
385.720 1951
385.734 1922
385.747 1898
385.760 1870
385.774 1907
385.787 1834
385.801 1849
385.814 1815
385.828 1815
385.841 1788
385.855 1780
385.868 1777
385.881 1777
385.895 1757
385.908 1735
385.922 1701
385.935 1713
385.949 1718
385.962 1689
385.976 1657
385.989 1701
386.002 1693
386.016 1750
386.029 1694
386.043 1669
386.056 1647
386.070 1662
386.083 1634
386.097 1653
386.110 1659
386.123 1645
386.137 1625
386.150 1596
386.164 1598
386.177 1550
386.191 1577
386.204 1550
386.217 1573
386.231 1540
386.244 1553
386.258 1529
386.271 1582
386.285 1543
386.298 1558
386.311 1538
386.325 1522
386.338 1524
386.352 1498
386.365 1527
386.379 1480
386.392 1467
386.405 1511
386.419 1484
386.432 1482
386.446 1460
386.459 1504
386.473 1478
386.486 1452
386.499 1437
386.513 1445
386.526 1433
386.540 1413
386.553 1418
386.567 1426
386.580 1419
386.593 1427
386.607 1428
386.620 1453
386.634 1461
386.647 1460
386.661 1388
386.674 1408
386.687 1390
386.701 1401
386.714 1361
386.728 1384
386.741 1377
386.754 1338
386.768 1353
386.781 1337
386.795 1354
386.808 1324
386.822 1320
386.835 1295
386.848 1293
386.862 1306
386.875 1314
386.889 1253
386.902 1330
386.915 1295
386.929 1263
386.942 1268
386.956 1278
386.969 1263
386.983 1235
386.996 1260
387.009 1247
387.023 1248
387.036 1268
387.050 1274
387.063 1236
387.076 1234
387.090 1244
387.103 1204
387.117 1234
387.130 1229
387.143 1221
387.157 1252
387.170 1223
387.184 1234
387.197 1192
387.210 1192
387.224 1198
387.237 1202
387.251 1206
387.264 1199
387.278 1170
387.291 1186
387.304 1191
387.318 1163
387.331 1172
387.345 1168
387.358 1154
387.371 1172
387.385 1178
387.398 1139
387.412 1161
387.425 1151
387.438 1145
387.452 1142
387.465 1134
387.478 1116
387.492 1101
387.505 1134
387.519 1116
387.532 1142
387.545 1110
387.559 1128
387.572 1144
387.586 1106
387.599 1112
387.612 1141
387.626 1132
387.639 1106
387.653 1122
387.666 1046
387.679 1060
387.693 1091
387.706 1058
387.720 1048
387.733 1077
387.746 1087
387.760 1087
387.773 1042
387.787 1087
387.800 1083
387.813 1086
387.827 1047
387.840 1063
387.853 1058
387.867 1048
387.880 1084
387.894 1062
387.907 1063
387.920 1015
387.934 1042
387.947 1047
387.961 1059
387.974 1013
387.987 1022
388.001 1036
388.014 1008
388.027 1006
388.041 1005
388.054 1001
388.068 1033
388.081 1022
388.094 1030
388.108 1016
388.121 1012
388.134 1008
388.148 1005
388.161 979
388.175 988
388.188 965
388.201 951
388.215 966
388.228 979
388.241 961
388.255 955
388.268 984
388.282 954
388.295 967
388.308 955
388.322 962
388.335 942
388.348 978
388.362 953
388.375 956
388.389 947
388.402 969
388.415 955
388.429 945
388.442 954
388.455 983
388.469 961
388.482 955
388.495 931
388.509 955
388.522 948
388.536 956
388.549 950
388.562 933
388.576 918
388.589 946
388.602 951
388.616 941
388.629 922
388.642 954
388.656 943
388.669 901
388.683 923
388.696 952
388.709 932
388.723 928
388.736 943
388.749 914
388.763 918
388.776 896
388.789 926
388.803 919
388.816 902
388.829 916
388.843 920
388.856 889
388.870 932
388.883 876
388.896 924
388.910 891
388.923 910
388.936 886
388.950 928
388.963 914
388.976 891
388.990 900
389.003 904
389.016 898
389.030 906
389.043 920
389.056 884
389.070 903
389.083 891
389.097 869
389.110 867
389.123 897
389.137 864
389.150 905
389.163 878
389.177 872
389.190 914
389.203 883
389.217 882
389.230 860
389.243 864
389.257 885
389.270 857
389.283 876
389.297 885
389.310 852
389.323 870
389.337 866
389.350 883
389.363 850
389.377 861
389.390 876
389.403 868
389.417 860
389.430 856
389.443 849
389.457 853
389.470 852
389.483 866
389.497 853
389.510 850
389.523 876
389.537 851
389.550 866
389.563 849
389.577 837
389.590 844
389.603 841
389.617 843
389.630 831
389.643 840
389.657 826
389.670 843
389.683 828
389.697 840
389.710 834
389.723 837
389.737 839
389.750 861
389.763 828
389.777 842
389.790 816
389.803 813
389.817 816
389.830 817
389.843 814
389.857 802
389.870 812
389.883 814
389.897 809
389.910 818
389.923 827
389.937 800
389.950 802
389.963 797
389.977 801
389.990 816
390.003 776
390.017 798
390.030 787
390.043 801
390.057 789
390.070 779
390.083 801
390.096 782
390.110 794
390.123 804
390.136 786
390.150 781
390.163 783
390.176 755
390.190 771
390.203 781
390.216 781
390.230 774
390.243 781
390.256 765
390.270 763
390.283 778
390.296 764
390.310 764
390.323 766
390.336 768
390.349 765
390.363 745
390.376 764
390.389 764
390.403 756
390.416 765
390.429 748
390.443 748
390.456 756
390.469 753
390.483 742
390.496 731
390.509 735
390.522 756
390.536 728
390.549 754
390.562 735
390.576 736
390.589 734
390.602 750
390.616 734
390.629 744
390.642 725
390.655 718
390.669 727
390.682 747
390.695 736
390.709 712
390.722 732
390.735 728
390.749 724
390.762 726
390.775 709
390.788 714
390.802 734
390.815 726
390.828 704
390.842 712
390.855 723
390.868 697
390.882 706
390.895 714
390.908 704
390.921 715
390.935 704
390.948 714
390.961 702
390.975 692
390.988 702
391.001 713
391.014 708
391.028 715
391.041 697
391.054 697
391.068 713
391.081 713
391.094 709
391.107 700
391.121 693
391.134 694
391.147 680
391.161 699
391.174 689
391.187 697
391.200 704
391.214 686
391.227 704
391.240 706
391.254 701
391.267 701
391.280 682
391.293 692
391.307 691
391.320 684
391.333 698
391.347 679
391.360 693
391.373 705
391.386 686
391.400 687
391.413 677
391.426 703
391.440 683
391.453 700
391.466 690
391.479 696
391.493 687
391.506 687
391.519 679
391.532 682
391.546 678
391.559 671
391.572 684
391.586 690
391.599 676
391.612 689
391.625 680
391.639 674
391.652 711
391.665 691
391.678 674
391.692 679
391.705 675
391.718 683
391.732 684
391.745 693
391.758 686
391.771 681
391.785 687
391.798 672
391.811 692
391.824 677
391.838 693
391.851 669
391.864 671
391.877 672
391.891 669
391.904 678
391.917 678
391.931 693
391.944 669
391.957 673
391.970 681
391.984 674
391.997 680
392.010 676
392.023 677
392.037 672
392.050 689
392.063 670
392.076 675
392.090 657
392.103 682
392.116 660
392.129 679
392.143 682
392.156 653
392.169 674
392.182 672
392.196 664
392.209 682
392.222 672
392.235 666
392.249 669
392.262 667
392.275 676
392.288 659
392.302 670
392.315 679
392.328 658
392.341 661
392.355 666
392.368 667
392.381 672
392.394 668
392.408 673
392.421 664
392.434 669
392.447 659
392.461 661
392.474 672
392.487 671
392.500 670
392.514 662
392.527 659
392.540 652
392.553 680
392.567 674
392.580 668
392.593 669
392.606 670
392.620 661
392.633 658
392.646 664
392.659 672
392.673 672
392.686 665
392.699 678
392.712 661
392.726 670
392.739 657
392.752 654
392.765 672
392.778 675
392.792 654
392.805 653
392.818 666
392.831 668
392.845 665
392.858 656
392.871 679
392.884 663
392.898 661
392.911 658
392.924 651
392.937 660
392.951 662
392.964 648
392.977 662
392.990 664
393.003 653
393.017 663
393.030 664
393.043 666
393.056 652
393.070 664
393.083 662
393.096 654
393.109 663
393.122 658
393.136 668
393.149 658
393.162 655
393.175 662
393.189 649
393.202 652
393.215 659
393.228 651
393.242 664
393.255 665
393.268 668
393.281 647
393.294 659
393.308 662
393.321 662
393.334 662
393.347 660
393.360 654
393.374 654
393.387 668
393.400 658
393.413 659
393.427 667
393.440 655
393.453 661
393.466 648
393.479 661
393.493 656
393.506 650
393.519 664
393.532 659
393.546 661
393.559 658
393.572 644
393.585 651
393.598 660
393.612 642
393.625 655
393.638 654
393.651 646
393.664 650
393.678 649
393.691 658
393.704 654
393.717 651
393.730 665
393.744 665
393.757 661
393.770 655
393.783 638
393.796 655
393.810 643
393.823 645
393.836 646
393.849 652
393.863 654
393.876 662
393.889 657
393.902 649
393.915 652
393.929 650
