375.891 840
375.905 848
375.919 857
375.933 842
375.946 859
375.960 842
375.974 862
375.987 838
376.001 865
376.015 837
376.029 872
376.042 869
376.056 868
376.070 878
376.084 880
376.097 894
376.111 898
376.125 878
376.139 904
376.152 889
376.166 908
376.180 914
376.193 909
376.207 926
376.221 932
376.235 934
376.248 929
376.262 919
376.276 943
376.290 949
376.303 932
376.317 923
376.331 944
376.345 929
376.358 958
376.372 949
376.386 972
376.399 962
376.413 980
376.427 995
376.441 980
376.454 945
376.468 970
376.482 985
376.495 989
376.509 994
376.523 1006
376.537 1013
376.550 1029
376.564 1040
376.578 1000
376.592 1007
376.605 1013
376.619 1029
376.633 1029
376.646 1035
376.660 1044
376.674 1036
376.688 1041
376.701 1051
376.715 1044
376.729 1062
376.742 1065
376.756 1084
376.770 1070
376.784 1075
376.797 1109
376.811 1098
376.825 1102
376.838 1127
376.852 1119
376.866 1122
376.880 1152
376.893 1147
376.907 1126
376.921 1116
376.934 1124
376.948 1143
376.962 1184
376.976 1175
376.989 1155
377.003 1172
377.017 1212
377.030 1184
377.044 1209
377.058 1204
377.071 1239
377.085 1235
377.099 1215
377.113 1218
377.126 1233
377.140 1228
377.154 1246
377.167 1219
377.181 1249
377.195 1284
377.208 1281
377.222 1271
377.236 1257
377.250 1269
377.263 1279
377.277 1293
377.291 1308
377.304 1305
377.318 1303
377.332 1374
377.345 1362
377.359 1316
377.373 1329
377.387 1338
377.400 1354
377.414 1347
377.428 1370
377.441 1326
377.455 1389
377.469 1387
377.482 1359
377.496 1406
377.510 1367
377.524 1398
377.537 1464
377.551 1391
377.565 1426
377.578 1431
377.592 1403
377.606 1426
377.619 1423
377.633 1439
377.647 1414
377.660 1449
377.674 1423
377.688 1413
377.701 1428
377.715 1466
377.729 1458
377.743 1492
377.756 1491
377.770 1488
377.784 1425
377.797 1503
377.811 1488
377.825 1521
377.838 1485
377.852 1495
377.866 1511
377.879 1561
377.893 1551
377.907 1549
377.920 1543
377.934 1528
377.948 1546
377.961 1531
377.975 1532
377.989 1519
378.002 1589
378.016 1526
378.030 1574
378.044 1569
378.057 1562
378.071 1523
378.085 1576
378.098 1547
378.112 1572
378.126 1546
378.139 1540
378.153 1593
378.167 1587
378.180 1547
378.194 1587
378.208 1594
378.221 1557
378.235 1591
378.249 1617
378.262 1609
378.276 1577
378.290 1594
378.303 1623
378.317 1622
378.331 1613
378.344 1583
378.358 1605
378.372 1623
378.385 1624
378.399 1620
378.413 1664
378.426 1666
378.440 1646
378.454 1659
378.467 1701
378.481 1641
378.495 1681
378.508 1660
378.522 1632
378.536 1719
378.549 1711
378.563 1690
378.577 1677
378.590 1719
378.604 1691
378.618 1690
378.631 1728
378.645 1732
378.659 1714
378.672 1734
378.686 1727
378.700 1760
378.713 1793
378.727 1778
378.740 1804
378.754 1786
378.768 1761
378.781 1845
378.795 1760
378.809 1776
378.822 1863
378.836 1790
378.850 1809
378.863 1789
378.877 1819
378.891 1848
378.904 1848
378.918 1862
378.932 1860
378.945 1857
378.959 1830
378.973 1826
378.986 1851
379.000 1857
379.014 1856
379.027 1852
379.041 1869
379.054 1874
379.068 1857
379.082 1876
379.095 1843
379.109 1902
379.123 1890
379.136 1906
379.150 1932
379.164 1956
379.177 1949
379.191 1922
379.205 1933
379.218 1962
379.232 1964
379.245 1985
379.259 2000
379.273 1992
379.286 1986
379.300 2053
379.314 2015
379.327 2066
379.341 2075
379.355 2034
379.368 2110
379.382 2085
379.396 2142
379.409 2129
379.423 2132
379.436 2156
379.450 2154
379.464 2180
379.477 2174
379.491 2242
379.505 2230
379.518 2177
379.532 2286
379.546 2236
379.559 2299
379.573 2298
379.586 2257
379.600 2280
379.614 2388
379.627 2293
379.641 2378
379.655 2452
379.668 2394
379.682 2399
379.695 2472
379.709 2456
379.723 2511
379.736 2521
379.750 2605
379.764 2606
379.777 2646
379.791 2722
379.804 2760
379.818 2703
379.832 2720
379.845 2682
379.859 2726
379.873 2771
379.886 2750
379.900 2842
379.913 2914
379.927 2872
379.941 2920
379.954 3063
379.968 3063
379.982 2990
379.995 3065
380.009 3037
380.022 3137
380.036 3135
380.050 3131
380.063 3232
380.077 3402
380.090 3456
380.104 3454
380.118 3418
380.131 3503
380.145 3552
380.159 3593
380.172 3675
380.186 3736
380.199 3813
380.213 3829
380.227 3931
380.240 3929
380.254 3889
380.267 3888
380.281 3942
380.295 4061
380.308 4085
380.322 4093
380.336 4189
380.349 4231
380.363 4312
380.376 4412
380.390 4378
380.404 4502
380.417 4555
380.431 4640
380.444 4656
380.458 4768
380.472 4758
380.485 4857
380.499 4858
380.512 5002
380.526 5004
380.540 5073
380.553 5024
380.567 5091
380.580 5210
380.594 5358
380.608 5434
380.621 5501
380.635 5653
380.648 5704
380.662 5764
380.676 5776
380.689 5879
380.703 5922
380.716 5980
380.730 6174
380.744 6133
380.757 6351
380.771 6502
380.784 6635
380.798 6506
380.812 6633
380.825 6660
380.839 6848
380.852 7024
380.866 7173
380.880 7198
380.893 7198
380.907 7282
380.920 7358
380.934 7394
380.948 7542
380.961 7590
380.975 7752
380.988 7792
381.002 7680
381.015 7726
381.029 7809
381.043 8034
381.056 8068
381.070 8051
381.083 8204
381.097 8254
381.111 8409
381.124 8505
381.138 8735
381.151 8722
381.165 8898
381.179 8858
381.192 8809
381.206 8802
381.219 8847
381.233 9022
381.246 8892
381.260 9141
381.274 9078
381.287 9328
381.301 9337
381.314 9344
381.328 9573
381.341 9593
381.355 9568
381.369 9810
381.382 9824
381.396 9999
381.409 10040
381.423 10058
381.437 10386
381.450 10350
381.464 10400
381.477 10666
381.491 10715
381.504 10672
381.518 10616
381.532 10841
381.545 10965
381.559 11318
381.572 11361
381.586 11366
381.599 11538
381.613 11547
381.627 11458
381.640 11774
381.654 11786
381.667 11824
381.681 11780
381.694 12012
381.708 11680
381.722 11541
381.735 11667
381.749 11766
381.762 11837
381.776 11998
381.789 12030
381.803 12126
381.817 11943
381.830 12085
381.844 12198
381.857 12457
381.871 12704
381.884 12462
381.898 12565
381.911 12615
381.925 12756
381.939 12963
381.952 13042
381.966 12885
381.979 13126
381.993 13325
382.006 13500
382.020 13648
382.034 13652
382.047 13572
382.061 13735
382.074 13634
382.088 13742
382.101 13735
382.115 13726
382.128 13894
382.142 14261
382.156 14678
382.169 14634
382.183 14620
382.196 14634
382.210 14718
382.223 14642
382.237 14962
382.250 14891
382.264 14898
382.278 15108
382.291 15202
382.305 15356
382.318 15537
382.332 15889
382.345 15554
382.359 15305
382.372 15284
382.386 15673
382.399 15489
382.413 15643
382.427 15814
382.440 15880
382.454 16148
382.467 16229
382.481 16721
382.494 16879
382.508 17260
382.521 17358
382.535 17423
382.548 17268
382.562 17183
382.576 17371
382.589 17353
382.603 17596
382.616 17820
382.630 17858
382.643 18221
382.657 18479
382.670 18464
382.684 18439
382.697 18311
382.711 18283
382.724 18528
382.738 18658
382.752 18791
382.765 18808
382.779 19136
382.792 19047
382.806 19013
382.819 19280
382.833 19626
382.846 19767
382.860 19777
382.873 20112
382.887 20058
382.900 20361
382.914 20537
382.928 20695
382.941 20838
382.955 21212
382.968 21388
382.982 21534
382.995 21615
383.009 21678
383.022 22004
383.036 21945
383.049 22362
383.063 22511
383.076 22517
383.090 22459
383.103 22686
383.117 22760
383.130 22705
383.144 22973
383.158 22969
383.171 23188
383.185 23425
383.198 23730
383.212 23998
383.225 24278
383.239 24638
383.252 25022
383.266 25132
383.279 25148
383.293 25286
383.306 25522
383.320 25799
383.333 26511
383.347 26505
383.360 26352
383.374 26057
383.387 26405
383.401 26597
383.414 26690
383.428 26576
383.441 26425
383.455 26434
383.468 26485
383.482 26826
383.496 27266
383.509 27415
383.523 27304
383.536 27212
383.550 27577
383.563 27475
383.577 27581
383.590 28115
383.604 27968
383.617 27542
383.631 27764
383.644 27448
383.658 27532
383.671 27537
383.685 27523
383.698 27816
383.712 28133
383.725 28209
383.739 28077
383.752 27673
383.766 27784
383.779 27669
383.793 27777
383.806 27917
383.820 28203
383.833 28212
383.847 28109
383.860 28556
383.874 28483
383.887 27711
383.901 27939
383.914 27976
383.928 28083
383.941 27999
383.955 27555
383.968 27224
383.982 27568
383.995 27486
384.009 27261
384.022 27101
384.036 27017
384.049 27193
384.063 27197
384.076 27558
384.090 27744
384.103 28048
384.117 27826
384.130 27432
384.144 26471
384.157 26119
384.171 25935
384.184 25689
384.198 25474
384.211 25392
384.225 25223
384.238 25404
384.252 25422
384.265 25205
384.279 24669
384.292 24439
384.306 24112
384.319 23775
384.333 22906
384.346 22393
384.360 22178
384.373 21749
384.387 21522
384.400 21189
384.414 20914
384.427 20184
384.441 19719
384.454 19413
384.468 19017
384.481 18662
384.495 18286
384.508 17906
384.522 17461
384.535 17053
384.549 16591
384.562 16196
384.575 15720
384.589 15590
384.602 15285
384.616 14790
384.629 14568
384.643 14285
384.656 13930
384.670 13307
384.683 12893
384.697 12448
384.710 12023
384.724 11816
384.737 11383
384.751 11033
384.764 10703
384.778 10477
384.791 10201
384.805 9930
384.818 9751
384.832 9340
384.845 8943
384.859 8752
384.872 8446
384.885 8067
384.899 7975
384.912 7801
384.926 7553
384.939 7324
384.953 7149
384.966 6995
384.980 6740
384.993 6661
385.007 6487
385.020 6362
385.034 6205
385.047 5916
385.061 5951
385.074 5718
385.088 5652
385.101 5515
385.114 5469
385.128 5306
385.141 5291
385.155 5074
385.168 5202
385.182 5081
385.195 4968
385.209 4988
385.222 4872
385.236 4743
385.249 4730
385.263 4514
385.276 4537
385.290 4374
385.303 4422
385.316 4321
385.330 4241
385.343 4259
385.357 4176
385.370 3972
385.384 3941
385.397 3866
385.411 3932
385.424 3842
385.438 3793
385.451 3795
385.464 3884
385.478 3715
385.491 3667
385.505 3645
385.518 3710
385.532 3594
385.545 3567
385.559 3459
385.572 3486
385.586 3459
385.599 3491
385.612 3470
385.626 3432
385.639 3337
385.653 3320
385.666 3401
385.680 3291
385.693 3236
385.707 3315
385.720 3246
385.734 3232
385.747 3152
385.760 3095
385.774 3126
385.787 3046
385.801 2965
385.814 2952
385.828 2935
385.841 2874
385.855 2979
385.868 2833
385.881 2875
385.895 2828
385.908 2834
385.922 2774
385.935 2809
385.949 2766
385.962 2733
385.976 2734
385.989 2742
386.002 2736
386.016 2733
386.029 2710
386.043 2603
386.056 2683
386.070 2597
386.083 2612
386.097 2630
386.110 2628
386.123 2615
386.137 2577
386.150 2574
386.164 2580
386.177 2572
386.191 2520
386.204 2453
386.217 2510
386.231 2474
386.244 2514
386.258 2405
386.271 2486
386.285 2435
386.298 2457
386.311 2399
386.325 2422
386.338 2346
386.352 2294
386.365 2318
386.379 2306
386.392 2293
386.405 2333
386.419 2236
386.432 2271
386.446 2319
386.459 2290
386.473 2282
386.486 2233
386.499 2204
386.513 2206
386.526 2196
386.540 2151
386.553 2153
386.567 2189
386.580 2150
386.593 2216
386.607 2179
386.620 2178
386.634 2103
386.647 2130
386.661 2075
386.674 2133
386.687 2098
386.701 2082
386.714 2096
386.728 2055
386.741 2059
386.754 2028
386.768 2011
386.781 2011
386.795 2004
386.808 1997
386.822 1947
386.835 1943
386.848 1911
386.862 1950
386.875 1884
386.889 1886
386.902 1930
386.915 1924
386.929 1893
386.942 1884
386.956 1892
386.969 1926
386.983 1833
386.996 1863
387.009 1847
387.023 1833
387.036 1817
387.050 1870
387.063 1816
387.076 1813
387.090 1763
387.103 1775
387.117 1741
387.130 1781
387.143 1775
387.157 1770
387.170 1735
387.184 1693
387.197 1788
387.210 1744
387.224 1687
387.237 1737
387.251 1699
387.264 1668
387.278 1661
387.291 1707
387.304 1664
387.318 1650
387.331 1651
387.345 1637
387.358 1620
387.371 1622
387.385 1611
387.398 1608
387.412 1581
387.425 1576
387.438 1557
387.452 1549
387.465 1517
387.478 1528
387.492 1495
387.505 1521
387.519 1541
387.532 1544
387.545 1555
387.559 1556
387.572 1540
387.586 1503
387.599 1483
387.612 1502
387.626 1494
387.639 1505
387.653 1479
387.666 1432
387.679 1430
387.693 1423
387.706 1426
387.720 1394
387.733 1418
387.746 1403
387.760 1381
387.773 1430
387.787 1454
387.800 1401
387.813 1389
387.827 1349
387.840 1366
387.853 1341
387.867 1338
387.880 1384
387.894 1374
387.907 1361
387.920 1363
387.934 1339
387.947 1337
387.961 1342
387.974 1316
387.987 1293
388.001 1269
388.014 1301
388.027 1287
388.041 1289
388.054 1264
388.068 1284
388.081 1271
388.094 1284
388.108 1279
388.121 1273
388.134 1228
388.148 1252
388.161 1234
388.175 1234
388.188 1225
388.201 1211
388.215 1220
388.228 1196
388.241 1200
388.255 1194
388.268 1199
388.282 1204
388.295 1194
388.308 1170
388.322 1210
388.335 1182
388.348 1179
388.362 1192
388.375 1209
388.389 1209
388.402 1191
388.415 1168
388.429 1184
388.442 1204
388.455 1184
388.469 1221
388.482 1211
388.495 1182
388.509 1205
388.522 1187
388.536 1162
388.549 1175
388.562 1146
388.576 1172
388.589 1141
388.602 1152
388.616 1168
388.629 1145
388.642 1151
388.656 1175
388.669 1143
388.683 1154
388.696 1162
388.709 1166
388.723 1139
388.736 1163
388.749 1124
388.763 1123
388.776 1164
388.789 1163
388.803 1152
388.816 1131
388.829 1127
388.843 1125
388.856 1114
388.870 1111
388.883 1115
388.896 1143
388.910 1090
388.923 1122
388.936 1124
388.950 1095
388.963 1122
388.976 1124
388.990 1122
389.003 1131
389.016 1125
389.030 1096
389.043 1124
389.056 1114
389.070 1107
389.083 1114
389.097 1110
389.110 1106
389.123 1088
389.137 1112
389.150 1096
389.163 1106
389.177 1086
389.190 1086
389.203 1068
389.217 1076
389.230 1084
389.243 1089
389.257 1088
389.270 1095
389.283 1088
389.297 1048
389.310 1077
389.323 1083
389.337 1076
389.350 1048
389.363 1055
389.377 1064
389.390 1061
389.403 1074
389.417 1062
389.430 1058
389.443 1081
389.457 1065
389.470 1043
389.483 1057
389.497 1091
389.510 1077
389.523 1074
389.537 1069
389.550 1052
389.563 1061
389.577 1033
389.590 1015
389.603 1047
389.617 1018
389.630 1013
389.643 1008
389.657 1048
389.670 1051
389.683 1017
389.697 1035
389.710 1017
389.723 1035
389.737 1023
389.750 1024
389.763 1009
389.777 999
389.790 1012
389.803 1010
389.817 1017
389.830 1020
389.843 975
389.857 1004
389.870 977
389.883 969
389.897 980
389.910 987
389.923 980
389.937 996
389.950 977
389.963 984
389.977 956
389.990 977
390.003 984
390.017 984
390.030 946
390.043 980
390.057 951
390.070 945
390.083 941
390.096 946
390.110 929
390.123 924
390.136 950
390.150 956
390.163 930
390.176 928
390.190 930
390.203 941
390.216 922
390.230 910
390.243 916
390.256 923
390.270 910
390.283 905
390.296 917
390.310 903
390.323 902
390.336 911
390.349 908
390.363 883
390.376 891
390.389 895
390.403 889
390.416 881
390.429 879
390.443 885
390.456 862
390.469 880
390.483 860
390.496 850
390.509 844
390.522 854
390.536 864
390.549 848
390.562 868
390.576 834
390.589 853
390.602 858
390.616 852
390.629 820
390.642 829
390.655 828
390.669 826
390.682 819
390.695 828
390.709 822
390.722 812
390.735 819
390.749 810
390.762 813
390.775 797
390.788 804
390.802 801
390.815 820
390.828 800
390.842 794
390.855 812
390.868 805
390.882 802
390.895 801
390.908 788
390.921 791
390.935 790
390.948 803
390.961 766
390.975 789
390.988 769
391.001 792
391.014 781
391.028 786
391.041 775
391.054 767
391.068 781
391.081 766
391.094 774
391.107 770
391.121 772
391.134 762
391.147 763
391.161 773
391.174 759
391.187 753
391.200 752
391.214 765
391.227 751
391.240 747
391.254 754
391.267 743
391.280 744
391.293 740
391.307 745
391.320 728
391.333 728
391.347 746
391.360 729
391.373 750
391.386 748
391.400 734
391.413 733
391.426 750
391.440 723
391.453 732
391.466 737
391.479 731
391.493 735
391.506 737
391.519 732
391.532 724
391.546 742
391.559 731
391.572 733
391.586 727
391.599 718
391.612 723
391.625 708
391.639 738
391.652 736
391.665 727
391.678 733
391.692 718
391.705 722
391.718 718
391.732 703
391.745 727
391.758 716
391.771 722
391.785 721
391.798 716
391.811 722
391.824 722
391.838 706
391.851 722
391.864 720
391.877 720
391.891 721
391.904 723
391.917 716
391.931 726
391.944 708
391.957 704
391.970 714
391.984 717
391.997 717
392.010 706
392.023 714
392.037 710
392.050 714
392.063 713
392.076 700
392.090 713
392.103 707
392.116 714
392.129 713
392.143 719
392.156 708
392.169 709
392.182 705
392.196 699
392.209 714
392.222 702
392.235 715
392.249 697
392.262 704
392.275 712
392.288 698
392.302 704
392.315 710
392.328 688
392.341 703
392.355 685
392.368 692
392.381 700
392.394 706
392.408 707
392.421 703
392.434 703
392.447 692
392.461 694
392.474 703
392.487 683
392.500 706
392.514 692
392.527 708
392.540 693
392.553 700
392.567 698
392.580 703
392.593 692
392.606 690
392.620 692
392.633 697
392.646 693
392.659 687
392.673 697
392.686 683
392.699 686
392.712 681
392.726 692
392.739 688
392.752 695
392.765 693
392.778 679
392.792 699
392.805 688
392.818 687
392.831 693
392.845 691
392.858 695
392.871 703
392.884 698
392.898 678
392.911 693
392.924 693
392.937 684
392.951 692
392.964 704
392.977 685
392.990 694
393.003 698
393.017 697
393.030 695
393.043 689
393.056 690
393.070 682
393.083 685
393.096 690
393.109 687
393.122 685
393.136 692
393.149 681
393.162 694
393.175 701
393.189 686
393.202 691
393.215 677
393.228 694
393.242 685
393.255 688
393.268 679
393.281 676
393.294 687
393.308 680
393.321 681
393.334 690
393.347 678
393.360 682
393.374 694
393.387 681
393.400 680
393.413 686
393.427 683
393.440 681
393.453 671
393.466 680
393.479 675
393.493 676
393.506 676
393.519 688
393.532 681
393.546 678
393.559 679
393.572 679
393.585 681
393.598 682
393.612 680
393.625 672
393.638 676
393.651 676
393.664 674
393.678 689
393.691 685
393.704 674
393.717 675
393.730 680
393.744 674
393.757 678
393.770 684
393.783 682
393.796 673
393.810 688
393.823 681
393.836 666
393.849 672
393.863 685
393.876 677
393.889 662
393.902 674
393.915 682
393.929 675
