375.891 813
375.905 839
375.919 839
375.933 846
375.946 838
375.960 852
375.974 858
375.987 841
376.001 853
376.015 854
376.029 864
376.042 861
376.056 867
376.070 869
376.084 876
376.097 880
376.111 875
376.125 875
376.139 898
376.152 893
376.166 905
376.180 909
376.193 916
376.207 900
376.221 911
376.235 918
376.248 914
376.262 928
376.276 912
376.290 936
376.303 937
376.317 930
376.331 923
376.345 928
376.358 940
376.372 945
376.386 958
376.399 959
376.413 965
376.427 980
376.441 980
376.454 954
376.468 933
376.482 981
376.495 962
376.509 996
376.523 1024
376.537 988
376.550 1024
376.564 1024
376.578 1013
376.592 1001
376.605 1017
376.619 1019
376.633 1032
376.646 1030
376.660 1040
376.674 1039
376.688 1041
376.701 1052
376.715 1057
376.729 1075
376.742 1070
376.756 1079
376.770 1071
376.784 1051
376.797 1090
376.811 1095
376.825 1105
376.838 1101
376.852 1137
376.866 1126
376.880 1140
376.893 1136
376.907 1105
376.921 1153
376.934 1146
376.948 1180
376.962 1166
376.976 1182
376.989 1141
377.003 1153
377.017 1177
377.030 1184
377.044 1207
377.058 1208
377.071 1239
377.085 1199
377.099 1225
377.113 1230
377.126 1211
377.140 1230
377.154 1242
377.167 1250
377.181 1288
377.195 1273
377.208 1254
377.222 1265
377.236 1257
377.250 1268
377.263 1291
377.277 1298
377.291 1312
377.304 1313
377.318 1325
377.332 1330
377.345 1361
377.359 1333
377.373 1351
377.387 1323
377.400 1353
377.414 1338
377.428 1346
377.441 1369
377.455 1388
377.469 1380
377.482 1392
377.496 1375
377.510 1412
377.524 1421
377.537 1423
377.551 1404
377.565 1431
377.578 1431
377.592 1428
377.606 1406
377.619 1394
377.633 1435
377.647 1415
377.660 1418
377.674 1443
377.688 1468
377.701 1450
377.715 1446
377.729 1463
377.743 1465
377.756 1458
377.770 1489
377.784 1488
377.797 1466
377.811 1498
377.825 1473
377.838 1485
377.852 1495
377.866 1543
377.879 1555
377.893 1558
377.907 1549
377.920 1567
377.934 1530
377.948 1516
377.961 1536
377.975 1519
377.989 1543
378.002 1526
378.016 1554
378.030 1533
378.044 1585
378.057 1563
378.071 1607
378.085 1582
378.098 1596
378.112 1552
378.126 1599
378.139 1577
378.153 1588
378.167 1563
378.180 1573
378.194 1599
378.208 1593
378.221 1577
378.235 1624
378.249 1632
378.262 1587
378.276 1570
378.290 1615
378.303 1645
378.317 1623
378.331 1595
378.344 1590
378.358 1596
378.372 1653
378.385 1624
378.399 1623
378.413 1675
378.426 1616
378.440 1644
378.454 1684
378.467 1632
378.481 1659
378.495 1663
378.508 1683
378.522 1647
378.536 1683
378.549 1672
378.563 1658
378.577 1694
378.590 1687
378.604 1722
378.618 1728
378.631 1702
378.645 1714
378.659 1727
378.672 1716
378.686 1758
378.700 1769
378.713 1753
378.727 1816
378.740 1793
378.754 1789
378.768 1802
378.781 1805
378.795 1819
378.809 1822
378.822 1813
378.836 1833
378.850 1794
378.863 1772
378.877 1824
378.891 1848
378.904 1810
378.918 1814
378.932 1816
378.945 1838
378.959 1814
378.973 1805
378.986 1827
379.000 1872
379.014 1831
379.027 1865
379.041 1845
379.054 1868
379.068 1881
379.082 1856
379.095 1894
379.109 1903
379.123 1850
379.136 1944
379.150 1922
379.164 1905
379.177 1916
379.191 1926
379.205 1895
379.218 1954
379.232 1957
379.245 1993
379.259 1984
379.273 1997
379.286 1988
379.300 2070
379.314 2020
379.327 2030
379.341 2038
379.355 2039
379.368 2014
379.382 2088
379.396 2090
379.409 2117
379.423 2098
379.436 2129
379.450 2174
379.464 2172
379.477 2159
379.491 2189
379.505 2195
379.518 2182
379.532 2246
379.546 2301
379.559 2320
379.573 2298
379.586 2298
379.600 2330
379.614 2357
379.627 2350
379.641 2350
379.655 2370
379.668 2421
379.682 2397
379.695 2395
379.709 2471
379.723 2396
379.736 2596
379.750 2629
379.764 2644
379.777 2684
379.791 2761
379.804 2729
379.818 2678
379.832 2690
379.845 2654
379.859 2667
379.873 2714
379.886 2742
379.900 2831
379.913 2893
379.927 2849
379.941 2837
379.954 3003
379.968 2958
379.982 2998
379.995 3046
380.009 3073
380.022 3102
380.036 3106
380.050 3137
380.063 3191
380.077 3382
380.090 3364
380.104 3352
380.118 3429
380.131 3489
380.145 3519
380.159 3532
380.172 3624
380.186 3693
380.199 3683
380.213 3805
380.227 3901
380.240 3869
380.254 3877
380.267 3971
380.281 3947
380.295 4008
380.308 4079
380.322 4157
380.336 4174
380.349 4258
380.363 4298
380.376 4409
380.390 4410
380.404 4509
380.417 4534
380.431 4549
380.444 4671
380.458 4768
380.472 4767
380.485 4773
380.499 4914
380.512 4912
380.526 4972
380.540 5085
380.553 5082
380.567 5095
380.580 5239
380.594 5366
380.608 5477
380.621 5693
380.635 5685
380.648 5694
380.662 5768
380.676 5906
380.689 5838
380.703 5947
380.716 6041
380.730 6126
380.744 6180
380.757 6316
380.771 6376
380.784 6552
380.798 6545
380.812 6667
380.825 6654
380.839 6895
380.852 7103
380.866 7217
380.880 7284
380.893 7107
380.907 7292
380.920 7456
380.934 7551
380.948 7587
380.961 7665
380.975 7750
380.988 7840
381.002 7820
381.015 7840
381.029 7944
381.043 8025
381.056 8185
381.070 8197
381.083 8208
381.097 8421
381.111 8442
381.124 8679
381.138 8780
381.151 8895
381.165 9028
381.179 9027
381.192 8944
381.206 8966
381.219 9032
381.233 9198
381.246 9140
381.260 9280
381.274 9403
381.287 9424
381.301 9519
381.314 9666
381.328 9651
381.341 9759
381.355 9850
381.369 9883
381.382 9986
381.396 10166
381.409 10378
381.423 10447
381.437 10466
381.450 10651
381.464 10635
381.477 10859
381.491 10971
381.504 10869
381.518 10955
381.532 11127
381.545 11268
381.559 11574
381.572 11736
381.586 11545
381.599 11729
381.613 11772
381.627 11885
381.640 12126
381.654 11921
381.667 11997
381.681 12211
381.694 12250
381.708 12076
381.722 12047
381.735 12039
381.749 12183
381.762 12180
381.776 12231
381.789 12202
381.803 12474
381.817 12511
381.830 12402
381.844 12597
381.857 12897
381.871 12980
381.884 12883
381.898 12870
381.911 12967
381.925 13108
381.939 13357
381.952 13362
381.966 13414
381.979 13432
381.993 13786
382.006 13853
382.020 14108
382.034 14049
382.047 13892
382.061 14054
382.074 13980
382.088 14216
382.101 14375
382.115 14308
382.128 14329
382.142 14645
382.156 15033
382.169 15103
382.183 14904
382.196 15188
382.210 15049
382.223 15232
382.237 15307
382.250 15393
382.264 15353
382.278 15573
382.291 15481
382.305 15891
382.318 16076
382.332 16157
382.345 15949
382.359 15817
382.372 15948
382.386 15983
382.399 16304
382.413 16160
382.427 16484
382.440 16567
382.454 16688
382.467 16692
382.481 17166
382.494 17641
382.508 17700
382.521 17943
382.535 17777
382.548 17829
382.562 17844
382.576 17981
382.589 18075
382.603 18366
382.616 18308
382.630 18375
382.643 18781
382.657 18891
382.670 19071
382.684 19057
382.697 19004
382.711 19178
382.724 19256
382.738 19371
382.752 19329
382.765 19397
382.779 19774
382.792 19996
382.806 20156
382.819 20172
382.833 20436
382.846 20605
382.860 20671
382.873 20885
382.887 20877
382.900 21095
382.914 21382
382.928 21519
382.941 21848
382.955 22083
382.968 22338
382.982 22647
382.995 22758
383.009 22744
383.022 22957
383.036 22835
383.049 23234
383.063 23441
383.076 23470
383.090 23212
383.103 23728
383.117 23991
383.130 23834
383.144 23959
383.158 24334
383.171 24480
383.185 24707
383.198 24976
383.212 25291
383.225 25502
383.239 26060
383.252 26474
383.266 26398
383.279 26388
383.293 26416
383.306 26885
383.320 26977
383.333 27733
383.347 28081
383.360 27730
383.374 27697
383.387 27783
383.401 28254
383.414 28042
383.428 28064
383.441 27912
383.455 28320
383.468 28042
383.482 28309
383.496 29052
383.509 29134
383.523 29049
383.536 29090
383.550 29065
383.563 29398
383.577 29735
383.590 29774
383.604 29849
383.617 29741
383.631 29470
383.644 29249
383.658 29516
383.671 29508
383.685 29693
383.698 30180
383.712 30260
383.725 30141
383.739 29813
383.752 29837
383.766 29901
383.779 29882
383.793 29996
383.806 30118
383.820 30713
383.833 30336
383.847 30426
383.860 30785
383.874 30660
383.887 30172
383.901 30057
383.914 30122
383.928 30639
383.941 30408
383.955 30054
383.968 29484
383.982 29875
383.995 29773
384.009 29985
384.022 29609
384.036 29629
384.049 29530
384.063 29899
384.076 30235
384.090 30326
384.103 30568
384.117 30647
384.130 30268
384.144 29295
384.157 28722
384.171 28724
384.184 28319
384.198 28208
384.211 28166
384.225 27778
384.238 28179
384.252 28109
384.265 28047
384.279 27923
384.292 27625
384.306 27260
384.319 26783
384.333 25961
384.346 25595
384.360 25028
384.373 24682
384.387 24453
384.400 24101
384.414 23745
384.427 23298
384.441 22919
384.454 22533
384.468 22004
384.481 21563
384.495 21210
384.508 20662
384.522 20373
384.535 20051
384.549 19198
384.562 18967
384.575 18417
384.589 18304
384.602 18095
384.616 17712
384.629 17049
384.643 16781
384.656 16348
384.670 15746
384.683 15108
384.697 14580
384.710 14245
384.724 13782
384.737 13429
384.751 13071
384.764 12800
384.778 12335
384.791 12141
384.805 11807
384.818 11444
384.832 10952
384.845 10530
384.859 10325
384.872 9972
384.885 9577
384.899 9398
384.912 9114
384.926 8829
384.939 8663
384.953 8462
384.966 8174
384.980 7976
384.993 7876
385.007 7612
385.020 7369
385.034 7191
385.047 7068
385.061 6845
385.074 6711
385.088 6477
385.101 6495
385.114 6330
385.128 6163
385.141 5982
385.155 5918
385.168 5990
385.182 5840
385.195 5736
385.209 5735
385.222 5497
385.236 5422
385.249 5367
385.263 5190
385.276 5012
385.290 4935
385.303 4911
385.316 4829
385.330 4786
385.343 4650
385.357 4683
385.370 4546
385.384 4466
385.397 4337
385.411 4299
385.424 4283
385.438 4233
385.451 4155
385.464 4158
385.478 4108
385.491 4112
385.505 4079
385.518 4000
385.532 3964
385.545 3836
385.559 3821
385.572 3779
385.586 3779
385.599 3820
385.612 3803
385.626 3744
385.639 3688
385.653 3718
385.666 3673
385.680 3635
385.693 3569
385.707 3584
385.720 3589
385.734 3483
385.747 3439
385.760 3279
385.774 3343
385.787 3329
385.801 3240
385.814 3198
385.828 3213
385.841 3189
385.855 3136
385.868 3112
385.881 3080
385.895 3047
385.908 3059
385.922 3055
385.935 2971
385.949 3003
385.962 2951
385.976 2967
385.989 2959
386.002 2936
386.016 2985
386.029 2954
386.043 2902
386.056 2838
386.070 2802
386.083 2817
386.097 2834
386.110 2784
386.123 2788
386.137 2806
386.150 2683
386.164 2775
386.177 2738
386.191 2751
386.204 2662
386.217 2675
386.231 2680
386.244 2651
386.258 2621
386.271 2617
386.285 2640
386.298 2603
386.311 2539
386.325 2580
386.338 2476
386.352 2578
386.365 2508
386.379 2503
386.392 2499
386.405 2456
386.419 2434
386.432 2460
386.446 2451
386.459 2489
386.473 2433
386.486 2413
386.499 2393
386.513 2366
386.526 2390
386.540 2327
386.553 2319
386.567 2333
386.580 2334
386.593 2403
386.607 2346
386.620 2379
386.634 2357
386.647 2297
386.661 2337
386.674 2240
386.687 2256
386.701 2215
386.714 2187
386.728 2173
386.741 2186
386.754 2196
386.768 2166
386.781 2201
386.795 2116
386.808 2119
386.822 2118
386.835 2121
386.848 2108
386.862 2066
386.875 2037
386.889 2066
386.902 2086
386.915 2023
386.929 2064
386.942 2038
386.956 2004
386.969 2001
386.983 1989
386.996 1986
387.009 1972
387.023 1998
387.036 1911
387.050 1966
387.063 1963
387.076 1927
387.090 1949
387.103 1899
387.117 1872
387.130 1932
387.143 1919
387.157 1920
387.170 1935
387.184 1894
387.197 1866
387.210 1859
387.224 1865
387.237 1857
387.251 1809
387.264 1820
387.278 1808
387.291 1801
387.304 1792
387.318 1805
387.331 1781
387.345 1782
387.358 1750
387.371 1738
387.385 1779
387.398 1708
387.412 1681
387.425 1682
387.438 1657
387.452 1662
387.465 1648
387.478 1635
387.492 1618
387.505 1631
387.519 1621
387.532 1657
387.545 1641
387.559 1663
387.572 1660
387.586 1665
387.599 1602
387.612 1621
387.626 1605
387.639 1604
387.653 1596
387.666 1505
387.679 1529
387.693 1486
387.706 1530
387.720 1503
387.733 1493
387.746 1543
387.760 1541
387.773 1526
387.787 1518
387.800 1484
387.813 1485
387.827 1460
387.840 1461
387.853 1432
387.867 1440
387.880 1477
387.894 1490
387.907 1458
387.920 1446
387.934 1427
387.947 1396
387.961 1436
387.974 1392
387.987 1389
388.001 1425
388.014 1381
388.027 1364
388.041 1371
388.054 1359
388.068 1315
388.081 1341
388.094 1328
388.108 1348
388.121 1347
388.134 1321
388.148 1314
388.161 1255
388.175 1278
388.188 1289
388.201 1273
388.215 1270
388.228 1264
388.241 1261
388.255 1255
388.268 1253
388.282 1273
388.295 1239
388.308 1264
388.322 1248
388.335 1266
388.348 1228
388.362 1240
388.375 1260
388.389 1237
388.402 1267
388.415 1223
388.429 1277
388.442 1261
388.455 1230
388.469 1229
388.482 1229
388.495 1228
388.509 1237
388.522 1264
388.536 1234
388.549 1200
388.562 1187
388.576 1215
388.589 1220
388.602 1219
388.616 1206
388.629 1233
388.642 1207
388.656 1190
388.669 1195
388.683 1216
388.696 1201
388.709 1188
388.723 1223
388.736 1217
388.749 1200
388.763 1175
388.776 1201
388.789 1197
388.803 1200
388.816 1160
388.829 1148
388.843 1173
388.856 1168
388.870 1185
388.883 1154
388.896 1161
388.910 1152
388.923 1150
388.936 1179
388.950 1193
388.963 1160
388.976 1186
388.990 1169
389.003 1178
389.016 1160
389.030 1171
389.043 1166
389.056 1177
389.070 1163
389.083 1187
389.097 1121
389.110 1151
389.123 1150
389.137 1166
389.150 1133
389.163 1139
389.177 1129
389.190 1142
389.203 1126
389.217 1123
389.230 1138
389.243 1121
389.257 1145
389.270 1126
389.283 1127
389.297 1137
389.310 1131
389.323 1138
389.337 1118
389.350 1107
389.363 1093
389.377 1095
389.390 1113
389.403 1118
389.417 1088
389.430 1106
389.443 1098
389.457 1132
389.470 1085
389.483 1127
389.497 1103
389.510 1106
389.523 1106
389.537 1091
389.550 1125
389.563 1108
389.577 1089
389.590 1080
389.603 1090
389.617 1085
389.630 1082
389.643 1082
389.657 1077
389.670 1087
389.683 1076
389.697 1082
389.710 1055
389.723 1088
389.737 1070
389.750 1069
389.763 1091
389.777 1081
389.790 1064
389.803 1043
389.817 1066
389.830 1025
389.843 1020
389.857 1044
389.870 1011
389.883 1016
389.897 1038
389.910 1028
389.923 1035
389.937 1022
389.950 1026
389.963 1004
389.977 1028
389.990 1005
390.003 1016
390.017 986
390.030 1015
390.043 1013
390.057 995
390.070 1005
390.083 992
390.096 994
390.110 989
390.123 965
390.136 953
390.150 983
390.163 991
390.176 991
390.190 951
390.203 974
390.216 949
390.230 945
390.243 951
390.256 959
390.270 943
390.283 940
390.296 967
390.310 935
390.323 920
390.336 931
390.349 909
390.363 919
390.376 934
390.389 913
390.403 907
390.416 910
390.429 915
390.443 885
390.456 905
390.469 902
390.483 901
390.496 886
390.509 882
390.522 895
390.536 871
390.549 885
390.562 879
390.576 870
390.589 864
390.602 889
390.616 848
390.629 850
390.642 874
390.655 871
390.669 853
390.682 861
390.695 865
390.709 872
390.722 858
390.735 852
390.749 843
390.762 860
390.775 850
390.788 832
390.802 833
390.815 834
390.828 829
390.842 825
390.855 822
390.868 793
390.882 837
390.895 813
390.908 802
390.921 797
390.935 808
390.948 806
390.961 806
390.975 803
390.988 808
391.001 789
391.014 797
391.028 775
391.041 792
391.054 800
391.068 796
391.081 786
391.094 797
391.107 777
391.121 791
391.134 768
391.147 783
391.161 758
391.174 772
391.187 755
391.200 768
391.214 768
391.227 775
391.240 770
391.254 753
391.267 770
391.280 748
391.293 757
391.307 759
391.320 757
391.333 762
391.347 756
391.360 747
391.373 758
391.386 738
391.400 767
391.413 753
391.426 743
391.440 745
391.453 747
391.466 742
391.479 744
391.493 753
391.506 755
391.519 741
391.532 755
391.546 741
391.559 735
391.572 738
391.586 742
391.599 739
391.612 731
391.625 749
391.639 737
391.652 748
391.665 715
391.678 738
391.692 718
391.705 736
391.718 734
391.732 724
391.745 748
391.758 725
391.771 736
391.785 734
391.798 741
391.811 731
391.824 725
391.838 743
391.851 728
391.864 725
391.877 737
391.891 728
391.904 716
391.917 730
391.931 728
391.944 726
391.957 720
391.970 726
391.984 724
391.997 728
392.010 725
392.023 731
392.037 713
392.050 718
392.063 730
392.076 715
392.090 725
392.103 719
392.116 703
392.129 727
392.143 702
392.156 725
392.169 729
392.182 714
392.196 717
392.209 711
392.222 712
392.235 714
392.249 704
392.262 711
392.275 704
392.288 712
392.302 718
392.315 715
392.328 712
392.341 707
392.355 717
392.368 704
392.381 699
392.394 711
392.408 706
392.421 716
392.434 713
392.447 725
392.461 715
392.474 712
392.487 713
392.500 707
392.514 699
392.527 710
392.540 703
392.553 704
392.567 714
392.580 703
392.593 702
392.606 706
392.620 714
392.633 691
392.646 701
392.659 700
392.673 707
392.686 711
392.699 703
392.712 703
392.726 699
392.739 708
392.752 701
392.765 704
392.778 704
392.792 715
392.805 703
392.818 695
392.831 694
392.845 702
392.858 700
392.871 696
392.884 704
392.898 683
392.911 696
392.924 702
392.937 702
392.951 692
392.964 703
392.977 703
392.990 700
393.003 700
393.017 694
393.030 687
393.043 685
393.056 679
393.070 682
393.083 695
393.096 704
393.109 705
393.122 697
393.136 693
393.149 691
393.162 680
393.175 702
393.189 694
393.202 693
393.215 700
393.228 686
393.242 700
393.255 692
393.268 695
393.281 687
393.294 690
393.308 690
393.321 687
393.334 690
393.347 691
393.360 690
393.374 697
393.387 687
393.400 686
393.413 692
393.427 698
393.440 692
393.453 699
393.466 696
393.479 693
393.493 677
393.506 673
393.519 693
393.532 688
393.546 673
393.559 689
393.572 688
393.585 683
393.598 691
393.612 690
393.625 694
393.638 692
393.651 695
393.664 677
393.678 687
393.691 692
393.704 696
393.717 681
393.730 681
393.744 684
393.757 678
393.770 672
393.783 672
393.796 671
393.810 692
393.823 681
393.836 674
393.849 682
393.863 686
393.876 687
393.889 674
393.902 693
393.915 676
393.929 681
