375.891 812
375.905 815
375.919 806
375.933 814
375.946 814
375.960 826
375.974 816
375.987 828
376.001 811
376.015 818
376.029 825
376.042 804
376.056 847
376.070 854
376.084 833
376.097 850
376.111 837
376.125 864
376.139 865
376.152 841
376.166 873
376.180 857
376.193 864
376.207 894
376.221 882
376.235 881
376.248 878
376.262 865
376.276 878
376.290 888
376.303 881
376.317 908
376.331 883
376.345 907
376.358 894
376.372 912
376.386 910
376.399 917
376.413 903
376.427 922
376.441 888
376.454 933
376.468 938
376.482 920
376.495 910
376.509 942
376.523 962
376.537 995
376.550 952
376.564 980
376.578 975
376.592 964
376.605 959
376.619 977
376.633 1001
376.646 963
376.660 941
376.674 978
376.688 993
376.701 985
376.715 1001
376.729 1001
376.742 1037
376.756 1014
376.770 1022
376.784 1002
376.797 1009
376.811 1054
376.825 1043
376.838 1036
376.852 1041
376.866 1072
376.880 1049
376.893 1064
376.907 1048
376.921 1050
376.934 1089
376.948 1074
376.962 1054
376.976 1076
376.989 1060
377.003 1114
377.017 1112
377.030 1091
377.044 1131
377.058 1100
377.071 1138
377.085 1118
377.099 1119
377.113 1107
377.126 1107
377.140 1137
377.154 1144
377.167 1142
377.181 1144
377.195 1158
377.208 1200
377.222 1169
377.236 1180
377.250 1158
377.263 1171
377.277 1184
377.291 1229
377.304 1215
377.318 1201
377.332 1242
377.345 1250
377.359 1257
377.373 1226
377.387 1240
377.400 1242
377.414 1263
377.428 1201
377.441 1234
377.455 1259
377.469 1248
377.482 1275
377.496 1268
377.510 1303
377.524 1285
377.537 1280
377.551 1308
377.565 1321
377.578 1315
377.592 1287
377.606 1324
377.619 1308
377.633 1297
377.647 1280
377.660 1337
377.674 1293
377.688 1327
377.701 1312
377.715 1366
377.729 1346
377.743 1328
377.756 1340
377.770 1307
377.784 1375
377.797 1356
377.811 1346
377.825 1362
377.838 1353
377.852 1362
377.866 1340
377.879 1408
377.893 1377
377.907 1379
377.920 1375
377.934 1396
377.948 1378
377.961 1396
377.975 1418
377.989 1368
378.002 1404
378.016 1354
378.030 1422
378.044 1372
378.057 1406
378.071 1400
378.085 1421
378.098 1401
378.112 1420
378.126 1413
378.139 1437
378.153 1440
378.167 1419
378.180 1430
378.194 1441
378.208 1428
378.221 1465
378.235 1448
378.249 1481
378.262 1459
378.276 1476
378.290 1459
378.303 1459
378.317 1420
378.331 1464
378.344 1467
378.358 1459
378.372 1489
378.385 1502
378.399 1506
378.413 1495
378.426 1487
378.440 1517
378.454 1493
378.467 1524
378.481 1507
378.495 1509
378.508 1506
378.522 1491
378.536 1486
378.549 1490
378.563 1499
378.577 1519
378.590 1529
378.604 1524
378.618 1540
378.631 1547
378.645 1588
378.659 1580
378.672 1568
378.686 1601
378.700 1607
378.713 1632
378.727 1623
378.740 1626
378.754 1634
378.768 1647
378.781 1638
378.795 1623
378.809 1642
378.822 1611
378.836 1639
378.850 1629
378.863 1625
378.877 1606
378.891 1671
378.904 1661
378.918 1620
378.932 1676
378.945 1661
378.959 1639
378.973 1650
378.986 1646
379.000 1657
379.014 1711
379.027 1716
379.041 1689
379.054 1707
379.068 1704
379.082 1663
379.095 1715
379.109 1716
379.123 1737
379.136 1716
379.150 1736
379.164 1736
379.177 1735
379.191 1720
379.205 1725
379.218 1731
379.232 1829
379.245 1794
379.259 1788
379.273 1850
379.286 1817
379.300 1795
379.314 1791
379.327 1816
379.341 1854
379.355 1859
379.368 1881
379.382 1874
379.396 1913
379.409 1930
379.423 1945
379.436 1963
379.450 1969
379.464 1949
379.477 1938
379.491 1992
379.505 1978
379.518 1983
379.532 2009
379.546 2053
379.559 2097
379.573 2059
379.586 2036
379.600 2097
379.614 2140
379.627 2103
379.641 2161
379.655 2169
379.668 2162
379.682 2194
379.695 2197
379.709 2201
379.723 2287
379.736 2299
379.750 2372
379.764 2430
379.777 2413
379.791 2413
379.804 2483
379.818 2473
379.832 2428
379.845 2399
379.859 2422
379.873 2398
379.886 2451
379.900 2519
379.913 2537
379.927 2547
379.941 2653
379.954 2692
379.968 2718
379.982 2669
379.995 2784
380.009 2688
380.022 2768
380.036 2791
380.050 2810
380.063 2927
380.077 3050
380.090 3053
380.104 3121
380.118 3121
380.131 3157
380.145 3269
380.159 3161
380.172 3276
380.186 3345
380.199 3389
380.213 3446
380.227 3456
380.240 3554
380.254 3511
380.267 3443
380.281 3486
380.295 3566
380.308 3592
380.322 3571
380.336 3724
380.349 3761
380.363 3794
380.376 3820
380.390 3929
380.404 3973
380.417 4004
380.431 4062
380.444 4045
380.458 4100
380.472 4233
380.485 4195
380.499 4263
380.512 4383
380.526 4400
380.540 4472
380.553 4564
380.567 4604
380.580 4585
380.594 4671
380.608 4893
380.621 5027
380.635 5119
380.648 5077
380.662 5106
380.676 5114
380.689 5209
380.703 5225
380.716 5269
380.730 5471
380.744 5545
380.757 5622
380.771 5684
380.784 5813
380.798 5788
380.812 5831
380.825 5926
380.839 6029
380.852 6142
380.866 6393
380.880 6342
380.893 6243
380.907 6363
380.920 6399
380.934 6472
380.948 6584
380.961 6669
380.975 6660
380.988 6727
381.002 6786
381.015 6828
381.029 6871
381.043 7077
381.056 7055
381.070 7252
381.083 7182
381.097 7156
381.111 7336
381.124 7400
381.138 7506
381.151 7532
381.165 7737
381.179 7741
381.192 7648
381.206 7673
381.219 7801
381.233 7946
381.246 7915
381.260 7904
381.274 7964
381.287 8012
381.301 8291
381.314 8282
381.328 8277
381.341 8490
381.355 8506
381.369 8358
381.382 8619
381.396 8595
381.409 8832
381.423 8908
381.437 9102
381.450 8955
381.464 9266
381.477 9380
381.491 9476
381.504 9368
381.518 9392
381.532 9400
381.545 9664
381.559 9977
381.572 10017
381.586 9965
381.599 10022
381.613 10134
381.627 10289
381.640 10432
381.654 10196
381.667 10346
381.681 10335
381.694 10295
381.708 10217
381.722 10178
381.735 10220
381.749 10269
381.762 10356
381.776 10414
381.789 10407
381.803 10368
381.817 10543
381.830 10506
381.844 10819
381.857 10870
381.871 10952
381.884 10945
381.898 11044
381.911 11029
381.925 11135
381.939 11077
381.952 11228
381.966 11222
381.979 11368
381.993 11719
382.006 11833
382.020 11795
382.034 11968
382.047 11825
382.061 11849
382.074 11782
382.088 11742
382.101 11809
382.115 11733
382.128 11995
382.142 12411
382.156 12820
382.169 12964
382.183 12948
382.196 12748
382.210 12755
382.223 12642
382.237 12926
382.250 12868
382.264 12993
382.278 13162
382.291 13135
382.305 13406
382.318 13616
382.332 13668
382.345 13295
382.359 13131
382.372 13363
382.386 13377
382.399 13407
382.413 13518
382.427 13447
382.440 13676
382.454 13828
382.467 13795
382.481 14192
382.494 14559
382.508 14651
382.521 14734
382.535 14735
382.548 14638
382.562 14579
382.576 14648
382.589 14848
382.603 14913
382.616 14910
382.630 15182
382.643 15276
382.657 15406
382.670 15518
382.684 15575
382.697 15324
382.711 15512
382.724 15497
382.738 15570
382.752 15716
382.765 15747
382.779 15881
382.792 15925
382.806 16076
382.819 16098
382.833 16172
382.846 16155
382.860 16354
382.873 16331
382.887 16556
382.900 16457
382.914 16623
382.928 16682
382.941 16880
382.955 17088
382.968 17105
382.982 17196
382.995 17019
383.009 17197
383.022 17244
383.036 17471
383.049 17220
383.063 17415
383.076 17438
383.090 17573
383.103 17369
383.117 17599
383.130 17484
383.144 17650
383.158 17566
383.171 17885
383.185 17911
383.198 18018
383.212 18153
383.225 18206
383.239 18325
383.252 18659
383.266 18479
383.279 18664
383.293 18437
383.306 18665
383.320 18812
383.333 19043
383.347 19063
383.360 19290
383.374 19076
383.387 19113
383.401 19200
383.414 19138
383.428 18942
383.441 18860
383.455 18868
383.468 18853
383.482 19035
383.496 19402
383.509 19527
383.523 19358
383.536 19558
383.550 19454
383.563 19246
383.577 19492
383.590 19593
383.604 19615
383.617 19193
383.631 18907
383.644 18863
383.658 18770
383.671 18623
383.685 18572
383.698 18643
383.712 18824
383.725 18732
383.739 18417
383.752 18286
383.766 18307
383.779 18267
383.793 18266
383.806 18242
383.820 18666
383.833 18464
383.847 18305
383.860 18465
383.874 18388
383.887 17933
383.901 17933
383.914 18040
383.928 18066
383.941 17766
383.955 17515
383.968 17250
383.982 17252
383.995 17113
384.009 16838
384.022 16963
384.036 16905
384.049 16604
384.063 16834
384.076 16748
384.090 16904
384.103 16955
384.117 16975
384.130 16677
384.144 16150
384.157 15894
384.171 15517
384.184 15453
384.198 15409
384.211 15214
384.225 15115
384.238 15140
384.252 15115
384.265 14799
384.279 14655
384.292 14419
384.306 14396
384.319 13971
384.333 13637
384.346 13483
384.360 13155
384.373 12903
384.387 12709
384.400 12636
384.414 12359
384.427 12078
384.441 11948
384.454 11522
384.468 11272
384.481 11119
384.495 10875
384.508 10679
384.522 10306
384.535 10088
384.549 9743
384.562 9549
384.575 9383
384.589 9251
384.602 9108
384.616 8963
384.629 8765
384.643 8413
384.656 8268
384.670 7909
384.683 7635
384.697 7529
384.710 7277
384.724 7004
384.737 6922
384.751 6690
384.764 6437
384.778 6380
384.791 6224
384.805 6052
384.818 5915
384.832 5671
384.845 5640
384.859 5482
384.872 5328
384.885 5095
384.899 5043
384.912 4907
384.926 4734
384.939 4640
384.953 4576
384.966 4611
384.980 4410
384.993 4351
385.007 4232
385.020 4279
385.034 4080
385.047 4007
385.061 3986
385.074 3884
385.088 3788
385.101 3777
385.114 3708
385.128 3678
385.141 3601
385.155 3525
385.168 3621
385.182 3664
385.195 3615
385.209 3503
385.222 3358
385.236 3343
385.249 3302
385.263 3332
385.276 3253
385.290 3150
385.303 3136
385.316 3132
385.330 3053
385.343 3028
385.357 3026
385.370 2964
385.384 2951
385.397 2853
385.411 2967
385.424 2841
385.438 2819
385.451 2857
385.464 2796
385.478 2770
385.491 2786
385.505 2696
385.518 2750
385.532 2647
385.545 2615
385.559 2604
385.572 2535
385.586 2551
385.599 2578
385.612 2593
385.626 2575
385.639 2482
385.653 2531
385.666 2542
385.680 2555
385.693 2503
385.707 2484
385.720 2507
385.734 2434
385.747 2367
385.760 2369
385.774 2413
385.787 2398
385.801 2365
385.814 2270
385.828 2211
385.841 2290
385.855 2210
385.868 2213
385.881 2204
385.895 2210
385.908 2167
385.922 2219
385.935 2171
385.949 2176
385.962 2174
385.976 2085
385.989 2060
386.002 2106
386.016 2169
386.029 2091
386.043 2053
386.056 2044
386.070 2070
386.083 2026
386.097 2030
386.110 2018
386.123 2013
386.137 1973
386.150 2019
386.164 1983
386.177 1974
386.191 1992
386.204 1949
386.217 1918
386.231 1896
386.244 1883
386.258 1957
386.271 1979
386.285 1893
386.298 1905
386.311 1884
386.325 1888
386.338 1856
386.352 1851
386.365 1833
386.379 1854
386.392 1806
386.405 1792
386.419 1806
386.432 1761
386.446 1812
386.459 1831
386.473 1756
386.486 1762
386.499 1745
386.513 1707
386.526 1764
386.540 1733
386.553 1735
386.567 1759
386.580 1800
386.593 1750
386.607 1721
386.620 1734
386.634 1772
386.647 1712
386.661 1709
386.674 1671
386.687 1678
386.701 1669
386.714 1630
386.728 1647
386.741 1641
386.754 1607
386.768 1629
386.781 1572
386.795 1588
386.808 1562
386.822 1612
386.835 1571
386.848 1556
386.862 1571
386.875 1553
386.889 1548
386.902 1515
386.915 1531
386.929 1532
386.942 1510
386.956 1492
386.969 1540
386.983 1509
386.996 1496
387.009 1476
387.023 1500
387.036 1486
387.050 1522
387.063 1501
387.076 1473
387.090 1486
387.103 1506
387.117 1446
387.130 1456
387.143 1476
387.157 1469
387.170 1463
387.184 1410
387.197 1400
387.210 1424
387.224 1405
387.237 1374
387.251 1396
387.264 1384
387.278 1365
387.291 1390
387.304 1407
387.318 1383
387.331 1375
387.345 1347
387.358 1362
387.371 1345
387.385 1345
387.398 1343
387.412 1347
387.425 1287
387.438 1304
387.452 1283
387.465 1307
387.478 1278
387.492 1280
387.505 1264
387.519 1286
387.532 1290
387.545 1270
387.559 1284
387.572 1312
387.586 1295
387.599 1243
387.612 1267
387.626 1265
387.639 1264
387.653 1251
387.666 1228
387.679 1226
387.693 1236
387.706 1228
387.720 1188
387.733 1266
387.746 1223
387.760 1264
387.773 1205
387.787 1191
387.800 1189
387.813 1203
387.827 1211
387.840 1187
387.853 1178
387.867 1167
387.880 1199
387.894 1194
387.907 1168
387.920 1207
387.934 1141
387.947 1190
387.961 1138
387.974 1145
387.987 1144
388.001 1112
388.014 1124
388.027 1161
388.041 1115
388.054 1124
388.068 1132
388.081 1130
388.094 1110
388.108 1139
388.121 1115
388.134 1075
388.148 1122
388.161 1077
388.175 1099
388.188 1078
388.201 1082
388.215 1106
388.228 1082
388.241 1058
388.255 1066
388.268 1058
388.282 1065
388.295 1088
388.308 1091
388.322 1062
388.335 1080
388.348 1060
388.362 1061
388.375 1050
388.389 1050
388.402 1075
388.415 1080
388.429 1056
388.442 1081
388.455 1061
388.469 1068
388.482 1034
388.495 1068
388.509 1027
388.522 1081
388.536 1081
388.549 1020
388.562 1025
388.576 1042
388.589 1070
388.602 1052
388.616 1045
388.629 1032
388.642 1033
388.656 1039
388.669 1049
388.683 1027
388.696 1042
388.709 1036
388.723 1043
388.736 1027
388.749 1045
388.763 1033
388.776 1010
388.789 1022
388.803 1033
388.816 1023
388.829 1011
388.843 1029
388.856 978
388.870 988
388.883 1000
388.896 992
388.910 1000
388.923 1035
388.936 1022
388.950 1026
388.963 1008
388.976 1018
388.990 978
389.003 1008
389.016 994
389.030 1029
389.043 1021
389.056 1018
389.070 1002
389.083 978
389.097 995
389.110 961
389.123 974
389.137 993
389.150 967
389.163 962
389.177 969
389.190 995
389.203 956
389.217 986
389.230 941
389.243 974
389.257 953
389.270 978
389.283 962
389.297 949
389.310 974
389.323 970
389.337 960
389.350 971
389.363 955
389.377 961
389.390 968
389.403 917
389.417 927
389.430 958
389.443 942
389.457 916
389.470 943
389.483 944
389.497 956
389.510 949
389.523 934
389.537 946
389.550 945
389.563 950
389.577 930
389.590 925
389.603 927
389.617 918
389.630 916
389.643 915
389.657 922
389.670 923
389.683 911
389.697 931
389.710 917
389.723 907
389.737 908
389.750 919
389.763 908
389.777 902
389.790 903
389.803 898
389.817 901
389.830 900
389.843 894
389.857 873
389.870 880
389.883 852
389.897 879
389.910 899
389.923 887
389.937 869
389.950 878
389.963 865
389.977 882
389.990 898
390.003 868
390.017 866
390.030 883
390.043 883
390.057 842
390.070 860
390.083 851
390.096 863
390.110 867
390.123 857
390.136 858
390.150 847
390.163 841
390.176 859
390.190 838
390.203 846
390.216 824
390.230 838
390.243 836
390.256 833
390.270 864
390.283 835
390.296 818
390.310 834
390.323 806
390.336 830
390.349 819
390.363 818
390.376 810
390.389 825
390.403 812
390.416 800
390.429 808
390.443 806
390.456 808
390.469 826
390.483 787
390.496 788
390.509 791
390.522 813
390.536 784
390.549 791
390.562 785
390.576 777
390.589 777
390.602 800
390.616 759
390.629 771
390.642 766
390.655 766
390.669 778
390.682 773
390.695 767
390.709 766
390.722 763
390.735 762
390.749 756
390.762 734
390.775 763
390.788 754
390.802 752
390.815 747
390.828 750
390.842 751
390.855 729
390.868 747
390.882 754
390.895 732
390.908 748
390.921 730
390.935 745
390.948 717
390.961 743
390.975 732
390.988 724
391.001 731
391.014 738
391.028 718
391.041 723
391.054 728
391.068 731
391.081 739
391.094 722
391.107 728
391.121 725
391.134 731
391.147 712
391.161 745
391.174 716
391.187 699
391.200 719
391.214 729
391.227 722
391.240 708
391.254 716
391.267 708
391.280 714
391.293 721
391.307 712
391.320 714
391.333 703
391.347 716
391.360 698
391.373 710
391.386 694
391.400 710
391.413 711
391.426 710
391.440 708
391.453 699
391.466 706
391.479 719
391.493 700
391.506 712
391.519 693
391.532 706
391.546 705
391.559 712
391.572 711
391.586 704
391.599 705
391.612 701
391.625 698
391.639 707
391.652 709
391.665 694
391.678 698
391.692 696
391.705 699
391.718 707
391.732 704
391.745 694
391.758 707
391.771 693
391.785 705
391.798 697
391.811 705
391.824 703
391.838 700
391.851 692
391.864 686
391.877 690
391.891 684
391.904 701
391.917 698
391.931 685
391.944 700
391.957 693
391.970 694
391.984 693
391.997 693
392.010 683
392.023 686
392.037 684
392.050 687
392.063 696
392.076 695
392.090 690
392.103 684
392.116 702
392.129 683
392.143 690
392.156 680
392.169 686
392.182 683
392.196 700
392.209 696
392.222 688
392.235 684
392.249 688
392.262 678
392.275 682
392.288 688
392.302 671
392.315 680
392.328 698
392.341 676
392.355 675
392.368 679
392.381 688
392.394 679
392.408 690
392.421 683
392.434 684
392.447 672
392.461 684
392.474 678
392.487 687
392.500 676
392.514 684
392.527 690
392.540 686
392.553 675
392.567 681
392.580 679
392.593 681
392.606 678
392.620 679
392.633 680
392.646 668
392.659 683
392.673 686
392.686 666
392.699 682
392.712 674
392.726 669
392.739 682
392.752 680
392.765 676
392.778 679
392.792 672
392.805 690
392.818 677
392.831 672
392.845 675
392.858 679
392.871 674
392.884 679
392.898 663
392.911 677
392.924 686
392.937 654
392.951 677
392.964 683
392.977 677
392.990 683
393.003 678
393.017 684
393.030 668
393.043 677
393.056 681
393.070 675
393.083 671
393.096 668
393.109 664
393.122 676
393.136 676
393.149 672
393.162 678
393.175 673
393.189 674
393.202 665
393.215 667
393.228 671
393.242 658
393.255 665
393.268 662
393.281 670
393.294 673
393.308 684
393.321 661
393.334 684
393.347 671
393.360 655
393.374 674
393.387 665
393.400 674
393.413 665
393.427 662
393.440 664
393.453 668
393.466 670
393.479 675
393.493 663
393.506 663
393.519 672
393.532 661
393.546 658
393.559 665
393.572 656
393.585 660
393.598 670
393.612 666
393.625 653
393.638 658
393.651 667
393.664 663
393.678 655
393.691 679
393.704 663
393.717 673
393.730 657
393.744 671
393.757 656
393.770 666
393.783 665
393.796 668
393.810 665
393.823 665
393.836 661
393.849 646
393.863 669
393.876 664
393.889 665
393.902 672
393.915 666
393.929 665
