375.891 846
375.905 849
375.919 827
375.933 845
375.946 849
375.960 848
375.974 852
375.987 848
376.001 854
376.015 867
376.029 844
376.042 867
376.056 856
376.070 884
376.084 874
376.097 901
376.111 884
376.125 888
376.139 887
376.152 870
376.166 905
376.180 896
376.193 914
376.207 886
376.221 914
376.235 904
376.248 927
376.262 914
376.276 920
376.290 919
376.303 938
376.317 935
376.331 940
376.345 936
376.358 954
376.372 922
376.386 962
376.399 969
376.413 972
376.427 962
376.441 972
376.454 987
376.468 969
376.482 977
376.495 997
376.509 995
376.523 997
376.537 1033
376.550 1008
376.564 1028
376.578 1034
376.592 1061
376.605 1046
376.619 1020
376.633 1021
376.646 1028
376.660 1019
376.674 1053
376.688 1028
376.701 1063
376.715 1043
376.729 1061
376.742 1077
376.756 1093
376.770 1080
376.784 1083
376.797 1095
376.811 1106
376.825 1099
376.838 1115
376.852 1144
376.866 1133
376.880 1132
376.893 1142
376.907 1130
376.921 1149
376.934 1155
376.948 1147
376.962 1136
376.976 1175
376.989 1180
377.003 1180
377.017 1194
377.030 1220
377.044 1201
377.058 1222
377.071 1238
377.085 1226
377.099 1227
377.113 1205
377.126 1230
377.140 1219
377.154 1270
377.167 1268
377.181 1282
377.195 1260
377.208 1281
377.222 1275
377.236 1252
377.250 1289
377.263 1305
377.277 1333
377.291 1339
377.304 1324
377.318 1333
377.332 1343
377.345 1351
377.359 1317
377.373 1320
377.387 1360
377.400 1363
377.414 1347
377.428 1350
377.441 1339
377.455 1361
377.469 1373
377.482 1390
377.496 1379
377.510 1431
377.524 1451
377.537 1421
377.551 1452
377.565 1439
377.578 1457
377.592 1448
377.606 1456
377.619 1419
377.633 1440
377.647 1438
377.660 1450
377.674 1486
377.688 1444
377.701 1458
377.715 1470
377.729 1476
377.743 1482
377.756 1490
377.770 1503
377.784 1493
377.797 1488
377.811 1524
377.825 1482
377.838 1482
377.852 1508
377.866 1498
377.879 1534
377.893 1524
377.907 1544
377.920 1507
377.934 1511
377.948 1520
377.961 1541
377.975 1520
377.989 1562
378.002 1554
378.016 1556
378.030 1543
378.044 1562
378.057 1546
378.071 1552
378.085 1579
378.098 1554
378.112 1580
378.126 1583
378.139 1607
378.153 1597
378.167 1587
378.180 1579
378.194 1615
378.208 1607
378.221 1598
378.235 1598
378.249 1606
378.262 1634
378.276 1617
378.290 1644
378.303 1606
378.317 1616
378.331 1616
378.344 1596
378.358 1644
378.372 1622
378.385 1674
378.399 1663
378.413 1660
378.426 1621
378.440 1655
378.454 1695
378.467 1658
378.481 1667
378.495 1662
378.508 1678
378.522 1658
378.536 1689
378.549 1677
378.563 1742
378.577 1694
378.590 1702
378.604 1720
378.618 1750
378.631 1714
378.645 1729
378.659 1733
378.672 1719
378.686 1757
378.700 1800
378.713 1834
378.727 1823
378.740 1793
378.754 1782
378.768 1775
378.781 1784
378.795 1863
378.809 1821
378.822 1860
378.836 1840
378.850 1801
378.863 1810
378.877 1872
378.891 1845
378.904 1887
378.918 1838
378.932 1854
378.945 1854
378.959 1862
378.973 1834
378.986 1849
379.000 1854
379.014 1890
379.027 1829
379.041 1826
379.054 1861
379.068 1898
379.082 1900
379.095 1923
379.109 1909
379.123 1925
379.136 1938
379.150 1933
379.164 1935
379.177 1900
379.191 1972
379.205 1966
379.218 1972
379.232 1999
379.245 1957
379.259 1999
379.273 2030
379.286 2047
379.300 2007
379.314 2065
379.327 2020
379.341 2073
379.355 2079
379.368 2151
379.382 2131
379.396 2124
379.409 2133
379.423 2129
379.436 2215
379.450 2146
379.464 2217
379.477 2192
379.491 2194
379.505 2256
379.518 2280
379.532 2261
379.546 2280
379.559 2320
379.573 2325
379.586 2336
379.600 2383
379.614 2420
379.627 2456
379.641 2426
379.655 2455
379.668 2431
379.682 2442
379.695 2410
379.709 2467
379.723 2535
379.736 2571
379.750 2608
379.764 2740
379.777 2723
379.791 2782
379.804 2750
379.818 2822
379.832 2808
379.845 2730
379.859 2717
379.873 2737
379.886 2789
379.900 2868
379.913 2882
379.927 2889
379.941 2975
379.954 3072
379.968 3087
379.982 3051
379.995 3199
380.009 3113
380.022 3189
380.036 3138
380.050 3230
380.063 3335
380.077 3429
380.090 3476
380.104 3549
380.118 3573
380.131 3581
380.145 3652
380.159 3687
380.172 3793
380.186 3794
380.199 3898
380.213 3909
380.227 3992
380.240 4064
380.254 3930
380.267 3924
380.281 4047
380.295 4061
380.308 4151
380.322 4201
380.336 4294
380.349 4393
380.363 4426
380.376 4477
380.390 4518
380.404 4605
380.417 4618
380.431 4701
380.444 4691
380.458 4778
380.472 4879
380.485 4954
380.499 4964
380.512 5046
380.526 5043
380.540 5147
380.553 5172
380.567 5303
380.580 5403
380.594 5471
380.608 5547
380.621 5794
380.635 5780
380.648 5787
380.662 5916
380.676 5957
380.689 6109
380.703 6133
380.716 6122
380.730 6247
380.744 6364
380.757 6462
380.771 6567
380.784 6739
380.798 6815
380.812 6780
380.825 6866
380.839 7018
380.852 7216
380.866 7365
380.880 7511
380.893 7372
380.907 7456
380.920 7557
380.934 7607
380.948 7727
380.961 7748
380.975 7899
380.988 7853
381.002 7858
381.015 7981
381.029 8115
381.043 8176
381.056 8243
381.070 8351
381.083 8393
381.097 8450
381.111 8594
381.124 8798
381.138 8876
381.151 8850
381.165 9091
381.179 9044
381.192 9028
381.206 8979
381.219 9148
381.233 9058
381.246 9230
381.260 9344
381.274 9469
381.287 9534
381.301 9612
381.314 9595
381.328 9755
381.341 9923
381.355 9945
381.369 9950
381.382 10047
381.396 10149
381.409 10268
381.423 10441
381.437 10562
381.450 10497
381.464 10617
381.477 10978
381.491 11098
381.504 10979
381.518 11093
381.532 11033
381.545 11312
381.559 11470
381.572 11815
381.586 11848
381.599 11763
381.613 11808
381.627 11922
381.640 11946
381.654 12078
381.667 12078
381.681 12144
381.694 12129
381.708 12013
381.722 11867
381.735 12038
381.749 12005
381.762 12310
381.776 12282
381.789 12382
381.803 12388
381.817 12477
381.830 12386
381.844 12568
381.857 12604
381.871 12674
381.884 12806
381.898 12881
381.911 12995
381.925 13030
381.939 13089
381.952 13197
381.966 13084
381.979 13484
381.993 13803
382.006 13782
382.020 13921
382.034 14020
382.047 13940
382.061 13922
382.074 13968
382.088 14037
382.101 14039
382.115 14050
382.128 14137
382.142 14490
382.156 15010
382.169 15186
382.183 15034
382.196 15054
382.210 15035
382.223 15068
382.237 15107
382.250 15195
382.264 15357
382.278 15477
382.291 15678
382.305 15778
382.318 15912
382.332 16168
382.345 15766
382.359 15707
382.372 15651
382.386 15893
382.399 15976
382.413 15957
382.427 16218
382.440 16245
382.454 16399
382.467 16422
382.481 16965
382.494 17244
382.508 17620
382.521 17617
382.535 17596
382.548 17582
382.562 17481
382.576 17623
382.589 17752
382.603 17754
382.616 18043
382.630 18318
382.643 18457
382.657 18578
382.670 18723
382.684 18773
382.697 18639
382.711 18764
382.724 18944
382.738 19051
382.752 19161
382.765 19118
382.779 19289
382.792 19636
382.806 19590
382.819 19804
382.833 19978
382.846 19959
382.860 20250
382.873 20383
382.887 20485
382.900 20855
382.914 20864
382.928 21208
382.941 21404
382.955 21644
382.968 21694
382.982 22084
382.995 21958
383.009 22183
383.022 22090
383.036 22498
383.049 22469
383.063 22792
383.076 22790
383.090 22796
383.103 22943
383.117 23121
383.130 23378
383.144 23425
383.158 23731
383.171 23804
383.185 23907
383.198 24148
383.212 24674
383.225 24772
383.239 25006
383.252 25280
383.266 25466
383.279 25656
383.293 25596
383.306 25950
383.320 26232
383.333 26687
383.347 27099
383.360 26725
383.374 26491
383.387 26973
383.401 26843
383.414 27219
383.428 26766
383.441 27142
383.455 27152
383.468 27003
383.482 27319
383.496 28198
383.509 27889
383.523 27928
383.536 27858
383.550 28186
383.563 28092
383.577 28319
383.590 28662
383.604 28421
383.617 28234
383.631 28018
383.644 27914
383.658 27883
383.671 28208
383.685 28312
383.698 28303
383.712 28494
383.725 28736
383.739 28514
383.752 28326
383.766 28390
383.779 28400
383.793 28226
383.806 28168
383.820 28673
383.833 28727
383.847 28723
383.860 28944
383.874 29004
383.887 28387
383.901 28203
383.914 28555
383.928 28447
383.941 28370
383.955 28090
383.968 27959
383.982 27877
383.995 27563
384.009 27535
384.022 27684
384.036 27408
384.049 27486
384.063 27556
384.076 28046
384.090 28233
384.103 28342
384.117 28183
384.130 27746
384.144 26947
384.157 26496
384.171 26220
384.184 25933
384.198 25707
384.211 25456
384.225 25538
384.238 25562
384.252 25337
384.265 25251
384.279 24894
384.292 24710
384.306 24163
384.319 23487
384.333 23390
384.346 22677
384.360 22459
384.373 21814
384.387 21667
384.400 21078
384.414 20838
384.427 20536
384.441 20009
384.454 19642
384.468 19113
384.481 18419
384.495 18305
384.508 17693
384.522 17578
384.535 16827
384.549 16584
384.562 16060
384.575 15626
384.589 15503
384.602 15191
384.616 14831
384.629 14564
384.643 14082
384.656 13603
384.670 13094
384.683 12690
384.697 12352
384.710 11982
384.724 11583
384.737 11209
384.751 10875
384.764 10464
384.778 10125
384.791 10131
384.805 9779
384.818 9323
384.832 9146
384.845 8873
384.859 8557
384.872 8307
384.885 7944
384.899 7918
384.912 7540
384.926 7369
384.939 7271
384.953 6951
384.966 6807
384.980 6738
384.993 6497
385.007 6393
385.020 6293
385.034 6070
385.047 5893
385.061 5729
385.074 5634
385.088 5568
385.101 5438
385.114 5388
385.128 5265
385.141 5157
385.155 5114
385.168 5056
385.182 5056
385.195 4995
385.209 4932
385.222 4698
385.236 4718
385.249 4647
385.263 4533
385.276 4395
385.290 4401
385.303 4192
385.316 4190
385.330 4117
385.343 4214
385.357 4152
385.370 4044
385.384 3965
385.397 3876
385.411 3885
385.424 3847
385.438 3717
385.451 3699
385.464 3773
385.478 3705
385.491 3683
385.505 3616
385.518 3584
385.532 3527
385.545 3463
385.559 3426
385.572 3401
385.586 3435
385.599 3401
385.612 3408
385.626 3301
385.639 3357
385.653 3361
385.666 3351
385.680 3305
385.693 3287
385.707 3186
385.720 3190
385.734 3153
385.747 3161
385.760 3115
385.774 3076
385.787 3072
385.801 2980
385.814 2930
385.828 2879
385.841 2929
385.855 2896
385.868 2840
385.881 2820
385.895 2815
385.908 2819
385.922 2827
385.935 2734
385.949 2732
385.962 2702
385.976 2688
385.989 2631
386.002 2690
386.016 2725
386.029 2718
386.043 2666
386.056 2674
386.070 2541
386.083 2576
386.097 2613
386.110 2611
386.123 2579
386.137 2572
386.150 2543
386.164 2503
386.177 2505
386.191 2488
386.204 2433
386.217 2445
386.231 2451
386.244 2421
386.258 2421
386.271 2441
386.285 2415
386.298 2418
386.311 2387
386.325 2355
386.338 2284
386.352 2314
386.365 2275
386.379 2333
386.392 2309
386.405 2224
386.419 2265
386.432 2245
386.446 2294
386.459 2277
386.473 2272
386.486 2157
386.499 2162
386.513 2185
386.526 2179
386.540 2188
386.553 2123
386.567 2117
386.580 2155
386.593 2167
386.607 2153
386.620 2147
386.634 2180
386.647 2136
386.661 2128
386.674 2105
386.687 2076
386.701 2042
386.714 2066
386.728 2036
386.741 2041
386.754 2062
386.768 1996
386.781 1990
386.795 1972
386.808 1966
386.822 1924
386.835 1933
386.848 1919
386.862 1933
386.875 1912
386.889 1900
386.902 1917
386.915 1906
386.929 1883
386.942 1898
386.956 1896
386.969 1833
386.983 1841
386.996 1842
387.009 1817
387.023 1826
387.036 1838
387.050 1804
387.063 1794
387.076 1767
387.090 1778
387.103 1783
387.117 1755
387.130 1778
387.143 1753
387.157 1768
387.170 1741
387.184 1764
387.197 1718
387.210 1727
387.224 1705
387.237 1719
387.251 1678
387.264 1666
387.278 1682
387.291 1666
387.304 1671
387.318 1638
387.331 1636
387.345 1646
387.358 1627
387.371 1610
387.385 1594
387.398 1611
387.412 1595
387.425 1590
387.438 1554
387.452 1552
387.465 1535
387.478 1546
387.492 1524
387.505 1507
387.519 1530
387.532 1525
387.545 1525
387.559 1498
387.572 1503
387.586 1489
387.599 1474
387.612 1450
387.626 1487
387.639 1465
387.653 1452
387.666 1427
387.679 1423
387.693 1389
387.706 1396
387.720 1389
387.733 1407
387.746 1392
387.760 1424
387.773 1415
387.787 1380
387.800 1377
387.813 1374
387.827 1367
387.840 1352
387.853 1324
387.867 1349
387.880 1356
387.894 1382
387.907 1362
387.920 1352
387.934 1300
387.947 1322
387.961 1304
387.974 1298
387.987 1288
388.001 1271
388.014 1292
388.027 1289
388.041 1249
388.054 1268
388.068 1247
388.081 1256
388.094 1276
388.108 1255
388.121 1253
388.134 1237
388.148 1206
388.161 1252
388.175 1215
388.188 1211
388.201 1206
388.215 1217
388.228 1211
388.241 1195
388.255 1195
388.268 1196
388.282 1192
388.295 1180
388.308 1185
388.322 1161
388.335 1179
388.348 1150
388.362 1182
388.375 1200
388.389 1190
388.402 1174
388.415 1192
388.429 1188
388.442 1168
388.455 1204
388.469 1174
388.482 1145
388.495 1178
388.509 1192
388.522 1197
388.536 1173
388.549 1161
388.562 1161
388.576 1158
388.589 1146
388.602 1138
388.616 1159
388.629 1157
388.642 1184
388.656 1145
388.669 1122
388.683 1152
388.696 1145
388.709 1140
388.723 1161
388.736 1164
388.749 1155
388.763 1136
388.776 1136
388.789 1146
388.803 1113
388.816 1118
388.829 1122
388.843 1131
388.856 1115
388.870 1094
388.883 1117
388.896 1111
388.910 1108
388.923 1133
388.936 1108
388.950 1104
388.963 1106
388.976 1109
388.990 1116
389.003 1091
389.016 1092
389.030 1121
389.043 1122
389.056 1122
389.070 1107
389.083 1107
389.097 1090
389.110 1091
389.123 1091
389.137 1084
389.150 1099
389.163 1089
389.177 1085
389.190 1069
389.203 1099
389.217 1081
389.230 1100
389.243 1062
389.257 1060
389.270 1064
389.283 1072
389.297 1070
389.310 1075
389.323 1073
389.337 1076
389.350 1062
389.363 1060
389.377 1043
389.390 1024
389.403 1048
389.417 1069
389.430 1037
389.443 1063
389.457 1080
389.470 1081
389.483 1054
389.497 1062
389.510 1047
389.523 1070
389.537 1039
389.550 1059
389.563 1049
389.577 1004
389.590 1028
389.603 1026
389.617 1036
389.630 1025
389.643 1033
389.657 1000
389.670 1028
389.683 1042
389.697 1006
389.710 1015
389.723 1024
389.737 1026
389.750 1009
389.763 1013
389.777 983
389.790 1012
389.803 1001
389.817 985
389.830 1017
389.843 994
389.857 975
389.870 985
389.883 963
389.897 985
389.910 966
389.923 955
389.937 1001
389.950 979
389.963 963
389.977 975
389.990 983
390.003 984
390.017 967
390.030 986
390.043 960
390.057 961
390.070 945
390.083 933
390.096 923
390.110 955
390.123 915
390.136 915
390.150 927
390.163 934
390.176 929
390.190 924
390.203 940
390.216 918
390.230 902
390.243 909
390.256 901
390.270 915
390.283 871
390.296 902
390.310 898
390.323 887
390.336 888
390.349 891
390.363 889
390.376 871
390.389 900
390.403 882
390.416 878
390.429 866
390.443 882
390.456 874
390.469 831
390.483 863
390.496 869
390.509 854
390.522 834
390.536 861
390.549 854
390.562 850
390.576 847
390.589 850
390.602 814
390.616 827
390.629 834
390.642 806
390.655 826
390.669 826
390.682 816
390.695 821
390.709 823
390.722 776
390.735 811
390.749 817
390.762 813
390.775 789
390.788 816
390.802 812
390.815 788
390.828 802
390.842 806
390.855 781
390.868 796
390.882 774
390.895 778
390.908 774
390.921 788
390.935 774
390.948 770
390.961 777
390.975 795
390.988 774
391.001 763
391.014 775
391.028 766
391.041 752
391.054 756
391.068 764
391.081 784
391.094 763
391.107 765
391.121 762
391.134 758
391.147 755
391.161 744
391.174 742
391.187 749
391.200 754
391.214 748
391.227 754
391.240 728
391.254 741
391.267 756
391.280 747
391.293 754
391.307 743
391.320 741
391.333 737
391.347 744
391.360 738
391.373 731
391.386 752
391.400 729
391.413 725
391.426 737
391.440 724
391.453 738
391.466 722
391.479 733
391.493 726
391.506 728
391.519 734
391.532 744
391.546 739
391.559 713
391.572 738
391.586 718
391.599 713
391.612 723
391.625 718
391.639 722
391.652 713
391.665 712
391.678 714
391.692 713
391.705 714
391.718 718
391.732 711
391.745 716
391.758 696
391.771 702
391.785 730
391.798 720
391.811 719
391.824 725
391.838 718
391.851 713
391.864 717
391.877 708
391.891 709
391.904 710
391.917 718
391.931 706
391.944 710
391.957 710
391.970 712
391.984 713
391.997 699
392.010 705
392.023 704
392.037 708
392.050 713
392.063 703
392.076 709
392.090 713
392.103 699
392.116 713
392.129 709
392.143 698
392.156 712
392.169 709
392.182 703
392.196 706
392.209 708
392.222 700
392.235 690
392.249 692
392.262 716
392.275 688
392.288 697
392.302 694
392.315 694
392.328 699
392.341 694
392.355 708
392.368 701
392.381 700
392.394 704
392.408 688
392.421 699
392.434 709
392.447 691
392.461 706
392.474 705
392.487 699
392.500 711
392.514 697
392.527 697
392.540 692
392.553 692
392.567 698
392.580 690
392.593 695
392.606 693
392.620 692
392.633 691
392.646 697
392.659 696
392.673 694
392.686 694
392.699 685
392.712 698
392.726 693
392.739 677
392.752 695
392.765 695
392.778 683
392.792 680
392.805 688
392.818 696
392.831 702
392.845 685
392.858 678
392.871 687
392.884 693
392.898 689
392.911 694
392.924 688
392.937 682
392.951 702
392.964 680
392.977 687
392.990 699
393.003 683
393.017 684
393.030 687
393.043 689
393.056 685
393.070 694
393.083 684
393.096 692
393.109 679
393.122 697
393.136 680
393.149 683
393.162 678
393.175 680
393.189 685
393.202 681
393.215 690
393.228 681
393.242 688
393.255 682
393.268 688
393.281 686
393.294 678
393.308 676
393.321 674
393.334 680
393.347 680
393.360 689
393.374 688
393.387 685
393.400 683
393.413 690
393.427 681
393.440 680
393.453 678
393.466 669
393.479 668
393.493 676
393.506 686
393.519 682
393.532 683
393.546 682
393.559 671
393.572 685
393.585 686
393.598 680
393.612 676
393.625 686
393.638 670
393.651 675
393.664 677
393.678 687
393.691 672
393.704 672
393.717 677
393.730 674
393.744 677
393.757 677
393.770 671
393.783 679
393.796 670
393.810 674
393.823 662
393.836 679
393.849 679
393.863 689
393.876 666
393.889 667
393.902 670
393.915 665
393.929 670
