375.891 807
375.905 804
375.919 833
375.933 802
375.946 819
375.960 832
375.974 838
375.987 823
376.001 840
376.015 826
376.029 830
376.042 847
376.056 847
376.070 823
376.084 864
376.097 866
376.111 855
376.125 867
376.139 875
376.152 872
376.166 873
376.180 891
376.193 889
376.207 895
376.221 876
376.235 881
376.248 898
376.262 896
376.276 920
376.290 911
376.303 918
376.317 916
376.331 886
376.345 886
376.358 922
376.372 921
376.386 906
376.399 923
376.413 939
376.427 939
376.441 966
376.454 940
376.468 929
376.482 963
376.495 928
376.509 941
376.523 988
376.537 990
376.550 981
376.564 1004
376.578 993
376.592 997
376.605 1000
376.619 1023
376.633 1013
376.646 982
376.660 983
376.674 1020
376.688 984
376.701 1009
376.715 1022
376.729 1035
376.742 1033
376.756 1062
376.770 1036
376.784 1048
376.797 1060
376.811 1045
376.825 1049
376.838 1055
376.852 1074
376.866 1090
376.880 1092
376.893 1072
376.907 1070
376.921 1086
376.934 1097
376.948 1074
376.962 1104
376.976 1128
376.989 1102
377.003 1139
377.017 1154
377.030 1130
377.044 1164
377.058 1156
377.071 1167
377.085 1151
377.099 1155
377.113 1160
377.126 1194
377.140 1163
377.154 1212
377.167 1190
377.181 1213
377.195 1187
377.208 1193
377.222 1205
377.236 1242
377.250 1178
377.263 1241
377.277 1228
377.291 1240
377.304 1232
377.318 1272
377.332 1269
377.345 1284
377.359 1258
377.373 1253
377.387 1266
377.400 1254
377.414 1325
377.428 1284
377.441 1270
377.455 1318
377.469 1338
377.482 1326
377.496 1317
377.510 1333
377.524 1348
377.537 1361
377.551 1350
377.565 1346
377.578 1327
377.592 1328
377.606 1334
377.619 1357
377.633 1349
377.647 1356
377.660 1402
377.674 1386
377.688 1351
377.701 1357
377.715 1380
377.729 1379
377.743 1393
377.756 1402
377.770 1413
377.784 1414
377.797 1402
377.811 1421
377.825 1429
377.838 1422
377.852 1420
377.866 1449
377.879 1454
377.893 1424
377.907 1461
377.920 1464
377.934 1451
377.948 1420
377.961 1419
377.975 1432
377.989 1481
378.002 1449
378.016 1439
378.030 1465
378.044 1439
378.057 1497
378.071 1438
378.085 1478
378.098 1467
378.112 1470
378.126 1492
378.139 1470
378.153 1487
378.167 1476
378.180 1529
378.194 1492
378.208 1508
378.221 1522
378.235 1515
378.249 1544
378.262 1501
378.276 1490
378.290 1537
378.303 1577
378.317 1533
378.331 1558
378.344 1543
378.358 1543
378.372 1509
378.385 1554
378.399 1540
378.413 1586
378.426 1514
378.440 1584
378.454 1555
378.467 1577
378.481 1566
378.495 1572
378.508 1570
378.522 1575
378.536 1569
378.549 1565
378.563 1569
378.577 1587
378.590 1581
378.604 1588
378.618 1638
378.631 1618
378.645 1635
378.659 1591
378.672 1649
378.686 1685
378.700 1644
378.713 1718
378.727 1702
378.740 1660
378.754 1675
378.768 1705
378.781 1714
378.795 1704
378.809 1694
378.822 1733
378.836 1750
378.850 1687
378.863 1714
378.877 1729
378.891 1689
378.904 1730
378.918 1729
378.932 1749
378.945 1754
378.959 1755
378.973 1732
378.986 1771
379.000 1734
379.014 1757
379.027 1781
379.041 1810
379.054 1760
379.068 1753
379.082 1806
379.095 1805
379.109 1819
379.123 1775
379.136 1818
379.150 1823
379.164 1828
379.177 1789
379.191 1867
379.205 1838
379.218 1827
379.232 1899
379.245 1866
379.259 1858
379.273 1853
379.286 1914
379.300 1867
379.314 1895
379.327 1926
379.341 1912
379.355 1923
379.368 2025
379.382 1999
379.396 2006
379.409 1989
379.423 2005
379.436 2040
379.450 2078
379.464 2024
379.477 2086
379.491 2116
379.505 2057
379.518 2081
379.532 2124
379.546 2178
379.559 2211
379.573 2153
379.586 2182
379.600 2115
379.614 2256
379.627 2271
379.641 2319
379.655 2252
379.668 2249
379.682 2306
379.695 2278
379.709 2307
379.723 2336
379.736 2473
379.750 2452
379.764 2558
379.777 2565
379.791 2620
379.804 2606
379.818 2657
379.832 2602
379.845 2565
379.859 2548
379.873 2588
379.886 2644
379.900 2685
379.913 2693
379.927 2735
379.941 2709
379.954 2863
379.968 2864
379.982 2862
379.995 2882
380.009 2786
380.022 2932
380.036 2905
380.050 2976
380.063 3062
380.077 3154
380.090 3271
380.104 3319
380.118 3333
380.131 3402
380.145 3403
380.159 3373
380.172 3415
380.186 3523
380.199 3575
380.213 3648
380.227 3676
380.240 3758
380.254 3697
380.267 3637
380.281 3771
380.295 3797
380.308 3862
380.322 3907
380.336 3889
380.349 3972
380.363 4081
380.376 4145
380.390 4192
380.404 4260
380.417 4297
380.431 4356
380.444 4362
380.458 4416
380.472 4540
380.485 4492
380.499 4638
380.512 4608
380.526 4722
380.540 4757
380.553 4762
380.567 4829
380.580 4850
380.594 5017
380.608 5212
380.621 5375
380.635 5319
380.648 5476
380.662 5402
380.676 5482
380.689 5570
380.703 5673
380.716 5715
380.730 5732
380.744 5887
380.757 6021
380.771 6122
380.784 6245
380.798 6234
380.812 6241
380.825 6370
380.839 6361
380.852 6586
380.866 6843
380.880 6819
380.893 6902
380.907 6811
380.920 6820
380.934 7005
380.948 7127
380.961 7103
380.975 7162
380.988 7250
381.002 7236
381.015 7404
381.029 7315
381.043 7576
381.056 7581
381.070 7554
381.083 7668
381.097 7724
381.111 7901
381.124 7979
381.138 8075
381.151 8163
381.165 8245
381.179 8211
381.192 8236
381.206 8290
381.219 8350
381.233 8471
381.246 8588
381.260 8635
381.274 8576
381.287 8798
381.301 8759
381.314 8900
381.328 8837
381.341 9032
381.355 9174
381.369 9074
381.382 9321
381.396 9203
381.409 9629
381.423 9584
381.437 9638
381.450 9696
381.464 9730
381.477 9929
381.491 10036
381.504 10190
381.518 10144
381.532 10146
381.545 10427
381.559 10693
381.572 10708
381.586 10787
381.599 10684
381.613 10801
381.627 10951
381.640 10939
381.654 11123
381.667 11131
381.681 11136
381.694 11213
381.708 11114
381.722 11072
381.735 11129
381.749 11098
381.762 11243
381.776 11166
381.789 11271
381.803 11234
381.817 11383
381.830 11475
381.844 11594
381.857 11636
381.871 11816
381.884 11838
381.898 11934
381.911 11887
381.925 12090
381.939 11952
381.952 12142
381.966 12252
381.979 12249
381.993 12591
382.006 12709
382.020 12817
382.034 12789
382.047 12878
382.061 12884
382.074 12828
382.088 12748
382.101 12830
382.115 12887
382.128 13002
382.142 13396
382.156 13839
382.169 14051
382.183 13756
382.196 13855
382.210 13903
382.223 13824
382.237 13937
382.250 14057
382.264 14062
382.278 14248
382.291 14322
382.305 14550
382.318 14875
382.332 14899
382.345 14518
382.359 14357
382.372 14280
382.386 14530
382.399 14553
382.413 14589
382.427 14753
382.440 14822
382.454 15095
382.467 15084
382.481 15577
382.494 15773
382.508 15940
382.521 16027
382.535 15824
382.548 15956
382.562 15959
382.576 16162
382.589 16100
382.603 16140
382.616 16378
382.630 16425
382.643 16644
382.657 16666
382.670 17106
382.684 17145
382.697 16979
382.711 17051
382.724 17214
382.738 17265
382.752 17402
382.765 17529
382.779 17708
382.792 17714
382.806 17922
382.819 17895
382.833 18268
382.846 18178
382.860 18493
382.873 18505
382.887 18706
382.900 18763
382.914 19040
382.928 19183
382.941 19461
382.955 19423
382.968 19623
382.982 19936
382.995 19973
383.009 20075
383.022 20121
383.036 20148
383.049 20501
383.063 20492
383.076 20644
383.090 20775
383.103 20930
383.117 20949
383.130 21020
383.144 21113
383.158 21295
383.171 21296
383.185 21636
383.198 21815
383.212 22271
383.225 22346
383.239 22388
383.252 22718
383.266 22916
383.279 22982
383.293 23246
383.306 23132
383.320 23458
383.333 24168
383.347 24063
383.360 23924
383.374 23956
383.387 24170
383.401 24220
383.414 24505
383.428 24275
383.441 24224
383.455 24141
383.468 24057
383.482 24352
383.496 25098
383.509 25164
383.523 25126
383.536 25201
383.550 25211
383.563 25233
383.577 25548
383.590 25829
383.604 25711
383.617 25304
383.631 25330
383.644 25134
383.658 24985
383.671 25029
383.685 24997
383.698 25190
383.712 25339
383.725 25545
383.739 25154
383.752 25034
383.766 25044
383.779 25030
383.793 25197
383.806 25171
383.820 25705
383.833 25552
383.847 25459
383.860 25586
383.874 25593
383.887 24946
383.901 24834
383.914 24898
383.928 25155
383.941 24970
383.955 24531
383.968 24455
383.982 24263
383.995 24228
384.009 24028
384.022 24286
384.036 23752
384.049 24061
384.063 24088
384.076 24362
384.090 24488
384.103 24637
384.117 24673
384.130 24370
384.144 23218
384.157 23130
384.171 22591
384.184 22623
384.198 22478
384.211 22202
384.225 21837
384.238 22172
384.252 22081
384.265 21723
384.279 21319
384.292 21319
384.306 20867
384.319 20375
384.333 20019
384.346 19650
384.360 19388
384.373 19080
384.387 18718
384.400 18296
384.414 18022
384.427 17716
384.441 17203
384.454 16895
384.468 16327
384.481 16241
384.495 15675
384.508 15572
384.522 15106
384.535 14898
384.549 14395
384.562 13922
384.575 13637
384.589 13279
384.602 13251
384.616 12900
384.629 12532
384.643 12293
384.656 11865
384.670 11351
384.683 10993
384.697 10705
384.710 10382
384.724 10163
384.737 9798
384.751 9482
384.764 9129
384.778 9006
384.791 8702
384.805 8537
384.818 8276
384.832 8028
384.845 7849
384.859 7593
384.872 7268
384.885 7075
384.899 6853
384.912 6684
384.926 6441
384.939 6336
384.953 6238
384.966 5942
384.980 5952
384.993 5744
385.007 5701
385.020 5507
385.034 5372
385.047 5356
385.061 5236
385.074 5048
385.088 4860
385.101 4910
385.114 4792
385.128 4710
385.141 4642
385.155 4597
385.168 4500
385.182 4598
385.195 4505
385.209 4477
385.222 4354
385.236 4288
385.249 4247
385.263 4107
385.276 4055
385.290 4020
385.303 3863
385.316 3843
385.330 3835
385.343 3807
385.357 3812
385.370 3652
385.384 3622
385.397 3554
385.411 3553
385.424 3492
385.438 3468
385.451 3506
385.464 3440
385.478 3399
385.491 3333
385.505 3323
385.518 3281
385.532 3307
385.545 3235
385.559 3114
385.572 3173
385.586 3149
385.599 3172
385.612 3140
385.626 3079
385.639 3048
385.653 3081
385.666 3146
385.680 3052
385.693 3053
385.707 3008
385.720 2990
385.734 2919
385.747 2889
385.760 2870
385.774 2850
385.787 2832
385.801 2785
385.814 2721
385.828 2724
385.841 2690
385.855 2641
385.868 2654
385.881 2634
385.895 2643
385.908 2596
385.922 2635
385.935 2607
385.949 2537
385.962 2540
385.976 2553
385.989 2523
386.002 2528
386.016 2501
386.029 2519
386.043 2470
386.056 2431
386.070 2362
386.083 2436
386.097 2396
386.110 2432
386.123 2388
386.137 2395
386.150 2353
386.164 2361
386.177 2365
386.191 2362
386.204 2292
386.217 2271
386.231 2271
386.244 2229
386.258 2294
386.271 2242
386.285 2246
386.298 2262
386.311 2238
386.325 2242
386.338 2154
386.352 2136
386.365 2157
386.379 2143
386.392 2161
386.405 2107
386.419 2121
386.432 2117
386.446 2099
386.459 2091
386.473 2102
386.486 2059
386.499 2034
386.513 2077
386.526 2034
386.540 2007
386.553 1989
386.567 1993
386.580 1996
386.593 2068
386.607 2070
386.620 2051
386.634 2002
386.647 1994
386.661 1973
386.674 1983
386.687 1961
386.701 1938
386.714 1902
386.728 1867
386.741 1907
386.754 1876
386.768 1889
386.781 1891
386.795 1871
386.808 1827
386.822 1841
386.835 1856
386.848 1830
386.862 1810
386.875 1795
386.889 1802
386.902 1779
386.915 1795
386.929 1743
386.942 1769
386.956 1727
386.969 1755
386.983 1701
386.996 1699
387.009 1716
387.023 1696
387.036 1719
387.050 1673
387.063 1712
387.076 1689
387.090 1674
387.103 1685
387.117 1686
387.130 1678
387.143 1698
387.157 1660
387.170 1652
387.184 1632
387.197 1623
387.210 1629
387.224 1602
387.237 1596
387.251 1594
387.264 1560
387.278 1544
387.291 1588
387.304 1546
387.318 1531
387.331 1545
387.345 1541
387.358 1538
387.371 1500
387.385 1500
387.398 1505
387.412 1481
387.425 1501
387.438 1458
387.452 1450
387.465 1436
387.478 1403
387.492 1437
387.505 1421
387.519 1412
387.532 1447
387.545 1440
387.559 1451
387.572 1460
387.586 1413
387.599 1381
387.612 1396
387.626 1412
387.639 1376
387.653 1388
387.666 1339
387.679 1341
387.693 1336
387.706 1283
387.720 1343
387.733 1340
387.746 1343
387.760 1303
387.773 1306
387.787 1326
387.800 1324
387.813 1318
387.827 1298
387.840 1263
387.853 1291
387.867 1303
387.880 1294
387.894 1305
387.907 1306
387.920 1238
387.934 1275
387.947 1248
387.961 1251
387.974 1246
387.987 1250
388.001 1236
388.014 1214
388.027 1230
388.041 1219
388.054 1220
388.068 1190
388.081 1201
388.094 1230
388.108 1192
388.121 1216
388.134 1187
388.148 1170
388.161 1161
388.175 1170
388.188 1154
388.201 1150
388.215 1143
388.228 1167
388.241 1153
388.255 1160
388.268 1145
388.282 1154
388.295 1132
388.308 1136
388.322 1139
388.335 1145
388.348 1131
388.362 1141
388.375 1134
388.389 1138
388.402 1123
388.415 1143
388.429 1150
388.442 1124
388.455 1155
388.469 1142
388.482 1133
388.495 1149
388.509 1141
388.522 1141
388.536 1147
388.549 1122
388.562 1111
388.576 1092
388.589 1105
388.602 1114
388.616 1115
388.629 1116
388.642 1086
388.656 1079
388.669 1103
388.683 1125
388.696 1125
388.709 1124
388.723 1098
388.736 1104
388.749 1100
388.763 1100
388.776 1070
388.789 1099
388.803 1071
388.816 1092
388.829 1101
388.843 1046
388.856 1084
388.870 1051
388.883 1076
388.896 1071
388.910 1084
388.923 1071
388.936 1072
388.950 1093
388.963 1092
388.976 1082
388.990 1065
389.003 1092
389.016 1061
389.030 1074
389.043 1073
389.056 1086
389.070 1069
389.083 1058
389.097 1069
389.110 1032
389.123 1070
389.137 1052
389.150 1060
389.163 1043
389.177 1051
389.190 1060
389.203 1060
389.217 1009
389.230 1058
389.243 1037
389.257 1025
389.270 1038
389.283 1021
389.297 1045
389.310 1031
389.323 1043
389.337 1042
389.350 1033
389.363 1019
389.377 1020
389.390 1026
389.403 1033
389.417 1028
389.430 1024
389.443 1019
389.457 1031
389.470 1032
389.483 1031
389.497 1024
389.510 1033
389.523 1006
389.537 980
389.550 1016
389.563 1009
389.577 994
389.590 1003
389.603 978
389.617 985
389.630 978
389.643 998
389.657 1012
389.670 987
389.683 961
389.697 991
389.710 979
389.723 1010
389.737 1000
389.750 991
389.763 998
389.777 982
389.790 988
389.803 972
389.817 999
389.830 985
389.843 952
389.857 956
389.870 934
389.883 940
389.897 956
389.910 944
389.923 957
389.937 948
389.950 942
389.963 929
389.977 948
389.990 946
390.003 958
390.017 951
390.030 939
390.043 921
390.057 920
390.070 925
390.083 919
390.096 919
390.110 901
390.123 901
390.136 916
390.150 898
390.163 897
390.176 893
390.190 912
390.203 898
390.216 893
390.230 887
390.243 882
390.256 868
390.270 884
390.283 883
390.296 868
390.310 862
390.323 864
390.336 869
390.349 885
390.363 872
390.376 871
390.389 888
390.403 853
390.416 880
390.429 859
390.443 821
390.456 846
390.469 846
390.483 843
390.496 852
390.509 820
390.522 852
390.536 831
390.549 823
390.562 819
390.576 807
390.589 815
390.602 804
390.616 819
390.629 800
390.642 796
390.655 797
390.669 814
390.682 802
390.695 800
390.709 789
390.722 795
390.735 796
390.749 782
390.762 798
390.775 778
390.788 773
390.802 778
390.815 792
390.828 775
390.842 764
390.855 772
390.868 774
390.882 778
390.895 762
390.908 770
390.921 766
390.935 759
390.948 754
390.961 759
390.975 765
390.988 761
391.001 761
391.014 764
391.028 762
391.041 745
391.054 754
391.068 754
391.081 743
391.094 754
391.107 746
391.121 762
391.134 740
391.147 758
391.161 734
391.174 737
391.187 748
391.200 733
391.214 748
391.227 747
391.240 720
391.254 740
391.267 736
391.280 727
391.293 727
391.307 746
391.320 742
391.333 727
391.347 723
391.360 725
391.373 724
391.386 735
391.400 723
391.413 739
391.426 736
391.440 723
391.453 713
391.466 726
391.479 722
391.493 727
391.506 715
391.519 715
391.532 722
391.546 710
391.559 716
391.572 707
391.586 702
391.599 709
391.612 723
391.625 715
391.639 721
391.652 730
391.665 706
391.678 731
391.692 711
391.705 713
391.718 717
391.732 713
391.745 720
391.758 705
391.771 702
391.785 713
391.798 707
391.811 701
391.824 711
391.838 713
391.851 712
391.864 704
391.877 705
391.891 698
391.904 705
391.917 712
391.931 705
391.944 706
391.957 710
391.970 711
391.984 702
391.997 717
392.010 700
392.023 707
392.037 699
392.050 717
392.063 701
392.076 690
392.090 693
392.103 703
392.116 704
392.129 706
392.143 708
392.156 696
392.169 704
392.182 684
392.196 714
392.209 685
392.222 697
392.235 698
392.249 704
392.262 701
392.275 696
392.288 694
392.302 704
392.315 690
392.328 690
392.341 691
392.355 706
392.368 699
392.381 696
392.394 699
392.408 685
392.421 694
392.434 693
392.447 687
392.461 698
392.474 686
392.487 698
392.500 687
392.514 683
392.527 686
392.540 692
392.553 702
392.567 698
392.580 694
392.593 694
392.606 697
392.620 700
392.633 681
392.646 695
392.659 678
392.673 691
392.686 693
392.699 695
392.712 681
392.726 700
392.739 691
392.752 674
392.765 682
392.778 690
392.792 676
392.805 678
392.818 690
392.831 683
392.845 686
392.858 692
392.871 678
392.884 685
392.898 681
392.911 688
392.924 671
392.937 682
392.951 679
392.964 677
392.977 681
392.990 694
393.003 685
393.017 676
393.030 677
393.043 679
393.056 688
393.070 677
393.083 670
393.096 677
393.109 687
393.122 678
393.136 674
393.149 682
393.162 679
393.175 682
393.189 674
393.202 679
393.215 674
393.228 668
393.242 677
393.255 686
393.268 666
393.281 680
393.294 676
393.308 671
393.321 677
393.334 678
393.347 682
393.360 681
393.374 688
393.387 673
393.400 677
393.413 679
393.427 673
393.440 680
393.453 681
393.466 679
393.479 674
393.493 674
393.506 676
393.519 663
393.532 668
393.546 676
393.559 675
393.572 678
393.585 686
393.598 661
393.612 673
393.625 666
393.638 673
393.651 674
393.664 677
393.678 669
393.691 670
393.704 669
393.717 670
393.730 661
393.744 666
393.757 674
393.770 664
393.783 671
393.796 673
393.810 659
393.823 668
393.836 658
393.849 675
393.863 659
393.876 669
393.889 674
393.902 665
393.915 676
393.929 677
