375.891 800
375.905 820
375.919 812
375.933 821
375.946 806
375.960 819
375.974 843
375.987 832
376.001 826
376.015 833
376.029 822
376.042 834
376.056 841
376.070 835
376.084 841
376.097 842
376.111 850
376.125 845
376.139 840
376.152 850
376.166 851
376.180 872
376.193 874
376.207 869
376.221 872
376.235 879
376.248 867
376.262 871
376.276 898
376.290 893
376.303 893
376.317 891
376.331 892
376.345 885
376.358 899
376.372 891
376.386 912
376.399 908
376.413 933
376.427 910
376.441 930
376.454 939
376.468 913
376.482 924
376.495 930
376.509 933
376.523 960
376.537 967
376.550 991
376.564 999
376.578 978
376.592 978
376.605 982
376.619 975
376.633 983
376.646 986
376.660 982
376.674 977
376.688 987
376.701 1012
376.715 999
376.729 1009
376.742 1012
376.756 1008
376.770 1002
376.784 995
376.797 1018
376.811 1039
376.825 1058
376.838 1076
376.852 1054
376.866 1063
376.880 1061
376.893 1043
376.907 1083
376.921 1089
376.934 1072
376.948 1085
376.962 1108
376.976 1102
376.989 1101
377.003 1093
377.017 1103
377.030 1117
377.044 1133
377.058 1171
377.071 1166
377.085 1103
377.099 1119
377.113 1132
377.126 1158
377.140 1150
377.154 1133
377.167 1159
377.181 1149
377.195 1194
377.208 1138
377.222 1196
377.236 1195
377.250 1187
377.263 1216
377.277 1193
377.291 1206
377.304 1227
377.318 1271
377.332 1237
377.345 1232
377.359 1219
377.373 1233
377.387 1245
377.400 1258
377.414 1240
377.428 1265
377.441 1251
377.455 1292
377.469 1277
377.482 1272
377.496 1303
377.510 1287
377.524 1293
377.537 1325
377.551 1286
377.565 1300
377.578 1317
377.592 1310
377.606 1312
377.619 1305
377.633 1295
377.647 1317
377.660 1296
377.674 1340
377.688 1351
377.701 1349
377.715 1343
377.729 1323
377.743 1348
377.756 1376
377.770 1348
377.784 1345
377.797 1380
377.811 1380
377.825 1386
377.838 1368
377.852 1391
377.866 1389
377.879 1371
377.893 1395
377.907 1405
377.920 1415
377.934 1409
377.948 1422
377.961 1419
377.975 1414
377.989 1461
378.002 1447
378.016 1438
378.030 1438
378.044 1421
378.057 1454
378.071 1403
378.085 1429
378.098 1465
378.112 1449
378.126 1415
378.139 1422
378.153 1419
378.167 1437
378.180 1456
378.194 1459
378.208 1467
378.221 1446
378.235 1490
378.249 1501
378.262 1458
378.276 1462
378.290 1483
378.303 1455
378.317 1492
378.331 1490
378.344 1490
378.358 1465
378.372 1520
378.385 1540
378.399 1494
378.413 1557
378.426 1521
378.440 1524
378.454 1526
378.467 1551
378.481 1510
378.495 1535
378.508 1537
378.522 1543
378.536 1562
378.549 1523
378.563 1557
378.577 1576
378.590 1554
378.604 1570
378.618 1563
378.631 1574
378.645 1581
378.659 1577
378.672 1591
378.686 1576
378.700 1640
378.713 1664
378.727 1701
378.740 1643
378.754 1661
378.768 1653
378.781 1642
378.795 1669
378.809 1680
378.822 1708
378.836 1717
378.850 1627
378.863 1688
378.877 1686
378.891 1634
378.904 1692
378.918 1741
378.932 1727
378.945 1689
378.959 1671
378.973 1696
378.986 1708
379.000 1694
379.014 1682
379.027 1727
379.041 1704
379.054 1723
379.068 1749
379.082 1739
379.095 1732
379.109 1767
379.123 1732
379.136 1726
379.150 1760
379.164 1714
379.177 1737
379.191 1783
379.205 1776
379.218 1825
379.232 1816
379.245 1858
379.259 1861
379.273 1879
379.286 1855
379.300 1841
379.314 1867
379.327 1842
379.341 1869
379.355 1893
379.368 1932
379.382 1899
379.396 1913
379.409 1923
379.423 1979
379.436 1991
379.450 1951
379.464 1958
379.477 2005
379.491 1997
379.505 2033
379.518 2061
379.532 2023
379.546 2080
379.559 2134
379.573 2112
379.586 2080
379.600 2147
379.614 2186
379.627 2210
379.641 2261
379.655 2193
379.668 2213
379.682 2250
379.695 2301
379.709 2248
379.723 2197
379.736 2361
379.750 2395
379.764 2441
379.777 2488
379.791 2493
379.804 2534
379.818 2534
379.832 2473
379.845 2443
379.859 2487
379.873 2491
379.886 2532
379.900 2548
379.913 2631
379.927 2602
379.941 2589
379.954 2724
379.968 2737
379.982 2767
379.995 2820
380.009 2833
380.022 2813
380.036 2866
380.050 2925
380.063 2942
380.077 3099
380.090 3107
380.104 3178
380.118 3212
380.131 3195
380.145 3364
380.159 3307
380.172 3334
380.186 3330
380.199 3488
380.213 3572
380.227 3569
380.240 3628
380.254 3584
380.267 3505
380.281 3596
380.295 3631
380.308 3703
380.322 3724
380.336 3857
380.349 3855
380.363 3886
380.376 3968
380.390 3987
380.404 4040
380.417 4091
380.431 4162
380.444 4170
380.458 4266
380.472 4300
380.485 4451
380.499 4434
380.512 4440
380.526 4537
380.540 4588
380.553 4695
380.567 4655
380.580 4667
380.594 4868
380.608 4957
380.621 5129
380.635 5191
380.648 5229
380.662 5195
380.676 5321
380.689 5448
380.703 5450
380.716 5506
380.730 5526
380.744 5626
380.757 5683
380.771 5978
380.784 6052
380.798 6008
380.812 6031
380.825 6098
380.839 6115
380.852 6373
380.866 6586
380.880 6703
380.893 6504
380.907 6393
380.920 6582
380.934 6700
380.948 6765
380.961 6798
380.975 6917
380.988 7033
381.002 7008
381.015 6953
381.029 7134
381.043 7269
381.056 7246
381.070 7242
381.083 7379
381.097 7422
381.111 7458
381.124 7669
381.138 7748
381.151 7823
381.165 7909
381.179 7911
381.192 7942
381.206 8045
381.219 8030
381.233 8179
381.246 8062
381.260 8249
381.274 8248
381.287 8426
381.301 8440
381.314 8524
381.328 8680
381.341 8650
381.355 8709
381.369 8778
381.382 8930
381.396 8952
381.409 9135
381.423 9134
381.437 9261
381.450 9290
381.464 9498
381.477 9567
381.491 9844
381.504 9642
381.518 9725
381.532 9758
381.545 10147
381.559 10269
381.572 10171
381.586 10312
381.599 10332
381.613 10416
381.627 10571
381.640 10529
381.654 10664
381.667 10753
381.681 10714
381.694 10632
381.708 10699
381.722 10551
381.735 10400
381.749 10604
381.762 10720
381.776 10774
381.789 10854
381.803 10934
381.817 11013
381.830 11101
381.844 11206
381.857 11202
381.871 11271
381.884 11351
381.898 11327
381.911 11365
381.925 11430
381.939 11596
381.952 11677
381.966 11728
381.979 11714
381.993 12199
382.006 12266
382.020 12347
382.034 12429
382.047 12399
382.061 12243
382.074 12187
382.088 12165
382.101 12330
382.115 12509
382.128 12517
382.142 12831
382.156 13330
382.169 13377
382.183 13181
382.196 13225
382.210 13216
382.223 13252
382.237 13356
382.250 13288
382.264 13542
382.278 13657
382.291 13777
382.305 13998
382.318 14111
382.332 14235
382.345 13750
382.359 13841
382.372 13845
382.386 13878
382.399 14072
382.413 14183
382.427 14062
382.440 14162
382.454 14287
382.467 14493
382.481 14868
382.494 15139
382.508 15329
382.521 15362
382.535 15328
382.548 15113
382.562 15236
382.576 15318
382.589 15321
382.603 15561
382.616 15631
382.630 15709
382.643 15814
382.657 16269
382.670 16227
382.684 16382
382.697 16362
382.711 16091
382.724 16368
382.738 16530
382.752 16684
382.765 16647
382.779 16730
382.792 17021
382.806 17126
382.819 17321
382.833 17262
382.846 17403
382.860 17593
382.873 17788
382.887 17827
382.900 18044
382.914 18167
382.928 18486
382.941 18324
382.955 18583
382.968 18663
382.982 19080
382.995 19126
383.009 19090
383.022 19328
383.036 19387
383.049 19612
383.063 19682
383.076 19688
383.090 19874
383.103 19846
383.117 19946
383.130 20103
383.144 20143
383.158 20345
383.171 20447
383.185 20521
383.198 20917
383.212 21034
383.225 21041
383.239 21475
383.252 21938
383.266 21791
383.279 21965
383.293 21897
383.306 21949
383.320 22152
383.333 22901
383.347 23074
383.360 23071
383.374 22826
383.387 22846
383.401 23301
383.414 23227
383.428 23070
383.441 23216
383.455 22971
383.468 23102
383.482 23332
383.496 24060
383.509 24227
383.523 23901
383.536 23960
383.550 24029
383.563 24111
383.577 24259
383.590 24540
383.604 24302
383.617 24239
383.631 24045
383.644 23709
383.658 23907
383.671 23844
383.685 24034
383.698 24145
383.712 24213
383.725 24216
383.739 23906
383.752 23991
383.766 23974
383.779 23952
383.793 23798
383.806 24002
383.820 24581
383.833 24399
383.847 24517
383.860 24553
383.874 24405
383.887 23707
383.901 24050
383.914 24283
383.928 24154
383.941 24048
383.955 23961
383.968 23332
383.982 23530
383.995 23382
384.009 23189
384.022 23243
384.036 23290
384.049 22910
384.063 23092
384.076 23300
384.090 23663
384.103 23922
384.117 23745
384.130 23404
384.144 22668
384.157 22109
384.171 22070
384.184 21844
384.198 21519
384.211 21646
384.225 21212
384.238 21392
384.252 21486
384.265 21186
384.279 20884
384.292 20642
384.306 20439
384.319 19965
384.333 19414
384.346 19008
384.360 18844
384.373 18548
384.387 18097
384.400 17930
384.414 17530
384.427 17091
384.441 16818
384.454 16533
384.468 15973
384.481 15779
384.495 15367
384.508 15083
384.522 14695
384.535 14256
384.549 13925
384.562 13424
384.575 13244
384.589 13051
384.602 12848
384.616 12613
384.629 12137
384.643 12001
384.656 11475
384.670 11298
384.683 10744
384.697 10465
384.710 10108
384.724 9901
384.737 9503
384.751 9342
384.764 9033
384.778 8833
384.791 8615
384.805 8273
384.818 8121
384.832 7869
384.845 7695
384.859 7296
384.872 7265
384.885 6874
384.899 6780
384.912 6561
384.926 6399
384.939 6262
384.953 6114
384.966 5948
384.980 5804
384.993 5800
385.007 5572
385.020 5418
385.034 5268
385.047 5296
385.061 5023
385.074 4950
385.088 4966
385.101 4760
385.114 4763
385.128 4695
385.141 4614
385.155 4453
385.168 4473
385.182 4529
385.195 4467
385.209 4361
385.222 4298
385.236 4209
385.249 4116
385.263 4112
385.276 4034
385.290 3931
385.303 3796
385.316 3769
385.330 3783
385.343 3722
385.357 3638
385.370 3578
385.384 3623
385.397 3568
385.411 3517
385.424 3464
385.438 3427
385.451 3344
385.464 3389
385.478 3360
385.491 3394
385.505 3321
385.518 3227
385.532 3239
385.545 3193
385.559 3095
385.572 3114
385.586 3047
385.599 3091
385.612 3114
385.626 3055
385.639 3042
385.653 3060
385.666 3078
385.680 2995
385.693 3031
385.707 2997
385.720 2912
385.734 2922
385.747 2842
385.760 2822
385.774 2848
385.787 2892
385.801 2763
385.814 2680
385.828 2673
385.841 2628
385.855 2655
385.868 2668
385.881 2604
385.895 2558
385.908 2607
385.922 2584
385.935 2564
385.949 2505
385.962 2519
385.976 2482
385.989 2529
386.002 2548
386.016 2522
386.029 2505
386.043 2473
386.056 2412
386.070 2411
386.083 2370
386.097 2368
386.110 2420
386.123 2379
386.137 2398
386.150 2356
386.164 2372
386.177 2262
386.191 2294
386.204 2302
386.217 2290
386.231 2263
386.244 2245
386.258 2290
386.271 2321
386.285 2236
386.298 2290
386.311 2194
386.325 2204
386.338 2147
386.352 2093
386.365 2191
386.379 2132
386.392 2123
386.405 2142
386.419 2043
386.432 2116
386.446 2100
386.459 2058
386.473 2105
386.486 2066
386.499 2073
386.513 2041
386.526 2017
386.540 2037
386.553 2019
386.567 1985
386.580 2012
386.593 2004
386.607 2078
386.620 2013
386.634 2044
386.647 1988
386.661 1960
386.674 1972
386.687 1968
386.701 1909
386.714 1924
386.728 1897
386.741 1925
386.754 1910
386.768 1939
386.781 1884
386.795 1875
386.808 1816
386.822 1830
386.835 1797
386.848 1804
386.862 1779
386.875 1755
386.889 1801
386.902 1749
386.915 1775
386.929 1763
386.942 1762
386.956 1774
386.969 1746
386.983 1746
386.996 1709
387.009 1698
387.023 1694
387.036 1671
387.050 1725
387.063 1649
387.076 1673
387.090 1682
387.103 1650
387.117 1712
387.130 1651
387.143 1663
387.157 1679
387.170 1677
387.184 1609
387.197 1607
387.210 1667
387.224 1625
387.237 1580
387.251 1570
387.264 1611
387.278 1581
387.291 1550
387.304 1592
387.318 1571
387.331 1516
387.345 1538
387.358 1545
387.371 1561
387.385 1504
387.398 1519
387.412 1493
387.425 1500
387.438 1426
387.452 1425
387.465 1444
387.478 1407
387.492 1432
387.505 1452
387.519 1422
387.532 1462
387.545 1470
387.559 1481
387.572 1456
387.586 1432
387.599 1392
387.612 1431
387.626 1425
387.639 1437
387.653 1399
387.666 1386
387.679 1366
387.693 1340
387.706 1354
387.720 1358
387.733 1335
387.746 1381
387.760 1334
387.773 1300
387.787 1358
387.800 1324
387.813 1292
387.827 1325
387.840 1282
387.853 1275
387.867 1311
387.880 1306
387.894 1299
387.907 1274
387.920 1273
387.934 1281
387.947 1267
387.961 1264
387.974 1244
387.987 1266
388.001 1227
388.014 1241
388.027 1230
388.041 1235
388.054 1221
388.068 1198
388.081 1224
388.094 1228
388.108 1212
388.121 1217
388.134 1203
388.148 1219
388.161 1213
388.175 1187
388.188 1174
388.201 1167
388.215 1150
388.228 1173
388.241 1148
388.255 1172
388.268 1165
388.282 1129
388.295 1164
388.308 1164
388.322 1145
388.335 1151
388.348 1099
388.362 1144
388.375 1153
388.389 1136
388.402 1159
388.415 1106
388.429 1152
388.442 1138
388.455 1120
388.469 1142
388.482 1146
388.495 1140
388.509 1144
388.522 1128
388.536 1120
388.549 1130
388.562 1107
388.576 1110
388.589 1098
388.602 1135
388.616 1113
388.629 1128
388.642 1102
388.656 1075
388.669 1101
388.683 1099
388.696 1122
388.709 1126
388.723 1117
388.736 1081
388.749 1105
388.763 1098
388.776 1103
388.789 1109
388.803 1098
388.816 1094
388.829 1084
388.843 1080
388.856 1077
388.870 1048
388.883 1084
388.896 1071
388.910 1060
388.923 1083
388.936 1076
388.950 1103
388.963 1085
388.976 1098
388.990 1087
389.003 1064
389.016 1077
389.030 1068
389.043 1086
389.056 1076
389.070 1107
389.083 1083
389.097 1072
389.110 1027
389.123 1066
389.137 1035
389.150 1038
389.163 1083
389.177 1071
389.190 1061
389.203 1070
389.217 1056
389.230 1046
389.243 1050
389.257 1066
389.270 1026
389.283 1019
389.297 1018
389.310 1036
389.323 1046
389.337 1057
389.350 1030
389.363 1033
389.377 1032
389.390 1003
389.403 1016
389.417 1024
389.430 1008
389.443 1034
389.457 1028
389.470 1034
389.483 1043
389.497 1032
389.510 1039
389.523 1001
389.537 992
389.550 1008
389.563 1019
389.577 1011
389.590 1004
389.603 983
389.617 977
389.630 985
389.643 992
389.657 992
389.670 979
389.683 1005
389.697 972
389.710 985
389.723 999
389.737 994
389.750 986
389.763 1009
389.777 983
389.790 965
389.803 962
389.817 971
389.830 978
389.843 952
389.857 951
389.870 925
389.883 958
389.897 954
389.910 916
389.923 952
389.937 958
389.950 967
389.963 925
389.977 942
389.990 953
390.003 948
390.017 950
390.030 949
390.043 951
390.057 912
390.070 919
390.083 919
390.096 908
390.110 891
390.123 904
390.136 918
390.150 909
390.163 918
390.176 910
390.190 905
390.203 901
390.216 892
390.230 878
390.243 886
390.256 893
390.270 896
390.283 878
390.296 873
390.310 871
390.323 889
390.336 857
390.349 874
390.363 853
390.376 882
390.389 859
390.403 874
390.416 873
390.429 868
390.443 855
390.456 842
390.469 844
390.483 846
390.496 853
390.509 826
390.522 855
390.536 844
390.549 841
390.562 844
390.576 806
390.589 834
390.602 825
390.616 831
390.629 818
390.642 797
390.655 814
390.669 811
390.682 816
390.695 796
390.709 795
390.722 784
390.735 788
390.749 785
390.762 799
390.775 803
390.788 779
390.802 780
390.815 785
390.828 773
390.842 789
390.855 784
390.868 766
390.882 782
390.895 756
390.908 777
390.921 772
390.935 766
390.948 764
390.961 756
390.975 771
390.988 760
391.001 753
391.014 761
391.028 739
391.041 748
391.054 753
391.068 758
391.081 747
391.094 758
391.107 737
391.121 771
391.134 736
391.147 764
391.161 743
391.174 739
391.187 738
391.200 746
391.214 734
391.227 745
391.240 736
391.254 735
391.267 743
391.280 728
391.293 739
391.307 722
391.320 736
391.333 718
391.347 727
391.360 720
391.373 725
391.386 728
391.400 732
391.413 710
391.426 711
391.440 727
391.453 728
391.466 729
391.479 708
391.493 725
391.506 730
391.519 713
391.532 720
391.546 724
391.559 734
391.572 709
391.586 717
391.599 711
391.612 719
391.625 722
391.639 719
391.652 713
391.665 721
391.678 716
391.692 699
391.705 716
391.718 722
391.732 720
391.745 716
391.758 695
391.771 728
391.785 726
391.798 711
391.811 709
391.824 700
391.838 704
391.851 707
391.864 703
391.877 714
391.891 709
391.904 703
391.917 714
391.931 687
391.944 700
391.957 700
391.970 704
391.984 696
391.997 711
392.010 706
392.023 702
392.037 693
392.050 695
392.063 706
392.076 695
392.090 698
392.103 700
392.116 689
392.129 709
392.143 705
392.156 694
392.169 698
392.182 710
392.196 702
392.209 684
392.222 691
392.235 711
392.249 697
392.262 692
392.275 697
392.288 695
392.302 701
392.315 691
392.328 698
392.341 695
392.355 690
392.368 703
392.381 683
392.394 699
392.408 687
392.421 692
392.434 700
392.447 701
392.461 705
392.474 707
392.487 681
392.500 685
392.514 694
392.527 692
392.540 684
392.553 694
392.567 690
392.580 689
392.593 695
392.606 679
392.620 687
392.633 690
392.646 695
392.659 681
392.673 681
392.686 685
392.699 679
392.712 681
392.726 694
392.739 682
392.752 682
392.765 687
392.778 697
392.792 691
392.805 677
392.818 683
392.831 684
392.845 688
392.858 688
392.871 683
392.884 683
392.898 691
392.911 683
392.924 689
392.937 676
392.951 684
392.964 686
392.977 676
392.990 687
393.003 684
393.017 679
393.030 681
393.043 684
393.056 678
393.070 675
393.083 684
393.096 691
393.109 681
393.122 686
393.136 689
393.149 689
393.162 676
393.175 682
393.189 671
393.202 677
393.215 669
393.228 679
393.242 679
393.255 690
393.268 669
393.281 672
393.294 682
393.308 682
393.321 666
393.334 675
393.347 669
393.360 672
393.374 684
393.387 684
393.400 677
393.413 682
393.427 676
393.440 668
393.453 660
393.466 689
393.479 661
393.493 676
393.506 680
393.519 685
393.532 678
393.546 680
393.559 674
393.572 678
393.585 673
393.598 674
393.612 675
393.625 668
393.638 679
393.651 678
393.664 664
393.678 667
393.691 670
393.704 665
393.717 665
393.730 665
393.744 666
393.757 667
393.770 668
393.783 677
393.796 680
393.810 675
393.823 678
393.836 653
393.849 672
393.863 669
393.876 663
393.889 672
393.902 668
393.915 667
393.929 676
