375.891 829
375.905 808
375.919 802
375.933 826
375.946 831
375.960 825
375.974 826
375.987 832
376.001 846
376.015 843
376.029 834
376.042 840
376.056 863
376.070 872
376.084 845
376.097 868
376.111 855
376.125 873
376.139 870
376.152 871
376.166 857
376.180 874
376.193 899
376.207 873
376.221 905
376.235 892
376.248 886
376.262 897
376.276 904
376.290 902
376.303 907
376.317 900
376.331 923
376.345 933
376.358 914
376.372 926
376.386 926
376.399 921
376.413 950
376.427 968
376.441 935
376.454 949
376.468 971
376.482 951
376.495 960
376.509 969
376.523 978
376.537 1008
376.550 991
376.564 999
376.578 1006
376.592 1007
376.605 992
376.619 1014
376.633 1008
376.646 1006
376.660 993
376.674 1013
376.688 1015
376.701 997
376.715 1037
376.729 1026
376.742 1033
376.756 1070
376.770 1062
376.784 1034
376.797 1043
376.811 1049
376.825 1063
376.838 1081
376.852 1082
376.866 1086
376.880 1122
376.893 1091
376.907 1092
376.921 1094
376.934 1119
376.948 1106
376.962 1116
376.976 1129
376.989 1127
377.003 1164
377.017 1165
377.030 1152
377.044 1169
377.058 1164
377.071 1175
377.085 1185
377.099 1186
377.113 1200
377.126 1191
377.140 1165
377.154 1184
377.167 1232
377.181 1202
377.195 1221
377.208 1232
377.222 1255
377.236 1241
377.250 1236
377.263 1238
377.277 1276
377.291 1256
377.304 1306
377.318 1276
377.332 1290
377.345 1313
377.359 1279
377.373 1288
377.387 1301
377.400 1308
377.414 1282
377.428 1296
377.441 1323
377.455 1296
377.469 1306
377.482 1319
377.496 1340
377.510 1378
377.524 1373
377.537 1376
377.551 1378
377.565 1353
377.578 1378
377.592 1376
377.606 1340
377.619 1314
377.633 1374
377.647 1386
377.660 1354
377.674 1354
377.688 1383
377.701 1391
377.715 1395
377.729 1373
377.743 1420
377.756 1425
377.770 1410
377.784 1423
377.797 1436
377.811 1471
377.825 1451
377.838 1400
377.852 1433
377.866 1453
377.879 1493
377.893 1458
377.907 1471
377.920 1484
377.934 1459
377.948 1474
377.961 1465
377.975 1478
377.989 1493
378.002 1499
378.016 1471
378.030 1468
378.044 1499
378.057 1488
378.071 1510
378.085 1522
378.098 1522
378.112 1524
378.126 1518
378.139 1525
378.153 1502
378.167 1502
378.180 1516
378.194 1543
378.208 1524
378.221 1527
378.235 1517
378.249 1552
378.262 1586
378.276 1568
378.290 1520
378.303 1548
378.317 1543
378.331 1547
378.344 1563
378.358 1576
378.372 1541
378.385 1589
378.399 1534
378.413 1598
378.426 1594
378.440 1612
378.454 1572
378.467 1611
378.481 1596
378.495 1573
378.508 1607
378.522 1609
378.536 1610
378.549 1604
378.563 1598
378.577 1582
378.590 1574
378.604 1622
378.618 1638
378.631 1655
378.645 1612
378.659 1683
378.672 1612
378.686 1713
378.700 1726
378.713 1742
378.727 1755
378.740 1725
378.754 1751
378.768 1758
378.781 1746
378.795 1781
378.809 1780
378.822 1808
378.836 1778
378.850 1703
378.863 1760
378.877 1775
378.891 1787
378.904 1789
378.918 1807
378.932 1813
378.945 1772
378.959 1747
378.973 1783
378.986 1801
379.000 1796
379.014 1804
379.027 1794
379.041 1825
379.054 1802
379.068 1849
379.082 1821
379.095 1788
379.109 1826
379.123 1805
379.136 1843
379.150 1849
379.164 1870
379.177 1871
379.191 1933
379.205 1852
379.218 1932
379.232 1938
379.245 1900
379.259 1931
379.273 1937
379.286 1964
379.300 1951
379.314 1958
379.327 1986
379.341 1989
379.355 1998
379.368 2033
379.382 1994
379.396 2030
379.409 2054
379.423 2053
379.436 2080
379.450 2084
379.464 2099
379.477 2133
379.491 2137
379.505 2148
379.518 2173
379.532 2166
379.546 2169
379.559 2214
379.573 2233
379.586 2245
379.600 2247
379.614 2319
379.627 2295
379.641 2374
379.655 2369
379.668 2361
379.682 2358
379.695 2349
379.709 2443
379.723 2450
379.736 2491
379.750 2590
379.764 2624
379.777 2592
379.791 2644
379.804 2725
379.818 2623
379.832 2644
379.845 2545
379.859 2642
379.873 2654
379.886 2690
379.900 2771
379.913 2743
379.927 2873
379.941 2842
379.954 2906
379.968 2919
379.982 2924
379.995 2974
380.009 3058
380.022 3018
380.036 3078
380.050 3055
380.063 3204
380.077 3362
380.090 3378
380.104 3422
380.118 3436
380.131 3523
380.145 3506
380.159 3477
380.172 3654
380.186 3684
380.199 3718
380.213 3814
380.227 3813
380.240 3950
380.254 3860
380.267 3774
380.281 3851
380.295 3974
380.308 4034
380.322 4030
380.336 4053
380.349 4174
380.363 4225
380.376 4293
380.390 4300
380.404 4432
380.417 4446
380.431 4479
380.444 4450
380.458 4589
380.472 4585
380.485 4709
380.499 4825
380.512 4879
380.526 4886
380.540 5035
380.553 4977
380.567 5040
380.580 5121
380.594 5146
380.608 5430
380.621 5566
380.635 5603
380.648 5654
380.662 5726
380.676 5739
380.689 5775
380.703 5919
380.716 5937
380.730 6082
380.744 6087
380.757 6134
380.771 6399
380.784 6444
380.798 6489
380.812 6471
380.825 6645
380.839 6680
380.852 6890
380.866 7080
380.880 7292
380.893 6972
380.907 7059
380.920 7200
380.934 7261
380.948 7316
380.961 7371
380.975 7591
380.988 7545
381.002 7593
381.015 7577
381.029 7813
381.043 7868
381.056 7886
381.070 8030
381.083 8023
381.097 8013
381.111 8178
381.124 8309
381.138 8342
381.151 8401
381.165 8562
381.179 8677
381.192 8627
381.206 8654
381.219 8657
381.233 8853
381.246 8802
381.260 8970
381.274 9090
381.287 9098
381.301 9138
381.314 9362
381.328 9305
381.341 9398
381.355 9505
381.369 9534
381.382 9662
381.396 9774
381.409 9911
381.423 9916
381.437 10247
381.450 10260
381.464 10110
381.477 10469
381.491 10564
381.504 10610
381.518 10499
381.532 10678
381.545 11005
381.559 11168
381.572 11147
381.586 11086
381.599 11311
381.613 11323
381.627 11376
381.640 11278
381.654 11639
381.667 11542
381.681 11642
381.694 11560
381.708 11498
381.722 11453
381.735 11610
381.749 11568
381.762 11665
381.776 11860
381.789 11811
381.803 11876
381.817 12074
381.830 11901
381.844 12052
381.857 12114
381.871 12405
381.884 12330
381.898 12303
381.911 12394
381.925 12598
381.939 12483
381.952 12887
381.966 12742
381.979 12722
381.993 13150
382.006 13184
382.020 13375
382.034 13643
382.047 13378
382.061 13403
382.074 13305
382.088 13219
382.101 13435
382.115 13499
382.128 13557
382.142 14037
382.156 14598
382.169 14661
382.183 14333
382.196 14401
382.210 14388
382.223 14482
382.237 14527
382.250 14633
382.264 14699
382.278 14857
382.291 15035
382.305 15181
382.318 15564
382.332 15520
382.345 15033
382.359 15026
382.372 15159
382.386 15289
382.399 15297
382.413 15369
382.427 15481
382.440 15503
382.454 15637
382.467 15789
382.481 16101
382.494 16541
382.508 16718
382.521 16813
382.535 16616
382.548 16609
382.562 16582
382.576 16644
382.589 16775
382.603 16850
382.616 17276
382.630 17255
382.643 17293
382.657 17613
382.670 17696
382.684 17768
382.697 17721
382.711 17920
382.724 18240
382.738 17966
382.752 18250
382.765 18275
382.779 18421
382.792 18604
382.806 18515
382.819 18925
382.833 18823
382.846 19096
382.860 19148
382.873 19479
382.887 19473
382.900 19713
382.914 20103
382.928 20094
382.941 20113
382.955 20339
382.968 20680
382.982 20930
382.995 20831
383.009 20961
383.022 21093
383.036 21245
383.049 21412
383.063 21549
383.076 21702
383.090 21670
383.103 21884
383.117 21791
383.130 21930
383.144 22209
383.158 22548
383.171 22529
383.185 22718
383.198 22886
383.212 23050
383.225 23396
383.239 23514
383.252 23878
383.266 23962
383.279 23948
383.293 24252
383.306 24269
383.320 24612
383.333 25229
383.347 25379
383.360 25317
383.374 25229
383.387 25253
383.401 25544
383.414 25380
383.428 25315
383.441 25376
383.455 25340
383.468 25530
383.482 25644
383.496 26358
383.509 26626
383.523 26324
383.536 26459
383.550 26446
383.563 26558
383.577 26877
383.590 27044
383.604 27223
383.617 26689
383.631 26656
383.644 26339
383.658 26281
383.671 26422
383.685 26441
383.698 26638
383.712 26784
383.725 26742
383.739 26598
383.752 26380
383.766 26296
383.779 26365
383.793 26436
383.806 26700
383.820 27221
383.833 26988
383.847 27029
383.860 27069
383.874 27086
383.887 26486
383.901 26484
383.914 26646
383.928 26700
383.941 26730
383.955 26023
383.968 25965
383.982 25844
383.995 25901
384.009 25527
384.022 25569
384.036 25312
384.049 25291
384.063 25580
384.076 25613
384.090 25875
384.103 26046
384.117 26137
384.130 25454
384.144 24687
384.157 24605
384.171 24146
384.184 23842
384.198 23742
384.211 23337
384.225 23274
384.238 23436
384.252 23348
384.265 22849
384.279 22737
384.292 22272
384.306 22217
384.319 21634
384.333 21228
384.346 20587
384.360 20245
384.373 19899
384.387 19428
384.400 19212
384.414 18741
384.427 18372
384.441 18061
384.454 17626
384.468 17076
384.481 16774
384.495 16377
384.508 15881
384.522 15446
384.535 15001
384.549 14714
384.562 14429
384.575 13719
384.589 13592
384.602 13487
384.616 13198
384.629 12815
384.643 12486
384.656 11993
384.670 11593
384.683 11073
384.697 10803
384.710 10450
384.724 10147
384.737 9778
384.751 9360
384.764 9075
384.778 8956
384.791 8810
384.805 8510
384.818 8195
384.832 7968
384.845 7809
384.859 7615
384.872 7421
384.885 7124
384.899 6919
384.912 6786
384.926 6593
384.939 6438
384.953 6325
384.966 6114
384.980 6041
384.993 5888
385.007 5779
385.020 5751
385.034 5600
385.047 5508
385.061 5357
385.074 5305
385.088 5082
385.101 5129
385.114 5034
385.128 4960
385.141 4822
385.155 4833
385.168 4800
385.182 4826
385.195 4674
385.209 4674
385.222 4522
385.236 4447
385.249 4438
385.263 4233
385.276 4167
385.290 4145
385.303 4030
385.316 3983
385.330 3957
385.343 3997
385.357 3930
385.370 3845
385.384 3758
385.397 3670
385.411 3722
385.424 3643
385.438 3613
385.451 3565
385.464 3620
385.478 3574
385.491 3551
385.505 3477
385.518 3446
385.532 3460
385.545 3353
385.559 3290
385.572 3255
385.586 3180
385.599 3285
385.612 3214
385.626 3252
385.639 3177
385.653 3241
385.666 3213
385.680 3229
385.693 3131
385.707 3142
385.720 3094
385.734 3010
385.747 2987
385.760 2949
385.774 2997
385.787 2944
385.801 2898
385.814 2832
385.828 2783
385.841 2739
385.855 2752
385.868 2784
385.881 2734
385.895 2770
385.908 2681
385.922 2663
385.935 2679
385.949 2651
385.962 2593
385.976 2629
385.989 2619
386.002 2594
386.016 2619
386.029 2570
386.043 2581
386.056 2488
386.070 2488
386.083 2508
386.097 2466
386.110 2484
386.123 2497
386.137 2473
386.150 2472
386.164 2449
386.177 2385
386.191 2428
386.204 2395
386.217 2342
386.231 2346
386.244 2377
386.258 2360
386.271 2407
386.285 2330
386.298 2307
386.311 2312
386.325 2282
386.338 2199
386.352 2214
386.365 2201
386.379 2213
386.392 2189
386.405 2173
386.419 2128
386.432 2145
386.446 2165
386.459 2130
386.473 2193
386.486 2141
386.499 2131
386.513 2126
386.526 2055
386.540 2083
386.553 2100
386.567 2068
386.580 2132
386.593 2068
386.607 2129
386.620 2110
386.634 2082
386.647 2080
386.661 2016
386.674 2019
386.687 1991
386.701 1984
386.714 1962
386.728 1965
386.741 1988
386.754 1939
386.768 1914
386.781 1873
386.795 1884
386.808 1872
386.822 1854
386.835 1849
386.848 1854
386.862 1879
386.875 1868
386.889 1829
386.902 1805
386.915 1813
386.929 1808
386.942 1815
386.956 1804
386.969 1776
386.983 1771
386.996 1757
387.009 1732
387.023 1777
387.036 1753
387.050 1773
387.063 1704
387.076 1710
387.090 1730
387.103 1708
387.117 1690
387.130 1721
387.143 1732
387.157 1716
387.170 1717
387.184 1690
387.197 1681
387.210 1671
387.224 1646
387.237 1666
387.251 1624
387.264 1598
387.278 1598
387.291 1601
387.304 1601
387.318 1588
387.331 1561
387.345 1586
387.358 1594
387.371 1590
387.385 1530
387.398 1545
387.412 1508
387.425 1508
387.438 1503
387.452 1520
387.465 1459
387.478 1471
387.492 1463
387.505 1409
387.519 1442
387.532 1501
387.545 1486
387.559 1433
387.572 1500
387.586 1433
387.599 1430
387.612 1481
387.626 1423
387.639 1443
387.653 1405
387.666 1394
387.679 1374
387.693 1374
387.706 1374
387.720 1385
387.733 1376
387.746 1352
387.760 1405
387.773 1379
387.787 1357
387.800 1374
387.813 1340
387.827 1339
387.840 1318
387.853 1309
387.867 1332
387.880 1313
387.894 1321
387.907 1352
387.920 1333
387.934 1292
387.947 1294
387.961 1276
387.974 1288
387.987 1273
388.001 1262
388.014 1286
388.027 1263
388.041 1244
388.054 1242
388.068 1230
388.081 1231
388.094 1271
388.108 1226
388.121 1223
388.134 1201
388.148 1230
388.161 1208
388.175 1198
388.188 1190
388.201 1195
388.215 1182
388.228 1173
388.241 1190
388.255 1175
388.268 1192
388.282 1196
388.295 1161
388.308 1191
388.322 1184
388.335 1194
388.348 1145
388.362 1171
388.375 1154
388.389 1171
388.402 1154
388.415 1167
388.429 1161
388.442 1172
388.455 1166
388.469 1161
388.482 1162
388.495 1178
388.509 1166
388.522 1164
388.536 1167
388.549 1146
388.562 1120
388.576 1110
388.589 1156
388.602 1126
388.616 1120
388.629 1121
388.642 1147
388.656 1127
388.669 1109
388.683 1134
388.696 1134
388.709 1128
388.723 1128
388.736 1092
388.749 1093
388.763 1106
388.776 1094
388.789 1118
388.803 1100
388.816 1124
388.829 1108
388.843 1113
388.856 1078
388.870 1102
388.883 1095
388.896 1108
388.910 1052
388.923 1114
388.936 1106
388.950 1113
388.963 1078
388.976 1100
388.990 1124
389.003 1095
389.016 1096
389.030 1102
389.043 1102
389.056 1101
389.070 1109
389.083 1076
389.097 1069
389.110 1086
389.123 1099
389.137 1091
389.150 1081
389.163 1062
389.177 1085
389.190 1069
389.203 1080
389.217 1058
389.230 1051
389.243 1047
389.257 1044
389.270 1070
389.283 1054
389.297 1026
389.310 1030
389.323 1050
389.337 1058
389.350 1058
389.363 1038
389.377 1026
389.390 1033
389.403 1024
389.417 1037
389.430 1043
389.443 1024
389.457 1050
389.470 1054
389.483 1052
389.497 1050
389.510 1052
389.523 1043
389.537 1047
389.550 1040
389.563 1035
389.577 1029
389.590 987
389.603 1008
389.617 1008
389.630 1027
389.643 1003
389.657 1033
389.670 1003
389.683 1002
389.697 984
389.710 980
389.723 990
389.737 1020
389.750 1010
389.763 980
389.777 1001
389.790 994
389.803 996
389.817 979
389.830 978
389.843 999
389.857 985
389.870 963
389.883 963
389.897 941
389.910 971
389.923 956
389.937 946
389.950 958
389.963 959
389.977 944
389.990 966
390.003 972
390.017 941
390.030 945
390.043 941
390.057 946
390.070 927
390.083 921
390.096 931
390.110 899
390.123 935
390.136 906
390.150 893
390.163 902
390.176 901
390.190 883
390.203 905
390.216 903
390.230 889
390.243 865
390.256 869
390.270 899
390.283 884
390.296 871
390.310 890
390.323 880
390.336 875
390.349 857
390.363 864
390.376 885
390.389 880
390.403 878
390.416 861
390.429 864
390.443 868
390.456 842
390.469 852
390.483 858
390.496 834
390.509 844
390.522 827
390.536 858
390.549 844
390.562 821
390.576 801
390.589 822
390.602 828
390.616 811
390.629 807
390.642 824
390.655 823
390.669 820
390.682 807
390.695 809
390.709 810
390.722 793
390.735 799
390.749 787
390.762 811
390.775 800
390.788 791
390.802 796
390.815 791
390.828 780
390.842 776
390.855 770
390.868 780
390.882 789
390.895 762
390.908 766
390.921 768
390.935 768
390.948 770
390.961 769
390.975 769
390.988 761
391.001 762
391.014 764
391.028 747
391.041 751
391.054 752
391.068 754
391.081 762
391.094 768
391.107 751
391.121 758
391.134 755
391.147 747
391.161 739
391.174 749
391.187 759
391.200 745
391.214 750
391.227 730
391.240 740
391.254 740
391.267 719
391.280 734
391.293 732
391.307 718
391.320 740
391.333 726
391.347 728
391.360 722
391.373 746
391.386 723
391.400 735
391.413 736
391.426 739
391.440 711
391.453 731
391.466 717
391.479 723
391.493 719
391.506 723
391.519 717
391.532 723
391.546 720
391.559 731
391.572 719
391.586 729
391.599 709
391.612 706
391.625 715
391.639 731
391.652 726
391.665 722
391.678 718
391.692 719
391.705 730
391.718 708
391.732 724
391.745 718
391.758 717
391.771 713
391.785 715
391.798 707
391.811 707
391.824 709
391.838 722
391.851 709
391.864 700
391.877 713
391.891 709
391.904 702
391.917 703
391.931 707
391.944 716
391.957 721
391.970 696
391.984 714
391.997 704
392.010 715
392.023 713
392.037 703
392.050 695
392.063 707
392.076 700
392.090 710
392.103 703
392.116 705
392.129 694
392.143 699
392.156 706
392.169 705
392.182 693
392.196 701
392.209 709
392.222 699
392.235 694
392.249 697
392.262 707
392.275 689
392.288 697
392.302 683
392.315 687
392.328 692
392.341 702
392.355 694
392.368 692
392.381 703
392.394 694
392.408 692
392.421 695
392.434 687
392.447 707
392.461 681
392.474 698
392.487 692
392.500 701
392.514 694
392.527 681
392.540 686
392.553 691
392.567 702
392.580 693
392.593 687
392.606 687
392.620 691
392.633 691
392.646 690
392.659 695
392.673 689
392.686 688
392.699 680
392.712 691
392.726 692
392.739 690
392.752 689
392.765 687
392.778 678
392.792 679
392.805 687
392.818 690
392.831 688
392.845 688
392.858 677
392.871 675
392.884 697
392.898 691
392.911 692
392.924 687
392.937 686
392.951 691
392.964 687
392.977 687
392.990 687
393.003 685
393.017 682
393.030 688
393.043 676
393.056 687
393.070 686
393.083 687
393.096 685
393.109 680
393.122 683
393.136 680
393.149 679
393.162 676
393.175 681
393.189 677
393.202 682
393.215 664
393.228 665
393.242 670
393.255 673
393.268 679
393.281 684
393.294 679
393.308 670
393.321 677
393.334 662
393.347 683
393.360 674
393.374 674
393.387 682
393.400 668
393.413 663
393.427 679
393.440 671
393.453 669
393.466 661
393.479 674
393.493 682
393.506 671
393.519 685
393.532 676
393.546 678
393.559 678
393.572 674
393.585 676
393.598 669
393.612 676
393.625 681
393.638 671
393.651 673
393.664 682
393.678 685
393.691 672
393.704 676
393.717 684
393.730 681
393.744 671
393.757 672
393.770 668
393.783 674
393.796 663
393.810 661
393.823 679
393.836 664
393.849 658
393.863 675
393.876 672
393.889 666
393.902 672
393.915 658
393.929 663
