375.891 804
375.905 798
375.919 817
375.933 820
375.946 815
375.960 825
375.974 834
375.987 823
376.001 835
376.015 832
376.029 839
376.042 833
376.056 847
376.070 857
376.084 851
376.097 868
376.111 846
376.125 849
376.139 864
376.152 862
376.166 879
376.180 867
376.193 865
376.207 875
376.221 882
376.235 884
376.248 870
376.262 883
376.276 898
376.290 911
376.303 894
376.317 885
376.331 908
376.345 904
376.358 895
376.372 914
376.386 921
376.399 932
376.413 916
376.427 948
376.441 927
376.454 927
376.468 918
376.482 939
376.495 946
376.509 954
376.523 969
376.537 982
376.550 967
376.564 986
376.578 985
376.592 1001
376.605 998
376.619 1009
376.633 1000
376.646 985
376.660 985
376.674 991
376.688 1004
376.701 1010
376.715 998
376.729 1013
376.742 1035
376.756 1043
376.770 1033
376.784 1042
376.797 1045
376.811 1045
376.825 1027
376.838 1076
376.852 1117
376.866 1098
376.880 1068
376.893 1089
376.907 1085
376.921 1068
376.934 1090
376.948 1104
376.962 1125
376.976 1089
376.989 1124
377.003 1127
377.017 1150
377.030 1166
377.044 1148
377.058 1157
377.071 1159
377.085 1168
377.099 1154
377.113 1152
377.126 1137
377.140 1184
377.154 1179
377.167 1184
377.181 1200
377.195 1188
377.208 1211
377.222 1192
377.236 1208
377.250 1210
377.263 1200
377.277 1224
377.291 1222
377.304 1255
377.318 1257
377.332 1281
377.345 1274
377.359 1266
377.373 1248
377.387 1248
377.400 1274
377.414 1261
377.428 1282
377.441 1254
377.455 1268
377.469 1311
377.482 1297
377.496 1319
377.510 1323
377.524 1340
377.537 1379
377.551 1343
377.565 1334
377.578 1352
377.592 1336
377.606 1330
377.619 1351
377.633 1319
377.647 1326
377.660 1342
377.674 1363
377.688 1351
377.701 1353
377.715 1346
377.729 1382
377.743 1340
377.756 1403
377.770 1391
377.784 1416
377.797 1378
377.811 1390
377.825 1406
377.838 1417
377.852 1407
377.866 1452
377.879 1432
377.893 1403
377.907 1431
377.920 1417
377.934 1455
377.948 1453
377.961 1445
377.975 1451
377.989 1453
378.002 1456
378.016 1430
378.030 1480
378.044 1453
378.057 1457
378.071 1470
378.085 1474
378.098 1470
378.112 1448
378.126 1468
378.139 1479
378.153 1483
378.167 1478
378.180 1443
378.194 1514
378.208 1541
378.221 1504
378.235 1465
378.249 1519
378.262 1517
378.276 1525
378.290 1502
378.303 1514
378.317 1512
378.331 1504
378.344 1529
378.358 1529
378.372 1543
378.385 1530
378.399 1539
378.413 1568
378.426 1554
378.440 1561
378.454 1569
378.467 1554
378.481 1569
378.495 1575
378.508 1565
378.522 1529
378.536 1583
378.549 1581
378.563 1552
378.577 1617
378.590 1603
378.604 1587
378.618 1569
378.631 1590
378.645 1636
378.659 1628
378.672 1620
378.686 1630
378.700 1696
378.713 1680
378.727 1727
378.740 1680
378.754 1733
378.768 1703
378.781 1712
378.795 1716
378.809 1763
378.822 1737
378.836 1677
378.850 1680
378.863 1685
378.877 1730
378.891 1707
378.904 1733
378.918 1703
378.932 1704
378.945 1746
378.959 1751
378.973 1700
378.986 1743
379.000 1759
379.014 1727
379.027 1744
379.041 1724
379.054 1727
379.068 1778
379.082 1777
379.095 1798
379.109 1792
379.123 1797
379.136 1803
379.150 1800
379.164 1833
379.177 1837
379.191 1808
379.205 1830
379.218 1867
379.232 1844
379.245 1899
379.259 1892
379.273 1881
379.286 1910
379.300 1856
379.314 1950
379.327 1924
379.341 1935
379.355 1946
379.368 1979
379.382 1975
379.396 1951
379.409 1987
379.423 2025
379.436 2018
379.450 2054
379.464 2028
379.477 2030
379.491 2064
379.505 2119
379.518 2138
379.532 2149
379.546 2193
379.559 2177
379.573 2142
379.586 2146
379.600 2162
379.614 2218
379.627 2313
379.641 2290
379.655 2317
379.668 2239
379.682 2265
379.695 2302
379.709 2353
379.723 2322
379.736 2427
379.750 2500
379.764 2556
379.777 2547
379.791 2606
379.804 2584
379.818 2610
379.832 2615
379.845 2577
379.859 2559
379.873 2596
379.886 2626
379.900 2675
379.913 2673
379.927 2716
379.941 2748
379.954 2806
379.968 2831
379.982 2822
379.995 2898
380.009 2911
380.022 2942
380.036 3025
380.050 3001
380.063 3080
380.077 3279
380.090 3269
380.104 3283
380.118 3311
380.131 3413
380.145 3417
380.159 3454
380.172 3470
380.186 3495
380.199 3659
380.213 3691
380.227 3738
380.240 3788
380.254 3718
380.267 3726
380.281 3775
380.295 3757
380.308 3891
380.322 3880
380.336 3956
380.349 4034
380.363 4112
380.376 4143
380.390 4197
380.404 4266
380.417 4347
380.431 4337
380.444 4394
380.458 4430
380.472 4463
380.485 4542
380.499 4586
380.512 4668
380.526 4718
380.540 4818
380.553 4866
380.567 4882
380.580 4915
380.594 4963
380.608 5128
380.621 5389
380.635 5370
380.648 5408
380.662 5459
380.676 5559
380.689 5658
380.703 5645
380.716 5771
380.730 5862
380.744 5877
380.757 6025
380.771 6159
380.784 6293
380.798 6226
380.812 6335
380.825 6317
380.839 6523
380.852 6676
380.866 6802
380.880 6923
380.893 6871
380.907 6820
380.920 6930
380.934 7096
380.948 7106
380.961 7184
380.975 7247
380.988 7395
381.002 7310
381.015 7368
381.029 7446
381.043 7658
381.056 7680
381.070 7679
381.083 7776
381.097 7875
381.111 7974
381.124 8116
381.138 8055
381.151 8286
381.165 8322
381.179 8395
381.192 8391
381.206 8432
381.219 8480
381.233 8521
381.246 8626
381.260 8602
381.274 8714
381.287 8755
381.301 8941
381.314 8990
381.328 8956
381.341 9072
381.355 9202
381.369 9354
381.382 9341
381.396 9446
381.409 9519
381.423 9806
381.437 9832
381.450 9750
381.464 9918
381.477 10032
381.491 10279
381.504 10325
381.518 10232
381.532 10350
381.545 10549
381.559 10907
381.572 10925
381.586 10902
381.599 10839
381.613 10965
381.627 11086
381.640 11136
381.654 11157
381.667 11295
381.681 11422
381.694 11241
381.708 11257
381.722 11066
381.735 11246
381.749 11186
381.762 11190
381.776 11451
381.789 11398
381.803 11443
381.817 11617
381.830 11617
381.844 11584
381.857 11929
381.871 11966
381.884 12010
381.898 12003
381.911 12089
381.925 12130
381.939 12193
381.952 12415
381.966 12420
381.979 12426
381.993 12756
382.006 12886
382.020 13079
382.034 13181
382.047 12994
382.061 12937
382.074 12857
382.088 13050
382.101 13008
382.115 13115
382.128 13189
382.142 13705
382.156 14009
382.169 14240
382.183 14149
382.196 14168
382.210 14058
382.223 13989
382.237 14148
382.250 14156
382.264 14235
382.278 14483
382.291 14636
382.305 14857
382.318 15133
382.332 15129
382.345 14595
382.359 14518
382.372 14624
382.386 14606
382.399 14841
382.413 14800
382.427 15047
382.440 15059
382.454 15214
382.467 15338
382.481 15652
382.494 16055
382.508 16288
382.521 16305
382.535 16117
382.548 16050
382.562 16195
382.576 16312
382.589 16245
382.603 16523
382.616 16635
382.630 16603
382.643 16929
382.657 17146
382.670 17296
382.684 17165
382.697 17161
382.711 17320
382.724 17511
382.738 17593
382.752 17513
382.765 17754
382.779 17864
382.792 18077
382.806 18240
382.819 18248
382.833 18503
382.846 18537
382.860 18649
382.873 18910
382.887 18984
382.900 19110
382.914 19280
382.928 19609
382.941 19753
382.955 19762
382.968 19956
382.982 20084
382.995 20340
383.009 20422
383.022 20353
383.036 20807
383.049 20899
383.063 20869
383.076 20882
383.090 21145
383.103 21223
383.117 21257
383.130 21232
383.144 21513
383.158 21757
383.171 21998
383.185 21871
383.198 22039
383.212 22541
383.225 22763
383.239 22786
383.252 23156
383.266 23093
383.279 23412
383.293 23312
383.306 23435
383.320 23781
383.333 24255
383.347 24606
383.360 24445
383.374 24426
383.387 24250
383.401 24636
383.414 24647
383.428 24512
383.441 24425
383.455 24547
383.468 24534
383.482 24888
383.496 25528
383.509 25811
383.523 25686
383.536 25414
383.550 25614
383.563 25596
383.577 26064
383.590 26078
383.604 26265
383.617 25715
383.631 25852
383.644 25444
383.658 25408
383.671 25611
383.685 25365
383.698 25717
383.712 25877
383.725 25667
383.739 25768
383.752 25409
383.766 25650
383.779 25668
383.793 25387
383.806 25638
383.820 26263
383.833 26292
383.847 26157
383.860 26516
383.874 26212
383.887 25542
383.901 25522
383.914 26074
383.928 26022
383.941 25851
383.955 25320
383.968 25187
383.982 25030
383.995 24982
384.009 24927
384.022 24805
384.036 24843
384.049 24723
384.063 24880
384.076 25158
384.090 25294
384.103 25541
384.117 25416
384.130 24877
384.144 24293
384.157 23879
384.171 23679
384.184 23388
384.198 23226
384.211 22931
384.225 22812
384.238 23163
384.252 22883
384.265 22788
384.279 22224
384.292 22137
384.306 21778
384.319 21526
384.333 20857
384.346 20549
384.360 20070
384.373 19684
384.387 19422
384.400 19132
384.414 18663
384.427 18455
384.441 18075
384.454 17535
384.468 17242
384.481 16865
384.495 16384
384.508 16070
384.522 15586
384.535 15171
384.549 14878
384.562 14335
384.575 14046
384.589 13566
384.602 13626
384.616 13385
384.629 12885
384.643 12626
384.656 12050
384.670 11813
384.683 11296
384.697 10919
384.710 10417
384.724 10352
384.737 9829
384.751 9577
384.764 9388
384.778 9116
384.791 8948
384.805 8629
384.818 8325
384.832 8104
384.845 7886
384.859 7777
384.872 7363
384.885 7088
384.899 6946
384.912 6745
384.926 6642
384.939 6484
384.953 6259
384.966 6182
384.980 6071
384.993 5908
385.007 5874
385.020 5635
385.034 5575
385.047 5410
385.061 5376
385.074 5180
385.088 5182
385.101 5022
385.114 4938
385.128 4900
385.141 4690
385.155 4682
385.168 4767
385.182 4783
385.195 4675
385.209 4640
385.222 4414
385.236 4409
385.249 4336
385.263 4218
385.276 4186
385.290 4084
385.303 4060
385.316 4047
385.330 3926
385.343 3916
385.357 3900
385.370 3775
385.384 3842
385.397 3632
385.411 3680
385.424 3658
385.438 3615
385.451 3611
385.464 3611
385.478 3598
385.491 3583
385.505 3477
385.518 3477
385.532 3460
385.545 3327
385.559 3347
385.572 3276
385.586 3251
385.599 3277
385.612 3278
385.626 3276
385.639 3154
385.653 3215
385.666 3338
385.680 3198
385.693 3166
385.707 3148
385.720 3134
385.734 3082
385.747 3090
385.760 2979
385.774 2996
385.787 2977
385.801 2940
385.814 2823
385.828 2834
385.841 2791
385.855 2852
385.868 2818
385.881 2738
385.895 2769
385.908 2715
385.922 2713
385.935 2736
385.949 2697
385.962 2723
385.976 2598
385.989 2647
386.002 2630
386.016 2615
386.029 2591
386.043 2682
386.056 2565
386.070 2541
386.083 2513
386.097 2563
386.110 2501
386.123 2460
386.137 2444
386.150 2493
386.164 2446
386.177 2431
386.191 2469
386.204 2437
386.217 2398
386.231 2401
386.244 2390
386.258 2421
386.271 2382
386.285 2414
386.298 2367
386.311 2312
386.325 2267
386.338 2270
386.352 2240
386.365 2275
386.379 2204
386.392 2171
386.405 2226
386.419 2201
386.432 2209
386.446 2181
386.459 2192
386.473 2203
386.486 2161
386.499 2153
386.513 2131
386.526 2110
386.540 2135
386.553 2084
386.567 2135
386.580 2108
386.593 2123
386.607 2196
386.620 2100
386.634 2135
386.647 2109
386.661 2056
386.674 2096
386.687 2036
386.701 1955
386.714 2031
386.728 1989
386.741 1961
386.754 2019
386.768 2007
386.781 1950
386.795 1940
386.808 1915
386.822 1925
386.835 1907
386.848 1855
386.862 1863
386.875 1814
386.889 1882
386.902 1855
386.915 1843
386.929 1823
386.942 1782
386.956 1807
386.969 1812
386.983 1788
386.996 1813
387.009 1793
387.023 1793
387.036 1781
387.050 1745
387.063 1769
387.076 1749
387.090 1745
387.103 1732
387.117 1730
387.130 1734
387.143 1723
387.157 1750
387.170 1709
387.184 1741
387.197 1697
387.210 1679
387.224 1637
387.237 1672
387.251 1682
387.264 1619
387.278 1670
387.291 1630
387.304 1617
387.318 1590
387.331 1639
387.345 1595
387.358 1578
387.371 1555
387.385 1584
387.398 1512
387.412 1581
387.425 1540
387.438 1517
387.452 1474
387.465 1476
387.478 1438
387.492 1489
387.505 1465
387.519 1414
387.532 1513
387.545 1503
387.559 1485
387.572 1489
387.586 1481
387.599 1473
387.612 1488
387.626 1440
387.639 1476
387.653 1397
387.666 1410
387.679 1378
387.693 1366
387.706 1380
387.720 1372
387.733 1362
387.746 1382
387.760 1388
387.773 1367
387.787 1376
387.800 1380
387.813 1348
387.827 1354
387.840 1337
387.853 1303
387.867 1335
387.880 1335
387.894 1329
387.907 1323
387.920 1335
387.934 1296
387.947 1323
387.961 1279
387.974 1289
387.987 1266
388.001 1260
388.014 1252
388.027 1251
388.041 1236
388.054 1230
388.068 1266
388.081 1206
388.094 1275
388.108 1271
388.121 1254
388.134 1213
388.148 1238
388.161 1189
388.175 1192
388.188 1189
388.201 1205
388.215 1186
388.228 1183
388.241 1173
388.255 1190
388.268 1200
388.282 1198
388.295 1198
388.308 1174
388.322 1205
388.335 1168
388.348 1163
388.362 1165
388.375 1163
388.389 1167
388.402 1183
388.415 1152
388.429 1197
388.442 1203
388.455 1182
388.469 1163
388.482 1160
388.495 1189
388.509 1194
388.522 1187
388.536 1163
388.549 1140
388.562 1125
388.576 1140
388.589 1128
388.602 1147
388.616 1152
388.629 1144
388.642 1116
388.656 1132
388.669 1120
388.683 1126
388.696 1124
388.709 1117
388.723 1152
388.736 1129
388.749 1147
388.763 1106
388.776 1120
388.789 1111
388.803 1149
388.816 1108
388.829 1081
388.843 1105
388.856 1099
388.870 1104
388.883 1071
388.896 1087
388.910 1112
388.923 1096
388.936 1120
388.950 1095
388.963 1116
388.976 1119
388.990 1107
389.003 1088
389.016 1129
389.030 1156
389.043 1114
389.056 1139
389.070 1099
389.083 1081
389.097 1081
389.110 1099
389.123 1072
389.137 1100
389.150 1091
389.163 1096
389.177 1072
389.190 1088
389.203 1079
389.217 1063
389.230 1068
389.243 1066
389.257 1059
389.270 1068
389.283 1065
389.297 1041
389.310 1082
389.323 1051
389.337 1038
389.350 1039
389.363 1046
389.377 1063
389.390 1046
389.403 1057
389.417 1060
389.430 1040
389.443 1035
389.457 1038
389.470 1055
389.483 1087
389.497 1053
389.510 1033
389.523 1034
389.537 1041
389.550 1037
389.563 1024
389.577 1029
389.590 1013
389.603 1035
389.617 1019
389.630 1029
389.643 1026
389.657 1034
389.670 1018
389.683 1000
389.697 1024
389.710 1007
389.723 1012
389.737 1012
389.750 1014
389.763 995
389.777 1015
389.790 1015
389.803 994
389.817 990
389.830 1011
389.843 991
389.857 971
389.870 958
389.883 930
389.897 955
389.910 950
389.923 994
389.937 981
389.950 969
389.963 958
389.977 940
389.990 971
390.003 962
390.017 950
390.030 916
390.043 941
390.057 930
390.070 940
390.083 936
390.096 958
390.110 921
390.123 925
390.136 935
390.150 906
390.163 917
390.176 929
390.190 915
390.203 909
390.216 913
390.230 898
390.243 902
390.256 904
390.270 924
390.283 885
390.296 888
390.310 889
390.323 880
390.336 866
390.349 890
390.363 882
390.376 886
390.389 865
390.403 884
390.416 856
390.429 881
390.443 860
390.456 862
390.469 856
390.483 844
390.496 826
390.509 814
390.522 847
390.536 842
390.549 838
390.562 835
390.576 831
390.589 832
390.602 826
390.616 840
390.629 826
390.642 806
390.655 817
390.669 828
390.682 806
390.695 828
390.709 814
390.722 797
390.735 809
390.749 804
390.762 798
390.775 809
390.788 788
390.802 786
390.815 797
390.828 791
390.842 790
390.855 768
390.868 784
390.882 792
390.895 781
390.908 792
390.921 762
390.935 778
390.948 777
390.961 788
390.975 778
390.988 777
391.001 772
391.014 765
391.028 775
391.041 753
391.054 770
391.068 738
391.081 767
391.094 763
391.107 750
391.121 764
391.134 763
391.147 752
391.161 751
391.174 756
391.187 743
391.200 750
391.214 748
391.227 740
391.240 740
391.254 752
391.267 748
391.280 735
391.293 747
391.307 738
391.320 731
391.333 735
391.347 744
391.360 732
391.373 727
391.386 738
391.400 734
391.413 730
391.426 738
391.440 734
391.453 729
391.466 731
391.479 716
391.493 725
391.506 734
391.519 721
391.532 723
391.546 716
391.559 735
391.572 726
391.586 698
391.599 725
391.612 720
391.625 697
391.639 739
391.652 729
391.665 718
391.678 723
391.692 715
391.705 718
391.718 709
391.732 720
391.745 720
391.758 719
391.771 720
391.785 715
391.798 712
391.811 712
391.824 710
391.838 702
391.851 729
391.864 714
391.877 707
391.891 709
391.904 705
391.917 703
391.931 699
391.944 709
391.957 716
391.970 703
391.984 704
391.997 706
392.010 708
392.023 714
392.037 695
392.050 708
392.063 711
392.076 712
392.090 708
392.103 702
392.116 718
392.129 701
392.143 705
392.156 709
392.169 702
392.182 710
392.196 705
392.209 706
392.222 710
392.235 702
392.249 696
392.262 703
392.275 702
392.288 694
392.302 694
392.315 708
392.328 709
392.341 712
392.355 699
392.368 690
392.381 697
392.394 701
392.408 690
392.421 711
392.434 698
392.447 697
392.461 706
392.474 697
392.487 715
392.500 699
392.514 695
392.527 694
392.540 699
392.553 701
392.567 693
392.580 695
392.593 694
392.606 694
392.620 699
392.633 691
392.646 681
392.659 694
392.673 695
392.686 693
392.699 690
392.712 686
392.726 680
392.739 689
392.752 704
392.765 682
392.778 685
392.792 684
392.805 689
392.818 697
392.831 690
392.845 686
392.858 679
392.871 695
392.884 690
392.898 693
392.911 692
392.924 692
392.937 667
392.951 685
392.964 691
392.977 684
392.990 690
393.003 683
393.017 690
393.030 687
393.043 693
393.056 688
393.070 693
393.083 695
393.096 692
393.109 679
393.122 674
393.136 689
393.149 686
393.162 690
393.175 689
393.189 682
393.202 684
393.215 677
393.228 694
393.242 672
393.255 676
393.268 671
393.281 682
393.294 678
393.308 669
393.321 678
393.334 687
393.347 686
393.360 686
393.374 675
393.387 668
393.400 689
393.413 682
393.427 665
393.440 682
393.453 679
393.466 673
393.479 679
393.493 679
393.506 675
393.519 689
393.532 673
393.546 674
393.559 677
393.572 679
393.585 670
393.598 674
393.612 680
393.625 677
393.638 676
393.651 675
393.664 681
393.678 668
393.691 669
393.704 663
393.717 677
393.730 678
393.744 676
393.757 679
393.770 677
393.783 681
393.796 673
393.810 661
393.823 668
393.836 667
393.849 669
393.863 678
393.876 673
393.889 678
393.902 663
393.915 667
393.929 661
