375.891 793
375.905 806
375.919 800
375.933 824
375.946 829
375.960 838
375.974 815
375.987 835
376.001 832
376.015 831
376.029 813
376.042 841
376.056 836
376.070 862
376.084 849
376.097 862
376.111 860
376.125 857
376.139 848
376.152 865
376.166 877
376.180 886
376.193 881
376.207 886
376.221 873
376.235 858
376.248 890
376.262 891
376.276 905
376.290 888
376.303 906
376.317 877
376.331 898
376.345 903
376.358 906
376.372 917
376.386 929
376.399 916
376.413 951
376.427 940
376.441 911
376.454 947
376.468 943
376.482 946
376.495 960
376.509 969
376.523 973
376.537 979
376.550 996
376.564 1007
376.578 997
376.592 982
376.605 1010
376.619 989
376.633 969
376.646 988
376.660 954
376.674 991
376.688 997
376.701 991
376.715 989
376.729 1032
376.742 1042
376.756 1017
376.770 1026
376.784 1029
376.797 1041
376.811 1048
376.825 1088
376.838 1072
376.852 1078
376.866 1074
376.880 1063
376.893 1065
376.907 1084
376.921 1096
376.934 1095
376.948 1084
376.962 1105
376.976 1110
376.989 1126
377.003 1142
377.017 1125
377.030 1118
377.044 1169
377.058 1159
377.071 1172
377.085 1171
377.099 1163
377.113 1140
377.126 1173
377.140 1149
377.154 1173
377.167 1172
377.181 1179
377.195 1199
377.208 1206
377.222 1221
377.236 1204
377.250 1224
377.263 1208
377.277 1242
377.291 1240
377.304 1250
377.318 1234
377.332 1255
377.345 1249
377.359 1257
377.373 1259
377.387 1262
377.400 1253
377.414 1282
377.428 1275
377.441 1281
377.455 1270
377.469 1306
377.482 1318
377.496 1327
377.510 1349
377.524 1327
377.537 1355
377.551 1336
377.565 1351
377.578 1360
377.592 1358
377.606 1364
377.619 1351
377.633 1332
377.647 1298
377.660 1354
377.674 1350
377.688 1386
377.701 1375
377.715 1392
377.729 1373
377.743 1381
377.756 1397
377.770 1410
377.784 1425
377.797 1401
377.811 1392
377.825 1415
377.838 1415
377.852 1399
377.866 1433
377.879 1448
377.893 1437
377.907 1456
377.920 1461
377.934 1469
377.948 1419
377.961 1435
377.975 1477
377.989 1431
378.002 1468
378.016 1439
378.030 1436
378.044 1479
378.057 1477
378.071 1502
378.085 1476
378.098 1469
378.112 1493
378.126 1486
378.139 1508
378.153 1506
378.167 1492
378.180 1495
378.194 1488
378.208 1525
378.221 1520
378.235 1512
378.249 1536
378.262 1525
378.276 1487
378.290 1516
378.303 1531
378.317 1529
378.331 1492
378.344 1535
378.358 1550
378.372 1550
378.385 1589
378.399 1555
378.413 1556
378.426 1559
378.440 1617
378.454 1579
378.467 1594
378.481 1588
378.495 1562
378.508 1612
378.522 1584
378.536 1591
378.549 1584
378.563 1638
378.577 1596
378.590 1627
378.604 1646
378.618 1582
378.631 1660
378.645 1619
378.659 1621
378.672 1640
378.686 1685
378.700 1722
378.713 1725
378.727 1721
378.740 1716
378.754 1733
378.768 1721
378.781 1737
378.795 1748
378.809 1743
378.822 1747
378.836 1752
378.850 1698
378.863 1732
378.877 1716
378.891 1748
378.904 1726
378.918 1748
378.932 1785
378.945 1740
378.959 1734
378.973 1764
378.986 1753
379.000 1790
379.014 1774
379.027 1785
379.041 1791
379.054 1773
379.068 1816
379.082 1769
379.095 1803
379.109 1774
379.123 1813
379.136 1805
379.150 1819
379.164 1820
379.177 1839
379.191 1868
379.205 1895
379.218 1868
379.232 1878
379.245 1866
379.259 1881
379.273 1871
379.286 1896
379.300 1921
379.314 1949
379.327 1945
379.341 1903
379.355 1973
379.368 1982
379.382 2006
379.396 2061
379.409 2059
379.423 2060
379.436 2074
379.450 2045
379.464 2071
379.477 2114
379.491 2099
379.505 2086
379.518 2147
379.532 2160
379.546 2183
379.559 2163
379.573 2167
379.586 2219
379.600 2209
379.614 2261
379.627 2274
379.641 2300
379.655 2349
379.668 2284
379.682 2291
379.695 2392
379.709 2323
379.723 2368
379.736 2400
379.750 2555
379.764 2514
379.777 2599
379.791 2627
379.804 2591
379.818 2712
379.832 2634
379.845 2578
379.859 2559
379.873 2568
379.886 2632
379.900 2704
379.913 2758
379.927 2814
379.941 2753
379.954 2895
379.968 2928
379.982 2883
379.995 2923
380.009 2930
380.022 2991
380.036 2983
380.050 3059
380.063 3114
380.077 3244
380.090 3361
380.104 3362
380.118 3344
380.131 3398
380.145 3404
380.159 3480
380.172 3563
380.186 3577
380.199 3646
380.213 3733
380.227 3826
380.240 3874
380.254 3794
380.267 3709
380.281 3812
380.295 3842
380.308 3848
380.322 3964
380.336 3989
380.349 4048
380.363 4126
380.376 4165
380.390 4275
380.404 4348
380.417 4343
380.431 4351
380.444 4426
380.458 4488
380.472 4558
380.485 4657
380.499 4619
380.512 4774
380.526 4769
380.540 4876
380.553 4998
380.567 4946
380.580 5069
380.594 5094
380.608 5259
380.621 5364
380.635 5504
380.648 5435
380.662 5564
380.676 5581
380.689 5656
380.703 5762
380.716 5795
380.730 5878
380.744 5936
380.757 6110
380.771 6220
380.784 6355
380.798 6368
380.812 6408
380.825 6451
380.839 6558
380.852 6754
380.866 6882
380.880 6977
380.893 6944
380.907 6940
380.920 7053
380.934 7104
380.948 7243
380.961 7227
380.975 7394
380.988 7366
381.002 7521
381.015 7423
381.029 7614
381.043 7670
381.056 7755
381.070 7712
381.083 7900
381.097 7888
381.111 8012
381.124 8165
381.138 8218
381.151 8324
381.165 8346
381.179 8426
381.192 8408
381.206 8418
381.219 8577
381.233 8583
381.246 8695
381.260 8766
381.274 8865
381.287 8857
381.301 8898
381.314 8938
381.328 9086
381.341 9171
381.355 9351
381.369 9284
381.382 9395
381.396 9562
381.409 9686
381.423 9736
381.437 9796
381.450 9913
381.464 10054
381.477 10177
381.491 10376
381.504 10272
381.518 10398
381.532 10450
381.545 10564
381.559 10926
381.572 11036
381.586 10983
381.599 11073
381.613 11121
381.627 11256
381.640 11378
381.654 11414
381.667 11359
381.681 11433
381.694 11509
381.708 11276
381.722 11262
381.735 11229
381.749 11328
381.762 11515
381.776 11506
381.789 11506
381.803 11593
381.817 11653
381.830 11653
381.844 11803
381.857 11841
381.871 12126
381.884 12165
381.898 12124
381.911 12188
381.925 12245
381.939 12363
381.952 12369
381.966 12506
381.979 12552
381.993 12956
382.006 13069
382.020 13170
382.034 13222
382.047 13057
382.061 12993
382.074 12954
382.088 13180
382.101 13203
382.115 13117
382.128 13296
382.142 13607
382.156 14262
382.169 14148
382.183 14082
382.196 14127
382.210 14133
382.223 14154
382.237 14230
382.250 14380
382.264 14267
382.278 14505
382.291 14746
382.305 14946
382.318 15137
382.332 15287
382.345 14654
382.359 14694
382.372 14715
382.386 14841
382.399 14895
382.413 14873
382.427 15138
382.440 15295
382.454 15223
382.467 15311
382.481 15643
382.494 16082
382.508 16251
382.521 16142
382.535 16045
382.548 16121
382.562 16192
382.576 16220
382.589 16449
382.603 16436
382.616 16673
382.630 16662
382.643 16992
382.657 17000
382.670 17365
382.684 17441
382.697 17197
382.711 17364
382.724 17495
382.738 17548
382.752 17638
382.765 17717
382.779 18054
382.792 17946
382.806 18067
382.819 18404
382.833 18218
382.846 18503
382.860 18636
382.873 18711
382.887 18947
382.900 18923
382.914 19310
382.928 19416
382.941 19560
382.955 19778
382.968 19976
382.982 20375
382.995 20176
383.009 20250
383.022 20407
383.036 20553
383.049 20518
383.063 20903
383.076 20962
383.090 21102
383.103 21061
383.117 21199
383.130 21344
383.144 21378
383.158 21679
383.171 21690
383.185 21828
383.198 22042
383.212 22380
383.225 22645
383.239 22972
383.252 23143
383.266 23013
383.279 23292
383.293 23292
383.306 23509
383.320 23836
383.333 24225
383.347 24506
383.360 24364
383.374 24225
383.387 24594
383.401 24560
383.414 24470
383.428 24466
383.441 24412
383.455 24574
383.468 24512
383.482 25023
383.496 25618
383.509 25702
383.523 25418
383.536 25521
383.550 25634
383.563 25801
383.577 26041
383.590 26414
383.604 26145
383.617 25841
383.631 25728
383.644 25607
383.658 25512
383.671 25412
383.685 25525
383.698 25708
383.712 25887
383.725 25716
383.739 25920
383.752 25584
383.766 25737
383.779 25495
383.793 25619
383.806 25814
383.820 26317
383.833 26185
383.847 26093
383.860 26257
383.874 26290
383.887 25619
383.901 25774
383.914 25852
383.928 25928
383.941 25764
383.955 25386
383.968 25235
383.982 25097
383.995 25244
384.009 24910
384.022 24864
384.036 24892
384.049 24869
384.063 24755
384.076 25187
384.090 25363
384.103 25479
384.117 25408
384.130 24999
384.144 24059
384.157 23854
384.171 23575
384.184 23419
384.198 23090
384.211 22920
384.225 22767
384.238 22734
384.252 22759
384.265 22606
384.279 22284
384.292 21827
384.306 21472
384.319 21047
384.333 20638
384.346 20240
384.360 19896
384.373 19382
384.387 19204
384.400 18920
384.414 18500
384.427 18022
384.441 17685
384.454 17253
384.468 16767
384.481 16493
384.495 16021
384.508 15550
384.522 15148
384.535 14664
384.549 14552
384.562 13886
384.575 13524
384.589 13304
384.602 13196
384.616 12788
384.629 12522
384.643 11993
384.656 11915
384.670 11285
384.683 10818
384.697 10512
384.710 10154
384.724 9884
384.737 9567
384.751 9336
384.764 9097
384.778 8910
384.791 8618
384.805 8334
384.818 8185
384.832 7865
384.845 7691
384.859 7399
384.872 7242
384.885 6889
384.899 6881
384.912 6641
384.926 6532
384.939 6282
384.953 6167
384.966 6104
384.980 6000
384.993 5788
385.007 5743
385.020 5567
385.034 5551
385.047 5461
385.061 5257
385.074 5163
385.088 5147
385.101 4959
385.114 4952
385.128 4876
385.141 4697
385.155 4679
385.168 4738
385.182 4721
385.195 4709
385.209 4609
385.222 4490
385.236 4371
385.249 4338
385.263 4179
385.276 4169
385.290 4165
385.303 4058
385.316 4001
385.330 4027
385.343 4037
385.357 3890
385.370 3824
385.384 3810
385.397 3716
385.411 3664
385.424 3658
385.438 3619
385.451 3615
385.464 3588
385.478 3530
385.491 3509
385.505 3555
385.518 3394
385.532 3397
385.545 3355
385.559 3260
385.572 3295
385.586 3285
385.599 3291
385.612 3309
385.626 3270
385.639 3167
385.653 3254
385.666 3280
385.680 3227
385.693 3146
385.707 3103
385.720 3163
385.734 3040
385.747 3041
385.760 2952
385.774 2981
385.787 2938
385.801 2879
385.814 2819
385.828 2823
385.841 2784
385.855 2728
385.868 2726
385.881 2710
385.895 2659
385.908 2699
385.922 2670
385.935 2669
385.949 2679
385.962 2646
385.976 2582
385.989 2648
386.002 2641
386.016 2638
386.029 2597
386.043 2574
386.056 2558
386.070 2499
386.083 2496
386.097 2504
386.110 2508
386.123 2486
386.137 2487
386.150 2468
386.164 2457
386.177 2481
386.191 2415
386.204 2443
386.217 2372
386.231 2371
386.244 2354
386.258 2322
386.271 2367
386.285 2359
386.298 2366
386.311 2302
386.325 2273
386.338 2265
386.352 2256
386.365 2225
386.379 2213
386.392 2227
386.405 2174
386.419 2160
386.432 2214
386.446 2199
386.459 2149
386.473 2194
386.486 2162
386.499 2119
386.513 2145
386.526 2100
386.540 2035
386.553 2083
386.567 2088
386.580 2098
386.593 2075
386.607 2159
386.620 2142
386.634 2075
386.647 2104
386.661 2060
386.674 2025
386.687 2019
386.701 1986
386.714 1966
386.728 1954
386.741 1952
386.754 1981
386.768 1998
386.781 1962
386.795 1947
386.808 1882
386.822 1877
386.835 1894
386.848 1873
386.862 1888
386.875 1883
386.889 1833
386.902 1825
386.915 1844
386.929 1837
386.942 1852
386.956 1804
386.969 1805
386.983 1761
386.996 1767
387.009 1790
387.023 1754
387.036 1741
387.050 1777
387.063 1722
387.076 1734
387.090 1710
387.103 1723
387.117 1691
387.130 1711
387.143 1691
387.157 1704
387.170 1674
387.184 1655
387.197 1678
387.210 1689
387.224 1654
387.237 1634
387.251 1635
387.264 1632
387.278 1599
387.291 1615
387.304 1579
387.318 1609
387.331 1581
387.345 1599
387.358 1582
387.371 1577
387.385 1583
387.398 1526
387.412 1517
387.425 1531
387.438 1503
387.452 1485
387.465 1461
387.478 1471
387.492 1475
387.505 1435
387.519 1462
387.532 1515
387.545 1481
387.559 1491
387.572 1472
387.586 1418
387.599 1458
387.612 1409
387.626 1454
387.639 1437
387.653 1403
387.666 1364
387.679 1370
387.693 1361
387.706 1362
387.720 1354
387.733 1376
387.746 1365
387.760 1367
387.773 1379
387.787 1339
387.800 1360
387.813 1344
387.827 1323
387.840 1315
387.853 1296
387.867 1318
387.880 1322
387.894 1341
387.907 1296
387.920 1338
387.934 1281
387.947 1294
387.961 1305
387.974 1273
387.987 1282
388.001 1266
388.014 1248
388.027 1218
388.041 1236
388.054 1252
388.068 1262
388.081 1246
388.094 1249
388.108 1209
388.121 1244
388.134 1241
388.148 1212
388.161 1206
388.175 1211
388.188 1188
388.201 1178
388.215 1159
388.228 1193
388.241 1168
388.255 1173
388.268 1154
388.282 1173
388.295 1174
388.308 1184
388.322 1151
388.335 1170
388.348 1167
388.362 1143
388.375 1165
388.389 1172
388.402 1156
388.415 1172
388.429 1172
388.442 1161
388.455 1178
388.469 1156
388.482 1176
388.495 1197
388.509 1170
388.522 1152
388.536 1155
388.549 1165
388.562 1111
388.576 1100
388.589 1127
388.602 1126
388.616 1136
388.629 1116
388.642 1114
388.656 1114
388.669 1130
388.683 1095
388.696 1149
388.709 1133
388.723 1146
388.736 1114
388.749 1136
388.763 1097
388.776 1117
388.789 1116
388.803 1093
388.816 1110
388.829 1113
388.843 1102
388.856 1086
388.870 1110
388.883 1093
388.896 1075
388.910 1086
388.923 1122
388.936 1145
388.950 1099
388.963 1102
388.976 1098
388.990 1110
389.003 1049
389.016 1120
389.030 1091
389.043 1118
389.056 1119
389.070 1097
389.083 1106
389.097 1084
389.110 1065
389.123 1052
389.137 1068
389.150 1084
389.163 1082
389.177 1055
389.190 1073
389.203 1072
389.217 1054
389.230 1075
389.243 1067
389.257 1052
389.270 1043
389.283 1060
389.297 1045
389.310 1056
389.323 1089
389.337 1053
389.350 1035
389.363 1039
389.377 1052
389.390 1024
389.403 1023
389.417 1026
389.430 1035
389.443 1024
389.457 1011
389.470 1028
389.483 1055
389.497 1064
389.510 1034
389.523 1048
389.537 1033
389.550 1043
389.563 1019
389.577 1012
389.590 1024
389.603 977
389.617 1019
389.630 1026
389.643 1020
389.657 1004
389.670 997
389.683 999
389.697 982
389.710 997
389.723 1006
389.737 1010
389.750 1012
389.763 1009
389.777 999
389.790 967
389.803 994
389.817 982
389.830 985
389.843 991
389.857 980
389.870 966
389.883 953
389.897 950
389.910 968
389.923 964
389.937 956
389.950 947
389.963 956
389.977 927
389.990 977
390.003 948
390.017 959
390.030 937
390.043 926
390.057 945
390.070 915
390.083 919
390.096 921
390.110 923
390.123 942
390.136 932
390.150 915
390.163 897
390.176 912
390.190 886
390.203 911
390.216 901
390.230 898
390.243 893
390.256 890
390.270 888
390.283 880
390.296 874
390.310 887
390.323 875
390.336 878
390.349 880
390.363 870
390.376 882
390.389 861
390.403 865
390.416 864
390.429 878
390.443 852
390.456 862
390.469 852
390.483 850
390.496 856
390.509 851
390.522 847
390.536 840
390.549 818
390.562 830
390.576 824
390.589 826
390.602 833
390.616 823
390.629 823
390.642 812
390.655 815
390.669 832
390.682 799
390.695 817
390.709 815
390.722 790
390.735 803
390.749 799
390.762 787
390.775 808
390.788 790
390.802 777
390.815 796
390.828 783
390.842 780
390.855 794
390.868 784
390.882 776
390.895 782
390.908 762
390.921 758
390.935 757
390.948 757
390.961 767
390.975 774
390.988 764
391.001 771
391.014 758
391.028 770
391.041 760
391.054 758
391.068 756
391.081 754
391.094 762
391.107 758
391.121 757
391.134 748
391.147 758
391.161 755
391.174 748
391.187 739
391.200 738
391.214 757
391.227 735
391.240 741
391.254 742
391.267 740
391.280 743
391.293 726
391.307 720
391.320 727
391.333 721
391.347 729
391.360 727
391.373 726
391.386 720
391.400 729
391.413 732
391.426 718
391.440 722
391.453 714
391.466 734
391.479 723
391.493 731
391.506 727
391.519 722
391.532 731
391.546 716
391.559 710
391.572 727
391.586 734
391.599 718
391.612 716
391.625 715
391.639 731
391.652 722
391.665 732
391.678 720
391.692 714
391.705 723
391.718 720
391.732 718
391.745 723
391.758 716
391.771 721
391.785 707
391.798 711
391.811 716
391.824 696
391.838 704
391.851 700
391.864 717
391.877 701
391.891 722
391.904 692
391.917 710
391.931 723
391.944 695
391.957 715
391.970 701
391.984 706
391.997 702
392.010 708
392.023 704
392.037 706
392.050 715
392.063 710
392.076 705
392.090 699
392.103 699
392.116 702
392.129 711
392.143 690
392.156 680
392.169 692
392.182 706
392.196 702
392.209 716
392.222 698
392.235 699
392.249 700
392.262 687
392.275 706
392.288 682
392.302 704
392.315 700
392.328 703
392.341 690
392.355 699
392.368 699
392.381 691
392.394 701
392.408 713
392.421 691
392.434 688
392.447 702
392.461 685
392.474 693
392.487 689
392.500 701
392.514 695
392.527 704
392.540 692
392.553 688
392.567 705
392.580 698
392.593 676
392.606 694
392.620 700
392.633 692
392.646 699
392.659 695
392.673 676
392.686 693
392.699 677
392.712 694
392.726 702
392.739 690
392.752 684
392.765 690
392.778 684
392.792 686
392.805 688
392.818 690
392.831 688
392.845 682
392.858 691
392.871 684
392.884 686
392.898 691
392.911 688
392.924 688
392.937 692
392.951 683
392.964 688
392.977 688
392.990 683
393.003 692
393.017 681
393.030 689
393.043 682
393.056 686
393.070 681
393.083 683
393.096 683
393.109 682
393.122 678
393.136 698
393.149 687
393.162 681
393.175 686
393.189 663
393.202 668
393.215 692
393.228 667
393.242 677
393.255 671
393.268 677
393.281 676
393.294 673
393.308 676
393.321 673
393.334 661
393.347 688
393.360 666
393.374 682
393.387 680
393.400 675
393.413 679
393.427 662
393.440 685
393.453 665
393.466 666
393.479 672
393.493 678
393.506 676
393.519 687
393.532 672
393.546 679
393.559 673
393.572 664
393.585 675
393.598 677
393.612 679
393.625 677
393.638 670
393.651 673
393.664 673
393.678 672
393.691 673
393.704 678
393.717 672
393.730 676
393.744 663
393.757 682
393.770 671
393.783 668
393.796 666
393.810 686
393.823 672
393.836 660
393.849 676
393.863 680
393.876 670
393.889 669
393.902 669
393.915 671
393.929 679
