375.891 784
375.905 814
375.919 809
375.933 821
375.946 840
375.960 837
375.974 823
375.987 828
376.001 830
376.015 828
376.029 842
376.042 847
376.056 838
376.070 831
376.084 850
376.097 856
376.111 862
376.125 865
376.139 868
376.152 846
376.166 874
376.180 868
376.193 872
376.207 873
376.221 877
376.235 865
376.248 893
376.262 902
376.276 891
376.290 914
376.303 915
376.317 896
376.331 891
376.345 914
376.358 909
376.372 929
376.386 911
376.399 933
376.413 895
376.427 934
376.441 926
376.454 932
376.468 948
376.482 933
376.495 939
376.509 961
376.523 987
376.537 965
376.550 963
376.564 985
376.578 999
376.592 972
376.605 972
376.619 988
376.633 987
376.646 973
376.660 983
376.674 984
376.688 1003
376.701 1009
376.715 992
376.729 1016
376.742 1038
376.756 1070
376.770 1042
376.784 1007
376.797 1031
376.811 1032
376.825 1078
376.838 1098
376.852 1059
376.866 1072
376.880 1085
376.893 1078
376.907 1104
376.921 1094
376.934 1102
376.948 1094
376.962 1117
376.976 1117
376.989 1105
377.003 1127
377.017 1126
377.030 1176
377.044 1156
377.058 1171
377.071 1164
377.085 1154
377.099 1156
377.113 1161
377.126 1174
377.140 1171
377.154 1186
377.167 1188
377.181 1207
377.195 1186
377.208 1187
377.222 1210
377.236 1210
377.250 1215
377.263 1224
377.277 1231
377.291 1245
377.304 1255
377.318 1250
377.332 1241
377.345 1264
377.359 1266
377.373 1266
377.387 1277
377.400 1269
377.414 1287
377.428 1286
377.441 1284
377.455 1292
377.469 1297
377.482 1299
377.496 1329
377.510 1322
377.524 1360
377.537 1387
377.551 1364
377.565 1378
377.578 1341
377.592 1347
377.606 1347
377.619 1339
377.633 1392
377.647 1328
377.660 1334
377.674 1364
377.688 1333
377.701 1369
377.715 1395
377.729 1401
377.743 1387
377.756 1352
377.770 1424
377.784 1401
377.797 1409
377.811 1409
377.825 1422
377.838 1381
377.852 1416
377.866 1437
377.879 1401
377.893 1426
377.907 1424
377.920 1458
377.934 1415
377.948 1465
377.961 1437
377.975 1456
377.989 1450
378.002 1450
378.016 1445
378.030 1466
378.044 1470
378.057 1463
378.071 1476
378.085 1485
378.098 1462
378.112 1467
378.126 1456
378.139 1487
378.153 1482
378.167 1495
378.180 1499
378.194 1488
378.208 1510
378.221 1491
378.235 1516
378.249 1531
378.262 1509
378.276 1547
378.290 1527
378.303 1487
378.317 1524
378.331 1493
378.344 1541
378.358 1542
378.372 1557
378.385 1541
378.399 1563
378.413 1535
378.426 1543
378.440 1576
378.454 1576
378.467 1591
378.481 1587
378.495 1580
378.508 1569
378.522 1588
378.536 1612
378.549 1587
378.563 1595
378.577 1590
378.590 1619
378.604 1598
378.618 1580
378.631 1658
378.645 1644
378.659 1631
378.672 1637
378.686 1666
378.700 1680
378.713 1711
378.727 1682
378.740 1710
378.754 1654
378.768 1760
378.781 1722
378.795 1698
378.809 1732
378.822 1728
378.836 1698
378.850 1720
378.863 1721
378.877 1730
378.891 1751
378.904 1750
378.918 1746
378.932 1760
378.945 1698
378.959 1726
378.973 1781
378.986 1765
379.000 1739
379.014 1776
379.027 1786
379.041 1749
379.054 1728
379.068 1782
379.082 1826
379.095 1774
379.109 1768
379.123 1803
379.136 1822
379.150 1834
379.164 1788
379.177 1847
379.191 1826
379.205 1852
379.218 1874
379.232 1849
379.245 1896
379.259 1863
379.273 1908
379.286 1880
379.300 1914
379.314 1971
379.327 1958
379.341 1931
379.355 1955
379.368 2006
379.382 1978
379.396 2016
379.409 2046
379.423 2047
379.436 2022
379.450 2101
379.464 2072
379.477 2113
379.491 2051
379.505 2103
379.518 2072
379.532 2134
379.546 2180
379.559 2198
379.573 2204
379.586 2163
379.600 2143
379.614 2276
379.627 2305
379.641 2283
379.655 2361
379.668 2312
379.682 2263
379.695 2272
379.709 2333
379.723 2344
379.736 2396
379.750 2542
379.764 2608
379.777 2524
379.791 2550
379.804 2683
379.818 2654
379.832 2628
379.845 2605
379.859 2597
379.873 2633
379.886 2627
379.900 2643
379.913 2751
379.927 2727
379.941 2816
379.954 2796
379.968 2821
379.982 2908
379.995 2862
380.009 2885
380.022 2941
380.036 2994
380.050 2990
380.063 3034
380.077 3207
380.090 3282
380.104 3341
380.118 3326
380.131 3411
380.145 3380
380.159 3474
380.172 3599
380.186 3534
380.199 3613
380.213 3657
380.227 3785
380.240 3777
380.254 3653
380.267 3740
380.281 3749
380.295 3796
380.308 3863
380.322 3875
380.336 3969
380.349 3995
380.363 4191
380.376 4061
380.390 4193
380.404 4220
380.417 4342
380.431 4402
380.444 4417
380.458 4468
380.472 4566
380.485 4606
380.499 4589
380.512 4725
380.526 4814
380.540 4721
380.553 4916
380.567 4937
380.580 4933
380.594 5081
380.608 5190
380.621 5391
380.635 5411
380.648 5491
380.662 5431
380.676 5535
380.689 5631
380.703 5760
380.716 5743
380.730 5770
380.744 5952
380.757 6075
380.771 6234
380.784 6228
380.798 6373
380.812 6351
380.825 6427
380.839 6497
380.852 6779
380.866 6836
380.880 6947
380.893 6904
380.907 7015
380.920 6930
380.934 7025
380.948 7191
380.961 7249
380.975 7338
380.988 7351
381.002 7403
381.015 7417
381.029 7467
381.043 7579
381.056 7702
381.070 7700
381.083 7828
381.097 7948
381.111 7988
381.124 8108
381.138 8091
381.151 8189
381.165 8197
381.179 8342
381.192 8386
381.206 8308
381.219 8339
381.233 8612
381.246 8517
381.260 8584
381.274 8743
381.287 8823
381.301 8934
381.314 8991
381.328 8976
381.341 9117
381.355 9184
381.369 9264
381.382 9388
381.396 9372
381.409 9668
381.423 9693
381.437 9813
381.450 9740
381.464 9846
381.477 10225
381.491 10242
381.504 10325
381.518 10108
381.532 10306
381.545 10539
381.559 10820
381.572 10929
381.586 10934
381.599 10936
381.613 10958
381.627 10964
381.640 11154
381.654 11193
381.667 11246
381.681 11319
381.694 11245
381.708 11183
381.722 11268
381.735 11128
381.749 11364
381.762 11346
381.776 11381
381.789 11362
381.803 11358
381.817 11464
381.830 11515
381.844 11566
381.857 11732
381.871 11958
381.884 11914
381.898 11897
381.911 12031
381.925 12116
381.939 12141
381.952 12117
381.966 12299
381.979 12453
381.993 12843
382.006 12802
382.020 12932
382.034 13058
382.047 12924
382.061 12939
382.074 12874
382.088 12941
382.101 12919
382.115 13039
382.128 13104
382.142 13432
382.156 14079
382.169 14109
382.183 14042
382.196 13762
382.210 14122
382.223 14146
382.237 14023
382.250 14140
382.264 14358
382.278 14355
382.291 14457
382.305 14683
382.318 15069
382.332 14958
382.345 14664
382.359 14524
382.372 14557
382.386 14771
382.399 14519
382.413 14772
382.427 15003
382.440 14901
382.454 15158
382.467 15349
382.481 15461
382.494 15748
382.508 16188
382.521 16279
382.535 16015
382.548 16092
382.562 16114
382.576 16116
382.589 16383
382.603 16288
382.616 16521
382.630 16687
382.643 16910
382.657 17190
382.670 17165
382.684 17154
382.697 17140
382.711 17282
382.724 17341
382.738 17387
382.752 17623
382.765 17844
382.779 17860
382.792 17945
382.806 17940
382.819 18106
382.833 18234
382.846 18287
382.860 18273
382.873 18690
382.887 18610
382.900 18912
382.914 19122
382.928 19395
382.941 19587
382.955 19570
382.968 19727
382.982 20006
382.995 20026
383.009 20301
383.022 20267
383.036 20431
383.049 20721
383.063 20823
383.076 20885
383.090 20934
383.103 20915
383.117 21314
383.130 21272
383.144 21352
383.158 21376
383.171 21671
383.185 21765
383.198 22113
383.212 22347
383.225 22522
383.239 22664
383.252 22964
383.266 23056
383.279 23198
383.293 23320
383.306 23341
383.320 23755
383.333 24443
383.347 24412
383.360 24323
383.374 24382
383.387 24325
383.401 24719
383.414 24554
383.428 24403
383.441 24560
383.455 24490
383.468 24541
383.482 24608
383.496 25523
383.509 25679
383.523 25571
383.536 25351
383.550 25588
383.563 25713
383.577 25828
383.590 26171
383.604 26031
383.617 25868
383.631 25812
383.644 25494
383.658 25402
383.671 25373
383.685 25525
383.698 25637
383.712 25706
383.725 25760
383.739 25632
383.752 25657
383.766 25519
383.779 25515
383.793 25505
383.806 25645
383.820 26248
383.833 26126
383.847 26018
383.860 26350
383.874 26356
383.887 25390
383.901 25444
383.914 25754
383.928 25926
383.941 25695
383.955 25252
383.968 25198
383.982 25244
383.995 25077
384.009 24931
384.022 25016
384.036 24722
384.049 24623
384.063 24679
384.076 25015
384.090 25309
384.103 25593
384.117 25588
384.130 25205
384.144 24268
384.157 23850
384.171 23590
384.184 23536
384.198 23404
384.211 22958
384.225 22858
384.238 23132
384.252 22841
384.265 22588
384.279 22400
384.292 22096
384.306 21809
384.319 21424
384.333 20875
384.346 20339
384.360 20047
384.373 19626
384.387 19366
384.400 18955
384.414 18560
384.427 18162
384.441 17800
384.454 17248
384.468 16845
384.481 16434
384.495 16080
384.508 15725
384.522 15372
384.535 14935
384.549 14361
384.562 13900
384.575 13523
384.589 13292
384.602 13186
384.616 12791
384.629 12460
384.643 12144
384.656 11586
384.670 11312
384.683 10695
384.697 10582
384.710 10151
384.724 9823
384.737 9642
384.751 9285
384.764 9079
384.778 8905
384.791 8612
384.805 8274
384.818 8107
384.832 7819
384.845 7707
384.859 7414
384.872 7101
384.885 7029
384.899 6721
384.912 6565
384.926 6370
384.939 6330
384.953 6182
384.966 6080
384.980 5905
384.993 5821
385.007 5783
385.020 5584
385.034 5451
385.047 5378
385.061 5349
385.074 5094
385.088 5022
385.101 4894
385.114 4995
385.128 4835
385.141 4785
385.155 4690
385.168 4624
385.182 4785
385.195 4678
385.209 4654
385.222 4443
385.236 4303
385.249 4314
385.263 4297
385.276 4130
385.290 4148
385.303 4021
385.316 3972
385.330 3984
385.343 3919
385.357 3903
385.370 3843
385.384 3694
385.397 3710
385.411 3680
385.424 3612
385.438 3570
385.451 3530
385.464 3585
385.478 3531
385.491 3548
385.505 3472
385.518 3459
385.532 3419
385.545 3334
385.559 3301
385.572 3277
385.586 3266
385.599 3262
385.612 3258
385.626 3241
385.639 3187
385.653 3216
385.666 3241
385.680 3168
385.693 3131
385.707 3038
385.720 3065
385.734 3024
385.747 2973
385.760 2956
385.774 2944
385.787 2973
385.801 2893
385.814 2817
385.828 2766
385.841 2791
385.855 2751
385.868 2729
385.881 2729
385.895 2735
385.908 2646
385.922 2635
385.935 2662
385.949 2650
385.962 2604
385.976 2634
385.989 2582
386.002 2670
386.016 2652
386.029 2617
386.043 2578
386.056 2533
386.070 2435
386.083 2484
386.097 2495
386.110 2494
386.123 2455
386.137 2431
386.150 2434
386.164 2409
386.177 2398
386.191 2434
386.204 2364
386.217 2281
386.231 2362
386.244 2343
386.258 2386
386.271 2334
386.285 2299
386.298 2301
386.311 2303
386.325 2278
386.338 2269
386.352 2222
386.365 2279
386.379 2231
386.392 2150
386.405 2164
386.419 2199
386.432 2163
386.446 2184
386.459 2181
386.473 2165
386.486 2135
386.499 2149
386.513 2086
386.526 2079
386.540 2028
386.553 2078
386.567 2094
386.580 2078
386.593 2102
386.607 2153
386.620 2110
386.634 2073
386.647 2088
386.661 2066
386.674 2008
386.687 2036
386.701 1981
386.714 1961
386.728 1990
386.741 1931
386.754 1940
386.768 1951
386.781 1931
386.795 1914
386.808 1890
386.822 1853
386.835 1883
386.848 1839
386.862 1836
386.875 1849
386.889 1832
386.902 1820
386.915 1851
386.929 1782
386.942 1815
386.956 1811
386.969 1750
386.983 1734
386.996 1791
387.009 1782
387.023 1762
387.036 1780
387.050 1751
387.063 1735
387.076 1762
387.090 1727
387.103 1735
387.117 1704
387.130 1694
387.143 1729
387.157 1735
387.170 1712
387.184 1665
387.197 1652
387.210 1674
387.224 1635
387.237 1663
387.251 1597
387.264 1614
387.278 1599
387.291 1606
387.304 1619
387.318 1603
387.331 1598
387.345 1599
387.358 1589
387.371 1547
387.385 1587
387.398 1543
387.412 1519
387.425 1501
387.438 1503
387.452 1488
387.465 1487
387.478 1471
387.492 1447
387.505 1490
387.519 1428
387.532 1485
387.545 1514
387.559 1475
387.572 1475
387.586 1419
387.599 1430
387.612 1429
387.626 1441
387.639 1440
387.653 1416
387.666 1416
387.679 1347
387.693 1383
387.706 1313
387.720 1362
387.733 1353
387.746 1344
387.760 1349
387.773 1363
387.787 1348
387.800 1352
387.813 1354
387.827 1315
387.840 1346
387.853 1325
387.867 1301
387.880 1319
387.894 1362
387.907 1336
387.920 1285
387.934 1294
387.947 1283
387.961 1296
387.974 1314
387.987 1262
388.001 1251
388.014 1275
388.027 1277
388.041 1264
388.054 1251
388.068 1254
388.081 1228
388.094 1247
388.108 1222
388.121 1247
388.134 1203
388.148 1199
388.161 1154
388.175 1216
388.188 1194
388.201 1195
388.215 1173
388.228 1163
388.241 1148
388.255 1181
388.268 1159
388.282 1152
388.295 1157
388.308 1127
388.322 1164
388.335 1164
388.348 1143
388.362 1166
388.375 1187
388.389 1168
388.402 1142
388.415 1159
388.429 1124
388.442 1177
388.455 1165
388.469 1147
388.482 1174
388.495 1154
388.509 1154
388.522 1157
388.536 1134
388.549 1144
388.562 1154
388.576 1152
388.589 1125
388.602 1115
388.616 1163
388.629 1158
388.642 1126
388.656 1107
388.669 1110
388.683 1106
388.696 1128
388.709 1140
388.723 1133
388.736 1125
388.749 1124
388.763 1132
388.776 1124
388.789 1088
388.803 1082
388.816 1101
388.829 1086
388.843 1081
388.856 1102
388.870 1120
388.883 1103
388.896 1095
388.910 1092
388.923 1110
388.936 1108
388.950 1118
388.963 1094
388.976 1104
388.990 1103
389.003 1089
389.016 1111
389.030 1101
389.043 1082
389.056 1097
389.070 1120
389.083 1091
389.097 1065
389.110 1072
389.123 1070
389.137 1060
389.150 1069
389.163 1062
389.177 1053
389.190 1064
389.203 1062
389.217 1058
389.230 1056
389.243 1073
389.257 1055
389.270 1050
389.283 1049
389.297 1024
389.310 1078
389.323 1037
389.337 1045
389.350 1059
389.363 1040
389.377 1045
389.390 1039
389.403 1055
389.417 1009
389.430 1049
389.443 1032
389.457 1020
389.470 1016
389.483 1026
389.497 1043
389.510 1044
389.523 1009
389.537 1021
389.550 1034
389.563 1021
389.577 1029
389.590 1005
389.603 1007
389.617 1019
389.630 1020
389.643 1013
389.657 1013
389.670 1028
389.683 1027
389.697 989
389.710 1000
389.723 979
389.737 1009
389.750 997
389.763 1001
389.777 998
389.790 1016
389.803 987
389.817 996
389.830 999
389.843 951
389.857 945
389.870 943
389.883 966
389.897 966
389.910 957
389.923 963
389.937 957
389.950 968
389.963 953
389.977 958
389.990 948
390.003 942
390.017 949
390.030 954
390.043 944
390.057 943
390.070 919
390.083 944
390.096 927
390.110 922
390.123 909
390.136 909
390.150 906
390.163 939
390.176 911
390.190 913
390.203 906
390.216 894
390.230 892
390.243 887
390.256 884
390.270 875
390.283 884
390.296 877
390.310 896
390.323 889
390.336 866
390.349 859
390.363 880
390.376 864
390.389 878
390.403 887
390.416 854
390.429 863
390.443 863
390.456 838
390.469 857
390.483 858
390.496 829
390.509 841
390.522 843
390.536 823
390.549 835
390.562 834
390.576 828
390.589 847
390.602 813
390.616 806
390.629 825
390.642 819
390.655 808
390.669 809
390.682 818
390.695 822
390.709 808
390.722 802
390.735 790
390.749 820
390.762 785
390.775 807
390.788 799
390.802 813
390.815 783
390.828 797
390.842 792
390.855 777
390.868 796
390.882 774
390.895 784
390.908 789
390.921 778
390.935 771
390.948 759
390.961 753
390.975 770
390.988 757
391.001 769
391.014 785
391.028 758
391.041 750
391.054 756
391.068 762
391.081 765
391.094 767
391.107 752
391.121 766
391.134 740
391.147 751
391.161 751
391.174 738
391.187 749
391.200 747
391.214 736
391.227 741
391.240 746
391.254 746
391.267 734
391.280 741
391.293 736
391.307 745
391.320 732
391.333 716
391.347 726
391.360 740
391.373 735
391.386 740
391.400 733
391.413 732
391.426 732
391.440 723
391.453 727
391.466 733
391.479 738
391.493 734
391.506 721
391.519 731
391.532 728
391.546 715
391.559 717
391.572 724
391.586 722
391.599 723
391.612 719
391.625 708
391.639 720
391.652 714
391.665 698
391.678 714
391.692 714
391.705 724
391.718 710
391.732 698
391.745 705
391.758 719
391.771 727
391.785 698
391.798 698
391.811 713
391.824 701
391.838 721
391.851 708
391.864 715
391.877 717
391.891 705
391.904 699
391.917 714
391.931 708
391.944 722
391.957 701
391.970 717
391.984 707
391.997 714
392.010 713
392.023 697
392.037 706
392.050 699
392.063 712
392.076 692
392.090 700
392.103 713
392.116 715
392.129 711
392.143 696
392.156 704
392.169 699
392.182 694
392.196 688
392.209 700
392.222 700
392.235 702
392.249 690
392.262 706
392.275 684
392.288 696
392.302 692
392.315 695
392.328 696
392.341 708
392.355 693
392.368 698
392.381 697
392.394 693
392.408 695
392.421 701
392.434 705
392.447 688
392.461 693
392.474 697
392.487 699
392.500 701
392.514 691
392.527 691
392.540 699
392.553 687
392.567 684
392.580 684
392.593 702
392.606 696
392.620 690
392.633 686
392.646 694
392.659 682
392.673 703
392.686 690
392.699 688
392.712 683
392.726 696
392.739 688
392.752 681
392.765 691
392.778 695
392.792 682
392.805 683
392.818 696
392.831 688
392.845 689
392.858 682
392.871 692
392.884 688
392.898 690
392.911 703
392.924 687
392.937 698
392.951 683
392.964 693
392.977 688
392.990 686
393.003 689
393.017 680
393.030 684
393.043 677
393.056 678
393.070 677
393.083 668
393.096 683
393.109 690
393.122 689
393.136 691
393.149 682
393.162 679
393.175 691
393.189 666
393.202 687
393.215 679
393.228 677
393.242 670
393.255 679
393.268 677
393.281 679
393.294 674
393.308 665
393.321 666
393.334 683
393.347 680
393.360 682
393.374 672
393.387 683
393.400 683
393.413 666
393.427 671
393.440 675
393.453 671
393.466 679
393.479 683
393.493 671
393.506 673
393.519 683
393.532 677
393.546 680
393.559 678
393.572 670
393.585 670
393.598 677
393.612 672
393.625 670
393.638 677
393.651 676
393.664 660
393.678 674
393.691 671
393.704 666
393.717 674
393.730 656
393.744 668
393.757 673
393.770 660
393.783 679
393.796 654
393.810 658
393.823 682
393.836 674
393.849 670
393.863 663
393.876 661
393.889 679
393.902 664
393.915 674
393.929 665
