375.891 792
375.905 816
375.919 795
375.933 816
375.946 828
375.960 827
375.974 824
375.987 827
376.001 843
376.015 825
376.029 830
376.042 830
376.056 842
376.070 830
376.084 837
376.097 861
376.111 845
376.125 870
376.139 857
376.152 838
376.166 850
376.180 870
376.193 873
376.207 870
376.221 892
376.235 868
376.248 874
376.262 910
376.276 877
376.290 897
376.303 882
376.317 894
376.331 862
376.345 919
376.358 910
376.372 908
376.386 911
376.399 929
376.413 941
376.427 928
376.441 942
376.454 939
376.468 922
376.482 932
376.495 942
376.509 960
376.523 975
376.537 976
376.550 988
376.564 966
376.578 978
376.592 984
376.605 996
376.619 992
376.633 965
376.646 951
376.660 974
376.674 978
376.688 977
376.701 1006
376.715 991
376.729 1012
376.742 1040
376.756 1025
376.770 1027
376.784 1013
376.797 1024
376.811 1040
376.825 1061
376.838 1049
376.852 1068
376.866 1034
376.880 1085
376.893 1065
376.907 1062
376.921 1064
376.934 1084
376.948 1086
376.962 1071
376.976 1083
376.989 1096
377.003 1106
377.017 1124
377.030 1113
377.044 1167
377.058 1160
377.071 1141
377.085 1134
377.099 1164
377.113 1145
377.126 1125
377.140 1182
377.154 1159
377.167 1180
377.181 1199
377.195 1180
377.208 1175
377.222 1204
377.236 1210
377.250 1170
377.263 1199
377.277 1237
377.291 1226
377.304 1220
377.318 1232
377.332 1253
377.345 1238
377.359 1209
377.373 1249
377.387 1252
377.400 1266
377.414 1243
377.428 1232
377.441 1250
377.455 1250
377.469 1288
377.482 1306
377.496 1298
377.510 1302
377.524 1307
377.537 1325
377.551 1343
377.565 1338
377.578 1343
377.592 1347
377.606 1317
377.619 1327
377.633 1319
377.647 1339
377.660 1331
377.674 1320
377.688 1382
377.701 1348
377.715 1347
377.729 1357
377.743 1377
377.756 1376
377.770 1380
377.784 1377
377.797 1350
377.811 1412
377.825 1386
377.838 1391
377.852 1399
377.866 1405
377.879 1412
377.893 1425
377.907 1410
377.920 1414
377.934 1419
377.948 1428
377.961 1421
377.975 1427
377.989 1442
378.002 1449
378.016 1442
378.030 1392
378.044 1437
378.057 1444
378.071 1460
378.085 1440
378.098 1458
378.112 1440
378.126 1436
378.139 1485
378.153 1447
378.167 1474
378.180 1470
378.194 1445
378.208 1504
378.221 1481
378.235 1483
378.249 1509
378.262 1476
378.276 1499
378.290 1477
378.303 1476
378.317 1496
378.331 1500
378.344 1498
378.358 1500
378.372 1529
378.385 1530
378.399 1541
378.413 1524
378.426 1489
378.440 1528
378.454 1550
378.467 1554
378.481 1531
378.495 1522
378.508 1538
378.522 1544
378.536 1569
378.549 1551
378.563 1575
378.577 1558
378.590 1527
378.604 1584
378.618 1587
378.631 1587
378.645 1617
378.659 1608
378.672 1632
378.686 1640
378.700 1617
378.713 1670
378.727 1697
378.740 1701
378.754 1686
378.768 1693
378.781 1731
378.795 1686
378.809 1724
378.822 1702
378.836 1685
378.850 1641
378.863 1632
378.877 1717
378.891 1682
378.904 1715
378.918 1685
378.932 1748
378.945 1685
378.959 1715
378.973 1692
378.986 1706
379.000 1716
379.014 1740
379.027 1709
379.041 1742
379.054 1700
379.068 1762
379.082 1776
379.095 1754
379.109 1755
379.123 1753
379.136 1745
379.150 1780
379.164 1805
379.177 1781
379.191 1791
379.205 1797
379.218 1809
379.232 1826
379.245 1856
379.259 1844
379.273 1903
379.286 1894
379.300 1904
379.314 1890
379.327 1928
379.341 1926
379.355 1878
379.368 1931
379.382 1954
379.396 1957
379.409 1995
379.423 1974
379.436 2017
379.450 1995
379.464 2033
379.477 2038
379.491 2016
379.505 2044
379.518 2045
379.532 2093
379.546 2122
379.559 2108
379.573 2134
379.586 2129
379.600 2146
379.614 2215
379.627 2226
379.641 2262
379.655 2275
379.668 2272
379.682 2238
379.695 2279
379.709 2284
379.723 2323
379.736 2408
379.750 2448
379.764 2505
379.777 2511
379.791 2541
379.804 2544
379.818 2563
379.832 2498
379.845 2501
379.859 2501
379.873 2528
379.886 2597
379.900 2632
379.913 2645
379.927 2684
379.941 2749
379.954 2768
379.968 2781
379.982 2810
379.995 2851
380.009 2802
380.022 2864
380.036 2998
380.050 2941
380.063 3011
380.077 3162
380.090 3239
380.104 3214
380.118 3223
380.131 3287
380.145 3341
380.159 3312
380.172 3415
380.186 3528
380.199 3561
380.213 3591
380.227 3684
380.240 3768
380.254 3678
380.267 3644
380.281 3692
380.295 3739
380.308 3726
380.322 3778
380.336 3820
380.349 3888
380.363 3992
380.376 4024
380.390 4050
380.404 4102
380.417 4202
380.431 4210
380.444 4243
380.458 4344
380.472 4359
380.485 4426
380.499 4496
380.512 4632
380.526 4652
380.540 4714
380.553 4743
380.567 4791
380.580 4853
380.594 4934
380.608 5071
380.621 5274
380.635 5242
380.648 5306
380.662 5389
380.676 5470
380.689 5462
380.703 5529
380.716 5535
380.730 5703
380.744 5700
380.757 5859
380.771 6034
380.784 6122
380.798 6108
380.812 6129
380.825 6282
380.839 6367
380.852 6471
380.866 6661
380.880 6761
380.893 6665
380.907 6712
380.920 6738
380.934 6906
380.948 6920
380.961 7026
380.975 6999
380.988 7133
381.002 7118
381.015 7194
381.029 7312
381.043 7474
381.056 7441
381.070 7502
381.083 7448
381.097 7662
381.111 7714
381.124 7804
381.138 7932
381.151 8011
381.165 8066
381.179 8162
381.192 8150
381.206 8083
381.219 8180
381.233 8168
381.246 8340
381.260 8457
381.274 8474
381.287 8530
381.301 8659
381.314 8717
381.328 8769
381.341 8822
381.355 9061
381.369 8934
381.382 8920
381.396 9141
381.409 9335
381.423 9479
381.437 9520
381.450 9540
381.464 9653
381.477 9705
381.491 9998
381.504 9989
381.518 10015
381.532 9825
381.545 10275
381.559 10459
381.572 10621
381.586 10541
381.599 10659
381.613 10622
381.627 10802
381.640 10869
381.654 10937
381.667 10851
381.681 10996
381.694 10959
381.708 10873
381.722 10749
381.735 10850
381.749 10974
381.762 10862
381.776 10986
381.789 11002
381.803 11231
381.817 11163
381.830 11328
381.844 11421
381.857 11509
381.871 11606
381.884 11661
381.898 11586
381.911 11735
381.925 11854
381.939 11847
381.952 11907
381.966 12064
381.979 12030
381.993 12322
382.006 12497
382.020 12588
382.034 12743
382.047 12638
382.061 12594
382.074 12512
382.088 12601
382.101 12614
382.115 12780
382.128 12797
382.142 13140
382.156 13637
382.169 13752
382.183 13716
382.196 13449
382.210 13639
382.223 13792
382.237 13636
382.250 13900
382.264 13806
382.278 13922
382.291 14242
382.305 14363
382.318 14527
382.332 14508
382.345 14153
382.359 14073
382.372 14219
382.386 14120
382.399 14339
382.413 14445
382.427 14458
382.440 14627
382.454 14728
382.467 14796
382.481 15030
382.494 15557
382.508 15772
382.521 15887
382.535 15682
382.548 15503
382.562 15635
382.576 15875
382.589 15826
382.603 15959
382.616 16142
382.630 16244
382.643 16349
382.657 16577
382.670 16705
382.684 16841
382.697 16639
382.711 16801
382.724 16897
382.738 16942
382.752 16967
382.765 17237
382.779 17209
382.792 17468
382.806 17593
382.819 17826
382.833 18036
382.846 18064
382.860 18044
382.873 18275
382.887 18325
382.900 18478
382.914 18758
382.928 18906
382.941 18982
382.955 19180
382.968 19394
382.982 19495
382.995 19722
383.009 19649
383.022 19681
383.036 19855
383.049 20022
383.063 20210
383.076 20201
383.090 20287
383.103 20326
383.117 20622
383.130 20819
383.144 20893
383.158 20812
383.171 21027
383.185 21253
383.198 21587
383.212 21788
383.225 21653
383.239 22219
383.252 22477
383.266 22294
383.279 22525
383.293 22682
383.306 22676
383.320 23083
383.333 23558
383.347 23612
383.360 23698
383.374 23681
383.387 23757
383.401 23904
383.414 23993
383.428 23839
383.441 23732
383.455 23945
383.468 23654
383.482 24067
383.496 24764
383.509 24919
383.523 24756
383.536 24930
383.550 24738
383.563 24907
383.577 25085
383.590 25292
383.604 25392
383.617 25033
383.631 25097
383.644 24621
383.658 24801
383.671 24447
383.685 24885
383.698 24563
383.712 25092
383.725 24773
383.739 24622
383.752 24700
383.766 24602
383.779 24772
383.793 24631
383.806 24895
383.820 25404
383.833 25313
383.847 25317
383.860 25344
383.874 25383
383.887 24702
383.901 24682
383.914 25005
383.928 25045
383.941 24633
383.955 24608
383.968 24332
383.982 24217
383.995 24120
384.009 24217
384.022 23888
384.036 23954
384.049 23913
384.063 23925
384.076 24059
384.090 24366
384.103 24462
384.117 24585
384.130 24190
384.144 23268
384.157 23170
384.171 22749
384.184 22643
384.198 22333
384.211 22095
384.225 22103
384.238 22278
384.252 22130
384.265 21885
384.279 21813
384.292 21269
384.306 21160
384.319 20604
384.333 20285
384.346 19765
384.360 19514
384.373 19167
384.387 18844
384.400 18560
384.414 17994
384.427 18016
384.441 17437
384.454 17059
384.468 16530
384.481 16203
384.495 15965
384.508 15517
384.522 15092
384.535 14717
384.549 14338
384.562 14126
384.575 13723
384.589 13616
384.602 13259
384.616 12960
384.629 12753
384.643 12484
384.656 11901
384.670 11791
384.683 11155
384.697 10757
384.710 10439
384.724 10180
384.737 9767
384.751 9667
384.764 9334
384.778 9060
384.791 8820
384.805 8618
384.818 8238
384.832 8124
384.845 7945
384.859 7671
384.872 7281
384.885 7148
384.899 6939
384.912 6764
384.926 6620
384.939 6538
384.953 6208
384.966 6056
384.980 5938
384.993 5889
385.007 5714
385.020 5657
385.034 5484
385.047 5447
385.061 5231
385.074 5145
385.088 5070
385.101 4857
385.114 4816
385.128 4811
385.141 4748
385.155 4650
385.168 4708
385.182 4703
385.195 4660
385.209 4503
385.222 4416
385.236 4308
385.249 4230
385.263 4166
385.276 4155
385.290 4000
385.303 3962
385.316 3895
385.330 3922
385.343 3918
385.357 3787
385.370 3676
385.384 3634
385.397 3663
385.411 3657
385.424 3600
385.438 3484
385.451 3525
385.464 3502
385.478 3458
385.491 3437
385.505 3420
385.518 3383
385.532 3322
385.545 3265
385.559 3273
385.572 3204
385.586 3186
385.599 3218
385.612 3205
385.626 3088
385.639 3121
385.653 3142
385.666 3161
385.680 3095
385.693 3097
385.707 2990
385.720 3058
385.734 2966
385.747 2942
385.760 2911
385.774 2918
385.787 2890
385.801 2803
385.814 2771
385.828 2710
385.841 2688
385.855 2691
385.868 2728
385.881 2713
385.895 2636
385.908 2652
385.922 2649
385.935 2608
385.949 2608
385.962 2584
385.976 2568
385.989 2562
386.002 2533
386.016 2549
386.029 2532
386.043 2524
386.056 2451
386.070 2478
386.083 2410
386.097 2482
386.110 2442
386.123 2420
386.137 2438
386.150 2386
386.164 2372
386.177 2377
386.191 2397
386.204 2393
386.217 2370
386.231 2303
386.244 2326
386.258 2312
386.271 2310
386.285 2291
386.298 2285
386.311 2231
386.325 2248
386.338 2222
386.352 2221
386.365 2225
386.379 2210
386.392 2162
386.405 2143
386.419 2130
386.432 2155
386.446 2150
386.459 2190
386.473 2106
386.486 2125
386.499 2115
386.513 2064
386.526 2031
386.540 2071
386.553 2067
386.567 2038
386.580 2063
386.593 2094
386.607 2066
386.620 2065
386.634 2076
386.647 2045
386.661 2023
386.674 2016
386.687 1952
386.701 1950
386.714 1918
386.728 1914
386.741 1927
386.754 1948
386.768 1911
386.781 1924
386.795 1906
386.808 1814
386.822 1877
386.835 1807
386.848 1850
386.862 1830
386.875 1814
386.889 1819
386.902 1783
386.915 1825
386.929 1805
386.942 1798
386.956 1788
386.969 1740
386.983 1784
386.996 1765
387.009 1743
387.023 1724
387.036 1734
387.050 1735
387.063 1721
387.076 1689
387.090 1730
387.103 1732
387.117 1717
387.130 1713
387.143 1708
387.157 1703
387.170 1659
387.184 1638
387.197 1636
387.210 1664
387.224 1616
387.237 1636
387.251 1604
387.264 1595
387.278 1593
387.291 1607
387.304 1634
387.318 1562
387.331 1590
387.345 1548
387.358 1573
387.371 1540
387.385 1532
387.398 1519
387.412 1514
387.425 1482
387.438 1476
387.452 1472
387.465 1442
387.478 1465
387.492 1426
387.505 1474
387.519 1434
387.532 1465
387.545 1470
387.559 1474
387.572 1453
387.586 1465
387.599 1416
387.612 1442
387.626 1428
387.639 1433
387.653 1400
387.666 1384
387.679 1360
387.693 1360
387.706 1338
387.720 1355
387.733 1349
387.746 1365
387.760 1369
387.773 1325
387.787 1357
387.800 1353
387.813 1332
387.827 1329
387.840 1293
387.853 1326
387.867 1288
387.880 1306
387.894 1328
387.907 1262
387.920 1296
387.934 1312
387.947 1258
387.961 1260
387.974 1280
387.987 1240
388.001 1243
388.014 1233
388.027 1236
388.041 1229
388.054 1232
388.068 1219
388.081 1224
388.094 1223
388.108 1241
388.121 1194
388.134 1186
388.148 1203
388.161 1186
388.175 1172
388.188 1161
388.201 1207
388.215 1171
388.228 1166
388.241 1173
388.255 1154
388.268 1169
388.282 1159
388.295 1158
388.308 1180
388.322 1142
388.335 1129
388.348 1135
388.362 1175
388.375 1139
388.389 1133
388.402 1177
388.415 1156
388.429 1159
388.442 1180
388.455 1142
388.469 1151
388.482 1174
388.495 1163
388.509 1134
388.522 1162
388.536 1138
388.549 1120
388.562 1096
388.576 1127
388.589 1135
388.602 1108
388.616 1113
388.629 1116
388.642 1119
388.656 1120
388.669 1108
388.683 1105
388.696 1102
388.709 1135
388.723 1131
388.736 1109
388.749 1101
388.763 1111
388.776 1087
388.789 1091
388.803 1093
388.816 1106
388.829 1083
388.843 1091
388.856 1091
388.870 1106
388.883 1105
388.896 1072
388.910 1062
388.923 1083
388.936 1092
388.950 1096
388.963 1102
388.976 1087
388.990 1093
389.003 1115
389.016 1092
389.030 1079
389.043 1090
389.056 1104
389.070 1056
389.083 1096
389.097 1057
389.110 1068
389.123 1078
389.137 1047
389.150 1059
389.163 1068
389.177 1071
389.190 1050
389.203 1049
389.217 1064
389.230 1074
389.243 1052
389.257 1048
389.270 1038
389.283 1038
389.297 1038
389.310 1049
389.323 1029
389.337 1034
389.350 1031
389.363 1030
389.377 1034
389.390 1038
389.403 1038
389.417 1022
389.430 1024
389.443 1023
389.457 1035
389.470 1053
389.483 1038
389.497 1048
389.510 1017
389.523 1025
389.537 1030
389.550 987
389.563 1013
389.577 1019
389.590 1004
389.603 1005
389.617 997
389.630 989
389.643 1022
389.657 986
389.670 1011
389.683 1015
389.697 989
389.710 975
389.723 1002
389.737 1014
389.750 992
389.763 980
389.777 980
389.790 987
389.803 966
389.817 975
389.830 988
389.843 967
389.857 958
389.870 961
389.883 951
389.897 938
389.910 955
389.923 964
389.937 956
389.950 951
389.963 938
389.977 955
389.990 960
390.003 960
390.017 945
390.030 918
390.043 941
390.057 913
390.070 922
390.083 930
390.096 910
390.110 905
390.123 901
390.136 901
390.150 916
390.163 898
390.176 921
390.190 899
390.203 912
390.216 890
390.230 887
390.243 897
390.256 874
390.270 886
390.283 868
390.296 882
390.310 878
390.323 870
390.336 866
390.349 883
390.363 879
390.376 883
390.389 881
390.403 862
390.416 870
390.429 841
390.443 858
390.456 829
390.469 856
390.483 832
390.496 812
390.509 839
390.522 840
390.536 811
390.549 832
390.562 813
390.576 823
390.589 830
390.602 821
390.616 821
390.629 816
390.642 820
390.655 809
390.669 802
390.682 804
390.695 812
390.709 802
390.722 792
390.735 808
390.749 788
390.762 794
390.775 787
390.788 792
390.802 784
390.815 807
390.828 784
390.842 784
390.855 786
390.868 787
390.882 775
390.895 779
390.908 773
390.921 770
390.935 777
390.948 774
390.961 777
390.975 775
390.988 772
391.001 774
391.014 756
391.028 748
391.041 741
391.054 753
391.068 757
391.081 761
391.094 757
391.107 747
391.121 746
391.134 754
391.147 761
391.161 747
391.174 753
391.187 740
391.200 745
391.214 745
391.227 737
391.240 742
391.254 746
391.267 729
391.280 736
391.293 739
391.307 725
391.320 738
391.333 720
391.347 726
391.360 729
391.373 729
391.386 742
391.400 727
391.413 728
391.426 724
391.440 719
391.453 720
391.466 727
391.479 722
391.493 719
391.506 720
391.519 730
391.532 720
391.546 720
391.559 715
391.572 721
391.586 726
391.599 703
391.612 718
391.625 709
391.639 717
391.652 722
391.665 722
391.678 725
391.692 719
391.705 708
391.718 712
391.732 716
391.745 714
391.758 710
391.771 710
391.785 703
391.798 709
391.811 709
391.824 701
391.838 711
391.851 693
391.864 694
391.877 705
391.891 698
391.904 706
391.917 702
391.931 710
391.944 707
391.957 707
391.970 715
391.984 706
391.997 713
392.010 703
392.023 693
392.037 710
392.050 703
392.063 707
392.076 701
392.090 689
392.103 701
392.116 723
392.129 697
392.143 711
392.156 706
392.169 699
392.182 703
392.196 691
392.209 691
392.222 695
392.235 702
392.249 698
392.262 708
392.275 695
392.288 697
392.302 689
392.315 691
392.328 690
392.341 693
392.355 712
392.368 691
392.381 709
392.394 698
392.408 692
392.421 701
392.434 700
392.447 703
392.461 688
392.474 695
392.487 698
392.500 704
392.514 702
392.527 699
392.540 691
392.553 703
392.567 689
392.580 692
392.593 688
392.606 681
392.620 687
392.633 686
392.646 686
392.659 692
392.673 691
392.686 690
392.699 683
392.712 692
392.726 684
392.739 695
392.752 685
392.765 686
392.778 678
392.792 687
392.805 690
392.818 680
392.831 689
392.845 672
392.858 679
392.871 678
392.884 700
392.898 692
392.911 678
392.924 689
392.937 688
392.951 681
392.964 672
392.977 677
392.990 678
393.003 684
393.017 686
393.030 665
393.043 680
393.056 686
393.070 692
393.083 670
393.096 678
393.109 688
393.122 686
393.136 679
393.149 690
393.162 669
393.175 690
393.189 683
393.202 679
393.215 684
393.228 683
393.242 680
393.255 677
393.268 672
393.281 678
393.294 675
393.308 678
393.321 680
393.334 667
393.347 680
393.360 677
393.374 674
393.387 672
393.400 683
393.413 679
393.427 674
393.440 674
393.453 672
393.466 674
393.479 674
393.493 664
393.506 675
393.519 674
393.532 683
393.546 676
393.559 683
393.572 682
393.585 675
393.598 685
393.612 665
393.625 680
393.638 668
393.651 677
393.664 665
393.678 674
393.691 676
393.704 682
393.717 661
393.730 678
393.744 681
393.757 672
393.770 665
393.783 672
393.796 671
393.810 658
393.823 668
393.836 666
393.849 670
393.863 674
393.876 669
393.889 661
393.902 675
393.915 666
393.929 669
