375.891 849
375.905 838
375.919 836
375.933 853
375.946 849
375.960 850
375.974 854
375.987 864
376.001 858
376.015 858
376.029 872
376.042 861
376.056 875
376.070 859
376.084 870
376.097 866
376.111 896
376.125 888
376.139 897
376.152 925
376.166 900
376.180 901
376.193 932
376.207 916
376.221 883
376.235 912
376.248 914
376.262 913
376.276 930
376.290 923
376.303 955
376.317 908
376.331 937
376.345 929
376.358 940
376.372 951
376.386 958
376.399 962
376.413 974
376.427 958
376.441 1001
376.454 966
376.468 964
376.482 983
376.495 988
376.509 969
376.523 980
376.537 998
376.550 1017
376.564 1003
376.578 1025
376.592 1041
376.605 1036
376.619 1021
376.633 1008
376.646 1025
376.660 1023
376.674 1042
376.688 1044
376.701 1035
376.715 1046
376.729 1044
376.742 1067
376.756 1098
376.770 1072
376.784 1092
376.797 1087
376.811 1113
376.825 1114
376.838 1121
376.852 1123
376.866 1150
376.880 1151
376.893 1126
376.907 1138
376.921 1140
376.934 1161
376.948 1156
376.962 1159
376.976 1133
376.989 1158
377.003 1175
377.017 1187
377.030 1191
377.044 1219
377.058 1236
377.071 1251
377.085 1201
377.099 1240
377.113 1196
377.126 1266
377.140 1240
377.154 1254
377.167 1241
377.181 1259
377.195 1271
377.208 1279
377.222 1265
377.236 1278
377.250 1303
377.263 1296
377.277 1314
377.291 1321
377.304 1341
377.318 1328
377.332 1354
377.345 1349
377.359 1344
377.373 1357
377.387 1341
377.400 1326
377.414 1343
377.428 1373
377.441 1337
377.455 1370
377.469 1354
377.482 1409
377.496 1416
377.510 1426
377.524 1439
377.537 1459
377.551 1444
377.565 1437
377.578 1469
377.592 1437
377.606 1444
377.619 1430
377.633 1425
377.647 1454
377.660 1444
377.674 1471
377.688 1446
377.701 1458
377.715 1452
377.729 1483
377.743 1447
377.756 1502
377.770 1480
377.784 1504
377.797 1516
377.811 1468
377.825 1500
377.838 1506
377.852 1509
377.866 1541
377.879 1531
377.893 1548
377.907 1560
377.920 1516
377.934 1572
377.948 1517
377.961 1527
377.975 1527
377.989 1560
378.002 1557
378.016 1516
378.030 1579
378.044 1535
378.057 1570
378.071 1581
378.085 1561
378.098 1541
378.112 1546
378.126 1580
378.139 1583
378.153 1584
378.167 1554
378.180 1595
378.194 1578
378.208 1586
378.221 1556
378.235 1606
378.249 1637
378.262 1611
378.276 1622
378.290 1606
378.303 1619
378.317 1605
378.331 1615
378.344 1622
378.358 1666
378.372 1673
378.385 1658
378.399 1652
378.413 1665
378.426 1648
378.440 1652
378.454 1698
378.467 1694
378.481 1687
378.495 1669
378.508 1703
378.522 1670
378.536 1667
378.549 1719
378.563 1672
378.577 1706
378.590 1698
378.604 1732
378.618 1736
378.631 1704
378.645 1733
378.659 1719
378.672 1726
378.686 1760
378.700 1804
378.713 1787
378.727 1802
378.740 1817
378.754 1778
378.768 1836
378.781 1818
378.795 1860
378.809 1849
378.822 1848
378.836 1853
378.850 1776
378.863 1848
378.877 1832
378.891 1889
378.904 1879
378.918 1827
378.932 1865
378.945 1849
378.959 1819
378.973 1798
378.986 1881
379.000 1890
379.014 1850
379.027 1906
379.041 1916
379.054 1881
379.068 1884
379.082 1899
379.095 1898
379.109 1904
379.123 1882
379.136 1935
379.150 1955
379.164 1963
379.177 1928
379.191 1923
379.205 1897
379.218 1963
379.232 2013
379.245 2022
379.259 1972
379.273 2036
379.286 2027
379.300 2078
379.314 2048
379.327 2039
379.341 2062
379.355 2090
379.368 2074
379.382 2119
379.396 2149
379.409 2097
379.423 2159
379.436 2185
379.450 2151
379.464 2154
379.477 2217
379.491 2236
379.505 2215
379.518 2235
379.532 2277
379.546 2275
379.559 2273
379.573 2300
379.586 2327
379.600 2321
379.614 2395
379.627 2358
379.641 2438
379.655 2414
379.668 2400
379.682 2424
379.695 2431
379.709 2447
379.723 2472
379.736 2572
379.750 2604
379.764 2690
379.777 2724
379.791 2749
379.804 2767
379.818 2740
379.832 2702
379.845 2712
379.859 2696
379.873 2698
379.886 2800
379.900 2821
379.913 2882
379.927 2864
379.941 2918
379.954 3053
379.968 3015
379.982 3032
379.995 3076
380.009 3111
380.022 3106
380.036 3105
380.050 3197
380.063 3224
380.077 3333
380.090 3362
380.104 3421
380.118 3485
380.131 3561
380.145 3622
380.159 3588
380.172 3672
380.186 3669
380.199 3775
380.213 3806
380.227 3897
380.240 3932
380.254 3919
380.267 3919
380.281 3969
380.295 4071
380.308 4126
380.322 4129
380.336 4254
380.349 4304
380.363 4329
380.376 4422
380.390 4455
380.404 4586
380.417 4616
380.431 4632
380.444 4676
380.458 4681
380.472 4793
380.485 4825
380.499 4984
380.512 5050
380.526 5008
380.540 5059
380.553 5196
380.567 5282
380.580 5303
380.594 5372
380.608 5560
380.621 5717
380.635 5759
380.648 5810
380.662 5917
380.676 5842
380.689 5995
380.703 6028
380.716 6064
380.730 6190
380.744 6314
380.757 6407
380.771 6489
380.784 6646
380.798 6670
380.812 6680
380.825 6809
380.839 6927
380.852 7050
380.866 7349
380.880 7373
380.893 7397
380.907 7424
380.920 7449
380.934 7482
380.948 7605
380.961 7794
380.975 7847
380.988 7952
381.002 7888
381.015 8044
381.029 8026
381.043 8206
381.056 8171
381.070 8300
381.083 8358
381.097 8455
381.111 8651
381.124 8751
381.138 8907
381.151 9035
381.165 9124
381.179 9173
381.192 9083
381.206 9060
381.219 9181
381.233 9351
381.246 9376
381.260 9508
381.274 9495
381.287 9570
381.301 9685
381.314 9764
381.328 9851
381.341 9828
381.355 9881
381.369 9988
381.382 10145
381.396 10245
381.409 10396
381.423 10627
381.437 10769
381.450 10781
381.464 10929
381.477 11027
381.491 11242
381.504 11149
381.518 11178
381.532 11303
381.545 11422
381.559 11692
381.572 11814
381.586 11890
381.599 11907
381.613 12110
381.627 12124
381.640 12167
381.654 12345
381.667 12457
381.681 12511
381.694 12566
381.708 12277
381.722 12211
381.735 12320
381.749 12300
381.762 12466
381.776 12322
381.789 12542
381.803 12497
381.817 12597
381.830 12734
381.844 12833
381.857 12976
381.871 13100
381.884 13203
381.898 13183
381.911 13124
381.925 13340
381.939 13490
381.952 13565
381.966 13499
381.979 13796
381.993 13972
382.006 14083
382.020 14230
382.034 14323
382.047 14281
382.061 14275
382.074 14412
382.088 14338
382.101 14397
382.115 14497
382.128 14488
382.142 14835
382.156 15373
382.169 15366
382.183 15387
382.196 15402
382.210 15407
382.223 15588
382.237 15517
382.250 15744
382.264 15758
382.278 15670
382.291 15992
382.305 16195
382.318 16389
382.332 16530
382.345 16159
382.359 16098
382.372 16169
382.386 16322
382.399 16564
382.413 16450
382.427 16675
382.440 16758
382.454 16954
382.467 17104
382.481 17356
382.494 17943
382.508 18197
382.521 18248
382.535 18139
382.548 17910
382.562 18215
382.576 18346
382.589 18309
382.603 18483
382.616 18825
382.630 18906
382.643 19108
382.657 19273
382.670 19586
382.684 19716
382.697 19316
382.711 19499
382.724 19676
382.738 19581
382.752 19806
382.765 19917
382.779 20121
382.792 20274
382.806 20420
382.819 20560
382.833 20791
382.846 21059
382.860 21126
382.873 21153
382.887 21367
382.900 21583
382.914 21824
382.928 22052
382.941 22240
382.955 22365
382.968 22745
382.982 22960
382.995 23080
383.009 23053
383.022 23149
383.036 23485
383.049 23568
383.063 23705
383.076 23983
383.090 23779
383.103 24071
383.117 24101
383.130 24285
383.144 24508
383.158 24559
383.171 24660
383.185 24930
383.198 25355
383.212 25696
383.225 25844
383.239 26457
383.252 26866
383.266 26984
383.279 26938
383.293 27062
383.306 27324
383.320 27595
383.333 28118
383.347 28477
383.360 28191
383.374 28044
383.387 28219
383.401 28786
383.414 28616
383.428 28460
383.441 28786
383.455 28900
383.468 28604
383.482 28823
383.496 29352
383.509 29350
383.523 29477
383.536 29601
383.550 29609
383.563 29883
383.577 29867
383.590 30418
383.604 30323
383.617 30029
383.631 29926
383.644 29868
383.658 30039
383.671 29961
383.685 30165
383.698 30528
383.712 30643
383.725 30832
383.739 30447
383.752 30409
383.766 30418
383.779 30138
383.793 30380
383.806 30587
383.820 31107
383.833 30861
383.847 31031
383.860 31184
383.874 31288
383.887 30414
383.901 30700
383.914 30860
383.928 30879
383.941 31020
383.955 30424
383.968 30307
383.982 30214
383.995 30115
384.009 30228
384.022 30019
384.036 30131
384.049 30177
384.063 30238
384.076 30650
384.090 30783
384.103 31343
384.117 31259
384.130 30687
384.144 29697
384.157 29467
384.171 29125
384.184 28988
384.198 28887
384.211 28326
384.225 28468
384.238 28635
384.252 28885
384.265 28518
384.279 28088
384.292 28060
384.306 27720
384.319 27139
384.333 26569
384.346 25999
384.360 25655
384.373 25167
384.387 24909
384.400 24421
384.414 23999
384.427 23806
384.441 23225
384.454 22597
384.468 22364
384.481 21901
384.495 21434
384.508 21078
384.522 20480
384.535 20062
384.549 19421
384.562 19170
384.575 18505
384.589 18359
384.602 18225
384.616 17632
384.629 17122
384.643 16846
384.656 16197
384.670 15580
384.683 15091
384.697 14623
384.710 14206
384.724 13812
384.737 13385
384.751 13007
384.764 12594
384.778 12171
384.791 11931
384.805 11580
384.818 11213
384.832 10833
384.845 10514
384.859 10205
384.872 9921
384.885 9486
384.899 9258
384.912 8962
384.926 8664
384.939 8434
384.953 8265
384.966 8109
384.980 7838
384.993 7599
385.007 7498
385.020 7196
385.034 7130
385.047 6956
385.061 6716
385.074 6609
385.088 6383
385.101 6327
385.114 6213
385.128 5999
385.141 5967
385.155 5893
385.168 5744
385.182 5851
385.195 5696
385.209 5524
385.222 5300
385.236 5304
385.249 5179
385.263 5038
385.276 5051
385.290 4941
385.303 4828
385.316 4708
385.330 4679
385.343 4569
385.357 4562
385.370 4503
385.384 4414
385.397 4268
385.411 4320
385.424 4224
385.438 4238
385.451 4157
385.464 4129
385.478 4052
385.491 4012
385.505 4027
385.518 3954
385.532 3943
385.545 3858
385.559 3758
385.572 3818
385.586 3671
385.599 3720
385.612 3805
385.626 3636
385.639 3675
385.653 3714
385.666 3659
385.680 3546
385.693 3591
385.707 3531
385.720 3480
385.734 3518
385.747 3295
385.760 3317
385.774 3316
385.787 3374
385.801 3300
385.814 3154
385.828 3173
385.841 3202
385.855 3123
385.868 3173
385.881 3057
385.895 2948
385.908 3054
385.922 2980
385.935 2981
385.949 2989
385.962 2912
385.976 2926
385.989 2933
386.002 2924
386.016 2960
386.029 2897
386.043 2878
386.056 2792
386.070 2757
386.083 2818
386.097 2804
386.110 2781
386.123 2833
386.137 2769
386.150 2783
386.164 2686
386.177 2685
386.191 2625
386.204 2664
386.217 2670
386.231 2668
386.244 2582
386.258 2606
386.271 2617
386.285 2634
386.298 2658
386.311 2573
386.325 2561
386.338 2531
386.352 2503
386.365 2518
386.379 2489
386.392 2426
386.405 2416
386.419 2379
386.432 2412
386.446 2466
386.459 2460
386.473 2429
386.486 2372
386.499 2340
386.513 2372
386.526 2303
386.540 2322
386.553 2323
386.567 2284
386.580 2360
386.593 2334
386.607 2364
386.620 2339
386.634 2291
386.647 2303
386.661 2306
386.674 2290
386.687 2245
386.701 2193
386.714 2228
386.728 2165
386.741 2200
386.754 2183
386.768 2130
386.781 2188
386.795 2123
386.808 2102
386.822 2045
386.835 2035
386.848 2071
386.862 2057
386.875 2019
386.889 2058
386.902 2036
386.915 2018
386.929 1998
386.942 2034
386.956 1997
386.969 1992
386.983 1970
386.996 1942
387.009 1953
387.023 1963
387.036 1966
387.050 1896
387.063 1919
387.076 1946
387.090 1919
387.103 1907
387.117 1901
387.130 1902
387.143 1900
387.157 1834
387.170 1865
387.184 1822
387.197 1848
387.210 1835
387.224 1855
387.237 1799
387.251 1767
387.264 1735
387.278 1785
387.291 1740
387.304 1758
387.318 1796
387.331 1725
387.345 1737
387.358 1794
387.371 1759
387.385 1753
387.398 1716
387.412 1668
387.425 1684
387.438 1629
387.452 1654
387.465 1646
387.478 1593
387.492 1622
387.505 1632
387.519 1634
387.532 1676
387.545 1634
387.559 1600
387.572 1602
387.586 1559
387.599 1594
387.612 1589
387.626 1580
387.639 1612
387.653 1550
387.666 1540
387.679 1512
387.693 1482
387.706 1486
387.720 1493
387.733 1513
387.746 1485
387.760 1517
387.773 1487
387.787 1472
387.800 1472
387.813 1488
387.827 1474
387.840 1432
387.853 1394
387.867 1420
387.880 1444
387.894 1457
387.907 1428
387.920 1435
387.934 1412
387.947 1417
387.961 1396
387.974 1354
387.987 1375
388.001 1346
388.014 1340
388.027 1342
388.041 1333
388.054 1368
388.068 1318
388.081 1328
388.094 1343
388.108 1314
388.121 1318
388.134 1325
388.148 1280
388.161 1307
388.175 1300
388.188 1260
388.201 1258
388.215 1261
388.228 1298
388.241 1239
388.255 1254
388.268 1266
388.282 1271
388.295 1277
388.308 1237
388.322 1264
388.335 1235
388.348 1213
388.362 1188
388.375 1260
388.389 1232
388.402 1245
388.415 1269
388.429 1217
388.442 1250
388.455 1253
388.469 1226
388.482 1239
388.495 1220
388.509 1233
388.522 1222
388.536 1246
388.549 1216
388.562 1222
388.576 1183
388.589 1202
388.602 1239
388.616 1213
388.629 1182
388.642 1210
388.656 1214
388.669 1186
388.683 1178
388.696 1219
388.709 1175
388.723 1209
388.736 1182
388.749 1195
388.763 1196
388.776 1180
388.789 1139
388.803 1193
388.816 1184
388.829 1188
388.843 1184
388.856 1158
388.870 1151
388.883 1166
388.896 1151
388.910 1170
388.923 1154
388.936 1196
388.950 1152
388.963 1180
388.976 1180
388.990 1122
389.003 1154
389.016 1148
389.030 1155
389.043 1156
389.056 1140
389.070 1140
389.083 1181
389.097 1117
389.110 1156
389.123 1129
389.137 1137
389.150 1148
389.163 1131
389.177 1149
389.190 1127
389.203 1125
389.217 1133
389.230 1094
389.243 1135
389.257 1129
389.270 1120
389.283 1115
389.297 1148
389.310 1101
389.323 1113
389.337 1114
389.350 1127
389.363 1105
389.377 1125
389.390 1110
389.403 1094
389.417 1100
389.430 1101
389.443 1102
389.457 1090
389.470 1105
389.483 1107
389.497 1072
389.510 1100
389.523 1125
389.537 1100
389.550 1111
389.563 1092
389.577 1054
389.590 1071
389.603 1057
389.617 1071
389.630 1048
389.643 1053
389.657 1074
389.670 1072
389.683 1064
389.697 1065
389.710 1067
389.723 1055
389.737 1079
389.750 1049
389.763 1060
389.777 1056
389.790 1041
389.803 1043
389.817 1029
389.830 1052
389.843 1010
389.857 1020
389.870 1028
389.883 1010
389.897 1016
389.910 1011
389.923 1010
389.937 1017
389.950 1037
389.963 993
389.977 1018
389.990 1012
390.003 1007
390.017 1002
390.030 992
390.043 999
390.057 988
390.070 980
390.083 995
390.096 971
390.110 993
390.123 986
390.136 994
390.150 980
390.163 987
390.176 978
390.190 954
390.203 936
390.216 949
390.230 937
390.243 939
390.256 941
390.270 933
390.283 947
390.296 947
390.310 933
390.323 929
390.336 914
390.349 933
390.363 930
390.376 942
390.389 928
390.403 886
390.416 924
390.429 918
390.443 922
390.456 904
390.469 890
390.483 908
390.496 908
390.509 887
390.522 874
390.536 879
390.549 871
390.562 891
390.576 873
390.589 887
390.602 884
390.616 869
390.629 844
390.642 864
390.655 869
390.669 846
390.682 857
390.695 840
390.709 860
390.722 851
390.735 836
390.749 831
390.762 835
390.775 837
390.788 827
390.802 825
390.815 825
390.828 813
390.842 800
390.855 809
390.868 816
390.882 825
390.895 818
390.908 809
390.921 787
390.935 821
390.948 800
390.961 788
390.975 789
390.988 795
391.001 799
391.014 784
391.028 795
391.041 787
391.054 802
391.068 784
391.081 790
391.094 785
391.107 793
391.121 777
391.134 763
391.147 781
391.161 784
391.174 763
391.187 767
391.200 775
391.214 761
391.227 756
391.240 765
391.254 756
391.267 752
391.280 774
391.293 749
391.307 744
391.320 743
391.333 765
391.347 757
391.360 744
391.373 748
391.386 753
391.400 754
391.413 742
391.426 738
391.440 764
391.453 753
391.466 735
391.479 732
391.493 739
391.506 759
391.519 749
391.532 751
391.546 744
391.559 745
391.572 746
391.586 738
391.599 739
391.612 728
391.625 733
391.639 730
391.652 710
391.665 740
391.678 742
391.692 739
391.705 741
391.718 739
391.732 714
391.745 723
391.758 736
391.771 725
391.785 732
391.798 737
391.811 726
391.824 725
391.838 727
391.851 718
391.864 737
391.877 715
391.891 719
391.904 709
391.917 735
391.931 716
391.944 719
391.957 738
391.970 705
391.984 731
391.997 725
392.010 712
392.023 739
392.037 718
392.050 721
392.063 716
392.076 726
392.090 712
392.103 722
392.116 715
392.129 725
392.143 710
392.156 717
392.169 711
392.182 722
392.196 720
392.209 709
392.222 708
392.235 705
392.249 707
392.262 714
392.275 714
392.288 709
392.302 714
392.315 706
392.328 691
392.341 709
392.355 722
392.368 716
392.381 708
392.394 717
392.408 721
392.421 707
392.434 702
392.447 710
392.461 707
392.474 705
392.487 706
392.500 707
392.514 705
392.527 706
392.540 706
392.553 692
392.567 709
392.580 702
392.593 706
392.606 699
392.620 709
392.633 716
392.646 699
392.659 708
392.673 705
392.686 704
392.699 713
392.712 704
392.726 702
392.739 696
392.752 692
392.765 706
392.778 704
392.792 704
392.805 701
392.818 702
392.831 706
392.845 700
392.858 704
392.871 703
392.884 691
392.898 694
392.911 713
392.924 703
392.937 691
392.951 701
392.964 699
392.977 700
392.990 693
393.003 697
393.017 686
393.030 706
393.043 705
393.056 695
393.070 701
393.083 679
393.096 705
393.109 704
393.122 684
393.136 691
393.149 687
393.162 685
393.175 694
393.189 697
393.202 690
393.215 687
393.228 671
393.242 688
393.255 700
393.268 690
393.281 680
393.294 686
393.308 697
393.321 683
393.334 682
393.347 677
393.360 688
393.374 688
393.387 680
393.400 683
393.413 681
393.427 686
393.440 690
393.453 694
393.466 690
393.479 676
393.493 694
393.506 699
393.519 687
393.532 694
393.546 681
393.559 694
393.572 679
393.585 682
393.598 693
393.612 678
393.625 690
393.638 671
393.651 682
393.664 674
393.678 689
393.691 671
393.704 690
393.717 687
393.730 680
393.744 678
393.757 686
393.770 683
393.783 675
393.796 681
393.810 680
393.823 684
393.836 681
393.849 682
393.863 677
393.876 669
393.889 668
393.902 690
393.915 682
393.929 680
