375.891 836
375.905 827
375.919 811
375.933 836
375.946 846
375.960 836
375.974 840
375.987 826
376.001 864
376.015 850
376.029 848
376.042 873
376.056 874
376.070 878
376.084 881
376.097 871
376.111 879
376.125 876
376.139 866
376.152 921
376.166 896
376.180 896
376.193 918
376.207 908
376.221 914
376.235 907
376.248 914
376.262 918
376.276 932
376.290 931
376.303 921
376.317 935
376.331 947
376.345 922
376.358 930
376.372 930
376.386 949
376.399 973
376.413 982
376.427 967
376.441 968
376.454 966
376.468 999
376.482 978
376.495 968
376.509 988
376.523 988
376.537 1024
376.550 997
376.564 1007
376.578 1018
376.592 1034
376.605 1028
376.619 1019
376.633 1018
376.646 1047
376.660 1039
376.674 1019
376.688 1051
376.701 1038
376.715 1025
376.729 1077
376.742 1056
376.756 1052
376.770 1056
376.784 1085
376.797 1111
376.811 1104
376.825 1098
376.838 1118
376.852 1109
376.866 1118
376.880 1140
376.893 1130
376.907 1134
376.921 1127
376.934 1145
376.948 1161
376.962 1160
376.976 1156
376.989 1157
377.003 1186
377.017 1219
377.030 1184
377.044 1237
377.058 1219
377.071 1215
377.085 1223
377.099 1210
377.113 1209
377.126 1198
377.140 1222
377.154 1253
377.167 1225
377.181 1266
377.195 1275
377.208 1263
377.222 1252
377.236 1276
377.250 1286
377.263 1245
377.277 1293
377.291 1316
377.304 1335
377.318 1307
377.332 1328
377.345 1330
377.359 1352
377.373 1314
377.387 1316
377.400 1346
377.414 1322
377.428 1342
377.441 1352
377.455 1370
377.469 1370
377.482 1408
377.496 1392
377.510 1420
377.524 1423
377.537 1476
377.551 1427
377.565 1426
377.578 1433
377.592 1418
377.606 1421
377.619 1418
377.633 1394
377.647 1447
377.660 1436
377.674 1427
377.688 1456
377.701 1428
377.715 1448
377.729 1437
377.743 1437
377.756 1484
377.770 1491
377.784 1471
377.797 1447
377.811 1460
377.825 1463
377.838 1495
377.852 1465
377.866 1520
377.879 1492
377.893 1476
377.907 1512
377.920 1529
377.934 1525
377.948 1519
377.961 1513
377.975 1515
377.989 1526
378.002 1549
378.016 1547
378.030 1536
378.044 1517
378.057 1565
378.071 1561
378.085 1589
378.098 1563
378.112 1547
378.126 1550
378.139 1549
378.153 1566
378.167 1589
378.180 1566
378.194 1569
378.208 1605
378.221 1595
378.235 1597
378.249 1602
378.262 1617
378.276 1589
378.290 1561
378.303 1609
378.317 1611
378.331 1643
378.344 1576
378.358 1655
378.372 1648
378.385 1634
378.399 1685
378.413 1645
378.426 1642
378.440 1655
378.454 1681
378.467 1679
378.481 1636
378.495 1648
378.508 1642
378.522 1663
378.536 1662
378.549 1639
378.563 1689
378.577 1684
378.590 1729
378.604 1667
378.618 1713
378.631 1721
378.645 1696
378.659 1719
378.672 1762
378.686 1750
378.700 1758
378.713 1762
378.727 1817
378.740 1805
378.754 1807
378.768 1789
378.781 1791
378.795 1837
378.809 1832
378.822 1833
378.836 1845
378.850 1790
378.863 1845
378.877 1851
378.891 1799
378.904 1826
378.918 1855
378.932 1873
378.945 1827
378.959 1820
378.973 1825
378.986 1855
379.000 1877
379.014 1872
379.027 1849
379.041 1852
379.054 1872
379.068 1897
379.082 1922
379.095 1894
379.109 1906
379.123 1911
379.136 1891
379.150 1894
379.164 1955
379.177 1954
379.191 1935
379.205 1981
379.218 1929
379.232 2002
379.245 1932
379.259 2011
379.273 1997
379.286 2028
379.300 2098
379.314 2030
379.327 2046
379.341 2052
379.355 2075
379.368 2094
379.382 2072
379.396 2089
379.409 2116
379.423 2162
379.436 2196
379.450 2190
379.464 2137
379.477 2185
379.491 2174
379.505 2246
379.518 2249
379.532 2287
379.546 2314
379.559 2320
379.573 2329
379.586 2316
379.600 2379
379.614 2436
379.627 2412
379.641 2440
379.655 2432
379.668 2440
379.682 2455
379.695 2473
379.709 2452
379.723 2527
379.736 2575
379.750 2669
379.764 2717
379.777 2738
379.791 2734
379.804 2788
379.818 2803
379.832 2755
379.845 2728
379.859 2688
379.873 2761
379.886 2770
379.900 2849
379.913 2838
379.927 2915
379.941 2962
379.954 3019
379.968 3034
379.982 3079
379.995 3130
380.009 3037
380.022 3158
380.036 3177
380.050 3135
380.063 3323
380.077 3465
380.090 3481
380.104 3548
380.118 3555
380.131 3592
380.145 3618
380.159 3688
380.172 3783
380.186 3768
380.199 3878
380.213 3939
380.227 4000
380.240 4089
380.254 3948
380.267 3991
380.281 4045
380.295 4066
380.308 4169
380.322 4224
380.336 4310
380.349 4309
380.363 4345
380.376 4428
380.390 4442
380.404 4544
380.417 4585
380.431 4671
380.444 4712
380.458 4798
380.472 4821
380.485 4879
380.499 4933
380.512 4997
380.526 5058
380.540 5149
380.553 5190
380.567 5332
380.580 5251
380.594 5466
380.608 5591
380.621 5739
380.635 5824
380.648 5852
380.662 5752
380.676 5960
380.689 6091
380.703 6005
380.716 6123
380.730 6204
380.744 6370
380.757 6491
380.771 6582
380.784 6709
380.798 6741
380.812 6827
380.825 6829
380.839 6972
380.852 7217
380.866 7365
380.880 7399
380.893 7340
380.907 7369
380.920 7478
380.934 7614
380.948 7773
380.961 7778
380.975 7824
380.988 7935
381.002 7821
381.015 7928
381.029 8070
381.043 8169
381.056 8260
381.070 8284
381.083 8354
381.097 8470
381.111 8611
381.124 8705
381.138 8711
381.151 8857
381.165 9000
381.179 9052
381.192 8959
381.206 9033
381.219 9168
381.233 9190
381.246 9190
381.260 9292
381.274 9331
381.287 9551
381.301 9586
381.314 9700
381.328 9847
381.341 9861
381.355 9831
381.369 9963
381.382 9914
381.396 10092
381.409 10187
381.423 10472
381.437 10647
381.450 10565
381.464 10725
381.477 10849
381.491 10957
381.504 10943
381.518 10986
381.532 11141
381.545 11418
381.559 11693
381.572 11642
381.586 11612
381.599 11739
381.613 11924
381.627 11861
381.640 12056
381.654 12025
381.667 12194
381.681 12133
381.694 12247
381.708 11911
381.722 12079
381.735 12057
381.749 12108
381.762 12259
381.776 12196
381.789 12270
381.803 12435
381.817 12478
381.830 12487
381.844 12598
381.857 12671
381.871 12992
381.884 12939
381.898 12922
381.911 13074
381.925 13165
381.939 13212
381.952 13207
381.966 13138
381.979 13496
381.993 13586
382.006 13828
382.020 14102
382.034 14116
382.047 13969
382.061 13926
382.074 14045
382.088 14035
382.101 13948
382.115 14149
382.128 14211
382.142 14575
382.156 15148
382.169 15121
382.183 15163
382.196 15130
382.210 15015
382.223 15247
382.237 15264
382.250 15159
382.264 15385
382.278 15359
382.291 15777
382.305 15929
382.318 16091
382.332 16268
382.345 15783
382.359 15676
382.372 15668
382.386 15830
382.399 16002
382.413 16009
382.427 16117
382.440 16279
382.454 16398
382.467 16502
382.481 16771
382.494 17333
382.508 17352
382.521 17626
382.535 17515
382.548 17427
382.562 17645
382.576 17662
382.589 17782
382.603 17854
382.616 17719
382.630 18109
382.643 18402
382.657 18494
382.670 18797
382.684 18794
382.697 18565
382.711 18874
382.724 18866
382.738 18881
382.752 19129
382.765 19144
382.779 19349
382.792 19615
382.806 19538
382.819 19888
382.833 20041
382.846 20069
382.860 20275
382.873 20304
382.887 20673
382.900 20769
382.914 21003
382.928 21121
382.941 21346
382.955 21409
382.968 21682
382.982 21849
382.995 21975
383.009 22044
383.022 22270
383.036 22323
383.049 22570
383.063 22579
383.076 22611
383.090 22650
383.103 22928
383.117 23012
383.130 23093
383.144 23284
383.158 23418
383.171 23526
383.185 23886
383.198 24138
383.212 24428
383.225 24558
383.239 24827
383.252 25284
383.266 25214
383.279 25178
383.293 25488
383.306 25736
383.320 26007
383.333 26517
383.347 26656
383.360 26611
383.374 26449
383.387 26571
383.401 26818
383.414 26739
383.428 26652
383.441 26546
383.455 26840
383.468 26606
383.482 27156
383.496 27578
383.509 27765
383.523 27931
383.536 27525
383.550 27640
383.563 27955
383.577 28244
383.590 28231
383.604 28407
383.617 27993
383.631 27916
383.644 27703
383.658 27706
383.671 27682
383.685 27984
383.698 28133
383.712 28541
383.725 28198
383.739 27982
383.752 27885
383.766 27851
383.779 27766
383.793 27781
383.806 28016
383.820 28362
383.833 28268
383.847 28473
383.860 28500
383.874 28482
383.887 27721
383.901 27714
383.914 28196
383.928 28272
383.941 27762
383.955 27751
383.968 27417
383.982 27383
383.995 27296
384.009 27146
384.022 27147
384.036 26960
384.049 26874
384.063 27175
384.076 27455
384.090 27794
384.103 28053
384.117 27908
384.130 27394
384.144 26579
384.157 25960
384.171 25797
384.184 25383
384.198 25442
384.211 25327
384.225 24832
384.238 25414
384.252 25367
384.265 24975
384.279 24613
384.292 24198
384.306 23883
384.319 23568
384.333 22960
384.346 22268
384.360 22255
384.373 21604
384.387 21373
384.400 21165
384.414 20720
384.427 20446
384.441 19758
384.454 19584
384.468 18987
384.481 18518
384.495 18352
384.508 17792
384.522 17400
384.535 16959
384.549 16466
384.562 16089
384.575 15846
384.589 15482
384.602 15177
384.616 15141
384.629 14749
384.643 14094
384.656 13790
384.670 13277
384.683 12835
384.697 12388
384.710 12049
384.724 11594
384.737 11261
384.751 10926
384.764 10772
384.778 10175
384.791 10123
384.805 9832
384.818 9639
384.832 9185
384.845 8945
384.859 8711
384.872 8412
384.885 8043
384.899 7879
384.912 7666
384.926 7402
384.939 7193
384.953 7047
384.966 6860
384.980 6760
384.993 6530
385.007 6455
385.020 6210
385.034 6019
385.047 5910
385.061 5723
385.074 5629
385.088 5503
385.101 5363
385.114 5321
385.128 5291
385.141 5114
385.155 5007
385.168 5045
385.182 5037
385.195 4987
385.209 4697
385.222 4680
385.236 4630
385.249 4491
385.263 4448
385.276 4344
385.290 4222
385.303 4173
385.316 4175
385.330 4100
385.343 4117
385.357 3959
385.370 3928
385.384 3798
385.397 3782
385.411 3751
385.424 3700
385.438 3646
385.451 3648
385.464 3605
385.478 3540
385.491 3583
385.505 3544
385.518 3487
385.532 3442
385.545 3362
385.559 3305
385.572 3288
385.586 3302
385.599 3240
385.612 3274
385.626 3241
385.639 3240
385.653 3172
385.666 3196
385.680 3201
385.693 3154
385.707 3104
385.720 3103
385.734 3029
385.747 2995
385.760 2944
385.774 2955
385.787 2954
385.801 2841
385.814 2805
385.828 2823
385.841 2803
385.855 2704
385.868 2748
385.881 2715
385.895 2730
385.908 2684
385.922 2652
385.935 2645
385.949 2660
385.962 2556
385.976 2601
385.989 2601
386.002 2607
386.016 2560
386.029 2536
386.043 2554
386.056 2550
386.070 2426
386.083 2478
386.097 2498
386.110 2437
386.123 2432
386.137 2460
386.150 2441
386.164 2432
386.177 2421
386.191 2401
386.204 2393
386.217 2344
386.231 2339
386.244 2359
386.258 2333
386.271 2326
386.285 2312
386.298 2316
386.311 2286
386.325 2236
386.338 2228
386.352 2264
386.365 2174
386.379 2180
386.392 2187
386.405 2201
386.419 2121
386.432 2176
386.446 2173
386.459 2174
386.473 2141
386.486 2114
386.499 2121
386.513 2038
386.526 2103
386.540 2064
386.553 2060
386.567 2051
386.580 2032
386.593 2079
386.607 2114
386.620 2050
386.634 2112
386.647 2077
386.661 2016
386.674 1954
386.687 1980
386.701 1935
386.714 1928
386.728 1950
386.741 1940
386.754 1956
386.768 1934
386.781 1914
386.795 1893
386.808 1826
386.822 1862
386.835 1817
386.848 1852
386.862 1838
386.875 1828
386.889 1835
386.902 1780
386.915 1840
386.929 1782
386.942 1751
386.956 1821
386.969 1789
386.983 1735
386.996 1736
387.009 1729
387.023 1756
387.036 1718
387.050 1775
387.063 1726
387.076 1718
387.090 1724
387.103 1700
387.117 1729
387.130 1686
387.143 1730
387.157 1737
387.170 1704
387.184 1696
387.197 1633
387.210 1681
387.224 1656
387.237 1668
387.251 1618
387.264 1607
387.278 1540
387.291 1595
387.304 1598
387.318 1542
387.331 1602
387.345 1562
387.358 1568
387.371 1536
387.385 1531
387.398 1504
387.412 1540
387.425 1483
387.438 1501
387.452 1474
387.465 1481
387.478 1478
387.492 1455
387.505 1479
387.519 1433
387.532 1487
387.545 1483
387.559 1468
387.572 1490
387.586 1450
387.599 1477
387.612 1460
387.626 1447
387.639 1394
387.653 1433
387.666 1376
387.679 1352
387.693 1371
387.706 1340
387.720 1367
387.733 1320
387.746 1403
387.760 1355
387.773 1348
387.787 1385
387.800 1349
387.813 1341
387.827 1309
387.840 1298
387.853 1306
387.867 1258
387.880 1290
387.894 1317
387.907 1307
387.920 1289
387.934 1280
387.947 1296
387.961 1284
387.974 1290
387.987 1247
388.001 1270
388.014 1234
388.027 1243
388.041 1205
388.054 1251
388.068 1213
388.081 1243
388.094 1217
388.108 1241
388.121 1220
388.134 1229
388.148 1195
388.161 1208
388.175 1172
388.188 1179
388.201 1157
388.215 1157
388.228 1180
388.241 1173
388.255 1171
388.268 1186
388.282 1171
388.295 1143
388.308 1161
388.322 1142
388.335 1119
388.348 1160
388.362 1143
388.375 1159
388.389 1165
388.402 1148
388.415 1136
388.429 1153
388.442 1174
388.455 1157
388.469 1156
388.482 1146
388.495 1164
388.509 1154
388.522 1152
388.536 1130
388.549 1145
388.562 1097
388.576 1112
388.589 1128
388.602 1123
388.616 1111
388.629 1116
388.642 1110
388.656 1107
388.669 1095
388.683 1112
388.696 1147
388.709 1108
388.723 1107
388.736 1113
388.749 1117
388.763 1090
388.776 1078
388.789 1116
388.803 1086
388.816 1105
388.829 1112
388.843 1090
388.856 1093
388.870 1088
388.883 1095
388.896 1056
388.910 1076
388.923 1105
388.936 1103
388.950 1103
388.963 1101
388.976 1108
388.990 1088
389.003 1084
389.016 1072
389.030 1070
389.043 1085
389.056 1088
389.070 1072
389.083 1073
389.097 1068
389.110 1080
389.123 1068
389.137 1062
389.150 1045
389.163 1058
389.177 1053
389.190 1084
389.203 1047
389.217 1059
389.230 1059
389.243 1049
389.257 1037
389.270 1024
389.283 1056
389.297 1028
389.310 1034
389.323 1022
389.337 1033
389.350 1034
389.363 1035
389.377 1035
389.390 1031
389.403 1014
389.417 1037
389.430 1036
389.443 1029
389.457 1034
389.470 1015
389.483 1061
389.497 1038
389.510 1015
389.523 1037
389.537 1023
389.550 1030
389.563 1014
389.577 1001
389.590 1008
389.603 996
389.617 965
389.630 1007
389.643 1001
389.657 987
389.670 1014
389.683 1009
389.697 1009
389.710 991
389.723 995
389.737 994
389.750 996
389.763 998
389.777 978
389.790 966
389.803 1009
389.817 990
389.830 965
389.843 977
389.857 958
389.870 960
389.883 963
389.897 948
389.910 959
389.923 951
389.937 947
389.950 946
389.963 942
389.977 947
389.990 956
390.003 969
390.017 946
390.030 930
390.043 929
390.057 942
390.070 956
390.083 953
390.096 920
390.110 917
390.123 930
390.136 924
390.150 919
390.163 921
390.176 896
390.190 880
390.203 909
390.216 883
390.230 905
390.243 902
390.256 898
390.270 880
390.283 873
390.296 883
390.310 882
390.323 850
390.336 885
390.349 891
390.363 852
390.376 861
390.389 879
390.403 871
390.416 861
390.429 872
390.443 873
390.456 852
390.469 852
390.483 824
390.496 844
390.509 853
390.522 834
390.536 853
390.549 846
390.562 835
390.576 838
390.589 805
390.602 823
390.616 818
390.629 829
390.642 828
390.655 788
390.669 796
390.682 808
390.695 812
390.709 795
390.722 815
390.735 789
390.749 786
390.762 808
390.775 793
390.788 778
390.802 792
390.815 776
390.828 778
390.842 781
390.855 788
390.868 780
390.882 784
390.895 773
390.908 776
390.921 773
390.935 778
390.948 774
390.961 760
390.975 770
390.988 754
391.001 764
391.014 767
391.028 758
391.041 751
391.054 759
391.068 754
391.081 757
391.094 765
391.107 754
391.121 754
391.134 745
391.147 743
391.161 751
391.174 762
391.187 743
391.200 736
391.214 743
391.227 743
391.240 742
391.254 740
391.267 738
391.280 746
391.293 735
391.307 741
391.320 741
391.333 737
391.347 732
391.360 726
391.373 741
391.386 731
391.400 729
391.413 741
391.426 732
391.440 731
391.453 718
391.466 720
391.479 742
391.493 722
391.506 720
391.519 715
391.532 717
391.546 723
391.559 711
391.572 704
391.586 711
391.599 724
391.612 722
391.625 734
391.639 722
391.652 734
391.665 719
391.678 728
391.692 716
391.705 720
391.718 707
391.732 707
391.745 719
391.758 710
391.771 710
391.785 700
391.798 724
391.811 699
391.824 707
391.838 710
391.851 702
391.864 708
391.877 704
391.891 713
391.904 710
391.917 718
391.931 702
391.944 691
391.957 710
391.970 707
391.984 705
391.997 699
392.010 704
392.023 698
392.037 709
392.050 704
392.063 712
392.076 707
392.090 693
392.103 713
392.116 698
392.129 688
392.143 704
392.156 692
392.169 704
392.182 687
392.196 697
392.209 702
392.222 696
392.235 704
392.249 684
392.262 687
392.275 706
392.288 695
392.302 693
392.315 692
392.328 697
392.341 696
392.355 713
392.368 695
392.381 693
392.394 705
392.408 700
392.421 688
392.434 700
392.447 697
392.461 694
392.474 689
392.487 701
392.500 691
392.514 688
392.527 708
392.540 687
392.553 697
392.567 701
392.580 693
392.593 688
392.606 700
392.620 700
392.633 680
392.646 693
392.659 684
392.673 688
392.686 692
392.699 694
392.712 690
392.726 699
392.739 693
392.752 681
392.765 699
392.778 690
392.792 687
392.805 687
392.818 683
392.831 694
392.845 693
392.858 685
392.871 691
392.884 692
392.898 694
392.911 687
392.924 684
392.937 675
392.951 688
392.964 687
392.977 667
392.990 688
393.003 679
393.017 682
393.030 687
393.043 689
393.056 690
393.070 686
393.083 678
393.096 679
393.109 689
393.122 686
393.136 682
393.149 685
393.162 680
393.175 689
393.189 681
393.202 683
393.215 683
393.228 665
393.242 681
393.255 663
393.268 674
393.281 670
393.294 682
393.308 674
393.321 681
393.334 684
393.347 684
393.360 672
393.374 679
393.387 680
393.400 683
393.413 690
393.427 664
393.440 680
393.453 670
393.466 676
393.479 672
393.493 676
393.506 677
393.519 660
393.532 686
393.546 678
393.559 680
393.572 675
393.585 671
393.598 678
393.612 675
393.625 678
393.638 673
393.651 669
393.664 665
393.678 680
393.691 676
393.704 679
393.717 661
393.730 679
393.744 659
393.757 675
393.770 667
393.783 673
393.796 660
393.810 674
393.823 670
393.836 664
393.849 682
393.863 654
393.876 655
393.889 663
393.902 673
393.915 682
393.929 668
