375.891 825
375.905 843
375.919 846
375.933 836
375.946 843
375.960 849
375.974 851
375.987 853
376.001 854
376.015 873
376.029 876
376.042 863
376.056 863
376.070 879
376.084 858
376.097 869
376.111 889
376.125 887
376.139 887
376.152 896
376.166 911
376.180 885
376.193 917
376.207 889
376.221 912
376.235 901
376.248 918
376.262 915
376.276 923
376.290 934
376.303 931
376.317 931
376.331 924
376.345 937
376.358 948
376.372 931
376.386 937
376.399 958
376.413 948
376.427 962
376.441 955
376.454 957
376.468 984
376.482 969
376.495 985
376.509 1005
376.523 1007
376.537 1025
376.550 1024
376.564 1031
376.578 1026
376.592 1026
376.605 1022
376.619 1035
376.633 1050
376.646 1040
376.660 1033
376.674 1040
376.688 1024
376.701 1042
376.715 1022
376.729 1059
376.742 1076
376.756 1080
376.770 1097
376.784 1092
376.797 1110
376.811 1095
376.825 1088
376.838 1104
376.852 1135
376.866 1134
376.880 1139
376.893 1131
376.907 1124
376.921 1143
376.934 1157
376.948 1156
376.962 1153
376.976 1143
376.989 1176
377.003 1195
377.017 1170
377.030 1231
377.044 1241
377.058 1214
377.071 1210
377.085 1211
377.099 1201
377.113 1232
377.126 1223
377.140 1243
377.154 1242
377.167 1259
377.181 1253
377.195 1255
377.208 1262
377.222 1278
377.236 1273
377.250 1269
377.263 1293
377.277 1324
377.291 1318
377.304 1304
377.318 1323
377.332 1348
377.345 1332
377.359 1348
377.373 1332
377.387 1332
377.400 1378
377.414 1347
377.428 1333
377.441 1367
377.455 1355
377.469 1406
377.482 1372
377.496 1392
377.510 1403
377.524 1421
377.537 1450
377.551 1434
377.565 1406
377.578 1433
377.592 1442
377.606 1433
377.619 1451
377.633 1421
377.647 1436
377.660 1430
377.674 1446
377.688 1461
377.701 1432
377.715 1465
377.729 1468
377.743 1477
377.756 1468
377.770 1487
377.784 1467
377.797 1488
377.811 1474
377.825 1486
377.838 1525
377.852 1517
377.866 1490
377.879 1502
377.893 1541
377.907 1547
377.920 1536
377.934 1540
377.948 1531
377.961 1543
377.975 1539
377.989 1525
378.002 1524
378.016 1548
378.030 1536
378.044 1544
378.057 1538
378.071 1557
378.085 1597
378.098 1571
378.112 1575
378.126 1584
378.139 1549
378.153 1566
378.167 1607
378.180 1588
378.194 1576
378.208 1594
378.221 1559
378.235 1584
378.249 1620
378.262 1580
378.276 1583
378.290 1607
378.303 1590
378.317 1611
378.331 1641
378.344 1597
378.358 1602
378.372 1653
378.385 1642
378.399 1646
378.413 1643
378.426 1609
378.440 1635
378.454 1695
378.467 1638
378.481 1666
378.495 1632
378.508 1668
378.522 1627
378.536 1643
378.549 1652
378.563 1689
378.577 1699
378.590 1699
378.604 1695
378.618 1716
378.631 1691
378.645 1732
378.659 1741
378.672 1721
378.686 1772
378.700 1790
378.713 1822
378.727 1808
378.740 1814
378.754 1805
378.768 1804
378.781 1818
378.795 1826
378.809 1855
378.822 1893
378.836 1819
378.850 1799
378.863 1834
378.877 1825
378.891 1840
378.904 1821
378.918 1863
378.932 1842
378.945 1875
378.959 1805
378.973 1835
378.986 1876
379.000 1872
379.014 1856
379.027 1858
379.041 1870
379.054 1859
379.068 1911
379.082 1913
379.095 1905
379.109 1897
379.123 1903
379.136 1923
379.150 1924
379.164 1923
379.177 1965
379.191 1919
379.205 1938
379.218 1930
379.232 2007
379.245 1986
379.259 1988
379.273 2009
379.286 2044
379.300 2069
379.314 2042
379.327 2025
379.341 2057
379.355 2084
379.368 2055
379.382 2070
379.396 2113
379.409 2128
379.423 2156
379.436 2166
379.450 2189
379.464 2164
379.477 2193
379.491 2252
379.505 2251
379.518 2218
379.532 2278
379.546 2296
379.559 2334
379.573 2265
379.586 2328
379.600 2310
379.614 2394
379.627 2431
379.641 2371
379.655 2464
379.668 2454
379.682 2404
379.695 2453
379.709 2496
379.723 2506
379.736 2570
379.750 2682
379.764 2726
379.777 2770
379.791 2740
379.804 2778
379.818 2832
379.832 2809
379.845 2686
379.859 2688
379.873 2806
379.886 2761
379.900 2816
379.913 2903
379.927 3017
379.941 2940
379.954 3002
379.968 3068
379.982 3043
379.995 3082
380.009 3117
380.022 3146
380.036 3202
380.050 3228
380.063 3332
380.077 3471
380.090 3507
380.104 3552
380.118 3584
380.131 3588
380.145 3645
380.159 3702
380.172 3738
380.186 3795
380.199 3874
380.213 3929
380.227 4084
380.240 4068
380.254 4017
380.267 3963
380.281 4018
380.295 4112
380.308 4185
380.322 4183
380.336 4309
380.349 4408
380.363 4410
380.376 4466
380.390 4529
380.404 4584
380.417 4649
380.431 4610
380.444 4722
380.458 4774
380.472 4783
380.485 4916
380.499 4962
380.512 5071
380.526 5109
380.540 5121
380.553 5247
380.567 5239
380.580 5414
380.594 5516
380.608 5579
380.621 5809
380.635 5831
380.648 5827
380.662 5898
380.676 5948
380.689 6062
380.703 5948
380.716 6169
380.730 6188
380.744 6363
380.757 6452
380.771 6697
380.784 6783
380.798 6810
380.812 6830
380.825 6912
380.839 6986
380.852 7182
380.866 7428
380.880 7376
380.893 7387
380.907 7313
380.920 7496
380.934 7589
380.948 7769
380.961 7793
380.975 7972
380.988 7959
381.002 7861
381.015 8010
381.029 8069
381.043 8117
381.056 8325
381.070 8260
381.083 8490
381.097 8458
381.111 8588
381.124 8767
381.138 8785
381.151 8933
381.165 9042
381.179 9201
381.192 9052
381.206 9092
381.219 9060
381.233 9186
381.246 9265
381.260 9404
381.274 9481
381.287 9499
381.301 9577
381.314 9677
381.328 9703
381.341 9877
381.355 9959
381.369 9978
381.382 9953
381.396 10231
381.409 10272
381.423 10432
381.437 10575
381.450 10571
381.464 10899
381.477 10966
381.491 11088
381.504 11004
381.518 11076
381.532 11073
381.545 11368
381.559 11788
381.572 11743
381.586 11694
381.599 11768
381.613 11918
381.627 11862
381.640 12101
381.654 12171
381.667 12184
381.681 12227
381.694 12264
381.708 11940
381.722 12058
381.735 12089
381.749 12135
381.762 12228
381.776 12324
381.789 12453
381.803 12375
381.817 12521
381.830 12531
381.844 12708
381.857 12712
381.871 12993
381.884 12984
381.898 13003
381.911 12940
381.925 13229
381.939 13202
381.952 13380
381.966 13392
381.979 13366
381.993 13814
382.006 13802
382.020 14068
382.034 14243
382.047 13889
382.061 14044
382.074 14146
382.088 14133
382.101 14153
382.115 14210
382.128 14221
382.142 14767
382.156 15122
382.169 15179
382.183 15276
382.196 15091
382.210 15247
382.223 15299
382.237 15283
382.250 15353
382.264 15493
382.278 15627
382.291 15687
382.305 15953
382.318 16211
382.332 16344
382.345 15893
382.359 15815
382.372 15775
382.386 15877
382.399 16090
382.413 16113
382.427 16319
382.440 16298
382.454 16461
382.467 16637
382.481 16989
382.494 17481
382.508 17698
382.521 17829
382.535 17634
382.548 17398
382.562 17759
382.576 17826
382.589 17875
382.603 18003
382.616 18157
382.630 18342
382.643 18352
382.657 18586
382.670 18899
382.684 18838
382.697 18574
382.711 18746
382.724 19062
382.738 19044
382.752 18980
382.765 19340
382.779 19427
382.792 19593
382.806 19763
382.819 19817
382.833 20200
382.846 20236
382.860 20297
382.873 20356
382.887 20729
382.900 20926
382.914 21122
382.928 21325
382.941 21305
382.955 21583
382.968 21819
382.982 22017
382.995 22262
383.009 22098
383.022 22274
383.036 22443
383.049 22646
383.063 22825
383.076 22823
383.090 22744
383.103 22994
383.117 23170
383.130 23195
383.144 23395
383.158 23595
383.171 23770
383.185 23865
383.198 24191
383.212 24522
383.225 24790
383.239 25164
383.252 25399
383.266 25393
383.279 25574
383.293 25672
383.306 25796
383.320 26171
383.333 26650
383.347 26997
383.360 26767
383.374 26675
383.387 26910
383.401 26953
383.414 26886
383.428 26717
383.441 26836
383.455 27022
383.468 26845
383.482 27196
383.496 28010
383.509 27928
383.523 27892
383.536 27925
383.550 27936
383.563 28077
383.577 28265
383.590 28587
383.604 28539
383.617 28313
383.631 28164
383.644 27931
383.658 27859
383.671 27867
383.685 28073
383.698 28350
383.712 28324
383.725 28268
383.739 28202
383.752 28002
383.766 27920
383.779 27888
383.793 28127
383.806 28145
383.820 28683
383.833 28702
383.847 28628
383.860 28939
383.874 28823
383.887 28051
383.901 28113
383.914 28454
383.928 28380
383.941 28397
383.955 27871
383.968 27688
383.982 27440
383.995 27498
384.009 27490
384.022 27331
384.036 27192
384.049 27115
384.063 27319
384.076 27803
384.090 27848
384.103 27988
384.117 28232
384.130 27422
384.144 26718
384.157 26307
384.171 25738
384.184 25791
384.198 25656
384.211 25362
384.225 25160
384.238 25357
384.252 25181
384.265 25145
384.279 24649
384.292 24365
384.306 24253
384.319 23598
384.333 22962
384.346 22434
384.360 22194
384.373 21819
384.387 21389
384.400 21159
384.414 20771
384.427 20436
384.441 20057
384.454 19539
384.468 19169
384.481 18696
384.495 18414
384.508 17842
384.522 17310
384.535 16930
384.549 16549
384.562 16029
384.575 15678
384.589 15296
384.602 15437
384.616 15002
384.629 14627
384.643 14117
384.656 13758
384.670 13361
384.683 12802
384.697 12315
384.710 12005
384.724 11623
384.737 11357
384.751 10974
384.764 10611
384.778 10368
384.791 10061
384.805 9778
384.818 9686
384.832 9250
384.845 9012
384.859 8746
384.872 8482
384.885 8116
384.899 7952
384.912 7650
384.926 7516
384.939 7347
384.953 7012
384.966 6832
384.980 6821
384.993 6618
385.007 6643
385.020 6295
385.034 6169
385.047 5983
385.061 5829
385.074 5739
385.088 5599
385.101 5538
385.114 5404
385.128 5350
385.141 5289
385.155 5146
385.168 5132
385.182 5094
385.195 5016
385.209 5004
385.222 4765
385.236 4690
385.249 4580
385.263 4530
385.276 4477
385.290 4346
385.303 4322
385.316 4254
385.330 4178
385.343 4166
385.357 4094
385.370 4051
385.384 3862
385.397 3964
385.411 3908
385.424 3860
385.438 3769
385.451 3767
385.464 3794
385.478 3690
385.491 3684
385.505 3591
385.518 3570
385.532 3609
385.545 3549
385.559 3457
385.572 3374
385.586 3431
385.599 3361
385.612 3350
385.626 3343
385.639 3369
385.653 3268
385.666 3284
385.680 3282
385.693 3176
385.707 3223
385.720 3239
385.734 3188
385.747 3115
385.760 3009
385.774 3054
385.787 3051
385.801 2948
385.814 2888
385.828 2870
385.841 2922
385.855 2894
385.868 2803
385.881 2826
385.895 2772
385.908 2783
385.922 2777
385.935 2697
385.949 2698
385.962 2713
385.976 2654
385.989 2672
386.002 2715
386.016 2668
386.029 2679
386.043 2589
386.056 2577
386.070 2574
386.083 2539
386.097 2575
386.110 2527
386.123 2540
386.137 2492
386.150 2586
386.164 2495
386.177 2477
386.191 2471
386.204 2423
386.217 2398
386.231 2400
386.244 2373
386.258 2436
386.271 2402
386.285 2403
386.298 2395
386.311 2395
386.325 2297
386.338 2338
386.352 2288
386.365 2326
386.379 2285
386.392 2236
386.405 2211
386.419 2260
386.432 2185
386.446 2261
386.459 2245
386.473 2185
386.486 2201
386.499 2100
386.513 2160
386.526 2168
386.540 2134
386.553 2102
386.567 2114
386.580 2110
386.593 2162
386.607 2217
386.620 2163
386.634 2119
386.647 2140
386.661 2136
386.674 2094
386.687 2038
386.701 2052
386.714 2026
386.728 2003
386.741 2010
386.754 2016
386.768 1968
386.781 2022
386.795 2004
386.808 1912
386.822 1956
386.835 1956
386.848 1920
386.862 1904
386.875 1888
386.889 1883
386.902 1888
386.915 1875
386.929 1851
386.942 1854
386.956 1803
386.969 1853
386.983 1785
386.996 1822
387.009 1790
387.023 1825
387.036 1809
387.050 1796
387.063 1793
387.076 1759
387.090 1760
387.103 1765
387.117 1767
387.130 1750
387.143 1749
387.157 1752
387.170 1733
387.184 1715
387.197 1739
387.210 1706
387.224 1709
387.237 1669
387.251 1698
387.264 1672
387.278 1651
387.291 1655
387.304 1619
387.318 1660
387.331 1599
387.345 1643
387.358 1623
387.371 1642
387.385 1577
387.398 1564
387.412 1570
387.425 1532
387.438 1522
387.452 1527
387.465 1489
387.478 1514
387.492 1480
387.505 1505
387.519 1513
387.532 1537
387.545 1532
387.559 1535
387.572 1482
387.586 1488
387.599 1500
387.612 1490
387.626 1505
387.639 1501
387.653 1467
387.666 1411
387.679 1427
387.693 1406
387.706 1393
387.720 1385
387.733 1415
387.746 1438
387.760 1363
387.773 1392
387.787 1398
387.800 1349
387.813 1364
387.827 1340
387.840 1303
387.853 1319
387.867 1322
387.880 1370
387.894 1382
387.907 1363
387.920 1349
387.934 1315
387.947 1302
387.961 1323
387.974 1316
387.987 1269
388.001 1270
388.014 1271
388.027 1297
388.041 1272
388.054 1280
388.068 1289
388.081 1274
388.094 1224
388.108 1255
388.121 1264
388.134 1239
388.148 1221
388.161 1228
388.175 1203
388.188 1204
388.201 1162
388.215 1177
388.228 1174
388.241 1202
388.255 1180
388.268 1198
388.282 1208
388.295 1207
388.308 1189
388.322 1156
388.335 1167
388.348 1172
388.362 1151
388.375 1195
388.389 1210
388.402 1187
388.415 1183
388.429 1188
388.442 1189
388.455 1167
388.469 1165
388.482 1187
388.495 1167
388.509 1203
388.522 1194
388.536 1176
388.549 1165
388.562 1156
388.576 1149
388.589 1147
388.602 1159
388.616 1168
388.629 1170
388.642 1160
388.656 1115
388.669 1151
388.683 1140
388.696 1136
388.709 1172
388.723 1141
388.736 1143
388.749 1157
388.763 1137
388.776 1119
388.789 1121
388.803 1103
388.816 1113
388.829 1120
388.843 1112
388.856 1083
388.870 1130
388.883 1112
388.896 1125
388.910 1108
388.923 1115
388.936 1128
388.950 1116
388.963 1097
388.976 1116
388.990 1128
389.003 1120
389.016 1088
389.030 1078
389.043 1104
389.056 1138
389.070 1112
389.083 1112
389.097 1094
389.110 1096
389.123 1087
389.137 1092
389.150 1093
389.163 1100
389.177 1101
389.190 1081
389.203 1066
389.217 1084
389.230 1073
389.243 1084
389.257 1078
389.270 1075
389.283 1059
389.297 1072
389.310 1035
389.323 1069
389.337 1062
389.350 1038
389.363 1053
389.377 1056
389.390 1089
389.403 1053
389.417 1043
389.430 1058
389.443 1043
389.457 1047
389.470 1059
389.483 1058
389.497 1067
389.510 1047
389.523 1048
389.537 1051
389.550 1038
389.563 1026
389.577 1013
389.590 1015
389.603 1004
389.617 999
389.630 1004
389.643 1024
389.657 1039
389.670 989
389.683 1027
389.697 1039
389.710 1004
389.723 999
389.737 1024
389.750 1013
389.763 1002
389.777 1005
389.790 994
389.803 1002
389.817 1001
389.830 992
389.843 996
389.857 986
389.870 958
389.883 985
389.897 966
389.910 968
389.923 949
389.937 966
389.950 989
389.963 968
389.977 975
389.990 982
390.003 990
390.017 977
390.030 946
390.043 957
390.057 965
390.070 942
390.083 954
390.096 921
390.110 946
390.123 936
390.136 930
390.150 913
390.163 925
390.176 939
390.190 922
390.203 921
390.216 925
390.230 907
390.243 911
390.256 905
390.270 898
390.283 880
390.296 890
390.310 897
390.323 878
390.336 893
390.349 881
390.363 880
390.376 895
390.389 882
390.403 875
390.416 870
390.429 865
390.443 861
390.456 882
390.469 869
390.483 868
390.496 853
390.509 866
390.522 842
390.536 852
390.549 849
390.562 848
390.576 846
390.589 834
390.602 834
390.616 831
390.629 830
390.642 829
390.655 829
390.669 826
390.682 823
390.695 818
390.709 809
390.722 808
390.735 829
390.749 820
390.762 814
390.775 814
390.788 789
390.802 798
390.815 807
390.828 795
390.842 785
390.855 792
390.868 793
390.882 790
390.895 780
390.908 792
390.921 792
390.935 785
390.948 782
390.961 776
390.975 745
390.988 761
391.001 772
391.014 770
391.028 768
391.041 778
391.054 777
391.068 763
391.081 772
391.094 774
391.107 771
391.121 747
391.134 768
391.147 755
391.161 749
391.174 746
391.187 752
391.200 747
391.214 754
391.227 748
391.240 741
391.254 754
391.267 739
391.280 734
391.293 738
391.307 733
391.320 744
391.333 734
391.347 740
391.360 728
391.373 741
391.386 733
391.400 738
391.413 731
391.426 731
391.440 730
391.453 729
391.466 733
391.479 728
391.493 726
391.506 728
391.519 729
391.532 715
391.546 720
391.559 720
391.572 715
391.586 731
391.599 711
391.612 727
391.625 721
391.639 732
391.652 703
391.665 720
391.678 707
391.692 723
391.705 726
391.718 729
391.732 708
391.745 709
391.758 720
391.771 722
391.785 717
391.798 720
391.811 697
391.824 723
391.838 716
391.851 712
391.864 713
391.877 702
391.891 713
391.904 710
391.917 706
391.931 711
391.944 710
391.957 714
391.970 713
391.984 712
391.997 712
392.010 718
392.023 707
392.037 702
392.050 694
392.063 702
392.076 701
392.090 704
392.103 712
392.116 712
392.129 699
392.143 716
392.156 712
392.169 707
392.182 684
392.196 707
392.209 693
392.222 710
392.235 706
392.249 697
392.262 697
392.275 699
392.288 704
392.302 700
392.315 695
392.328 707
392.341 706
392.355 707
392.368 707
392.381 698
392.394 696
392.408 711
392.421 703
392.434 706
392.447 698
392.461 702
392.474 695
392.487 703
392.500 708
392.514 682
392.527 695
392.540 694
392.553 703
392.567 701
392.580 698
392.593 697
392.606 699
392.620 698
392.633 682
392.646 681
392.659 700
392.673 700
392.686 690
392.699 677
392.712 704
392.726 667
392.739 686
392.752 698
392.765 700
392.778 689
392.792 684
392.805 676
392.818 684
392.831 687
392.845 687
392.858 684
392.871 693
392.884 678
392.898 676
392.911 677
392.924 689
392.937 690
392.951 693
392.964 676
392.977 696
392.990 692
393.003 691
393.017 690
393.030 688
393.043 676
393.056 690
393.070 697
393.083 686
393.096 688
393.109 682
393.122 683
393.136 677
393.149 692
393.162 672
393.175 686
393.189 683
393.202 678
393.215 684
393.228 678
393.242 686
393.255 685
393.268 685
393.281 681
393.294 676
393.308 676
393.321 675
393.334 694
393.347 687
393.360 678
393.374 682
393.387 672
393.400 682
393.413 668
393.427 690
393.440 670
393.453 683
393.466 672
393.479 665
393.493 684
393.506 678
393.519 664
393.532 671
393.546 675
393.559 677
393.572 686
393.585 679
393.598 675
393.612 664
393.625 669
393.638 684
393.651 670
393.664 665
393.678 679
393.691 678
393.704 683
393.717 664
393.730 678
393.744 676
393.757 674
393.770 679
393.783 676
393.796 679
393.810 680
393.823 667
393.836 673
393.849 676
393.863 675
393.876 681
393.889 676
393.902 670
393.915 665
393.929 676
