375.891 807
375.905 846
375.919 808
375.933 839
375.946 831
375.960 845
375.974 840
375.987 835
376.001 834
376.015 861
376.029 843
376.042 851
376.056 867
376.070 849
376.084 854
376.097 855
376.111 853
376.125 893
376.139 878
376.152 887
376.166 883
376.180 883
376.193 864
376.207 861
376.221 914
376.235 893
376.248 910
376.262 884
376.276 915
376.290 892
376.303 920
376.317 917
376.331 919
376.345 901
376.358 937
376.372 925
376.386 938
376.399 935
376.413 958
376.427 952
376.441 950
376.454 962
376.468 939
376.482 959
376.495 955
376.509 964
376.523 990
376.537 994
376.550 1001
376.564 999
376.578 1004
376.592 985
376.605 1040
376.619 1024
376.633 1017
376.646 988
376.660 1021
376.674 998
376.688 1036
376.701 1017
376.715 1013
376.729 1057
376.742 1046
376.756 1059
376.770 1065
376.784 1060
376.797 1050
376.811 1061
376.825 1065
376.838 1101
376.852 1117
376.866 1083
376.880 1078
376.893 1112
376.907 1078
376.921 1129
376.934 1107
376.948 1111
376.962 1095
376.976 1158
376.989 1139
377.003 1139
377.017 1145
377.030 1204
377.044 1171
377.058 1180
377.071 1206
377.085 1173
377.099 1184
377.113 1172
377.126 1200
377.140 1204
377.154 1218
377.167 1233
377.181 1221
377.195 1211
377.208 1251
377.222 1234
377.236 1276
377.250 1265
377.263 1264
377.277 1251
377.291 1289
377.304 1298
377.318 1312
377.332 1276
377.345 1316
377.359 1277
377.373 1312
377.387 1298
377.400 1309
377.414 1372
377.428 1347
377.441 1355
377.455 1337
377.469 1346
377.482 1350
377.496 1370
377.510 1424
377.524 1396
377.537 1434
377.551 1380
377.565 1407
377.578 1425
377.592 1404
377.606 1378
377.619 1393
377.633 1400
377.647 1405
377.660 1428
377.674 1394
377.688 1436
377.701 1455
377.715 1436
377.729 1439
377.743 1412
377.756 1475
377.770 1431
377.784 1451
377.797 1403
377.811 1465
377.825 1447
377.838 1448
377.852 1441
377.866 1491
377.879 1525
377.893 1507
377.907 1500
377.920 1540
377.934 1475
377.948 1492
377.961 1492
377.975 1519
377.989 1506
378.002 1489
378.016 1531
378.030 1521
378.044 1484
378.057 1544
378.071 1560
378.085 1538
378.098 1517
378.112 1542
378.126 1513
378.139 1528
378.153 1538
378.167 1560
378.180 1542
378.194 1532
378.208 1552
378.221 1557
378.235 1576
378.249 1601
378.262 1584
378.276 1567
378.290 1577
378.303 1577
378.317 1576
378.331 1576
378.344 1598
378.358 1575
378.372 1575
378.385 1588
378.399 1556
378.413 1604
378.426 1584
378.440 1654
378.454 1662
378.467 1627
378.481 1605
378.495 1624
378.508 1630
378.522 1636
378.536 1634
378.549 1635
378.563 1675
378.577 1639
378.590 1672
378.604 1693
378.618 1687
378.631 1676
378.645 1657
378.659 1686
378.672 1669
378.686 1767
378.700 1740
378.713 1781
378.727 1816
378.740 1744
378.754 1761
378.768 1771
378.781 1761
378.795 1771
378.809 1761
378.822 1766
378.836 1789
378.850 1754
378.863 1758
378.877 1799
378.891 1791
378.904 1825
378.918 1794
378.932 1811
378.945 1804
378.959 1779
378.973 1794
378.986 1793
379.000 1810
379.014 1792
379.027 1822
379.041 1828
379.054 1788
379.068 1842
379.082 1856
379.095 1826
379.109 1860
379.123 1851
379.136 1873
379.150 1872
379.164 1900
379.177 1888
379.191 1861
379.205 1904
379.218 1910
379.232 1904
379.245 1958
379.259 1979
379.273 1941
379.286 1950
379.300 1971
379.314 1995
379.327 1997
379.341 2037
379.355 1991
379.368 2056
379.382 2036
379.396 2048
379.409 2052
379.423 2080
379.436 2074
379.450 2065
379.464 2136
379.477 2171
379.491 2167
379.505 2167
379.518 2241
379.532 2165
379.546 2179
379.559 2252
379.573 2274
379.586 2226
379.600 2244
379.614 2266
379.627 2324
379.641 2316
379.655 2341
379.668 2346
379.682 2341
379.695 2400
379.709 2315
379.723 2424
379.736 2444
379.750 2577
379.764 2612
379.777 2609
379.791 2619
379.804 2635
379.818 2706
379.832 2679
379.845 2686
379.859 2617
379.873 2695
379.886 2681
379.900 2688
379.913 2783
379.927 2747
379.941 2844
379.954 2914
379.968 2979
379.982 2979
379.995 2951
380.009 2909
380.022 3053
380.036 3017
380.050 3023
380.063 3180
380.077 3237
380.090 3312
380.104 3400
380.118 3356
380.131 3465
380.145 3418
380.159 3530
380.172 3504
380.186 3546
380.199 3657
380.213 3705
380.227 3780
380.240 3833
380.254 3786
380.267 3778
380.281 3848
380.295 3932
380.308 3982
380.322 3939
380.336 4024
380.349 4107
380.363 4166
380.376 4302
380.390 4357
380.404 4346
380.417 4387
380.431 4413
380.444 4562
380.458 4554
380.472 4598
380.485 4755
380.499 4740
380.512 4802
380.526 4849
380.540 4946
380.553 4962
380.567 5017
380.580 5094
380.594 5280
380.608 5264
380.621 5462
380.635 5603
380.648 5579
380.662 5652
380.676 5700
380.689 5783
380.703 5837
380.716 5824
380.730 5999
380.744 6024
380.757 6193
380.771 6226
380.784 6382
380.798 6510
380.812 6491
380.825 6596
380.839 6607
380.852 6744
380.866 7014
380.880 7110
380.893 7192
380.907 7034
380.920 7002
380.934 7185
380.948 7239
380.961 7394
380.975 7502
380.988 7595
381.002 7557
381.015 7614
381.029 7761
381.043 7900
381.056 7901
381.070 7946
381.083 7940
381.097 8076
381.111 8384
381.124 8494
381.138 8432
381.151 8621
381.165 8584
381.179 8668
381.192 8641
381.206 8679
381.219 8862
381.233 8747
381.246 9000
381.260 8997
381.274 8984
381.287 9226
381.301 9300
381.314 9359
381.328 9497
381.341 9490
381.355 9602
381.369 9774
381.382 9633
381.396 9752
381.409 9930
381.423 10076
381.437 10172
381.450 10306
381.464 10524
381.477 10600
381.491 10748
381.504 10662
381.518 10828
381.532 10796
381.545 10947
381.559 11321
381.572 11242
381.586 11396
381.599 11432
381.613 11434
381.627 11693
381.640 11662
381.654 11698
381.667 11744
381.681 11893
381.694 11832
381.708 11682
381.722 11624
381.735 11569
381.749 11685
381.762 11865
381.776 11950
381.789 12128
381.803 11862
381.817 12016
381.830 12262
381.844 12313
381.857 12442
381.871 12501
381.884 12579
381.898 12640
381.911 12646
381.925 12680
381.939 12898
381.952 12924
381.966 12864
381.979 13011
381.993 13197
382.006 13577
382.020 13667
382.034 13614
382.047 13553
382.061 13568
382.074 13648
382.088 13657
382.101 13660
382.115 13786
382.128 13882
382.142 14360
382.156 14649
382.169 14779
382.183 14785
382.196 14644
382.210 14627
382.223 14746
382.237 14698
382.250 14864
382.264 15094
382.278 15223
382.291 15356
382.305 15590
382.318 15879
382.332 15959
382.345 15331
382.359 15505
382.372 15479
382.386 15499
382.399 15637
382.413 15615
382.427 15793
382.440 15828
382.454 16115
382.467 16221
382.481 16428
382.494 17109
382.508 17270
382.521 17349
382.535 17278
382.548 17174
382.562 17201
382.576 17361
382.589 17394
382.603 17724
382.616 17607
382.630 18019
382.643 18006
382.657 18228
382.670 18553
382.684 18515
382.697 18203
382.711 18373
382.724 18635
382.738 18735
382.752 18756
382.765 18729
382.779 19218
382.792 19076
382.806 19356
382.819 19618
382.833 19618
382.846 19900
382.860 19981
382.873 20347
382.887 20482
382.900 20484
382.914 20655
382.928 20890
382.941 21185
382.955 21385
382.968 21575
382.982 21669
382.995 21770
383.009 21830
383.022 21947
383.036 21956
383.049 22549
383.063 22498
383.076 22505
383.090 22687
383.103 22846
383.117 22885
383.130 23088
383.144 23092
383.158 23337
383.171 23439
383.185 23858
383.198 24308
383.212 24173
383.225 24577
383.239 24826
383.252 25424
383.266 25320
383.279 25567
383.293 25561
383.306 25798
383.320 26129
383.333 26521
383.347 26850
383.360 27017
383.374 26528
383.387 26878
383.401 27038
383.414 27035
383.428 27139
383.441 27033
383.455 27012
383.468 27042
383.482 27164
383.496 28171
383.509 28098
383.523 27998
383.536 27971
383.550 28178
383.563 28294
383.577 28576
383.590 28724
383.604 28944
383.617 28488
383.631 28400
383.644 28175
383.658 28302
383.671 28260
383.685 28333
383.698 28781
383.712 28908
383.725 29018
383.739 28642
383.752 28623
383.766 28586
383.779 28634
383.793 28701
383.806 28670
383.820 29442
383.833 29109
383.847 29391
383.860 29646
383.874 29286
383.887 28874
383.901 29038
383.914 29158
383.928 29189
383.941 29050
383.955 28681
383.968 28634
383.982 28490
383.995 28580
384.009 28425
384.022 28406
384.036 28417
384.049 28283
384.063 28705
384.076 29015
384.090 29352
384.103 29645
384.117 29495
384.130 28901
384.144 27995
384.157 27838
384.171 27694
384.184 27240
384.198 27066
384.211 26984
384.225 26876
384.238 27151
384.252 27232
384.265 26688
384.279 26651
384.292 26434
384.306 26270
384.319 25628
384.333 25016
384.346 24493
384.360 24302
384.373 23839
384.387 23402
384.400 23192
384.414 22935
384.427 22693
384.441 22334
384.454 21732
384.468 21360
384.481 20764
384.495 20501
384.508 20310
384.522 19406
384.535 19172
384.549 18679
384.562 18205
384.575 17860
384.589 17673
384.602 17632
384.616 17003
384.629 16730
384.643 16187
384.656 15820
384.670 15191
384.683 14607
384.697 14362
384.710 13615
384.724 13441
384.737 12965
384.751 12592
384.764 12341
384.778 11969
384.791 11596
384.805 11283
384.818 10900
384.832 10668
384.845 10327
384.859 10101
384.872 9466
384.885 9275
384.899 8889
384.912 8776
384.926 8525
384.939 8290
384.953 8120
384.966 7863
384.980 7760
384.993 7527
385.007 7337
385.020 7110
385.034 6917
385.047 6806
385.061 6582
385.074 6450
385.088 6271
385.101 6113
385.114 6044
385.128 5872
385.141 5848
385.155 5700
385.168 5661
385.182 5647
385.195 5656
385.209 5492
385.222 5369
385.236 5183
385.249 5158
385.263 5080
385.276 4947
385.290 4871
385.303 4700
385.316 4689
385.330 4674
385.343 4627
385.357 4521
385.370 4490
385.384 4337
385.397 4360
385.411 4270
385.424 4303
385.438 4115
385.451 4166
385.464 4161
385.478 4194
385.491 4041
385.505 3939
385.518 3944
385.532 3980
385.545 3815
385.559 3728
385.572 3771
385.586 3798
385.599 3683
385.612 3719
385.626 3691
385.639 3641
385.653 3658
385.666 3694
385.680 3652
385.693 3516
385.707 3503
385.720 3483
385.734 3481
385.747 3433
385.760 3371
385.774 3341
385.787 3278
385.801 3244
385.814 3210
385.828 3150
385.841 3108
385.855 3139
385.868 3104
385.881 3055
385.895 3065
385.908 2975
385.922 2989
385.935 3000
385.949 2989
385.962 2918
385.976 2951
385.989 2975
386.002 2921
386.016 2972
386.029 2893
386.043 2898
386.056 2853
386.070 2873
386.083 2854
386.097 2803
386.110 2851
386.123 2776
386.137 2789
386.150 2765
386.164 2786
386.177 2706
386.191 2736
386.204 2676
386.217 2680
386.231 2635
386.244 2640
386.258 2628
386.271 2642
386.285 2586
386.298 2596
386.311 2555
386.325 2563
386.338 2523
386.352 2515
386.365 2446
386.379 2501
386.392 2500
386.405 2438
386.419 2478
386.432 2407
386.446 2463
386.459 2468
386.473 2437
386.486 2446
386.499 2421
386.513 2419
386.526 2383
386.540 2382
386.553 2346
386.567 2336
386.580 2338
386.593 2352
386.607 2401
386.620 2357
386.634 2357
386.647 2346
386.661 2300
386.674 2287
386.687 2222
386.701 2259
386.714 2191
386.728 2197
386.741 2178
386.754 2258
386.768 2215
386.781 2208
386.795 2144
386.808 2172
386.822 2115
386.835 2134
386.848 2092
386.862 2087
386.875 2061
386.889 2083
386.902 2062
386.915 2052
386.929 2056
386.942 2029
386.956 2057
386.969 1986
386.983 1976
386.996 2039
387.009 1962
387.023 1983
387.036 1957
387.050 1957
387.063 1962
387.076 1917
387.090 1979
387.103 1943
387.117 1870
387.130 1874
387.143 1922
387.157 1915
387.170 1925
387.184 1851
387.197 1871
387.210 1889
387.224 1836
387.237 1839
387.251 1800
387.264 1811
387.278 1813
387.291 1794
387.304 1783
387.318 1758
387.331 1779
387.345 1795
387.358 1779
387.371 1767
387.385 1705
387.398 1708
387.412 1696
387.425 1696
387.438 1660
387.452 1682
387.465 1633
387.478 1657
387.492 1595
387.505 1639
387.519 1621
387.532 1661
387.545 1651
387.559 1622
387.572 1653
387.586 1583
387.599 1605
387.612 1597
387.626 1599
387.639 1572
387.653 1563
387.666 1528
387.679 1521
387.693 1511
387.706 1476
387.720 1491
387.733 1454
387.746 1526
387.760 1480
387.773 1478
387.787 1493
387.800 1518
387.813 1518
387.827 1451
387.840 1449
387.853 1451
387.867 1435
387.880 1450
387.894 1453
387.907 1426
387.920 1423
387.934 1447
387.947 1403
387.961 1363
387.974 1411
387.987 1372
388.001 1372
388.014 1381
388.027 1351
388.041 1346
388.054 1316
388.068 1341
388.081 1341
388.094 1333
388.108 1358
388.121 1330
388.134 1294
388.148 1312
388.161 1292
388.175 1300
388.188 1276
388.201 1277
388.215 1256
388.228 1268
388.241 1255
388.255 1256
388.268 1221
388.282 1263
388.295 1259
388.308 1266
388.322 1268
388.335 1269
388.348 1254
388.362 1233
388.375 1231
388.389 1239
388.402 1232
388.415 1224
388.429 1269
388.442 1228
388.455 1256
388.469 1255
388.482 1245
388.495 1254
388.509 1231
388.522 1248
388.536 1226
388.549 1187
388.562 1202
388.576 1212
388.589 1202
388.602 1205
388.616 1208
388.629 1187
388.642 1182
388.656 1210
388.669 1188
388.683 1210
388.696 1232
388.709 1227
388.723 1197
388.736 1230
388.749 1202
388.763 1220
388.776 1163
388.789 1206
388.803 1181
388.816 1184
388.829 1183
388.843 1180
388.856 1163
388.870 1146
388.883 1196
388.896 1163
388.910 1183
388.923 1150
388.936 1168
388.950 1180
388.963 1180
388.976 1184
388.990 1183
389.003 1160
389.016 1183
389.030 1163
389.043 1152
389.056 1177
389.070 1164
389.083 1155
389.097 1165
389.110 1161
389.123 1126
389.137 1128
389.150 1150
389.163 1121
389.177 1132
389.190 1149
389.203 1135
389.217 1108
389.230 1158
389.243 1127
389.257 1119
389.270 1151
389.283 1138
389.297 1117
389.310 1104
389.323 1112
389.337 1116
389.350 1115
389.363 1128
389.377 1106
389.390 1095
389.403 1125
389.417 1140
389.430 1110
389.443 1116
389.457 1117
389.470 1130
389.483 1106
389.497 1139
389.510 1106
389.523 1103
389.537 1087
389.550 1074
389.563 1095
389.577 1086
389.590 1096
389.603 1090
389.617 1066
389.630 1090
389.643 1063
389.657 1072
389.670 1059
389.683 1094
389.697 1059
389.710 1055
389.723 1066
389.737 1079
389.750 1080
389.763 1044
389.777 1087
389.790 1076
389.803 1062
389.817 1049
389.830 1043
389.843 1061
389.857 1051
389.870 1008
389.883 1023
389.897 1018
389.910 1018
389.923 1024
389.937 1038
389.950 1036
389.963 1037
389.977 1035
389.990 1033
390.003 1026
390.017 1034
390.030 1015
390.043 1010
390.057 996
390.070 962
390.083 1002
390.096 978
390.110 991
390.123 971
390.136 976
390.150 994
390.163 983
390.176 974
390.190 991
390.203 967
390.216 965
390.230 956
390.243 958
390.256 944
390.270 966
390.283 950
390.296 963
390.310 928
390.323 958
390.336 922
390.349 912
390.363 946
390.376 945
390.389 934
390.403 925
390.416 931
390.429 914
390.443 918
390.456 884
390.469 912
390.483 893
390.496 890
390.509 911
390.522 887
390.536 894
390.549 897
390.562 878
390.576 879
390.589 871
390.602 882
390.616 872
390.629 850
390.642 864
390.655 866
390.669 850
390.682 868
390.695 841
390.709 872
390.722 855
390.735 854
390.749 847
390.762 818
390.775 847
390.788 842
390.802 838
390.815 819
390.828 828
390.842 840
390.855 826
390.868 822
390.882 831
390.895 828
390.908 807
390.921 806
390.935 805
390.948 797
390.961 794
390.975 797
390.988 805
391.001 810
391.014 810
391.028 801
391.041 789
391.054 798
391.068 791
391.081 773
391.094 804
391.107 757
391.121 780
391.134 776
391.147 796
391.161 772
391.174 765
391.187 765
391.200 781
391.214 782
391.227 760
391.240 763
391.254 760
391.267 769
391.280 764
391.293 752
391.307 771
391.320 763
391.333 761
391.347 746
391.360 761
391.373 772
391.386 754
391.400 745
391.413 749
391.426 758
391.440 751
391.453 752
391.466 741
391.479 759
391.493 750
391.506 743
391.519 750
391.532 751
391.546 734
391.559 741
391.572 748
391.586 733
391.599 740
391.612 727
391.625 741
391.639 733
391.652 740
391.665 742
391.678 738
391.692 736
391.705 734
391.718 741
391.732 741
391.745 730
391.758 723
391.771 734
391.785 737
391.798 740
391.811 723
391.824 730
391.838 728
391.851 726
391.864 722
391.877 725
391.891 727
391.904 732
391.917 722
391.931 724
391.944 719
391.957 735
391.970 721
391.984 736
391.997 721
392.010 727
392.023 707
392.037 708
392.050 727
392.063 718
392.076 724
392.090 717
392.103 723
392.116 711
392.129 722
392.143 724
392.156 723
392.169 717
392.182 731
392.196 725
392.209 714
392.222 714
392.235 700
392.249 704
392.262 707
392.275 713
392.288 718
392.302 712
392.315 708
392.328 708
392.341 703
392.355 722
392.368 704
392.381 703
392.394 720
392.408 706
392.421 715
392.434 709
392.447 722
392.461 717
392.474 708
392.487 718
392.500 707
392.514 720
392.527 713
392.540 721
392.553 704
392.567 696
392.580 695
392.593 698
392.606 700
392.620 701
392.633 699
392.646 713
392.659 705
392.673 708
392.686 709
392.699 709
392.712 698
392.726 704
392.739 704
392.752 708
392.765 692
392.778 707
392.792 702
392.805 700
392.818 692
392.831 709
392.845 709
392.858 698
392.871 700
392.884 700
392.898 713
392.911 705
392.924 708
392.937 704
392.951 716
392.964 708
392.977 711
392.990 702
393.003 695
393.017 700
393.030 706
393.043 700
393.056 692
393.070 705
393.083 699
393.096 700
393.109 704
393.122 703
393.136 694
393.149 689
393.162 686
393.175 699
393.189 696
393.202 689
393.215 692
393.228 682
393.242 682
393.255 703
393.268 683
393.281 695
393.294 700
393.308 689
393.321 696
393.334 694
393.347 689
393.360 682
393.374 693
393.387 708
393.400 679
393.413 698
393.427 692
393.440 684
393.453 682
393.466 692
393.479 683
393.493 696
393.506 688
393.519 681
393.532 700
393.546 685
393.559 692
393.572 694
393.585 686
393.598 701
393.612 689
393.625 696
393.638 687
393.651 686
393.664 689
393.678 696
393.691 682
393.704 692
393.717 690
393.730 678
393.744 691
393.757 690
393.770 685
393.783 686
393.796 685
393.810 683
393.823 692
393.836 683
393.849 670
393.863 688
393.876 685
393.889 679
393.902 677
393.915 679
393.929 674
