375.891 817
375.905 840
375.919 839
375.933 845
375.946 855
375.960 848
375.974 852
375.987 848
376.001 848
376.015 851
376.029 863
376.042 874
376.056 865
376.070 865
376.084 882
376.097 867
376.111 866
376.125 872
376.139 898
376.152 870
376.166 880
376.180 896
376.193 904
376.207 916
376.221 905
376.235 918
376.248 932
376.262 914
376.276 904
376.290 919
376.303 934
376.317 928
376.331 934
376.345 936
376.358 978
376.372 942
376.386 961
376.399 964
376.413 944
376.427 966
376.441 956
376.454 943
376.468 977
376.482 973
376.495 994
376.509 990
376.523 1003
376.537 1023
376.550 1029
376.564 1037
376.578 1034
376.592 1026
376.605 1034
376.619 1043
376.633 1007
376.646 1015
376.660 1027
376.674 1029
376.688 1024
376.701 1055
376.715 1069
376.729 1052
376.742 1082
376.756 1089
376.770 1080
376.784 1083
376.797 1095
376.811 1106
376.825 1109
376.838 1103
376.852 1139
376.866 1115
376.880 1143
376.893 1125
376.907 1131
376.921 1141
376.934 1142
376.948 1128
376.962 1158
376.976 1148
376.989 1152
377.003 1174
377.017 1202
377.030 1186
377.044 1175
377.058 1202
377.071 1194
377.085 1198
377.099 1202
377.113 1198
377.126 1196
377.140 1237
377.154 1209
377.167 1240
377.181 1299
377.195 1230
377.208 1261
377.222 1275
377.236 1252
377.250 1244
377.263 1292
377.277 1324
377.291 1339
377.304 1331
377.318 1367
377.332 1309
377.345 1315
377.359 1364
377.373 1345
377.387 1351
377.400 1298
377.414 1347
377.428 1367
377.441 1376
377.455 1361
377.469 1360
377.482 1390
377.496 1363
377.510 1392
377.524 1404
377.537 1402
377.551 1417
377.565 1446
377.578 1435
377.592 1446
377.606 1423
377.619 1403
377.633 1430
377.647 1417
377.660 1422
377.674 1434
377.688 1415
377.701 1428
377.715 1449
377.729 1466
377.743 1466
377.756 1450
377.770 1503
377.784 1469
377.797 1457
377.811 1476
377.825 1468
377.838 1472
377.852 1496
377.866 1495
377.879 1520
377.893 1540
377.907 1537
377.920 1507
377.934 1541
377.948 1487
377.961 1528
377.975 1510
377.989 1493
378.002 1536
378.016 1504
378.030 1550
378.044 1561
378.057 1558
378.071 1544
378.085 1535
378.098 1573
378.112 1540
378.126 1592
378.139 1565
378.153 1536
378.167 1552
378.180 1539
378.194 1558
378.208 1561
378.221 1537
378.235 1584
378.249 1606
378.262 1624
378.276 1581
378.290 1569
378.303 1599
378.317 1616
378.331 1632
378.344 1608
378.358 1653
378.372 1652
378.385 1653
378.399 1645
378.413 1612
378.426 1621
378.440 1655
378.454 1650
378.467 1629
378.481 1650
378.495 1640
378.508 1678
378.522 1619
378.536 1656
378.549 1665
378.563 1657
378.577 1663
378.590 1701
378.604 1705
378.618 1668
378.631 1714
378.645 1712
378.659 1654
378.672 1721
378.686 1738
378.700 1789
378.713 1787
378.727 1803
378.740 1812
378.754 1751
378.768 1816
378.781 1823
378.795 1822
378.809 1815
378.822 1803
378.836 1797
378.850 1765
378.863 1798
378.877 1807
378.891 1798
378.904 1785
378.918 1797
378.932 1853
378.945 1836
378.959 1817
378.973 1810
378.986 1831
379.000 1831
379.014 1869
379.027 1849
379.041 1865
379.054 1844
379.068 1891
379.082 1893
379.095 1888
379.109 1898
379.123 1845
379.136 1896
379.150 1905
379.164 1902
379.177 1900
379.191 1904
379.205 1951
379.218 1948
379.232 2024
379.245 2002
379.259 1938
379.273 1957
379.286 2000
379.300 1986
379.314 1987
379.327 2004
379.341 2043
379.355 2037
379.368 2091
379.382 2064
379.396 2092
379.409 2133
379.423 2113
379.436 2161
379.450 2146
379.464 2192
379.477 2187
379.491 2171
379.505 2205
379.518 2208
379.532 2197
379.546 2269
379.559 2247
379.573 2240
379.586 2280
379.600 2289
379.614 2303
379.627 2372
379.641 2370
379.655 2390
379.668 2361
379.682 2371
379.695 2413
379.709 2461
379.723 2463
379.736 2557
379.750 2654
379.764 2664
379.777 2641
379.791 2696
379.804 2681
379.818 2744
379.832 2732
379.845 2668
379.859 2665
379.873 2689
379.886 2735
379.900 2786
379.913 2819
379.927 2834
379.941 2901
379.954 2960
379.968 3026
379.982 2981
379.995 3046
380.009 3013
380.022 3152
380.036 3109
380.050 3136
380.063 3231
380.077 3281
380.090 3442
380.104 3470
380.118 3418
380.131 3480
380.145 3575
380.159 3582
380.172 3644
380.186 3785
380.199 3786
380.213 3770
380.227 3840
380.240 3928
380.254 3960
380.267 3882
380.281 3912
380.295 4004
380.308 4007
380.322 4106
380.336 4241
380.349 4213
380.363 4213
380.376 4270
380.390 4389
380.404 4466
380.417 4499
380.431 4478
380.444 4614
380.458 4672
380.472 4700
380.485 4892
380.499 4817
380.512 4850
380.526 4883
380.540 4981
380.553 5074
380.567 5110
380.580 5202
380.594 5276
380.608 5440
380.621 5617
380.635 5567
380.648 5701
380.662 5650
380.676 5634
380.689 5786
380.703 5814
380.716 5874
380.730 6002
380.744 6200
380.757 6311
380.771 6422
380.784 6413
380.798 6535
380.812 6491
380.825 6596
380.839 6759
380.852 6900
380.866 7156
380.880 7128
380.893 7053
380.907 7232
380.920 7236
380.934 7306
380.948 7497
380.961 7522
380.975 7632
380.988 7691
381.002 7653
381.015 7673
381.029 7749
381.043 8016
381.056 7946
381.070 8079
381.083 8095
381.097 8118
381.111 8280
381.124 8249
381.138 8556
381.151 8528
381.165 8690
381.179 8750
381.192 8789
381.206 8708
381.219 8755
381.233 8757
381.246 9032
381.260 9023
381.274 9065
381.287 9154
381.301 9212
381.314 9292
381.328 9329
381.341 9479
381.355 9694
381.369 9590
381.382 9627
381.396 9783
381.409 9975
381.423 10083
381.437 10210
381.450 10192
381.464 10163
381.477 10583
381.491 10669
381.504 10389
381.518 10653
381.532 10653
381.545 11002
381.559 10922
381.572 11276
381.586 11111
381.599 11351
381.613 11330
381.627 11420
381.640 11289
381.654 11534
381.667 11536
381.681 11605
381.694 11545
381.708 11466
381.722 11404
381.735 11487
381.749 11407
381.762 11578
381.776 11725
381.789 11799
381.803 11688
381.817 11793
381.830 11950
381.844 12020
381.857 11994
381.871 12307
381.884 12289
381.898 12256
381.911 12347
381.925 12448
381.939 12512
381.952 12606
381.966 12499
381.979 12570
381.993 13010
382.006 12948
382.020 13070
382.034 13227
382.047 13268
382.061 13031
382.074 13130
382.088 13287
382.101 13322
382.115 13465
382.128 13511
382.142 13794
382.156 13999
382.169 14194
382.183 14274
382.196 14211
382.210 14258
382.223 14104
382.237 14351
382.250 14416
382.264 14385
382.278 14541
382.291 14598
382.305 14869
382.318 15164
382.332 15166
382.345 14894
382.359 14738
382.372 14877
382.386 14899
382.399 14956
382.413 15047
382.427 15009
382.440 15193
382.454 15624
382.467 15577
382.481 15844
382.494 16216
382.508 16554
382.521 16550
382.535 16549
382.548 16433
382.562 16469
382.576 16468
382.589 16609
382.603 16659
382.616 16842
382.630 16866
382.643 17367
382.657 17313
382.670 17523
382.684 17595
382.697 17338
382.711 17687
382.724 17793
382.738 17869
382.752 17642
382.765 17936
382.779 18230
382.792 18194
382.806 18196
382.819 18602
382.833 18504
382.846 18651
382.860 18971
382.873 19206
382.887 19246
382.900 19567
382.914 19557
382.928 19876
382.941 20069
382.955 20160
382.968 20348
382.982 20746
382.995 20585
383.009 20646
383.022 20681
383.036 21110
383.049 21084
383.063 21205
383.076 21436
383.090 21182
383.103 21243
383.117 21685
383.130 21606
383.144 21905
383.158 22038
383.171 22384
383.185 22281
383.198 22740
383.212 22984
383.225 23172
383.239 23554
383.252 23710
383.266 23858
383.279 23771
383.293 24047
383.306 24198
383.320 24428
383.333 25054
383.347 25406
383.360 24927
383.374 24842
383.387 25305
383.401 25272
383.414 25225
383.428 25334
383.441 25441
383.455 25243
383.468 25173
383.482 25466
383.496 25732
383.509 26085
383.523 25922
383.536 25924
383.550 25900
383.563 26224
383.577 26478
383.590 26726
383.604 26562
383.617 26489
383.631 26128
383.644 25943
383.658 26080
383.671 26177
383.685 26558
383.698 26498
383.712 26706
383.725 26642
383.739 26285
383.752 26350
383.766 26320
383.779 26349
383.793 26178
383.806 26407
383.820 26925
383.833 26788
383.847 26807
383.860 26783
383.874 26795
383.887 26269
383.901 26207
383.914 26083
383.928 26579
383.941 26369
383.955 26052
383.968 25700
383.982 25820
383.995 25690
384.009 25631
384.022 25407
384.036 25442
384.049 25611
384.063 25585
384.076 26140
384.090 26067
384.103 26299
384.117 26310
384.130 25788
384.144 24904
384.157 24391
384.171 24190
384.184 23960
384.198 23870
384.211 23558
384.225 23440
384.238 23532
384.252 23323
384.265 23161
384.279 22691
384.292 22682
384.306 22390
384.319 21883
384.333 21281
384.346 20491
384.360 20257
384.373 19899
384.387 19659
384.400 19522
384.414 18930
384.427 18517
384.441 18066
384.454 17654
384.468 17226
384.481 16881
384.495 16686
384.508 16006
384.522 15621
384.535 15386
384.549 14737
384.562 14424
384.575 14088
384.589 13738
384.602 13526
384.616 13311
384.629 12990
384.643 12702
384.656 12249
384.670 11649
384.683 11244
384.697 10884
384.710 10589
384.724 10155
384.737 9860
384.751 9650
384.764 9426
384.778 9099
384.791 8836
384.805 8568
384.818 8388
384.832 8104
384.845 7956
384.859 7582
384.872 7359
384.885 7153
384.899 7000
384.912 6730
384.926 6587
384.939 6465
384.953 6157
384.966 6131
384.980 6067
384.993 5829
385.007 5760
385.020 5652
385.034 5491
385.047 5404
385.061 5200
385.074 5125
385.088 4981
385.101 4895
385.114 4938
385.128 4826
385.141 4779
385.155 4694
385.168 4672
385.182 4582
385.195 4594
385.209 4452
385.222 4296
385.236 4209
385.249 4213
385.263 4122
385.276 4109
385.290 3977
385.303 3952
385.316 3917
385.330 3828
385.343 3872
385.357 3872
385.370 3761
385.384 3650
385.397 3638
385.411 3616
385.424 3501
385.438 3460
385.451 3435
385.464 3421
385.478 3434
385.491 3363
385.505 3377
385.518 3319
385.532 3224
385.545 3209
385.559 3167
385.572 3172
385.586 3166
385.599 3186
385.612 3179
385.626 3108
385.639 3080
385.653 3112
385.666 3083
385.680 3034
385.693 3044
385.707 3026
385.720 2970
385.734 2965
385.747 2887
385.760 2809
385.774 2884
385.787 2859
385.801 2800
385.814 2747
385.828 2691
385.841 2717
385.855 2686
385.868 2682
385.881 2576
385.895 2660
385.908 2630
385.922 2572
385.935 2579
385.949 2508
385.962 2532
385.976 2512
385.989 2514
386.002 2556
386.016 2532
386.029 2464
386.043 2471
386.056 2407
386.070 2469
386.083 2430
386.097 2425
386.110 2409
386.123 2417
386.137 2460
386.150 2388
386.164 2379
386.177 2332
386.191 2360
386.204 2278
386.217 2286
386.231 2247
386.244 2274
386.258 2282
386.271 2244
386.285 2260
386.298 2285
386.311 2252
386.325 2233
386.338 2209
386.352 2192
386.365 2178
386.379 2182
386.392 2147
386.405 2091
386.419 2099
386.432 2135
386.446 2172
386.459 2107
386.473 2097
386.486 2104
386.499 2084
386.513 2090
386.526 2059
386.540 2001
386.553 2028
386.567 2020
386.580 1975
386.593 2028
386.607 2046
386.620 1956
386.634 2039
386.647 1984
386.661 1956
386.674 1961
386.687 1945
386.701 1937
386.714 1934
386.728 1938
386.741 1949
386.754 1949
386.768 1828
386.781 1863
386.795 1887
386.808 1883
386.822 1854
386.835 1848
386.848 1746
386.862 1804
386.875 1770
386.889 1777
386.902 1787
386.915 1770
386.929 1787
386.942 1780
386.956 1738
386.969 1753
386.983 1740
386.996 1714
387.009 1712
387.023 1772
387.036 1740
387.050 1759
387.063 1689
387.076 1706
387.090 1652
387.103 1717
387.117 1690
387.130 1638
387.143 1691
387.157 1679
387.170 1677
387.184 1660
387.197 1611
387.210 1642
387.224 1641
387.237 1602
387.251 1569
387.264 1587
387.278 1582
387.291 1589
387.304 1545
387.318 1544
387.331 1585
387.345 1542
387.358 1542
387.371 1494
387.385 1526
387.398 1510
387.412 1449
387.425 1490
387.438 1474
387.452 1431
387.465 1453
387.478 1387
387.492 1420
387.505 1438
387.519 1452
387.532 1446
387.545 1477
387.559 1472
387.572 1432
387.586 1434
387.599 1381
387.612 1422
387.626 1400
387.639 1400
387.653 1379
387.666 1374
387.679 1359
387.693 1303
387.706 1325
387.720 1340
387.733 1349
387.746 1301
387.760 1363
387.773 1337
387.787 1314
387.800 1310
387.813 1325
387.827 1283
387.840 1257
387.853 1282
387.867 1289
387.880 1285
387.894 1304
387.907 1289
387.920 1294
387.934 1276
387.947 1290
387.961 1237
387.974 1245
387.987 1226
388.001 1212
388.014 1240
388.027 1235
388.041 1213
388.054 1217
388.068 1202
388.081 1208
388.094 1194
388.108 1209
388.121 1222
388.134 1166
388.148 1206
388.161 1158
388.175 1175
388.188 1167
388.201 1174
388.215 1166
388.228 1163
388.241 1168
388.255 1165
388.268 1157
388.282 1176
388.295 1156
388.308 1173
388.322 1140
388.335 1146
388.348 1123
388.362 1125
388.375 1132
388.389 1144
388.402 1154
388.415 1133
388.429 1147
388.442 1134
388.455 1176
388.469 1111
388.482 1130
388.495 1133
388.509 1127
388.522 1144
388.536 1177
388.549 1122
388.562 1111
388.576 1099
388.589 1141
388.602 1121
388.616 1123
388.629 1083
388.642 1123
388.656 1087
388.669 1122
388.683 1138
388.696 1123
388.709 1126
388.723 1108
388.736 1079
388.749 1066
388.763 1098
388.776 1107
388.789 1093
388.803 1116
388.816 1091
388.829 1104
388.843 1105
388.856 1082
388.870 1090
388.883 1101
388.896 1085
388.910 1077
388.923 1079
388.936 1083
388.950 1067
388.963 1106
388.976 1096
388.990 1075
389.003 1072
389.016 1062
389.030 1086
389.043 1083
389.056 1100
389.070 1076
389.083 1066
389.097 1054
389.110 1082
389.123 1039
389.137 1053
389.150 1045
389.163 1048
389.177 1050
389.190 1062
389.203 1039
389.217 1056
389.230 1035
389.243 1056
389.257 1048
389.270 1044
389.283 1037
389.297 1042
389.310 1046
389.323 1049
389.337 1005
389.350 1026
389.363 1010
389.377 1043
389.390 1015
389.403 1037
389.417 1026
389.430 1010
389.443 1043
389.457 1028
389.470 1026
389.483 1005
389.497 1031
389.510 1017
389.523 1030
389.537 988
389.550 997
389.563 1023
389.577 1004
389.590 989
389.603 974
389.617 981
389.630 996
389.643 965
389.657 1000
389.670 1009
389.683 1012
389.697 1001
389.710 967
389.723 978
389.737 978
389.750 984
389.763 996
389.777 983
389.790 990
389.803 973
389.817 978
389.830 970
389.843 956
389.857 962
389.870 922
389.883 963
389.897 960
389.910 977
389.923 955
389.937 937
389.950 938
389.963 943
389.977 946
389.990 934
390.003 963
390.017 958
390.030 940
390.043 960
390.057 946
390.070 918
390.083 910
390.096 923
390.110 909
390.123 915
390.136 915
390.150 909
390.163 914
390.176 902
390.190 895
390.203 893
390.216 889
390.230 874
390.243 879
390.256 880
390.270 875
390.283 848
390.296 857
390.310 889
390.323 877
390.336 844
390.349 888
390.363 881
390.376 861
390.389 866
390.403 882
390.416 873
390.429 865
390.443 861
390.456 848
390.469 831
390.483 841
390.496 833
390.509 845
390.522 822
390.536 849
390.549 826
390.562 850
390.576 816
390.589 826
390.602 828
390.616 796
390.629 809
390.642 807
390.655 809
390.669 805
390.682 797
390.695 801
390.709 814
390.722 776
390.735 794
390.749 788
390.762 787
390.775 789
390.788 789
390.802 801
390.815 786
390.828 798
390.842 778
390.855 776
390.868 793
390.882 772
390.895 767
390.908 765
390.921 774
390.935 760
390.948 777
390.961 751
390.975 758
390.988 764
391.001 752
391.014 780
391.028 766
391.041 757
391.054 756
391.068 764
391.081 764
391.094 756
391.107 748
391.121 756
391.134 758
391.147 755
391.161 750
391.174 729
391.187 749
391.200 735
391.214 746
391.227 733
391.240 739
391.254 741
391.267 746
391.280 741
391.293 748
391.307 742
391.320 729
391.333 730
391.347 727
391.360 725
391.373 713
391.386 731
391.400 724
391.413 709
391.426 723
391.440 724
391.453 724
391.466 714
391.479 726
391.493 712
391.506 730
391.519 708
391.532 712
391.546 726
391.559 707
391.572 719
391.586 718
391.599 717
391.612 720
391.625 713
391.639 714
391.652 722
391.665 714
391.678 726
391.692 706
391.705 706
391.718 714
391.732 705
391.745 717
391.758 696
391.771 702
391.785 711
391.798 701
391.811 714
391.824 725
391.838 693
391.851 715
391.864 716
391.877 708
391.891 721
391.904 708
391.917 714
391.931 722
391.944 713
391.957 714
391.970 691
391.984 716
391.997 705
392.010 696
392.023 711
392.037 708
392.050 689
392.063 704
392.076 709
392.090 713
392.103 702
392.116 706
392.129 700
392.143 698
392.156 712
392.169 702
392.182 703
392.196 703
392.209 696
392.222 692
392.235 694
392.249 682
392.262 700
392.275 688
392.288 699
392.302 713
392.315 694
392.328 702
392.341 708
392.355 689
392.368 697
392.381 699
392.394 701
392.408 701
392.421 704
392.434 682
392.447 697
392.461 695
392.474 677
392.487 699
392.500 686
392.514 692
392.527 701
392.540 685
392.553 692
392.567 696
392.580 687
392.593 707
392.606 665
392.620 686
392.633 680
392.646 684
392.659 696
392.673 687
392.686 692
392.699 683
392.712 675
392.726 689
392.739 686
392.752 688
392.765 695
392.778 677
392.792 680
392.805 688
392.818 691
392.831 693
392.845 679
392.858 676
392.871 683
392.884 688
392.898 691
392.911 675
392.924 678
392.937 695
392.951 683
392.964 689
392.977 687
392.990 693
393.003 685
393.017 679
393.030 678
393.043 689
393.056 685
393.070 682
393.083 684
393.096 694
393.109 679
393.122 686
393.136 680
393.149 685
393.162 678
393.175 680
393.189 688
393.202 681
393.215 685
393.228 681
393.242 681
393.255 669
393.268 686
393.281 681
393.294 678
393.308 675
393.321 670
393.334 666
393.347 683
393.360 662
393.374 678
393.387 669
393.400 679
393.413 678
393.427 664
393.440 676
393.453 674
393.466 669
393.479 671
393.493 674
393.506 686
393.519 681
393.532 679
393.546 682
393.559 671
393.572 676
393.585 670
393.598 676
393.612 672
393.625 678
393.638 665
393.651 683
393.664 673
393.678 674
393.691 671
393.704 673
393.717 670
393.730 677
393.744 678
393.757 657
393.770 665
393.783 677
393.796 670
393.810 673
393.823 673
393.836 675
393.849 679
393.863 669
393.876 668
393.889 668
393.902 662
393.915 665
393.929 656
