375.891 827
375.905 812
375.919 835
375.933 844
375.946 838
375.960 847
375.974 854
375.987 850
376.001 841
376.015 847
376.029 858
376.042 865
376.056 856
376.070 845
376.084 852
376.097 873
376.111 875
376.125 869
376.139 868
376.152 882
376.166 889
376.180 905
376.193 902
376.207 895
376.221 887
376.235 897
376.248 902
376.262 889
376.276 921
376.290 927
376.303 922
376.317 920
376.331 920
376.345 946
376.358 926
376.372 913
376.386 932
376.399 922
376.413 952
376.427 945
376.441 978
376.454 950
376.468 950
376.482 954
376.495 963
376.509 973
376.523 968
376.537 980
376.550 998
376.564 1020
376.578 1001
376.592 1008
376.605 1030
376.619 1006
376.633 1010
376.646 1022
376.660 1000
376.674 1006
376.688 1022
376.701 1040
376.715 1050
376.729 1049
376.742 1045
376.756 1054
376.770 1042
376.784 1058
376.797 1075
376.811 1098
376.825 1104
376.838 1100
376.852 1090
376.866 1128
376.880 1098
376.893 1104
376.907 1078
376.921 1116
376.934 1123
376.948 1143
376.962 1145
376.976 1130
376.989 1147
377.003 1157
377.017 1167
377.030 1161
377.044 1185
377.058 1177
377.071 1184
377.085 1174
377.099 1179
377.113 1186
377.126 1189
377.140 1189
377.154 1232
377.167 1230
377.181 1230
377.195 1199
377.208 1245
377.222 1253
377.236 1235
377.250 1237
377.263 1278
377.277 1264
377.291 1286
377.304 1302
377.318 1300
377.332 1306
377.345 1292
377.359 1301
377.373 1282
377.387 1299
377.400 1337
377.414 1314
377.428 1308
377.441 1328
377.455 1338
377.469 1343
377.482 1357
377.496 1365
377.510 1364
377.524 1399
377.537 1400
377.551 1391
377.565 1410
377.578 1410
377.592 1398
377.606 1370
377.619 1359
377.633 1380
377.647 1424
377.660 1415
377.674 1404
377.688 1387
377.701 1377
377.715 1381
377.729 1424
377.743 1434
377.756 1401
377.770 1438
377.784 1420
377.797 1429
377.811 1467
377.825 1450
377.838 1418
377.852 1438
377.866 1509
377.879 1495
377.893 1472
377.907 1508
377.920 1493
377.934 1513
377.948 1524
377.961 1490
377.975 1540
377.989 1464
378.002 1494
378.016 1475
378.030 1522
378.044 1515
378.057 1539
378.071 1477
378.085 1545
378.098 1542
378.112 1523
378.126 1523
378.139 1494
378.153 1562
378.167 1528
378.180 1570
378.194 1543
378.208 1570
378.221 1580
378.235 1532
378.249 1577
378.262 1584
378.276 1587
378.290 1550
378.303 1569
378.317 1573
378.331 1586
378.344 1563
378.358 1570
378.372 1569
378.385 1623
378.399 1604
378.413 1630
378.426 1624
378.440 1641
378.454 1683
378.467 1660
378.481 1599
378.495 1652
378.508 1623
378.522 1634
378.536 1613
378.549 1618
378.563 1611
378.577 1640
378.590 1703
378.604 1671
378.618 1662
378.631 1658
378.645 1714
378.659 1683
378.672 1683
378.686 1686
378.700 1749
378.713 1749
378.727 1773
378.740 1755
378.754 1746
378.768 1753
378.781 1774
378.795 1779
378.809 1779
378.822 1791
378.836 1775
378.850 1742
378.863 1778
378.877 1772
378.891 1787
378.904 1807
378.918 1782
378.932 1777
378.945 1829
378.959 1816
378.973 1764
378.986 1811
379.000 1766
379.014 1856
379.027 1787
379.041 1853
379.054 1819
379.068 1831
379.082 1837
379.095 1810
379.109 1871
379.123 1885
379.136 1893
379.150 1870
379.164 1864
379.177 1903
379.191 1948
379.205 1928
379.218 1914
379.232 1920
379.245 1986
379.259 1978
379.273 1990
379.286 2010
379.300 1995
379.314 1969
379.327 1963
379.341 2056
379.355 2048
379.368 2092
379.382 2037
379.396 2074
379.409 2075
379.423 2117
379.436 2147
379.450 2143
379.464 2130
379.477 2141
379.491 2190
379.505 2165
379.518 2212
379.532 2203
379.546 2238
379.559 2318
379.573 2267
379.586 2291
379.600 2319
379.614 2329
379.627 2348
379.641 2425
379.655 2390
379.668 2354
379.682 2374
379.695 2454
379.709 2424
379.723 2462
379.736 2494
379.750 2611
379.764 2614
379.777 2705
379.791 2668
379.804 2749
379.818 2745
379.832 2704
379.845 2595
379.859 2722
379.873 2695
379.886 2752
379.900 2800
379.913 2867
379.927 2843
379.941 2896
379.954 2998
379.968 3000
379.982 2992
379.995 3064
380.009 3081
380.022 3096
380.036 3091
380.050 3152
380.063 3208
380.077 3399
380.090 3458
380.104 3439
380.118 3474
380.131 3467
380.145 3475
380.159 3511
380.172 3606
380.186 3701
380.199 3701
380.213 3804
380.227 3937
380.240 3946
380.254 3830
380.267 3847
380.281 3938
380.295 4009
380.308 4051
380.322 4109
380.336 4188
380.349 4211
380.363 4273
380.376 4306
380.390 4472
380.404 4389
380.417 4412
380.431 4548
380.444 4586
380.458 4663
380.472 4656
380.485 4735
380.499 4822
380.512 4871
380.526 4987
380.540 5009
380.553 5090
380.567 5092
380.580 5291
380.594 5244
380.608 5379
380.621 5607
380.635 5744
380.648 5700
380.662 5745
380.676 5738
380.689 5812
380.703 6030
380.716 6051
380.730 6098
380.744 6130
380.757 6284
380.771 6396
380.784 6492
380.798 6511
380.812 6630
380.825 6675
380.839 6649
380.852 6909
380.866 7322
380.880 7317
380.893 7044
380.907 7192
380.920 7204
380.934 7366
380.948 7414
380.961 7519
380.975 7656
380.988 7669
381.002 7715
381.015 7624
381.029 7894
381.043 7971
381.056 8227
381.070 8112
381.083 8099
381.097 8200
381.111 8268
381.124 8556
381.138 8656
381.151 8662
381.165 8713
381.179 8772
381.192 8808
381.206 8734
381.219 8822
381.233 8914
381.246 8961
381.260 9106
381.274 9069
381.287 9254
381.301 9271
381.314 9375
381.328 9481
381.341 9627
381.355 9569
381.369 9742
381.382 9742
381.396 9891
381.409 9981
381.423 10226
381.437 10216
381.450 10329
381.464 10379
381.477 10451
381.491 10661
381.504 10685
381.518 10858
381.532 10911
381.545 11030
381.559 11284
381.572 11379
381.586 11354
381.599 11331
381.613 11578
381.627 11599
381.640 11729
381.654 11847
381.667 11698
381.681 11945
381.694 11916
381.708 11856
381.722 11786
381.735 11751
381.749 11744
381.762 11975
381.776 12169
381.789 12000
381.803 12039
381.817 12117
381.830 12270
381.844 12197
381.857 12432
381.871 12625
381.884 12705
381.898 12501
381.911 12687
381.925 12793
381.939 13025
381.952 12918
381.966 12895
381.979 13073
381.993 13407
382.006 13478
382.020 13729
382.034 13782
382.047 13700
382.061 13682
382.074 13714
382.088 13664
382.101 13838
382.115 13727
382.128 13801
382.142 14298
382.156 14908
382.169 14962
382.183 14846
382.196 14688
382.210 14820
382.223 14817
382.237 14779
382.250 14933
382.264 15050
382.278 15345
382.291 15383
382.305 15634
382.318 15886
382.332 16032
382.345 15478
382.359 15340
382.372 15452
382.386 15441
382.399 15640
382.413 15827
382.427 15638
382.440 15961
382.454 16176
382.467 16007
382.481 16540
382.494 16851
382.508 17205
382.521 17306
382.535 17169
382.548 17122
382.562 17290
382.576 17326
382.589 17274
382.603 17392
382.616 17834
382.630 17853
382.643 18150
382.657 18287
382.670 18371
382.684 18370
382.697 18108
382.711 18297
382.724 18646
382.738 18594
382.752 18628
382.765 18863
382.779 19064
382.792 19239
382.806 19208
382.819 19603
382.833 19695
382.846 19460
382.860 19959
382.873 20014
382.887 20319
382.900 20453
382.914 20570
382.928 20678
382.941 20966
382.955 21113
382.968 21342
382.982 21481
382.995 21503
383.009 21670
383.022 21730
383.036 22029
383.049 22117
383.063 22048
383.076 22622
383.090 22653
383.103 22545
383.117 22641
383.130 22605
383.144 22715
383.158 23106
383.171 23300
383.185 23504
383.198 23698
383.212 23899
383.225 24152
383.239 24515
383.252 24685
383.266 24934
383.279 24952
383.293 25348
383.306 25436
383.320 25463
383.333 26273
383.347 26283
383.360 26304
383.374 25981
383.387 26594
383.401 26597
383.414 26464
383.428 26459
383.441 26550
383.455 26530
383.468 26166
383.482 26737
383.496 27584
383.509 27456
383.523 27577
383.536 27584
383.550 27501
383.563 27711
383.577 27727
383.590 28163
383.604 28225
383.617 27929
383.631 27730
383.644 27413
383.658 27331
383.671 27451
383.685 27687
383.698 27792
383.712 28120
383.725 28080
383.739 27780
383.752 27726
383.766 27758
383.779 27739
383.793 27871
383.806 28083
383.820 28358
383.833 28362
383.847 28315
383.860 28636
383.874 28542
383.887 27733
383.901 27735
383.914 28071
383.928 28299
383.941 28057
383.955 27729
383.968 27442
383.982 27382
383.995 27259
384.009 27329
384.022 27357
384.036 26996
384.049 26987
384.063 26998
384.076 27361
384.090 27579
384.103 28032
384.117 27842
384.130 27253
384.144 26460
384.157 26324
384.171 25828
384.184 25791
384.198 25510
384.211 25012
384.225 25095
384.238 25426
384.252 25064
384.265 25141
384.279 24676
384.292 24439
384.306 24065
384.319 23550
384.333 23173
384.346 22575
384.360 22222
384.373 21820
384.387 21554
384.400 21391
384.414 20810
384.427 20304
384.441 20042
384.454 19505
384.468 19058
384.481 18651
384.495 18282
384.508 17933
384.522 17344
384.535 16926
384.549 16418
384.562 16132
384.575 15771
384.589 15522
384.602 15329
384.616 14908
384.629 14769
384.643 14179
384.656 13693
384.670 13320
384.683 12774
384.697 12222
384.710 11858
384.724 11613
384.737 11189
384.751 10981
384.764 10768
384.778 10392
384.791 10098
384.805 9969
384.818 9502
384.832 9279
384.845 8943
384.859 8787
384.872 8307
384.885 8179
384.899 7912
384.912 7731
384.926 7581
384.939 7303
384.953 7016
384.966 7031
384.980 6829
384.993 6795
385.007 6550
385.020 6348
385.034 6229
385.047 6182
385.061 5957
385.074 5885
385.088 5627
385.101 5650
385.114 5479
385.128 5397
385.141 5387
385.155 5194
385.168 5247
385.182 5251
385.195 5181
385.209 5125
385.222 5002
385.236 4958
385.249 4847
385.263 4745
385.276 4696
385.290 4528
385.303 4434
385.316 4420
385.330 4369
385.343 4362
385.357 4289
385.370 4174
385.384 4142
385.397 4096
385.411 4055
385.424 3990
385.438 3991
385.451 3924
385.464 3924
385.478 3920
385.491 3841
385.505 3878
385.518 3829
385.532 3696
385.545 3590
385.559 3556
385.572 3629
385.586 3568
385.599 3580
385.612 3582
385.626 3536
385.639 3530
385.653 3506
385.666 3579
385.680 3487
385.693 3410
385.707 3398
385.720 3382
385.734 3358
385.747 3349
385.760 3255
385.774 3274
385.787 3232
385.801 3216
385.814 3048
385.828 3051
385.841 3032
385.855 3035
385.868 3017
385.881 2979
385.895 3007
385.908 2952
385.922 2933
385.935 2899
385.949 2874
385.962 2860
385.976 2860
385.989 2846
386.002 2772
386.016 2834
386.029 2806
386.043 2751
386.056 2719
386.070 2757
386.083 2713
386.097 2719
386.110 2694
386.123 2660
386.137 2712
386.150 2669
386.164 2628
386.177 2640
386.191 2602
386.204 2573
386.217 2523
386.231 2525
386.244 2546
386.258 2595
386.271 2549
386.285 2573
386.298 2533
386.311 2514
386.325 2466
386.338 2432
386.352 2436
386.365 2462
386.379 2403
386.392 2390
386.405 2377
386.419 2311
386.432 2369
386.446 2386
386.459 2386
386.473 2353
386.486 2336
386.499 2340
386.513 2300
386.526 2279
386.540 2257
386.553 2269
386.567 2247
386.580 2229
386.593 2309
386.607 2313
386.620 2294
386.634 2232
386.647 2213
386.661 2216
386.674 2175
386.687 2206
386.701 2172
386.714 2065
386.728 2144
386.741 2169
386.754 2145
386.768 2111
386.781 2096
386.795 2079
386.808 2020
386.822 2020
386.835 2058
386.848 1987
386.862 2001
386.875 1983
386.889 1983
386.902 1994
386.915 1950
386.929 1984
386.942 1951
386.956 1924
386.969 1902
386.983 1889
386.996 1908
387.009 1887
387.023 1840
387.036 1874
387.050 1871
387.063 1854
387.076 1871
387.090 1834
387.103 1834
387.117 1818
387.130 1850
387.143 1789
387.157 1838
387.170 1818
387.184 1831
387.197 1808
387.210 1780
387.224 1768
387.237 1790
387.251 1794
387.264 1751
387.278 1713
387.291 1757
387.304 1724
387.318 1730
387.331 1708
387.345 1737
387.358 1685
387.371 1701
387.385 1705
387.398 1637
387.412 1641
387.425 1630
387.438 1612
387.452 1588
387.465 1556
387.478 1569
387.492 1545
387.505 1530
387.519 1570
387.532 1580
387.545 1593
387.559 1596
387.572 1607
387.586 1562
387.599 1571
387.612 1585
387.626 1535
387.639 1570
387.653 1516
387.666 1463
387.679 1465
387.693 1489
387.706 1481
387.720 1464
387.733 1490
387.746 1478
387.760 1458
387.773 1453
387.787 1461
387.800 1474
387.813 1455
387.827 1413
387.840 1432
387.853 1392
387.867 1391
387.880 1428
387.894 1411
387.907 1408
387.920 1375
387.934 1380
387.947 1371
387.961 1362
387.974 1352
387.987 1326
388.001 1358
388.014 1334
388.027 1331
388.041 1276
388.054 1311
388.068 1289
388.081 1322
388.094 1310
388.108 1307
388.121 1286
388.134 1291
388.148 1284
388.161 1277
388.175 1252
388.188 1231
388.201 1220
388.215 1225
388.228 1270
388.241 1221
388.255 1225
388.268 1238
388.282 1202
388.295 1227
388.308 1221
388.322 1227
388.335 1229
388.348 1219
388.362 1212
388.375 1193
388.389 1245
388.402 1205
388.415 1213
388.429 1228
388.442 1250
388.455 1170
388.469 1232
388.482 1223
388.495 1239
388.509 1218
388.522 1243
388.536 1207
388.549 1210
388.562 1193
388.576 1178
388.589 1165
388.602 1199
388.616 1179
388.629 1188
388.642 1202
388.656 1178
388.669 1184
388.683 1176
388.696 1185
388.709 1224
388.723 1200
388.736 1180
388.749 1186
388.763 1153
388.776 1151
388.789 1144
388.803 1158
388.816 1158
388.829 1145
388.843 1154
388.856 1132
388.870 1162
388.883 1138
388.896 1172
388.910 1156
388.923 1154
388.936 1105
388.950 1177
388.963 1137
388.976 1153
388.990 1139
389.003 1140
389.016 1115
389.030 1147
389.043 1136
389.056 1137
389.070 1154
389.083 1152
389.097 1120
389.110 1118
389.123 1120
389.137 1130
389.150 1103
389.163 1123
389.177 1130
389.190 1119
389.203 1086
389.217 1119
389.230 1114
389.243 1110
389.257 1094
389.270 1094
389.283 1104
389.297 1085
389.310 1107
389.323 1093
389.337 1104
389.350 1085
389.363 1082
389.377 1083
389.390 1080
389.403 1087
389.417 1068
389.430 1085
389.443 1084
389.457 1090
389.470 1081
389.483 1071
389.497 1089
389.510 1078
389.523 1089
389.537 1087
389.550 1078
389.563 1065
389.577 1069
389.590 1069
389.603 1047
389.617 1049
389.630 1037
389.643 1065
389.657 1047
389.670 1045
389.683 1065
389.697 1063
389.710 1042
389.723 1036
389.737 1050
389.750 1032
389.763 1024
389.777 1067
389.790 1030
389.803 1051
389.817 1019
389.830 1027
389.843 1004
389.857 1017
389.870 1002
389.883 1024
389.897 990
389.910 1002
389.923 986
389.937 1007
389.950 1014
389.963 986
389.977 1003
389.990 994
390.003 992
390.017 1008
390.030 972
390.043 978
390.057 967
390.070 973
390.083 957
390.096 957
390.110 968
390.123 975
390.136 953
390.150 965
390.163 971
390.176 954
390.190 941
390.203 936
390.216 951
390.230 950
390.243 935
390.256 908
390.270 932
390.283 911
390.296 920
390.310 913
390.323 913
390.336 923
390.349 884
390.363 904
390.376 895
390.389 919
390.403 901
390.416 882
390.429 886
390.443 893
390.456 898
390.469 898
390.483 862
390.496 861
390.509 875
390.522 863
390.536 873
390.549 862
390.562 865
390.576 856
390.589 861
390.602 844
390.616 840
390.629 842
390.642 862
390.655 834
390.669 832
390.682 851
390.695 840
390.709 836
390.722 836
390.735 822
390.749 814
390.762 817
390.775 813
390.788 821
390.802 822
390.815 798
390.828 805
390.842 815
390.855 812
390.868 790
390.882 797
390.895 785
390.908 791
390.921 802
390.935 781
390.948 793
390.961 792
390.975 784
390.988 781
391.001 794
391.014 778
391.028 780
391.041 775
391.054 770
391.068 794
391.081 772
391.094 781
391.107 771
391.121 770
391.134 782
391.147 769
391.161 786
391.174 771
391.187 770
391.200 768
391.214 749
391.227 754
391.240 754
391.254 769
391.267 768
391.280 745
391.293 753
391.307 742
391.320 752
391.333 757
391.347 721
391.360 738
391.373 751
391.386 729
391.400 750
391.413 758
391.426 736
391.440 738
391.453 746
391.466 737
391.479 736
391.493 743
391.506 734
391.519 753
391.532 738
391.546 752
391.559 720
391.572 741
391.586 737
391.599 721
391.612 730
391.625 735
391.639 729
391.652 727
391.665 725
391.678 732
391.692 736
391.705 729
391.718 721
391.732 727
391.745 718
391.758 722
391.771 724
391.785 720
391.798 723
391.811 733
391.824 708
391.838 728
391.851 728
391.864 724
391.877 719
391.891 717
391.904 711
391.917 718
391.931 731
391.944 713
391.957 710
391.970 723
391.984 708
391.997 720
392.010 717
392.023 715
392.037 708
392.050 723
392.063 724
392.076 710
392.090 719
392.103 724
392.116 713
392.129 715
392.143 715
392.156 706
392.169 703
392.182 708
392.196 714
392.209 690
392.222 713
392.235 723
392.249 701
392.262 719
392.275 706
392.288 706
392.302 713
392.315 711
392.328 711
392.341 712
392.355 708
392.368 701
392.381 716
392.394 716
392.408 717
392.421 702
392.434 704
392.447 719
392.461 711
392.474 704
392.487 702
392.500 710
392.514 714
392.527 704
392.540 715
392.553 696
392.567 707
392.580 704
392.593 694
392.606 692
392.620 704
392.633 693
392.646 694
392.659 702
392.673 688
392.686 692
392.699 686
392.712 700
392.726 697
392.739 693
392.752 694
392.765 693
392.778 692
392.792 694
392.805 690
392.818 699
392.831 687
392.845 692
392.858 692
392.871 712
392.884 703
392.898 692
392.911 699
392.924 704
392.937 693
392.951 700
392.964 684
392.977 688
392.990 691
393.003 697
393.017 690
393.030 692
393.043 697
393.056 681
393.070 684
393.083 692
393.096 705
393.109 690
393.122 696
393.136 698
393.149 693
393.162 697
393.175 690
393.189 684
393.202 675
393.215 705
393.228 681
393.242 686
393.255 698
393.268 689
393.281 674
393.294 686
393.308 690
393.321 674
393.334 694
393.347 696
393.360 692
393.374 678
393.387 689
393.400 677
393.413 671
393.427 684
393.440 675
393.453 673
393.466 674
393.479 680
393.493 686
393.506 682
393.519 690
393.532 677
393.546 680
393.559 679
393.572 681
393.585 669
393.598 683
393.612 682
393.625 691
393.638 683
393.651 677
393.664 687
393.678 694
393.691 682
393.704 674
393.717 684
393.730 693
393.744 675
393.757 668
393.770 688
393.783 683
393.796 677
393.810 682
393.823 674
393.836 681
393.849 681
393.863 678
393.876 678
393.889 673
393.902 673
393.915 672
393.929 678
