375.891 827
375.905 820
375.919 841
375.933 843
375.946 846
375.960 830
375.974 853
375.987 855
376.001 851
376.015 854
376.029 847
376.042 866
376.056 873
376.070 866
376.084 879
376.097 863
376.111 887
376.125 878
376.139 885
376.152 888
376.166 884
376.180 898
376.193 921
376.207 896
376.221 921
376.235 924
376.248 915
376.262 914
376.276 923
376.290 943
376.303 908
376.317 930
376.331 943
376.345 929
376.358 938
376.372 962
376.386 940
376.399 943
376.413 968
376.427 962
376.441 972
376.454 966
376.468 982
376.482 981
376.495 978
376.509 955
376.523 992
376.537 1016
376.550 1008
376.564 1015
376.578 982
376.592 1021
376.605 1022
376.619 1057
376.633 1017
376.646 1035
376.660 1026
376.674 1011
376.688 1040
376.701 1015
376.715 1069
376.729 1079
376.742 1083
376.756 1076
376.770 1094
376.784 1038
376.797 1065
376.811 1109
376.825 1122
376.838 1108
376.852 1133
376.866 1145
376.880 1108
376.893 1136
376.907 1090
376.921 1155
376.934 1136
376.948 1149
376.962 1153
376.976 1178
376.989 1134
377.003 1170
377.017 1187
377.030 1174
377.044 1220
377.058 1210
377.071 1232
377.085 1194
377.099 1220
377.113 1216
377.126 1212
377.140 1241
377.154 1216
377.167 1228
377.181 1210
377.195 1249
377.208 1232
377.222 1268
377.236 1244
377.250 1260
377.263 1292
377.277 1306
377.291 1338
377.304 1290
377.318 1327
377.332 1355
377.345 1309
377.359 1307
377.373 1336
377.387 1358
377.400 1337
377.414 1348
377.428 1365
377.441 1377
377.455 1359
377.469 1346
377.482 1398
377.496 1377
377.510 1389
377.524 1409
377.537 1403
377.551 1406
377.565 1431
377.578 1420
377.592 1420
377.606 1411
377.619 1429
377.633 1431
377.647 1439
377.660 1430
377.674 1431
377.688 1457
377.701 1442
377.715 1447
377.729 1468
377.743 1480
377.756 1467
377.770 1444
377.784 1487
377.797 1483
377.811 1482
377.825 1505
377.838 1474
377.852 1469
377.866 1508
377.879 1526
377.893 1551
377.907 1512
377.920 1524
377.934 1518
377.948 1478
377.961 1511
377.975 1536
377.989 1491
378.002 1510
378.016 1501
378.030 1507
378.044 1538
378.057 1575
378.071 1567
378.085 1574
378.098 1582
378.112 1542
378.126 1635
378.139 1564
378.153 1564
378.167 1547
378.180 1546
378.194 1599
378.208 1561
378.221 1595
378.235 1614
378.249 1623
378.262 1618
378.276 1558
378.290 1597
378.303 1590
378.317 1618
378.331 1604
378.344 1618
378.358 1643
378.372 1614
378.385 1656
378.399 1662
378.413 1607
378.426 1602
378.440 1656
378.454 1650
378.467 1705
378.481 1655
378.495 1653
378.508 1662
378.522 1643
378.536 1627
378.549 1642
378.563 1679
378.577 1669
378.590 1683
378.604 1664
378.618 1705
378.631 1665
378.645 1690
378.659 1718
378.672 1693
378.686 1725
378.700 1776
378.713 1764
378.727 1762
378.740 1795
378.754 1729
378.768 1763
378.781 1759
378.795 1819
378.809 1799
378.822 1826
378.836 1806
378.850 1793
378.863 1792
378.877 1797
378.891 1799
378.904 1835
378.918 1844
378.932 1842
378.945 1831
378.959 1850
378.973 1825
378.986 1846
379.000 1821
379.014 1835
379.027 1859
379.041 1836
379.054 1824
379.068 1880
379.082 1870
379.095 1877
379.109 1908
379.123 1859
379.136 1909
379.150 1896
379.164 1919
379.177 1888
379.191 1932
379.205 1890
379.218 1950
379.232 2017
379.245 1965
379.259 1925
379.273 1956
379.286 1983
379.300 1996
379.314 2044
379.327 2031
379.341 2052
379.355 2025
379.368 2080
379.382 2126
379.396 2108
379.409 2034
379.423 2095
379.436 2130
379.450 2092
379.464 2153
379.477 2161
379.491 2169
379.505 2139
379.518 2220
379.532 2220
379.546 2248
379.559 2221
379.573 2260
379.586 2284
379.600 2258
379.614 2339
379.627 2369
379.641 2326
379.655 2355
379.668 2388
379.682 2360
379.695 2421
379.709 2396
379.723 2428
379.736 2555
379.750 2631
379.764 2616
379.777 2572
379.791 2696
379.804 2612
379.818 2725
379.832 2665
379.845 2583
379.859 2639
379.873 2709
379.886 2742
379.900 2763
379.913 2870
379.927 2835
379.941 2818
379.954 2952
379.968 2961
379.982 2980
379.995 3031
380.009 3090
380.022 3047
380.036 3071
380.050 3151
380.063 3205
380.077 3279
380.090 3342
380.104 3388
380.118 3371
380.131 3469
380.145 3463
380.159 3506
380.172 3666
380.186 3583
380.199 3718
380.213 3789
380.227 3878
380.240 3886
380.254 3883
380.267 3879
380.281 3903
380.295 4057
380.308 4047
380.322 4029
380.336 4173
380.349 4236
380.363 4267
380.376 4262
380.390 4377
380.404 4341
380.417 4580
380.431 4510
380.444 4610
380.458 4658
380.472 4744
380.485 4683
380.499 4855
380.512 4907
380.526 4911
380.540 4953
380.553 4995
380.567 5156
380.580 5224
380.594 5258
380.608 5472
380.621 5550
380.635 5538
380.648 5648
380.662 5668
380.676 5748
380.689 5821
380.703 5797
380.716 6029
380.730 6087
380.744 6191
380.757 6285
380.771 6402
380.784 6454
380.798 6552
380.812 6511
380.825 6680
380.839 6701
380.852 6880
380.866 7154
380.880 7277
380.893 7061
380.907 7143
380.920 7205
380.934 7510
380.948 7457
380.961 7497
380.975 7692
380.988 7696
381.002 7773
381.015 7692
381.029 7898
381.043 8091
381.056 8071
381.070 8153
381.083 8303
381.097 8298
381.111 8375
381.124 8476
381.138 8571
381.151 8709
381.165 8825
381.179 9045
381.192 8833
381.206 8921
381.219 8942
381.233 9096
381.246 9052
381.260 9234
381.274 9249
381.287 9489
381.301 9471
381.314 9475
381.328 9515
381.341 9694
381.355 9795
381.369 9763
381.382 9948
381.396 9921
381.409 10183
381.423 10349
381.437 10408
381.450 10572
381.464 10552
381.477 10691
381.491 10915
381.504 10758
381.518 10885
381.532 11078
381.545 11246
381.559 11523
381.572 11436
381.586 11658
381.599 11519
381.613 11759
381.627 11866
381.640 12021
381.654 12041
381.667 11999
381.681 12154
381.694 12104
381.708 11886
381.722 11862
381.735 11819
381.749 11978
381.762 11994
381.776 12039
381.789 12216
381.803 12279
381.817 12420
381.830 12607
381.844 12537
381.857 12554
381.871 12753
381.884 12760
381.898 12778
381.911 12902
381.925 12980
381.939 13183
381.952 13209
381.966 13206
381.979 13404
381.993 13682
382.006 13810
382.020 13924
382.034 13967
382.047 13879
382.061 13899
382.074 13949
382.088 14030
382.101 14082
382.115 14095
382.128 13994
382.142 14570
382.156 14993
382.169 15095
382.183 15040
382.196 14871
382.210 14980
382.223 15023
382.237 15161
382.250 15226
382.264 15348
382.278 15484
382.291 15645
382.305 15896
382.318 15980
382.332 16124
382.345 15828
382.359 15700
382.372 15831
382.386 16084
382.399 16154
382.413 16080
382.427 16080
382.440 16211
382.454 16433
382.467 16727
382.481 16868
382.494 17340
382.508 17723
382.521 17691
382.535 17752
382.548 17503
382.562 17672
382.576 17728
382.589 17862
382.603 17835
382.616 18169
382.630 18217
382.643 18633
382.657 18755
382.670 18845
382.684 19007
382.697 18701
382.711 19103
382.724 19146
382.738 19072
382.752 19305
382.765 19307
382.779 19536
382.792 19729
382.806 19763
382.819 20042
382.833 20214
382.846 20344
382.860 20562
382.873 20597
382.887 20833
382.900 21096
382.914 21176
382.928 21518
382.941 21822
382.955 21859
382.968 22037
382.982 22543
382.995 22567
383.009 22340
383.022 22571
383.036 22822
383.049 23287
383.063 23084
383.076 23215
383.090 23227
383.103 23200
383.117 23619
383.130 23638
383.144 23787
383.158 24104
383.171 24361
383.185 24354
383.198 24679
383.212 24897
383.225 25136
383.239 25739
383.252 26143
383.266 26034
383.279 26239
383.293 26308
383.306 26271
383.320 26845
383.333 27440
383.347 27480
383.360 27175
383.374 27389
383.387 27504
383.401 27708
383.414 27782
383.428 27631
383.441 27982
383.455 27916
383.468 27760
383.482 27803
383.496 28958
383.509 28869
383.523 28589
383.536 28740
383.550 28766
383.563 28823
383.577 29133
383.590 29282
383.604 29814
383.617 29267
383.631 29277
383.644 28710
383.658 29022
383.671 28973
383.685 29207
383.698 29534
383.712 29732
383.725 29631
383.739 29569
383.752 29323
383.766 29342
383.779 29489
383.793 29641
383.806 29785
383.820 30300
383.833 30137
383.847 29844
383.860 30230
383.874 30312
383.887 29842
383.901 29672
383.914 29925
383.928 30065
383.941 29897
383.955 29740
383.968 29395
383.982 29472
383.995 29404
384.009 29559
384.022 29410
384.036 29143
384.049 29085
384.063 29362
384.076 29650
384.090 30114
384.103 30309
384.117 30492
384.130 29904
384.144 28779
384.157 28661
384.171 28450
384.184 28464
384.198 27863
384.211 27764
384.225 27586
384.238 27883
384.252 28224
384.265 27805
384.279 27423
384.292 26994
384.306 27085
384.319 26327
384.333 25663
384.346 25166
384.360 24736
384.373 24602
384.387 24304
384.400 24014
384.414 23644
384.427 23161
384.441 22687
384.454 22279
384.468 22050
384.481 21230
384.495 20903
384.508 20603
384.522 19931
384.535 19634
384.549 19118
384.562 18797
384.575 18359
384.589 18216
384.602 17967
384.616 17580
384.629 17062
384.643 16526
384.656 16120
384.670 15609
384.683 14952
384.697 14453
384.710 14158
384.724 13737
384.737 13297
384.751 12748
384.764 12417
384.778 12232
384.791 12004
384.805 11584
384.818 11142
384.832 10789
384.845 10579
384.859 10174
384.872 9789
384.885 9392
384.899 9254
384.912 8871
384.926 8715
384.939 8538
384.953 8229
384.966 8006
384.980 7864
384.993 7724
385.007 7391
385.020 7324
385.034 7062
385.047 6926
385.061 6664
385.074 6597
385.088 6472
385.101 6280
385.114 6066
385.128 6055
385.141 5987
385.155 5887
385.168 5699
385.182 5855
385.195 5731
385.209 5615
385.222 5410
385.236 5271
385.249 5217
385.263 5139
385.276 5010
385.290 4877
385.303 4744
385.316 4712
385.330 4709
385.343 4674
385.357 4590
385.370 4415
385.384 4452
385.397 4345
385.411 4283
385.424 4229
385.438 4112
385.451 4045
385.464 4118
385.478 4076
385.491 4041
385.505 4030
385.518 3961
385.532 3940
385.545 3745
385.559 3770
385.572 3802
385.586 3713
385.599 3718
385.612 3763
385.626 3698
385.639 3620
385.653 3633
385.666 3659
385.680 3584
385.693 3541
385.707 3559
385.720 3487
385.734 3462
385.747 3403
385.760 3337
385.774 3323
385.787 3324
385.801 3206
385.814 3180
385.828 3149
385.841 3160
385.855 3120
385.868 3096
385.881 3063
385.895 3009
385.908 3071
385.922 3022
385.935 3001
385.949 2872
385.962 2870
385.976 2847
385.989 2912
386.002 2969
386.016 2873
386.029 2926
386.043 2842
386.056 2838
386.070 2753
386.083 2764
386.097 2802
386.110 2748
386.123 2793
386.137 2787
386.150 2743
386.164 2747
386.177 2666
386.191 2620
386.204 2673
386.217 2622
386.231 2631
386.244 2630
386.258 2629
386.271 2620
386.285 2550
386.298 2627
386.311 2626
386.325 2565
386.338 2421
386.352 2514
386.365 2518
386.379 2495
386.392 2476
386.405 2441
386.419 2402
386.432 2499
386.446 2500
386.459 2458
386.473 2431
386.486 2369
386.499 2357
386.513 2364
386.526 2364
386.540 2254
386.553 2327
386.567 2282
386.580 2338
386.593 2355
386.607 2345
386.620 2338
386.634 2300
386.647 2268
386.661 2312
386.674 2214
386.687 2285
386.701 2240
386.714 2156
386.728 2199
386.741 2222
386.754 2176
386.768 2141
386.781 2141
386.795 2121
386.808 2079
386.822 2083
386.835 2089
386.848 2033
386.862 2056
386.875 2080
386.889 2051
386.902 2056
386.915 2046
386.929 2052
386.942 2024
386.956 2007
386.969 2003
386.983 1957
386.996 1992
387.009 1976
387.023 1956
387.036 1956
387.050 1957
387.063 1925
387.076 1899
387.090 1916
387.103 1873
387.117 1885
387.130 1920
387.143 1909
387.157 1899
387.170 1871
387.184 1848
387.197 1831
387.210 1849
387.224 1865
387.237 1859
387.251 1830
387.264 1770
387.278 1812
387.291 1767
387.304 1760
387.318 1772
387.331 1764
387.345 1761
387.358 1721
387.371 1707
387.385 1699
387.398 1720
387.412 1719
387.425 1674
387.438 1660
387.452 1639
387.465 1633
387.478 1598
387.492 1584
387.505 1581
387.519 1626
387.532 1626
387.545 1644
387.559 1628
387.572 1607
387.586 1605
387.599 1565
387.612 1613
387.626 1598
387.639 1573
387.653 1573
387.666 1511
387.679 1513
387.693 1503
387.706 1468
387.720 1472
387.733 1469
387.746 1502
387.760 1470
387.773 1488
387.787 1490
387.800 1497
387.813 1444
387.827 1441
387.840 1410
387.853 1418
387.867 1431
387.880 1430
387.894 1448
387.907 1435
387.920 1417
387.934 1398
387.947 1412
387.961 1386
387.974 1365
387.987 1373
388.001 1362
388.014 1369
388.027 1355
388.041 1347
388.054 1318
388.068 1305
388.081 1325
388.094 1330
388.108 1359
388.121 1307
388.134 1270
388.148 1293
388.161 1282
388.175 1278
388.188 1264
388.201 1266
388.215 1230
388.228 1254
388.241 1219
388.255 1262
388.268 1243
388.282 1259
388.295 1267
388.308 1256
388.322 1248
388.335 1212
388.348 1212
388.362 1211
388.375 1232
388.389 1243
388.402 1236
388.415 1224
388.429 1216
388.442 1224
388.455 1227
388.469 1204
388.482 1232
388.495 1230
388.509 1235
388.522 1242
388.536 1233
388.549 1228
388.562 1183
388.576 1185
388.589 1182
388.602 1215
388.616 1216
388.629 1189
388.642 1187
388.656 1213
388.669 1191
388.683 1198
388.696 1223
388.709 1212
388.723 1221
388.736 1167
388.749 1154
388.763 1171
388.776 1192
388.789 1185
388.803 1150
388.816 1153
388.829 1148
388.843 1154
388.856 1160
388.870 1148
388.883 1178
388.896 1144
388.910 1144
388.923 1152
388.936 1177
388.950 1172
388.963 1163
388.976 1147
388.990 1161
389.003 1160
389.016 1156
389.030 1149
389.043 1174
389.056 1163
389.070 1146
389.083 1124
389.097 1124
389.110 1134
389.123 1128
389.137 1128
389.150 1124
389.163 1128
389.177 1130
389.190 1126
389.203 1153
389.217 1127
389.230 1127
389.243 1122
389.257 1095
389.270 1098
389.283 1109
389.297 1122
389.310 1115
389.323 1117
389.337 1102
389.350 1136
389.363 1087
389.377 1099
389.390 1129
389.403 1106
389.417 1095
389.430 1100
389.443 1083
389.457 1111
389.470 1119
389.483 1107
389.497 1093
389.510 1089
389.523 1101
389.537 1091
389.550 1099
389.563 1098
389.577 1071
389.590 1097
389.603 1090
389.617 1078
389.630 1047
389.643 1065
389.657 1059
389.670 1042
389.683 1063
389.697 1090
389.710 1050
389.723 1048
389.737 1075
389.750 1052
389.763 1039
389.777 1078
389.790 1060
389.803 1043
389.817 1060
389.830 1039
389.843 1041
389.857 1022
389.870 1026
389.883 1026
389.897 1008
389.910 1006
389.923 1010
389.937 1020
389.950 1017
389.963 1027
389.977 1013
389.990 1028
390.003 1003
390.017 1027
390.030 1002
390.043 1002
390.057 995
390.070 994
390.083 976
390.096 969
390.110 968
390.123 973
390.136 991
390.150 963
390.163 968
390.176 969
390.190 974
390.203 967
390.216 944
390.230 932
390.243 946
390.256 952
390.270 955
390.283 917
390.296 947
390.310 923
390.323 930
390.336 916
390.349 908
390.363 929
390.376 947
390.389 907
390.403 917
390.416 909
390.429 916
390.443 893
390.456 907
390.469 914
390.483 888
390.496 875
390.509 889
390.522 872
390.536 873
390.549 861
390.562 865
390.576 879
390.589 880
390.602 875
390.616 859
390.629 872
390.642 859
390.655 869
390.669 874
390.682 853
390.695 860
390.709 841
390.722 834
390.735 829
390.749 834
390.762 844
390.775 838
390.788 832
390.802 839
390.815 818
390.828 834
390.842 803
390.855 814
390.868 822
390.882 809
390.895 819
390.908 812
390.921 813
390.935 798
390.948 805
390.961 795
390.975 801
390.988 781
391.001 795
391.014 794
391.028 779
391.041 789
391.054 794
391.068 787
391.081 791
391.094 793
391.107 795
391.121 791
391.134 778
391.147 788
391.161 782
391.174 758
391.187 764
391.200 780
391.214 767
391.227 760
391.240 765
391.254 759
391.267 749
391.280 751
391.293 773
391.307 748
391.320 752
391.333 768
391.347 738
391.360 740
391.373 759
391.386 748
391.400 747
391.413 739
391.426 758
391.440 743
391.453 721
391.466 743
391.479 740
391.493 751
391.506 737
391.519 752
391.532 752
391.546 741
391.559 740
391.572 742
391.586 743
391.599 726
391.612 725
391.625 735
391.639 734
391.652 740
391.665 742
391.678 733
391.692 730
391.705 724
391.718 741
391.732 732
391.745 725
391.758 727
391.771 739
391.785 731
391.798 732
391.811 722
391.824 738
391.838 729
391.851 717
391.864 724
391.877 721
391.891 729
391.904 730
391.917 725
391.931 725
391.944 715
391.957 718
391.970 729
391.984 736
391.997 731
392.010 736
392.023 720
392.037 720
392.050 723
392.063 724
392.076 708
392.090 725
392.103 707
392.116 718
392.129 712
392.143 715
392.156 725
392.169 723
392.182 718
392.196 698
392.209 722
392.222 721
392.235 706
392.249 710
392.262 715
392.275 703
392.288 702
392.302 697
392.315 695
392.328 697
392.341 707
392.355 707
392.368 702
392.381 707
392.394 713
392.408 700
392.421 691
392.434 713
392.447 718
392.461 711
392.474 709
392.487 715
392.500 705
392.514 712
392.527 704
392.540 698
392.553 719
392.567 698
392.580 700
392.593 696
392.606 703
392.620 712
392.633 706
392.646 709
392.659 706
392.673 710
392.686 699
392.699 703
392.712 699
392.726 696
392.739 701
392.752 694
392.765 703
392.778 710
392.792 692
392.805 693
392.818 698
392.831 700
392.845 699
392.858 711
392.871 697
392.884 698
392.898 703
392.911 706
392.924 704
392.937 700
392.951 697
392.964 690
392.977 691
392.990 706
393.003 695
393.017 689
393.030 692
393.043 692
393.056 697
393.070 709
393.083 687
393.096 697
393.109 699
393.122 710
393.136 688
393.149 692
393.162 700
393.175 688
393.189 695
393.202 691
393.215 689
393.228 704
393.242 688
393.255 679
393.268 694
393.281 690
393.294 691
393.308 699
393.321 683
393.334 697
393.347 682
393.360 678
393.374 681
393.387 683
393.400 686
393.413 693
393.427 684
393.440 678
393.453 686
393.466 681
393.479 691
393.493 667
393.506 688
393.519 682
393.532 681
393.546 688
393.559 688
393.572 687
393.585 679
393.598 687
393.612 677
393.625 680
393.638 690
393.651 688
393.664 669
393.678 674
393.691 692
393.704 669
393.717 697
393.730 690
393.744 694
393.757 687
393.770 669
393.783 681
393.796 672
393.810 687
393.823 670
393.836 680
393.849 684
393.863 690
393.876 676
393.889 678
393.902 679
393.915 681
393.929 683
