375.891 821
375.905 858
375.919 860
375.933 841
375.946 839
375.960 849
375.974 856
375.987 855
376.001 847
376.015 853
376.029 857
376.042 851
376.056 869
376.070 880
376.084 867
376.097 864
376.111 884
376.125 881
376.139 883
376.152 885
376.166 897
376.180 914
376.193 901
376.207 898
376.221 924
376.235 900
376.248 900
376.262 924
376.276 935
376.290 932
376.303 945
376.317 929
376.331 940
376.345 937
376.358 947
376.372 956
376.386 952
376.399 968
376.413 976
376.427 979
376.441 983
376.454 997
376.468 969
376.482 970
376.495 969
376.509 1009
376.523 1017
376.537 1029
376.550 1003
376.564 1040
376.578 1037
376.592 1021
376.605 1034
376.619 1029
376.633 1031
376.646 1012
376.660 1031
376.674 1045
376.688 1040
376.701 1052
376.715 1037
376.729 1046
376.742 1088
376.756 1061
376.770 1078
376.784 1092
376.797 1082
376.811 1134
376.825 1092
376.838 1120
376.852 1135
376.866 1131
376.880 1143
376.893 1124
376.907 1141
376.921 1150
376.934 1132
376.948 1157
376.962 1171
376.976 1170
376.989 1173
377.003 1165
377.017 1203
377.030 1203
377.044 1205
377.058 1213
377.071 1212
377.085 1223
377.099 1213
377.113 1238
377.126 1218
377.140 1244
377.154 1248
377.167 1250
377.181 1252
377.195 1267
377.208 1271
377.222 1243
377.236 1259
377.250 1281
377.263 1296
377.277 1310
377.291 1303
377.304 1326
377.318 1318
377.332 1347
377.345 1330
377.359 1329
377.373 1354
377.387 1369
377.400 1360
377.414 1331
377.428 1364
377.441 1346
377.455 1361
377.469 1350
377.482 1428
377.496 1376
377.510 1417
377.524 1413
377.537 1422
377.551 1447
377.565 1431
377.578 1436
377.592 1419
377.606 1416
377.619 1394
377.633 1416
377.647 1457
377.660 1418
377.674 1441
377.688 1391
377.701 1414
377.715 1449
377.729 1477
377.743 1508
377.756 1479
377.770 1479
377.784 1478
377.797 1463
377.811 1525
377.825 1483
377.838 1483
377.852 1511
377.866 1501
377.879 1516
377.893 1533
377.907 1531
377.920 1522
377.934 1534
377.948 1501
377.961 1509
377.975 1544
377.989 1522
378.002 1528
378.016 1515
378.030 1521
378.044 1541
378.057 1545
378.071 1578
378.085 1570
378.098 1575
378.112 1561
378.126 1587
378.139 1601
378.153 1577
378.167 1560
378.180 1531
378.194 1550
378.208 1575
378.221 1605
378.235 1579
378.249 1601
378.262 1607
378.276 1627
378.290 1610
378.303 1578
378.317 1624
378.331 1618
378.344 1624
378.358 1587
378.372 1632
378.385 1642
378.399 1647
378.413 1645
378.426 1644
378.440 1680
378.454 1644
378.467 1622
378.481 1696
378.495 1673
378.508 1675
378.522 1642
378.536 1650
378.549 1635
378.563 1680
378.577 1659
378.590 1707
378.604 1685
378.618 1690
378.631 1707
378.645 1707
378.659 1691
378.672 1677
378.686 1727
378.700 1783
378.713 1798
378.727 1761
378.740 1793
378.754 1784
378.768 1825
378.781 1802
378.795 1797
378.809 1840
378.822 1810
378.836 1839
378.850 1793
378.863 1823
378.877 1793
378.891 1820
378.904 1819
378.918 1853
378.932 1782
378.945 1799
378.959 1838
378.973 1827
378.986 1835
379.000 1848
379.014 1841
379.027 1851
379.041 1902
379.054 1892
379.068 1878
379.082 1834
379.095 1870
379.109 1875
379.123 1868
379.136 1906
379.150 1906
379.164 1936
379.177 1898
379.191 1915
379.205 1936
379.218 1951
379.232 1963
379.245 1981
379.259 1986
379.273 2029
379.286 1972
379.300 2008
379.314 2042
379.327 2043
379.341 2053
379.355 2062
379.368 2082
379.382 2079
379.396 2100
379.409 2131
379.423 2145
379.436 2175
379.450 2154
379.464 2181
379.477 2193
379.491 2198
379.505 2220
379.518 2212
379.532 2238
379.546 2301
379.559 2280
379.573 2309
379.586 2331
379.600 2332
379.614 2378
379.627 2374
379.641 2423
379.655 2445
379.668 2400
379.682 2362
379.695 2420
379.709 2444
379.723 2500
379.736 2578
379.750 2640
379.764 2678
379.777 2701
379.791 2726
379.804 2786
379.818 2769
379.832 2666
379.845 2654
379.859 2687
379.873 2717
379.886 2700
379.900 2800
379.913 2841
379.927 2902
379.941 2958
379.954 2997
379.968 3065
379.982 3102
379.995 3075
380.009 3096
380.022 3124
380.036 3143
380.050 3145
380.063 3261
380.077 3351
380.090 3399
380.104 3448
380.118 3471
380.131 3529
380.145 3529
380.159 3562
380.172 3576
380.186 3722
380.199 3805
380.213 3877
380.227 3956
380.240 4015
380.254 3942
380.267 3924
380.281 4001
380.295 3981
380.308 4120
380.322 4116
380.336 4138
380.349 4314
380.363 4326
380.376 4419
380.390 4470
380.404 4502
380.417 4585
380.431 4612
380.444 4676
380.458 4690
380.472 4772
380.485 4808
380.499 4819
380.512 4933
380.526 5011
380.540 4955
380.553 5158
380.567 5227
380.580 5290
380.594 5440
380.608 5425
380.621 5571
380.635 5734
380.648 5725
380.662 5757
380.676 5825
380.689 5838
380.703 5992
380.716 6140
380.730 6216
380.744 6252
380.757 6297
380.771 6507
380.784 6409
380.798 6598
380.812 6658
380.825 6735
380.839 6867
380.852 6941
380.866 7210
380.880 7296
380.893 7183
380.907 7367
380.920 7346
380.934 7545
380.948 7554
380.961 7680
380.975 7708
380.988 7828
381.002 7742
381.015 7793
381.029 7949
381.043 8085
381.056 8139
381.070 8216
381.083 8238
381.097 8345
381.111 8331
381.124 8464
381.138 8756
381.151 8731
381.165 8861
381.179 8870
381.192 8789
381.206 8859
381.219 8924
381.233 8889
381.246 9096
381.260 9172
381.274 9209
381.287 9261
381.301 9418
381.314 9542
381.328 9567
381.341 9557
381.355 9700
381.369 9833
381.382 9917
381.396 9862
381.409 10044
381.423 10230
381.437 10412
381.450 10380
381.464 10475
381.477 10728
381.491 10877
381.504 10645
381.518 10567
381.532 10792
381.545 11062
381.559 11353
381.572 11471
381.586 11461
381.599 11487
381.613 11518
381.627 11768
381.640 11750
381.654 11850
381.667 11995
381.681 11907
381.694 12043
381.708 11770
381.722 11620
381.735 11761
381.749 11907
381.762 11822
381.776 12053
381.789 11966
381.803 11992
381.817 12108
381.830 12210
381.844 12332
381.857 12397
381.871 12616
381.884 12528
381.898 12673
381.911 12787
381.925 12840
381.939 12974
381.952 13056
381.966 12919
381.979 13090
381.993 13433
382.006 13470
382.020 13621
382.034 13781
382.047 13729
382.061 13687
382.074 13510
382.088 13683
382.101 13771
382.115 13791
382.128 13909
382.142 14356
382.156 14588
382.169 14749
382.183 14806
382.196 14610
382.210 14763
382.223 14864
382.237 14659
382.250 15040
382.264 14878
382.278 15096
382.291 15421
382.305 15435
382.318 15772
382.332 15804
382.345 15608
382.359 15264
382.372 15522
382.386 15576
382.399 15698
382.413 15681
382.427 15817
382.440 15953
382.454 16193
382.467 16310
382.481 16411
382.494 16869
382.508 17306
382.521 17421
382.535 17236
382.548 17259
382.562 17285
382.576 17281
382.589 17432
382.603 17558
382.616 17611
382.630 18144
382.643 18023
382.657 18111
382.670 18376
382.684 18413
382.697 18324
382.711 18348
382.724 18683
382.738 18735
382.752 18744
382.765 18872
382.779 19047
382.792 19052
382.806 19376
382.819 19508
382.833 19669
382.846 19811
382.860 19943
382.873 20120
382.887 20250
382.900 20443
382.914 20506
382.928 20824
382.941 20867
382.955 21042
382.968 21273
382.982 21576
382.995 21908
383.009 21797
383.022 21890
383.036 21989
383.049 22122
383.063 22521
383.076 22387
383.090 22517
383.103 22616
383.117 22617
383.130 22619
383.144 22737
383.158 23051
383.171 23396
383.185 23531
383.198 23630
383.212 24219
383.225 24298
383.239 24517
383.252 24800
383.266 25033
383.279 24977
383.293 25250
383.306 25389
383.320 25688
383.333 26223
383.347 26532
383.360 26476
383.374 26107
383.387 26328
383.401 26508
383.414 26472
383.428 26360
383.441 26390
383.455 26603
383.468 26787
383.482 26729
383.496 27293
383.509 27438
383.523 27399
383.536 27347
383.550 27310
383.563 27454
383.577 27830
383.590 28011
383.604 28121
383.617 27810
383.631 27733
383.644 27708
383.658 27468
383.671 27687
383.685 27841
383.698 27892
383.712 28379
383.725 28185
383.739 27994
383.752 27763
383.766 27496
383.779 27769
383.793 27941
383.806 27739
383.820 28426
383.833 28405
383.847 28233
383.860 28564
383.874 28186
383.887 27877
383.901 27856
383.914 28153
383.928 28074
383.941 27990
383.955 27751
383.968 27430
383.982 27558
383.995 27401
384.009 27513
384.022 27479
384.036 27366
384.049 27276
384.063 27318
384.076 27954
384.090 28073
384.103 28054
384.117 27896
384.130 27367
384.144 26840
384.157 26374
384.171 26014
384.184 25878
384.198 25673
384.211 25365
384.225 25272
384.238 25657
384.252 25307
384.265 25320
384.279 24933
384.292 24702
384.306 24421
384.319 23812
384.333 23284
384.346 22847
384.360 22263
384.373 22028
384.387 21804
384.400 21211
384.414 21055
384.427 20446
384.441 20068
384.454 19890
384.468 19454
384.481 18889
384.495 18643
384.508 18100
384.522 17671
384.535 17273
384.549 16921
384.562 16406
384.575 16113
384.589 15810
384.602 15508
384.616 15447
384.629 15141
384.643 14581
384.656 14199
384.670 13463
384.683 13190
384.697 12816
384.710 12356
384.724 12057
384.737 11554
384.751 11130
384.764 10898
384.778 10712
384.791 10475
384.805 10222
384.818 9913
384.832 9506
384.845 9260
384.859 8848
384.872 8725
384.885 8340
384.899 8105
384.912 7876
384.926 7776
384.939 7510
384.953 7290
384.966 7098
384.980 6967
384.993 6755
385.007 6616
385.020 6432
385.034 6375
385.047 6111
385.061 5906
385.074 5927
385.088 5733
385.101 5581
385.114 5520
385.128 5415
385.141 5315
385.155 5196
385.168 5218
385.182 5219
385.195 5047
385.209 4997
385.222 4898
385.236 4854
385.249 4745
385.263 4704
385.276 4590
385.290 4420
385.303 4250
385.316 4307
385.330 4246
385.343 4197
385.357 4150
385.370 4098
385.384 4046
385.397 3959
385.411 3846
385.424 3912
385.438 3812
385.451 3840
385.464 3754
385.478 3788
385.491 3733
385.505 3688
385.518 3654
385.532 3621
385.545 3551
385.559 3420
385.572 3513
385.586 3439
385.599 3434
385.612 3409
385.626 3418
385.639 3381
385.653 3357
385.666 3411
385.680 3360
385.693 3349
385.707 3239
385.720 3177
385.734 3255
385.747 3232
385.760 3073
385.774 3016
385.787 3077
385.801 3102
385.814 3015
385.828 2924
385.841 2988
385.855 2871
385.868 2899
385.881 2824
385.895 2883
385.908 2834
385.922 2758
385.935 2829
385.949 2742
385.962 2714
385.976 2703
385.989 2681
386.002 2707
386.016 2738
386.029 2733
386.043 2672
386.056 2603
386.070 2662
386.083 2652
386.097 2595
386.110 2594
386.123 2525
386.137 2632
386.150 2608
386.164 2556
386.177 2581
386.191 2582
386.204 2494
386.217 2445
386.231 2485
386.244 2434
386.258 2471
386.271 2460
386.285 2459
386.298 2421
386.311 2460
386.325 2408
386.338 2336
386.352 2354
386.365 2296
386.379 2302
386.392 2338
386.405 2296
386.419 2230
386.432 2268
386.446 2240
386.459 2292
386.473 2268
386.486 2259
386.499 2196
386.513 2224
386.526 2222
386.540 2187
386.553 2135
386.567 2177
386.580 2202
386.593 2198
386.607 2173
386.620 2189
386.634 2192
386.647 2158
386.661 2124
386.674 2099
386.687 2095
386.701 2032
386.714 2056
386.728 2073
386.741 2009
386.754 2035
386.768 2003
386.781 2055
386.795 2034
386.808 1934
386.822 1930
386.835 1980
386.848 1965
386.862 1933
386.875 1910
386.889 1907
386.902 1880
386.915 1915
386.929 1929
386.942 1878
386.956 1880
386.969 1837
386.983 1895
386.996 1844
387.009 1783
387.023 1820
387.036 1856
387.050 1820
387.063 1812
387.076 1783
387.090 1820
387.103 1828
387.117 1758
387.130 1793
387.143 1754
387.157 1831
387.170 1792
387.184 1763
387.197 1732
387.210 1759
387.224 1755
387.237 1694
387.251 1702
387.264 1657
387.278 1682
387.291 1660
387.304 1657
387.318 1643
387.331 1650
387.345 1647
387.358 1642
387.371 1621
387.385 1641
387.398 1602
387.412 1582
387.425 1598
387.438 1574
387.452 1560
387.465 1516
387.478 1528
387.492 1514
387.505 1539
387.519 1504
387.532 1529
387.545 1572
387.559 1557
387.572 1549
387.586 1468
387.599 1495
387.612 1514
387.626 1502
387.639 1509
387.653 1470
387.666 1418
387.679 1400
387.693 1413
387.706 1371
387.720 1372
387.733 1417
387.746 1405
387.760 1419
387.773 1375
387.787 1405
387.800 1382
387.813 1406
387.827 1388
387.840 1354
387.853 1355
387.867 1333
387.880 1373
387.894 1393
387.907 1366
387.920 1348
387.934 1276
387.947 1296
387.961 1296
387.974 1291
387.987 1309
388.001 1302
388.014 1284
388.027 1266
388.041 1235
388.054 1272
388.068 1268
388.081 1280
388.094 1243
388.108 1294
388.121 1308
388.134 1238
388.148 1228
388.161 1243
388.175 1255
388.188 1210
388.201 1237
388.215 1207
388.228 1212
388.241 1217
388.255 1184
388.268 1226
388.282 1173
388.295 1193
388.308 1200
388.322 1191
388.335 1164
388.348 1192
388.362 1202
388.375 1161
388.389 1208
388.402 1206
388.415 1204
388.429 1190
388.442 1192
388.455 1195
388.469 1168
388.482 1187
388.495 1195
388.509 1201
388.522 1191
388.536 1183
388.549 1140
388.562 1128
388.576 1160
388.589 1198
388.602 1177
388.616 1150
388.629 1127
388.642 1164
388.656 1139
388.669 1153
388.683 1149
388.696 1150
388.709 1170
388.723 1177
388.736 1173
388.749 1165
388.763 1148
388.776 1112
388.789 1167
388.803 1131
388.816 1118
388.829 1128
388.843 1115
388.856 1148
388.870 1129
388.883 1130
388.896 1130
388.910 1106
388.923 1122
388.936 1134
388.950 1123
388.963 1126
388.976 1136
388.990 1120
389.003 1122
389.016 1131
389.030 1131
389.043 1135
389.056 1108
389.070 1104
389.083 1103
389.097 1101
389.110 1089
389.123 1097
389.137 1103
389.150 1100
389.163 1068
389.177 1081
389.190 1090
389.203 1078
389.217 1108
389.230 1070
389.243 1078
389.257 1086
389.270 1097
389.283 1042
389.297 1060
389.310 1057
389.323 1083
389.337 1037
389.350 1076
389.363 1038
389.377 1063
389.390 1079
389.403 1069
389.417 1060
389.430 1077
389.443 1054
389.457 1065
389.470 1066
389.483 1085
389.497 1060
389.510 1061
389.523 1054
389.537 1070
389.550 1081
389.563 1052
389.577 1037
389.590 1043
389.603 1023
389.617 1029
389.630 1048
389.643 1010
389.657 1053
389.670 1044
389.683 1037
389.697 1047
389.710 1018
389.723 1004
389.737 1025
389.750 1036
389.763 1012
389.777 1024
389.790 1004
389.803 1004
389.817 1000
389.830 992
389.843 1009
389.857 998
389.870 981
389.883 973
389.897 974
389.910 990
389.923 962
389.937 981
389.950 996
389.963 966
389.977 998
389.990 1003
390.003 982
390.017 952
390.030 986
390.043 950
390.057 951
390.070 947
390.083 952
390.096 938
390.110 955
390.123 970
390.136 938
390.150 957
390.163 920
390.176 927
390.190 929
390.203 926
390.216 918
390.230 910
390.243 914
390.256 902
390.270 894
390.283 928
390.296 908
390.310 905
390.323 914
390.336 901
390.349 905
390.363 893
390.376 897
390.389 886
390.403 879
390.416 893
390.429 893
390.443 897
390.456 876
390.469 870
390.483 870
390.496 855
390.509 876
390.522 832
390.536 846
390.549 861
390.562 849
390.576 851
390.589 860
390.602 843
390.616 823
390.629 837
390.642 828
390.655 825
390.669 825
390.682 836
390.695 804
390.709 828
390.722 807
390.735 818
390.749 832
390.762 815
390.775 818
390.788 816
390.802 829
390.815 812
390.828 795
390.842 784
390.855 787
390.868 796
390.882 784
390.895 801
390.908 789
390.921 797
390.935 790
390.948 797
390.961 784
390.975 788
390.988 794
391.001 766
391.014 772
391.028 766
391.041 784
391.054 773
391.068 784
391.081 789
391.094 763
391.107 763
391.121 763
391.134 758
391.147 769
391.161 771
391.174 762
391.187 751
391.200 754
391.214 752
391.227 745
391.240 752
391.254 753
391.267 738
391.280 752
391.293 727
391.307 740
391.320 739
391.333 742
391.347 747
391.360 734
391.373 743
391.386 737
391.400 727
391.413 730
391.426 739
391.440 731
391.453 733
391.466 724
391.479 727
391.493 727
391.506 738
391.519 726
391.532 720
391.546 731
391.559 736
391.572 734
391.586 718
391.599 710
391.612 724
391.625 716
391.639 719
391.652 732
391.665 729
391.678 732
391.692 725
391.705 720
391.718 708
391.732 729
391.745 725
391.758 716
391.771 724
391.785 717
391.798 713
391.811 723
391.824 713
391.838 724
391.851 712
391.864 718
391.877 713
391.891 712
391.904 710
391.917 711
391.931 711
391.944 709
391.957 720
391.970 710
391.984 705
391.997 717
392.010 706
392.023 706
392.037 715
392.050 711
392.063 716
392.076 711
392.090 709
392.103 718
392.116 710
392.129 712
392.143 713
392.156 707
392.169 706
392.182 714
392.196 705
392.209 700
392.222 708
392.235 706
392.249 699
392.262 703
392.275 695
392.288 702
392.302 699
392.315 708
392.328 702
392.341 706
392.355 697
392.368 701
392.381 718
392.394 696
392.408 703
392.421 721
392.434 709
392.447 713
392.461 686
392.474 708
392.487 694
392.500 697
392.514 695
392.527 701
392.540 706
392.553 683
392.567 697
392.580 690
392.593 700
392.606 693
392.620 701
392.633 691
392.646 689
392.659 698
392.673 711
392.686 688
392.699 701
392.712 701
392.726 693
392.739 700
392.752 700
392.765 699
392.778 695
392.792 690
392.805 687
392.818 701
392.831 694
392.845 687
392.858 684
392.871 690
392.884 696
392.898 700
392.911 694
392.924 698
392.937 691
392.951 691
392.964 697
392.977 691
392.990 683
393.003 704
393.017 687
393.030 694
393.043 700
393.056 694
393.070 685
393.083 681
393.096 680
393.109 687
393.122 696
393.136 685
393.149 690
393.162 686
393.175 689
393.189 695
393.202 689
393.215 689
393.228 679
393.242 689
393.255 676
393.268 687
393.281 687
393.294 678
393.308 673
393.321 678
393.334 676
393.347 685
393.360 681
393.374 677
393.387 672
393.400 678
393.413 687
393.427 676
393.440 681
393.453 674
393.466 676
393.479 684
393.493 676
393.506 683
393.519 688
393.532 687
393.546 687
393.559 663
393.572 677
393.585 682
393.598 678
393.612 687
393.625 679
393.638 675
393.651 689
393.664 676
393.678 680
393.691 684
393.704 680
393.717 679
393.730 695
393.744 685
393.757 674
393.770 677
393.783 676
393.796 677
393.810 674
393.823 684
393.836 662
393.849 671
393.863 660
393.876 667
393.889 672
393.902 672
393.915 672
393.929 661
