375.891 828
375.905 850
375.919 860
375.933 832
375.946 848
375.960 845
375.974 863
375.987 866
376.001 854
376.015 866
376.029 870
376.042 870
376.056 881
376.070 858
376.084 889
376.097 890
376.111 890
376.125 902
376.139 894
376.152 904
376.166 907
376.180 909
376.193 918
376.207 907
376.221 908
376.235 923
376.248 920
376.262 933
376.276 936
376.290 922
376.303 925
376.317 922
376.331 913
376.345 951
376.358 940
376.372 947
376.386 977
376.399 971
376.413 947
376.427 985
376.441 982
376.454 984
376.468 982
376.482 980
376.495 987
376.509 994
376.523 1013
376.537 1012
376.550 1023
376.564 1025
376.578 1026
376.592 1028
376.605 1036
376.619 1038
376.633 1023
376.646 1021
376.660 1036
376.674 1012
376.688 1040
376.701 1045
376.715 1054
376.729 1083
376.742 1086
376.756 1082
376.770 1082
376.784 1066
376.797 1098
376.811 1116
376.825 1109
376.838 1136
376.852 1145
376.866 1130
376.880 1145
376.893 1125
376.907 1134
376.921 1153
376.934 1143
376.948 1159
376.962 1183
376.976 1179
376.989 1172
377.003 1175
377.017 1214
377.030 1208
377.044 1223
377.058 1207
377.071 1252
377.085 1216
377.099 1229
377.113 1196
377.126 1200
377.140 1234
377.154 1264
377.167 1268
377.181 1250
377.195 1259
377.208 1253
377.222 1276
377.236 1307
377.250 1266
377.263 1303
377.277 1313
377.291 1337
377.304 1324
377.318 1309
377.332 1349
377.345 1355
377.359 1340
377.373 1351
377.387 1316
377.400 1347
377.414 1351
377.428 1385
377.441 1342
377.455 1372
377.469 1355
377.482 1383
377.496 1389
377.510 1437
377.524 1414
377.537 1427
377.551 1422
377.565 1455
377.578 1481
377.592 1447
377.606 1424
377.619 1411
377.633 1424
377.647 1437
377.660 1432
377.674 1448
377.688 1439
377.701 1456
377.715 1459
377.729 1451
377.743 1484
377.756 1508
377.770 1495
377.784 1474
377.797 1484
377.811 1482
377.825 1517
377.838 1512
377.852 1508
377.866 1497
377.879 1521
377.893 1534
377.907 1555
377.920 1555
377.934 1534
377.948 1554
377.961 1521
377.975 1514
377.989 1567
378.002 1575
378.016 1542
378.030 1543
378.044 1558
378.057 1569
378.071 1593
378.085 1598
378.098 1577
378.112 1569
378.126 1538
378.139 1569
378.153 1553
378.167 1571
378.180 1587
378.194 1625
378.208 1600
378.221 1594
378.235 1626
378.249 1598
378.262 1608
378.276 1602
378.290 1634
378.303 1604
378.317 1599
378.331 1638
378.344 1629
378.358 1636
378.372 1642
378.385 1651
378.399 1668
378.413 1660
378.426 1654
378.440 1678
378.454 1707
378.467 1690
378.481 1681
378.495 1661
378.508 1691
378.522 1648
378.536 1676
378.549 1667
378.563 1708
378.577 1734
378.590 1739
378.604 1718
378.618 1721
378.631 1760
378.645 1704
378.659 1756
378.672 1756
378.686 1747
378.700 1782
378.713 1799
378.727 1827
378.740 1768
378.754 1803
378.768 1788
378.781 1825
378.795 1809
378.809 1796
378.822 1820
378.836 1823
378.850 1814
378.863 1796
378.877 1877
378.891 1808
378.904 1849
378.918 1873
378.932 1882
378.945 1852
378.959 1781
378.973 1852
378.986 1858
379.000 1843
379.014 1861
379.027 1880
379.041 1860
379.054 1880
379.068 1897
379.082 1886
379.095 1871
379.109 1879
379.123 1903
379.136 1902
379.150 1903
379.164 1941
379.177 1939
379.191 1936
379.205 1953
379.218 1971
379.232 1945
379.245 2003
379.259 1973
379.273 2015
379.286 2013
379.300 2019
379.314 2075
379.327 1998
379.341 2026
379.355 2104
379.368 2085
379.382 2089
379.396 2121
379.409 2148
379.423 2140
379.436 2158
379.450 2161
379.464 2174
379.477 2165
379.491 2198
379.505 2226
379.518 2218
379.532 2252
379.546 2267
379.559 2320
379.573 2322
379.586 2306
379.600 2307
379.614 2366
379.627 2401
379.641 2451
379.655 2436
379.668 2439
379.682 2402
379.695 2482
379.709 2446
379.723 2516
379.736 2553
379.750 2677
379.764 2678
379.777 2650
379.791 2771
379.804 2763
379.818 2790
379.832 2722
379.845 2704
379.859 2725
379.873 2714
379.886 2801
379.900 2814
379.913 2902
379.927 2878
379.941 2948
379.954 3015
379.968 2959
379.982 3087
379.995 3109
380.009 3096
380.022 3133
380.036 3134
380.050 3217
380.063 3256
380.077 3399
380.090 3398
380.104 3456
380.118 3552
380.131 3582
380.145 3614
380.159 3619
380.172 3693
380.186 3680
380.199 3759
380.213 3826
380.227 3926
380.240 3972
380.254 3941
380.267 3928
380.281 4001
380.295 4075
380.308 4051
380.322 4102
380.336 4243
380.349 4306
380.363 4375
380.376 4356
380.390 4472
380.404 4622
380.417 4597
380.431 4633
380.444 4726
380.458 4761
380.472 4799
380.485 4841
380.499 4911
380.512 4983
380.526 5008
380.540 5084
380.553 5204
380.567 5336
380.580 5228
380.594 5364
380.608 5525
380.621 5687
380.635 5747
380.648 5730
380.662 5837
380.676 5905
380.689 5892
380.703 6050
380.716 6048
380.730 6191
380.744 6159
380.757 6444
380.771 6491
380.784 6580
380.798 6731
380.812 6682
380.825 6783
380.839 6856
380.852 7100
380.866 7329
380.880 7363
380.893 7256
380.907 7318
380.920 7413
380.934 7479
380.948 7602
380.961 7746
380.975 7737
380.988 7950
381.002 7766
381.015 7945
381.029 8075
381.043 8204
381.056 8254
381.070 8269
381.083 8312
381.097 8399
381.111 8539
381.124 8663
381.138 8811
381.151 8902
381.165 8944
381.179 9140
381.192 9101
381.206 8979
381.219 9054
381.233 9084
381.246 9308
381.260 9347
381.274 9431
381.287 9442
381.301 9454
381.314 9651
381.328 9711
381.341 9745
381.355 9777
381.369 9860
381.382 10088
381.396 10127
381.409 10260
381.423 10464
381.437 10452
381.450 10634
381.464 10713
381.477 10837
381.491 11000
381.504 10992
381.518 10896
381.532 11073
381.545 11230
381.559 11584
381.572 11748
381.586 11688
381.599 11735
381.613 11772
381.627 11864
381.640 11978
381.654 12116
381.667 12217
381.681 12083
381.694 12145
381.708 11888
381.722 11855
381.735 11995
381.749 12170
381.762 12188
381.776 12217
381.789 12288
381.803 12460
381.817 12418
381.830 12547
381.844 12563
381.857 12672
381.871 12872
381.884 12880
381.898 13044
381.911 12988
381.925 13045
381.939 13404
381.952 13373
381.966 13252
381.979 13342
381.993 13515
382.006 13809
382.020 13927
382.034 14015
382.047 13962
382.061 13906
382.074 13959
382.088 13922
382.101 14101
382.115 14131
382.128 14158
382.142 14677
382.156 14991
382.169 14981
382.183 15044
382.196 14982
382.210 15079
382.223 15025
382.237 15236
382.250 15264
382.264 15368
382.278 15561
382.291 15632
382.305 15775
382.318 15999
382.332 16243
382.345 15848
382.359 15903
382.372 15837
382.386 15942
382.399 16094
382.413 16173
382.427 16316
382.440 16467
382.454 16558
382.467 16494
382.481 16936
382.494 17379
382.508 17697
382.521 17797
382.535 17646
382.548 17701
382.562 17697
382.576 17792
382.589 17876
382.603 18130
382.616 18334
382.630 18441
382.643 18709
382.657 18818
382.670 19134
382.684 18952
382.697 18896
382.711 18917
382.724 19154
382.738 19168
382.752 19127
382.765 19415
382.779 19600
382.792 19709
382.806 19891
382.819 20071
382.833 20096
382.846 20304
382.860 20464
382.873 20618
382.887 20861
382.900 21097
382.914 21193
382.928 21468
382.941 21577
382.955 21877
382.968 21976
382.982 22371
382.995 22414
383.009 22499
383.022 22289
383.036 22778
383.049 22935
383.063 23002
383.076 23044
383.090 23207
383.103 23334
383.117 23387
383.130 23676
383.144 23758
383.158 23938
383.171 24126
383.185 24447
383.198 24675
383.212 24712
383.225 25164
383.239 25522
383.252 26037
383.266 25920
383.279 26130
383.293 26093
383.306 26350
383.320 26909
383.333 27444
383.347 27434
383.360 27106
383.374 27077
383.387 27473
383.401 27788
383.414 27445
383.428 27443
383.441 27702
383.455 27812
383.468 27418
383.482 27598
383.496 28179
383.509 28604
383.523 28438
383.536 28135
383.550 28197
383.563 28542
383.577 28563
383.590 29074
383.604 29166
383.617 28826
383.631 28724
383.644 28474
383.658 28632
383.671 28626
383.685 28762
383.698 29037
383.712 29348
383.725 29370
383.739 28956
383.752 28686
383.766 29009
383.779 28763
383.793 28867
383.806 29056
383.820 29454
383.833 29408
383.847 29342
383.860 29666
383.874 29384
383.887 29008
383.901 29114
383.914 29094
383.928 29587
383.941 29079
383.955 28785
383.968 28706
383.982 28623
383.995 28353
384.009 28517
384.022 28667
384.036 28396
384.049 28105
384.063 28245
384.076 28946
384.090 29088
384.103 29472
384.117 29354
384.130 28492
384.144 28049
384.157 27584
384.171 27227
384.184 26932
384.198 26675
384.211 26563
384.225 26460
384.238 26681
384.252 26671
384.265 26546
384.279 26207
384.292 25860
384.306 25535
384.319 24999
384.333 24210
384.346 23933
384.360 23436
384.373 23215
384.387 22592
384.400 22606
384.414 22015
384.427 21825
384.441 21289
384.454 20937
384.468 20160
384.481 19984
384.495 19509
384.508 19009
384.522 18596
384.535 18076
384.549 17567
384.562 17269
384.575 16816
384.589 16639
384.602 16645
384.616 16133
384.629 15696
384.643 15310
384.656 14923
384.670 14439
384.683 13776
384.697 13429
384.710 12976
384.724 12631
384.737 12284
384.751 11886
384.764 11616
384.778 11243
384.791 11151
384.805 10556
384.818 10373
384.832 9986
384.845 9699
384.859 9411
384.872 9119
384.885 8869
384.899 8630
384.912 8340
384.926 8139
384.939 7925
384.953 7812
384.966 7541
384.980 7462
384.993 7228
385.007 7021
385.020 6818
385.034 6719
385.047 6414
385.061 6300
385.074 6191
385.088 6089
385.101 5930
385.114 5744
385.128 5760
385.141 5678
385.155 5496
385.168 5528
385.182 5443
385.195 5347
385.209 5298
385.222 5106
385.236 5130
385.249 4909
385.263 4844
385.276 4777
385.290 4632
385.303 4594
385.316 4531
385.330 4540
385.343 4439
385.357 4410
385.370 4352
385.384 4141
385.397 4179
385.411 4091
385.424 4042
385.438 4068
385.451 4037
385.464 3987
385.478 3930
385.491 3885
385.505 3833
385.518 3874
385.532 3772
385.545 3700
385.559 3668
385.572 3599
385.586 3612
385.599 3642
385.612 3626
385.626 3536
385.639 3524
385.653 3520
385.666 3562
385.680 3519
385.693 3413
385.707 3378
385.720 3333
385.734 3371
385.747 3279
385.760 3229
385.774 3199
385.787 3250
385.801 3090
385.814 3053
385.828 3025
385.841 3024
385.855 2983
385.868 2987
385.881 2996
385.895 3013
385.908 2960
385.922 2915
385.935 2897
385.949 2838
385.962 2849
385.976 2840
385.989 2814
386.002 2858
386.016 2788
386.029 2821
386.043 2787
386.056 2752
386.070 2698
386.083 2748
386.097 2709
386.110 2719
386.123 2670
386.137 2699
386.150 2675
386.164 2619
386.177 2606
386.191 2580
386.204 2588
386.217 2588
386.231 2591
386.244 2555
386.258 2539
386.271 2553
386.285 2573
386.298 2523
386.311 2500
386.325 2493
386.338 2437
386.352 2439
386.365 2422
386.379 2387
386.392 2392
386.405 2391
386.419 2353
386.432 2316
386.446 2340
386.459 2362
386.473 2315
386.486 2291
386.499 2245
386.513 2320
386.526 2291
386.540 2232
386.553 2263
386.567 2252
386.580 2225
386.593 2279
386.607 2255
386.620 2266
386.634 2227
386.647 2257
386.661 2207
386.674 2164
386.687 2152
386.701 2180
386.714 2141
386.728 2142
386.741 2096
386.754 2140
386.768 2116
386.781 2071
386.795 2045
386.808 2057
386.822 2037
386.835 2014
386.848 2034
386.862 2021
386.875 2005
386.889 1985
386.902 1992
386.915 1977
386.929 1923
386.942 1969
386.956 1953
386.969 1897
386.983 1942
386.996 1933
387.009 1893
387.023 1872
387.036 1875
387.050 1884
387.063 1881
387.076 1858
387.090 1868
387.103 1840
387.117 1845
387.130 1834
387.143 1849
387.157 1828
387.170 1852
387.184 1799
387.197 1813
387.210 1793
387.224 1801
387.237 1786
387.251 1771
387.264 1759
387.278 1716
387.291 1740
387.304 1750
387.318 1754
387.331 1735
387.345 1725
387.358 1685
387.371 1696
387.385 1644
387.398 1642
387.412 1644
387.425 1635
387.438 1586
387.452 1578
387.465 1599
387.478 1544
387.492 1543
387.505 1580
387.519 1584
387.532 1582
387.545 1622
387.559 1608
387.572 1570
387.586 1555
387.599 1514
387.612 1554
387.626 1529
387.639 1533
387.653 1486
387.666 1472
387.679 1443
387.693 1433
387.706 1457
387.720 1393
387.733 1460
387.746 1433
387.760 1484
387.773 1460
387.787 1413
387.800 1411
387.813 1449
387.827 1421
387.840 1359
387.853 1370
387.867 1403
387.880 1407
387.894 1401
387.907 1404
387.920 1373
387.934 1370
387.947 1364
387.961 1356
387.974 1354
387.987 1360
388.001 1309
388.014 1320
388.027 1316
388.041 1306
388.054 1291
388.068 1332
388.081 1283
388.094 1322
388.108 1288
388.121 1289
388.134 1298
388.148 1268
388.161 1249
388.175 1250
388.188 1255
388.201 1241
388.215 1245
388.228 1213
388.241 1244
388.255 1232
388.268 1232
388.282 1237
388.295 1227
388.308 1216
388.322 1182
388.335 1191
388.348 1223
388.362 1206
388.375 1225
388.389 1219
388.402 1218
388.415 1236
388.429 1218
388.442 1214
388.455 1234
388.469 1208
388.482 1214
388.495 1230
388.509 1238
388.522 1185
388.536 1216
388.549 1195
388.562 1205
388.576 1166
388.589 1174
388.602 1198
388.616 1195
388.629 1189
388.642 1172
388.656 1169
388.669 1194
388.683 1177
388.696 1171
388.709 1192
388.723 1190
388.736 1159
388.749 1164
388.763 1152
388.776 1172
388.789 1152
388.803 1170
388.816 1167
388.829 1136
388.843 1157
388.856 1158
388.870 1135
388.883 1142
388.896 1156
388.910 1127
388.923 1142
388.936 1130
388.950 1144
388.963 1145
388.976 1136
388.990 1144
389.003 1095
389.016 1141
389.030 1164
389.043 1134
389.056 1151
389.070 1156
389.083 1141
389.097 1114
389.110 1151
389.123 1130
389.137 1102
389.150 1125
389.163 1131
389.177 1104
389.190 1111
389.203 1117
389.217 1086
389.230 1087
389.243 1128
389.257 1100
389.270 1103
389.283 1108
389.297 1102
389.310 1093
389.323 1107
389.337 1083
389.350 1086
389.363 1090
389.377 1084
389.390 1075
389.403 1094
389.417 1086
389.430 1091
389.443 1094
389.457 1073
389.470 1080
389.483 1052
389.497 1083
389.510 1052
389.523 1054
389.537 1066
389.550 1067
389.563 1068
389.577 1059
389.590 1053
389.603 1052
389.617 1056
389.630 1061
389.643 1052
389.657 1020
389.670 1059
389.683 1045
389.697 1037
389.710 1042
389.723 1032
389.737 1073
389.750 1042
389.763 1020
389.777 1045
389.790 1051
389.803 1043
389.817 1028
389.830 1026
389.843 1044
389.857 1012
389.870 1017
389.883 1020
389.897 989
389.910 998
389.923 997
389.937 988
389.950 1005
389.963 994
389.977 980
389.990 996
390.003 991
390.017 962
390.030 980
390.043 979
390.057 969
390.070 965
390.083 952
390.096 957
390.110 928
390.123 964
390.136 956
390.150 954
390.163 944
390.176 927
390.190 933
390.203 929
390.216 925
390.230 943
390.243 932
390.256 900
390.270 929
390.283 921
390.296 916
390.310 919
390.323 908
390.336 902
390.349 924
390.363 901
390.376 912
390.389 908
390.403 908
390.416 920
390.429 885
390.443 900
390.456 884
390.469 885
390.483 882
390.496 881
390.509 868
390.522 886
390.536 863
390.549 875
390.562 853
390.576 862
390.589 867
390.602 843
390.616 844
390.629 835
390.642 860
390.655 850
390.669 847
390.682 828
390.695 833
390.709 842
390.722 839
390.735 831
390.749 837
390.762 841
390.775 810
390.788 828
390.802 820
390.815 809
390.828 814
390.842 819
390.855 788
390.868 806
390.882 802
390.895 794
390.908 805
390.921 796
390.935 798
390.948 798
390.961 773
390.975 790
390.988 782
391.001 772
391.014 784
391.028 780
391.041 772
391.054 779
391.068 766
391.081 773
391.094 763
391.107 783
391.121 770
391.134 761
391.147 764
391.161 764
391.174 770
391.187 774
391.200 753
391.214 751
391.227 759
391.240 748
391.254 757
391.267 757
391.280 742
391.293 749
391.307 756
391.320 751
391.333 746
391.347 740
391.360 736
391.373 736
391.386 749
391.400 742
391.413 747
391.426 744
391.440 731
391.453 739
391.466 741
391.479 746
391.493 743
391.506 734
391.519 731
391.532 737
391.546 733
391.559 738
391.572 733
391.586 731
391.599 729
391.612 720
391.625 719
391.639 732
391.652 721
391.665 733
391.678 727
391.692 728
391.705 731
391.718 733
391.732 726
391.745 727
391.758 724
391.771 723
391.785 722
391.798 722
391.811 728
391.824 722
391.838 720
391.851 722
391.864 725
391.877 714
391.891 714
391.904 712
391.917 734
391.931 714
391.944 720
391.957 716
391.970 716
391.984 708
391.997 722
392.010 709
392.023 724
392.037 705
392.050 723
392.063 701
392.076 719
392.090 724
392.103 710
392.116 717
392.129 714
392.143 698
392.156 710
392.169 716
392.182 702
392.196 705
392.209 709
392.222 713
392.235 717
392.249 700
392.262 710
392.275 702
392.288 696
392.302 709
392.315 703
392.328 704
392.341 719
392.355 709
392.368 694
392.381 710
392.394 691
392.408 713
392.421 713
392.434 712
392.447 711
392.461 704
392.474 706
392.487 706
392.500 712
392.514 698
392.527 706
392.540 698
392.553 693
392.567 684
392.580 694
392.593 715
392.606 708
392.620 697
392.633 705
392.646 693
392.659 704
392.673 694
392.686 694
392.699 700
392.712 693
392.726 704
392.739 699
392.752 695
392.765 695
392.778 695
392.792 691
392.805 701
392.818 696
392.831 704
392.845 695
392.858 691
392.871 697
392.884 690
392.898 709
392.911 695
392.924 682
392.937 695
392.951 687
392.964 684
392.977 706
392.990 688
393.003 693
393.017 706
393.030 696
393.043 696
393.056 695
393.070 691
393.083 696
393.096 697
393.109 706
393.122 695
393.136 673
393.149 685
393.162 690
393.175 686
393.189 695
393.202 705
393.215 685
393.228 681
393.242 688
393.255 691
393.268 690
393.281 681
393.294 684
393.308 669
393.321 701
393.334 690
393.347 695
393.360 682
393.374 674
393.387 667
393.400 676
393.413 686
393.427 690
393.440 678
393.453 686
393.466 677
393.479 681
393.493 678
393.506 679
393.519 674
393.532 690
393.546 688
393.559 676
393.572 697
393.585 682
393.598 685
393.612 686
393.625 679
393.638 662
393.651 676
393.664 662
393.678 680
393.691 667
393.704 684
393.717 682
393.730 671
393.744 682
393.757 683
393.770 676
393.783 676
393.796 683
393.810 673
393.823 680
393.836 690
393.849 685
393.863 684
393.876 678
393.889 687
393.902 674
393.915 687
393.929 686
