375.891 803
375.905 804
375.919 824
375.933 798
375.946 814
375.960 821
375.974 825
375.987 826
376.001 833
376.015 839
376.029 837
376.042 830
376.056 851
376.070 824
376.084 838
376.097 852
376.111 852
376.125 846
376.139 854
376.152 842
376.166 866
376.180 861
376.193 876
376.207 870
376.221 858
376.235 870
376.248 889
376.262 868
376.276 900
376.290 908
376.303 892
376.317 900
376.331 885
376.345 910
376.358 900
376.372 915
376.386 895
376.399 918
376.413 902
376.427 935
376.441 929
376.454 939
376.468 937
376.482 926
376.495 932
376.509 939
376.523 953
376.537 965
376.550 966
376.564 968
376.578 990
376.592 983
376.605 985
376.619 994
376.633 989
376.646 959
376.660 965
376.674 993
376.688 982
376.701 988
376.715 996
376.729 991
376.742 1030
376.756 1019
376.770 1019
376.784 1023
376.797 1020
376.811 1044
376.825 1062
376.838 1062
376.852 1081
376.866 1042
376.880 1056
376.893 1031
376.907 1063
376.921 1062
376.934 1107
376.948 1044
376.962 1100
376.976 1093
376.989 1101
377.003 1117
377.017 1108
377.030 1122
377.044 1124
377.058 1153
377.071 1161
377.085 1154
377.099 1135
377.113 1132
377.126 1149
377.140 1152
377.154 1148
377.167 1191
377.181 1176
377.195 1168
377.208 1175
377.222 1181
377.236 1206
377.250 1182
377.263 1181
377.277 1233
377.291 1226
377.304 1239
377.318 1269
377.332 1244
377.345 1257
377.359 1266
377.373 1227
377.387 1251
377.400 1248
377.414 1266
377.428 1238
377.441 1284
377.455 1275
377.469 1277
377.482 1286
377.496 1285
377.510 1286
377.524 1322
377.537 1299
377.551 1343
377.565 1328
377.578 1317
377.592 1314
377.606 1322
377.619 1333
377.633 1336
377.647 1331
377.660 1284
377.674 1340
377.688 1353
377.701 1375
377.715 1335
377.729 1395
377.743 1374
377.756 1372
377.770 1344
377.784 1378
377.797 1382
377.811 1375
377.825 1346
377.838 1336
377.852 1357
377.866 1387
377.879 1419
377.893 1444
377.907 1405
377.920 1454
377.934 1433
377.948 1398
377.961 1400
377.975 1453
377.989 1437
378.002 1441
378.016 1419
378.030 1421
378.044 1416
378.057 1473
378.071 1424
378.085 1448
378.098 1462
378.112 1439
378.126 1468
378.139 1445
378.153 1484
378.167 1458
378.180 1444
378.194 1479
378.208 1433
378.221 1456
378.235 1485
378.249 1510
378.262 1477
378.276 1458
378.290 1517
378.303 1495
378.317 1470
378.331 1501
378.344 1495
378.358 1504
378.372 1486
378.385 1537
378.399 1540
378.413 1531
378.426 1537
378.440 1545
378.454 1560
378.467 1558
378.481 1564
378.495 1557
378.508 1552
378.522 1524
378.536 1600
378.549 1541
378.563 1567
378.577 1560
378.590 1578
378.604 1543
378.618 1575
378.631 1555
378.645 1574
378.659 1591
378.672 1602
378.686 1605
378.700 1616
378.713 1666
378.727 1649
378.740 1678
378.754 1657
378.768 1657
378.781 1674
378.795 1652
378.809 1674
378.822 1674
378.836 1673
378.850 1645
378.863 1676
378.877 1708
378.891 1728
378.904 1701
378.918 1744
378.932 1640
378.945 1678
378.959 1721
378.973 1704
378.986 1693
379.000 1737
379.014 1687
379.027 1752
379.041 1723
379.054 1705
379.068 1703
379.082 1721
379.095 1735
379.109 1732
379.123 1734
379.136 1794
379.150 1772
379.164 1812
379.177 1815
379.191 1749
379.205 1808
379.218 1809
379.232 1831
379.245 1822
379.259 1807
379.273 1867
379.286 1857
379.300 1834
379.314 1857
379.327 1903
379.341 1875
379.355 1904
379.368 1904
379.382 1898
379.396 1909
379.409 1955
379.423 1948
379.436 1969
379.450 1995
379.464 2003
379.477 1970
379.491 2019
379.505 2046
379.518 2022
379.532 2105
379.546 2089
379.559 2118
379.573 2083
379.586 2066
379.600 2124
379.614 2158
379.627 2260
379.641 2229
379.655 2199
379.668 2214
379.682 2201
379.695 2198
379.709 2236
379.723 2306
379.736 2287
379.750 2418
379.764 2390
379.777 2488
379.791 2509
379.804 2500
379.818 2481
379.832 2493
379.845 2449
379.859 2548
379.873 2381
379.886 2517
379.900 2568
379.913 2615
379.927 2601
379.941 2652
379.954 2718
379.968 2764
379.982 2806
379.995 2752
380.009 2830
380.022 2829
380.036 2873
380.050 2857
380.063 2944
380.077 3067
380.090 3135
380.104 3103
380.118 3147
380.131 3226
380.145 3228
380.159 3332
380.172 3323
380.186 3398
380.199 3470
380.213 3503
380.227 3565
380.240 3599
380.254 3559
380.267 3575
380.281 3571
380.295 3701
380.308 3617
380.322 3769
380.336 3755
380.349 3870
380.363 3888
380.376 3998
380.390 4036
380.404 4066
380.417 4026
380.431 4210
380.444 4226
380.458 4228
380.472 4230
380.485 4344
380.499 4415
380.512 4443
380.526 4471
380.540 4527
380.553 4554
380.567 4630
380.580 4745
380.594 4861
380.608 4871
380.621 5139
380.635 5109
380.648 5160
380.662 5170
380.676 5310
380.689 5374
380.703 5348
380.716 5449
380.730 5574
380.744 5602
380.757 5625
380.771 5746
380.784 5909
380.798 5868
380.812 5944
380.825 5953
380.839 6111
380.852 6316
380.866 6485
380.880 6468
380.893 6520
380.907 6507
380.920 6594
380.934 6694
380.948 6753
380.961 6855
380.975 6942
380.988 6986
381.002 6959
381.015 6782
381.029 7188
381.043 7118
381.056 7261
381.070 7351
381.083 7283
381.097 7339
381.111 7482
381.124 7634
381.138 7856
381.151 7826
381.165 7811
381.179 7889
381.192 7898
381.206 7885
381.219 7946
381.233 8005
381.246 8045
381.260 8121
381.274 8187
381.287 8210
381.301 8349
381.314 8445
381.328 8525
381.341 8641
381.355 8632
381.369 8840
381.382 8697
381.396 8813
381.409 8925
381.423 9014
381.437 9219
381.450 9293
381.464 9339
381.477 9420
381.491 9475
381.504 9524
381.518 9438
381.532 9680
381.545 9824
381.559 10100
381.572 10147
381.586 10082
381.599 10152
381.613 10257
381.627 10266
381.640 10278
381.654 10451
381.667 10616
381.681 10629
381.694 10645
381.708 10377
381.722 10284
381.735 10441
381.749 10608
381.762 10607
381.776 10646
381.789 10722
381.803 10696
381.817 10669
381.830 10717
381.844 10931
381.857 10945
381.871 11186
381.884 11107
381.898 11094
381.911 11263
381.925 11317
381.939 11381
381.952 11527
381.966 11451
381.979 11617
381.993 11754
382.006 11961
382.020 12175
382.034 12139
382.047 12088
382.061 12022
382.074 12057
382.088 12005
382.101 12129
382.115 12222
382.128 12315
382.142 12506
382.156 12842
382.169 13162
382.183 12939
382.196 12971
382.210 13117
382.223 12968
382.237 12989
382.250 13263
382.264 13188
382.278 13441
382.291 13487
382.305 13741
382.318 13948
382.332 13971
382.345 13483
382.359 13549
382.372 13729
382.386 13749
382.399 13917
382.413 13930
382.427 14104
382.440 14105
382.454 14167
382.467 14244
382.481 14423
382.494 15110
382.508 15093
382.521 15073
382.535 15093
382.548 15245
382.562 15198
382.576 15185
382.589 15299
382.603 15478
382.616 15490
382.630 15696
382.643 15828
382.657 16181
382.670 16362
382.684 16241
382.697 16049
382.711 16152
382.724 16362
382.738 16627
382.752 16418
382.765 16573
382.779 16832
382.792 16784
382.806 16984
382.819 17114
382.833 17206
382.846 17468
382.860 17533
382.873 17626
382.887 17615
382.900 18017
382.914 18246
382.928 18383
382.941 18570
382.955 18420
382.968 18610
382.982 19039
382.995 19031
383.009 19047
383.022 19242
383.036 19442
383.049 19604
383.063 19563
383.076 19628
383.090 19675
383.103 19701
383.117 19769
383.130 20092
383.144 20172
383.158 20289
383.171 20518
383.185 20590
383.198 20866
383.212 21057
383.225 21371
383.239 21659
383.252 21932
383.266 22200
383.279 22100
383.293 22062
383.306 22244
383.320 22774
383.333 23200
383.347 23241
383.360 23108
383.374 22925
383.387 23088
383.401 23388
383.414 23449
383.428 23017
383.441 23442
383.455 23314
383.468 23190
383.482 23368
383.496 24068
383.509 24111
383.523 24181
383.536 24089
383.550 24245
383.563 24145
383.577 24444
383.590 24582
383.604 24638
383.617 24465
383.631 24387
383.644 24265
383.658 24017
383.671 24041
383.685 24404
383.698 24516
383.712 24547
383.725 24368
383.739 24434
383.752 24246
383.766 24296
383.779 24111
383.793 24298
383.806 24444
383.820 25050
383.833 24860
383.847 24898
383.860 24927
383.874 24762
383.887 24648
383.901 24568
383.914 24382
383.928 24508
383.941 24421
383.955 24090
383.968 24190
383.982 24020
383.995 23936
384.009 23870
384.022 23802
384.036 23608
384.049 23713
384.063 23945
384.076 24169
384.090 24135
384.103 24310
384.117 24534
384.130 23950
384.144 23354
384.157 22979
384.171 22599
384.184 22457
384.198 22483
384.211 21998
384.225 22002
384.238 22184
384.252 22038
384.265 22074
384.279 21504
384.292 21388
384.306 21164
384.319 20819
384.333 20332
384.346 19806
384.360 19504
384.373 19297
384.387 18919
384.400 18626
384.414 18308
384.427 17914
384.441 17732
384.454 17106
384.468 16752
384.481 16404
384.495 16009
384.508 15742
384.522 15491
384.535 15163
384.549 14631
384.562 14316
384.575 13878
384.589 13778
384.602 13607
384.616 13274
384.629 12989
384.643 12526
384.656 12170
384.670 11887
384.683 11382
384.697 11186
384.710 10842
384.724 10428
384.737 10222
384.751 9998
384.764 9596
384.778 9330
384.791 9100
384.805 8946
384.818 8702
384.832 8367
384.845 8244
384.859 7974
384.872 7618
384.885 7441
384.899 7196
384.912 7054
384.926 6885
384.939 6678
384.953 6488
384.966 6345
384.980 6223
384.993 6056
385.007 5980
385.020 5833
385.034 5763
385.047 5483
385.061 5414
385.074 5302
385.088 5144
385.101 4994
385.114 4932
385.128 4908
385.141 4772
385.155 4736
385.168 4760
385.182 4773
385.195 4643
385.209 4560
385.222 4397
385.236 4407
385.249 4281
385.263 4251
385.276 4135
385.290 4098
385.303 3973
385.316 3864
385.330 3869
385.343 3866
385.357 3842
385.370 3730
385.384 3625
385.397 3656
385.411 3589
385.424 3520
385.438 3473
385.451 3505
385.464 3481
385.478 3412
385.491 3370
385.505 3381
385.518 3311
385.532 3343
385.545 3286
385.559 3196
385.572 3174
385.586 3178
385.599 3169
385.612 3173
385.626 3148
385.639 3129
385.653 3124
385.666 3086
385.680 3041
385.693 2946
385.707 2966
385.720 2985
385.734 2984
385.747 2901
385.760 2912
385.774 2856
385.787 2837
385.801 2752
385.814 2720
385.828 2701
385.841 2705
385.855 2691
385.868 2698
385.881 2626
385.895 2641
385.908 2623
385.922 2592
385.935 2610
385.949 2564
385.962 2524
385.976 2507
385.989 2517
386.002 2568
386.016 2561
386.029 2529
386.043 2443
386.056 2467
386.070 2461
386.083 2412
386.097 2426
386.110 2390
386.123 2439
386.137 2364
386.150 2407
386.164 2363
386.177 2326
386.191 2360
386.204 2301
386.217 2281
386.231 2309
386.244 2271
386.258 2277
386.271 2271
386.285 2256
386.298 2241
386.311 2241
386.325 2241
386.338 2182
386.352 2156
386.365 2161
386.379 2151
386.392 2115
386.405 2108
386.419 2102
386.432 2114
386.446 2117
386.459 2158
386.473 2086
386.486 2103
386.499 2022
386.513 2049
386.526 2028
386.540 2003
386.553 2069
386.567 1987
386.580 2049
386.593 2071
386.607 2062
386.620 2052
386.634 2031
386.647 2051
386.661 2051
386.674 1969
386.687 1980
386.701 1964
386.714 1921
386.728 1908
386.741 1904
386.754 1926
386.768 1944
386.781 1904
386.795 1872
386.808 1837
386.822 1852
386.835 1848
386.848 1858
386.862 1817
386.875 1827
386.889 1847
386.902 1785
386.915 1771
386.929 1772
386.942 1793
386.956 1727
386.969 1746
386.983 1708
386.996 1735
387.009 1726
387.023 1751
387.036 1738
387.050 1734
387.063 1689
387.076 1695
387.090 1712
387.103 1671
387.117 1715
387.130 1686
387.143 1684
387.157 1666
387.170 1654
387.184 1603
387.197 1627
387.210 1661
387.224 1665
387.237 1604
387.251 1609
387.264 1593
387.278 1550
387.291 1554
387.304 1607
387.318 1603
387.331 1538
387.345 1593
387.358 1549
387.371 1531
387.385 1510
387.398 1511
387.412 1506
387.425 1491
387.438 1501
387.452 1442
387.465 1445
387.478 1466
387.492 1449
387.505 1404
387.519 1444
387.532 1473
387.545 1482
387.559 1429
387.572 1460
387.586 1458
387.599 1419
387.612 1421
387.626 1420
387.639 1417
387.653 1400
387.666 1382
387.679 1368
387.693 1364
387.706 1358
387.720 1339
387.733 1353
387.746 1353
387.760 1309
387.773 1349
387.787 1334
387.800 1333
387.813 1306
387.827 1300
387.840 1274
387.853 1285
387.867 1293
387.880 1321
387.894 1316
387.907 1277
387.920 1275
387.934 1272
387.947 1277
387.961 1277
387.974 1278
387.987 1256
388.001 1237
388.014 1227
388.027 1206
388.041 1226
388.054 1217
388.068 1205
388.081 1224
388.094 1237
388.108 1227
388.121 1214
388.134 1179
388.148 1195
388.161 1191
388.175 1153
388.188 1148
388.201 1170
388.215 1157
388.228 1150
388.241 1153
388.255 1113
388.268 1154
388.282 1154
388.295 1148
388.308 1156
388.322 1136
388.335 1157
388.348 1139
388.362 1110
388.375 1131
388.389 1131
388.402 1159
388.415 1138
388.429 1157
388.442 1157
388.455 1131
388.469 1135
388.482 1138
388.495 1140
388.509 1147
388.522 1139
388.536 1133
388.549 1121
388.562 1131
388.576 1081
388.589 1134
388.602 1111
388.616 1106
388.629 1124
388.642 1123
388.656 1093
388.669 1101
388.683 1087
388.696 1127
388.709 1131
388.723 1115
388.736 1092
388.749 1104
388.763 1119
388.776 1109
388.789 1092
388.803 1095
388.816 1088
388.829 1122
388.843 1073
388.856 1099
388.870 1095
388.883 1074
388.896 1079
388.910 1050
388.923 1084
388.936 1069
388.950 1086
388.963 1088
388.976 1078
388.990 1059
389.003 1072
389.016 1081
389.030 1063
389.043 1077
389.056 1078
389.070 1097
389.083 1047
389.097 1067
389.110 1038
389.123 1044
389.137 1041
389.150 1045
389.163 1048
389.177 1068
389.190 1035
389.203 1030
389.217 1032
389.230 1053
389.243 1033
389.257 1008
389.270 1054
389.283 1050
389.297 1042
389.310 1022
389.323 1026
389.337 1027
389.350 1037
389.363 1018
389.377 1028
389.390 1043
389.403 1026
389.417 1060
389.430 1010
389.443 1014
389.457 1012
389.470 1013
389.483 1037
389.497 1016
389.510 1034
389.523 1012
389.537 1014
389.550 1038
389.563 994
389.577 990
389.590 985
389.603 981
389.617 973
389.630 991
389.643 975
389.657 1008
389.670 972
389.683 987
389.697 981
389.710 988
389.723 997
389.737 975
389.750 979
389.763 994
389.777 981
389.790 932
389.803 989
389.817 973
389.830 957
389.843 972
389.857 973
389.870 948
389.883 941
389.897 935
389.910 938
389.923 929
389.937 957
389.950 934
389.963 945
389.977 959
389.990 956
390.003 941
390.017 934
390.030 930
390.043 947
390.057 927
390.070 924
390.083 921
390.096 916
390.110 925
390.123 925
390.136 923
390.150 922
390.163 877
390.176 896
390.190 906
390.203 902
390.216 884
390.230 890
390.243 896
390.256 873
390.270 890
390.283 878
390.296 847
390.310 882
390.323 860
390.336 853
390.349 879
390.363 875
390.376 874
390.389 881
390.403 871
390.416 880
390.429 849
390.443 846
390.456 862
390.469 843
390.483 851
390.496 826
390.509 828
390.522 834
390.536 839
390.549 833
390.562 817
390.576 841
390.589 823
390.602 821
390.616 825
390.629 814
390.642 811
390.655 824
390.669 802
390.682 807
390.695 787
390.709 798
390.722 793
390.735 795
390.749 786
390.762 805
390.775 791
390.788 784
390.802 798
390.815 794
390.828 770
390.842 780
390.855 781
390.868 779
390.882 787
390.895 761
390.908 774
390.921 771
390.935 769
390.948 776
390.961 768
390.975 772
390.988 775
391.001 755
391.014 757
391.028 746
391.041 768
391.054 756
391.068 741
391.081 750
391.094 762
391.107 754
391.121 743
391.134 738
391.147 750
391.161 757
391.174 758
391.187 749
391.200 741
391.214 740
391.227 748
391.240 720
391.254 750
391.267 734
391.280 714
391.293 729
391.307 730
391.320 716
391.333 747
391.347 721
391.360 736
391.373 722
391.386 741
391.400 731
391.413 731
391.426 733
391.440 732
391.453 725
391.466 717
391.479 726
391.493 709
391.506 732
391.519 718
391.532 722
391.546 723
391.559 717
391.572 721
391.586 706
391.599 716
391.612 723
391.625 713
391.639 715
391.652 718
391.665 702
391.678 718
391.692 706
391.705 709
391.718 717
391.732 709
391.745 719
391.758 710
391.771 703
391.785 706
391.798 701
391.811 705
391.824 689
391.838 703
391.851 717
391.864 695
391.877 700
391.891 707
391.904 709
391.917 706
391.931 695
391.944 712
391.957 706
391.970 692
391.984 706
391.997 697
392.010 716
392.023 713
392.037 693
392.050 702
392.063 695
392.076 700
392.090 700
392.103 696
392.116 699
392.129 700
392.143 694
392.156 705
392.169 705
392.182 698
392.196 695
392.209 689
392.222 704
392.235 694
392.249 691
392.262 697
392.275 689
392.288 696
392.302 690
392.315 694
392.328 691
392.341 693
392.355 699
392.368 696
392.381 689
392.394 695
392.408 695
392.421 690
392.434 699
392.447 688
392.461 682
392.474 694
392.487 684
392.500 684
392.514 693
392.527 700
392.540 701
392.553 692
392.567 687
392.580 695
392.593 691
392.606 685
392.620 688
392.633 692
392.646 686
392.659 683
392.673 697
392.686 680
392.699 684
392.712 688
392.726 701
392.739 685
392.752 679
392.765 671
392.778 695
392.792 692
392.805 678
392.818 695
392.831 684
392.845 681
392.858 693
392.871 687
392.884 684
392.898 673
392.911 690
392.924 689
392.937 692
392.951 691
392.964 683
392.977 679
392.990 691
393.003 683
393.017 683
393.030 692
393.043 670
393.056 679
393.070 687
393.083 683
393.096 680
393.109 680
393.122 678
393.136 689
393.149 677
393.162 675
393.175 691
393.189 681
393.202 689
393.215 679
393.228 676
393.242 685
393.255 667
393.268 665
393.281 677
393.294 680
393.308 671
393.321 668
393.334 658
393.347 673
393.360 678
393.374 683
393.387 674
393.400 677
393.413 676
393.427 675
393.440 683
393.453 662
393.466 675
393.479 663
393.493 672
393.506 660
393.519 683
393.532 674
393.546 676
393.559 670
393.572 672
393.585 683
393.598 677
393.612 685
393.625 682
393.638 667
393.651 672
393.664 671
393.678 668
393.691 687
393.704 668
393.717 674
393.730 657
393.744 669
393.757 674
393.770 672
393.783 673
393.796 668
393.810 669
393.823 666
393.836 668
393.849 669
393.863 665
393.876 668
393.889 678
393.902 674
393.915 678
393.929 675
