375.891 800
375.905 787
375.919 818
375.933 802
375.946 795
375.960 812
375.974 806
375.987 809
376.001 818
376.015 815
376.029 828
376.042 833
376.056 825
376.070 808
376.084 813
376.097 840
376.111 845
376.125 838
376.139 817
376.152 853
376.166 837
376.180 852
376.193 863
376.207 859
376.221 864
376.235 861
376.248 879
376.262 853
376.276 885
376.290 850
376.303 896
376.317 871
376.331 870
376.345 883
376.358 892
376.372 908
376.386 907
376.399 889
376.413 915
376.427 907
376.441 902
376.454 894
376.468 897
376.482 910
376.495 916
376.509 938
376.523 958
376.537 943
376.550 945
376.564 946
376.578 952
376.592 958
376.605 970
376.619 934
376.633 971
376.646 989
376.660 964
376.674 953
376.688 960
376.701 949
376.715 965
376.729 955
376.742 1002
376.756 988
376.770 997
376.784 988
376.797 977
376.811 1010
376.825 1010
376.838 1041
376.852 1027
376.866 1029
376.880 1033
376.893 1026
376.907 1065
376.921 1019
376.934 1053
376.948 1053
376.962 1103
376.976 1038
376.989 1091
377.003 1066
377.017 1060
377.030 1106
377.044 1126
377.058 1100
377.071 1122
377.085 1108
377.099 1090
377.113 1141
377.126 1137
377.140 1187
377.154 1142
377.167 1118
377.181 1147
377.195 1151
377.208 1135
377.222 1132
377.236 1163
377.250 1156
377.263 1176
377.277 1171
377.291 1175
377.304 1207
377.318 1218
377.332 1192
377.345 1191
377.359 1207
377.373 1197
377.387 1196
377.400 1207
377.414 1208
377.428 1218
377.441 1239
377.455 1212
377.469 1237
377.482 1230
377.496 1225
377.510 1252
377.524 1317
377.537 1274
377.551 1310
377.565 1280
377.578 1285
377.592 1293
377.606 1252
377.619 1289
377.633 1282
377.647 1323
377.660 1271
377.674 1259
377.688 1293
377.701 1311
377.715 1302
377.729 1258
377.743 1314
377.756 1294
377.770 1332
377.784 1297
377.797 1336
377.811 1338
377.825 1372
377.838 1306
377.852 1307
377.866 1344
377.879 1396
377.893 1349
377.907 1355
377.920 1393
377.934 1371
377.948 1337
377.961 1338
377.975 1362
377.989 1371
378.002 1377
378.016 1358
378.030 1359
378.044 1387
378.057 1374
378.071 1376
378.085 1392
378.098 1389
378.112 1397
378.126 1388
378.139 1378
378.153 1418
378.167 1348
378.180 1384
378.194 1408
378.208 1436
378.221 1416
378.235 1420
378.249 1450
378.262 1388
378.276 1388
378.290 1471
378.303 1470
378.317 1428
378.331 1388
378.344 1432
378.358 1444
378.372 1446
378.385 1477
378.399 1455
378.413 1489
378.426 1473
378.440 1507
378.454 1508
378.467 1490
378.481 1464
378.495 1461
378.508 1465
378.522 1473
378.536 1476
378.549 1481
378.563 1503
378.577 1534
378.590 1510
378.604 1501
378.618 1538
378.631 1525
378.645 1546
378.659 1555
378.672 1510
378.686 1506
378.700 1586
378.713 1559
378.727 1538
378.740 1572
378.754 1546
378.768 1575
378.781 1643
378.795 1576
378.809 1625
378.822 1609
378.836 1552
378.850 1548
378.863 1591
378.877 1575
378.891 1645
378.904 1618
378.918 1648
378.932 1644
378.945 1632
378.959 1581
378.973 1610
378.986 1637
379.000 1605
379.014 1648
379.027 1598
379.041 1644
379.054 1652
379.068 1641
379.082 1619
379.095 1643
379.109 1630
379.123 1670
379.136 1658
379.150 1684
379.164 1662
379.177 1708
379.191 1683
379.205 1721
379.218 1713
379.232 1698
379.245 1739
379.259 1752
379.273 1727
379.286 1741
379.300 1733
379.314 1757
379.327 1758
379.341 1770
379.355 1793
379.368 1796
379.382 1822
379.396 1820
379.409 1786
379.423 1840
379.436 1852
379.450 1885
379.464 1871
379.477 1881
379.491 1907
379.505 1878
379.518 1927
379.532 1962
379.546 2002
379.559 1984
379.573 1991
379.586 1978
379.600 1992
379.614 2046
379.627 2061
379.641 2038
379.655 2099
379.668 2028
379.682 2088
379.695 2093
379.709 2075
379.723 2140
379.736 2212
379.750 2265
379.764 2275
379.777 2302
379.791 2290
379.804 2354
379.818 2364
379.832 2324
379.845 2274
379.859 2278
379.873 2345
379.886 2344
379.900 2358
379.913 2366
379.927 2439
379.941 2490
379.954 2493
379.968 2618
379.982 2667
379.995 2564
380.009 2642
380.022 2638
380.036 2661
380.050 2666
380.063 2769
380.077 2862
380.090 2851
380.104 2935
380.118 2922
380.131 2978
380.145 3069
380.159 3060
380.172 3075
380.186 3095
380.199 3142
380.213 3245
380.227 3255
380.240 3325
380.254 3274
380.267 3283
380.281 3292
380.295 3338
380.308 3394
380.322 3447
380.336 3575
380.349 3480
380.363 3549
380.376 3669
380.390 3674
380.404 3678
380.417 3789
380.431 3826
380.444 3857
380.458 3899
380.472 3918
380.485 4053
380.499 4048
380.512 4036
380.526 4162
380.540 4168
380.553 4245
380.567 4374
380.580 4399
380.594 4440
380.608 4504
380.621 4660
380.635 4649
380.648 4662
380.662 4769
380.676 4792
380.689 4888
380.703 4881
380.716 4993
380.730 4996
380.744 5132
380.757 5218
380.771 5279
380.784 5347
380.798 5388
380.812 5426
380.825 5567
380.839 5522
380.852 5765
380.866 5931
380.880 6011
380.893 5993
380.907 6014
380.920 6023
380.934 5987
380.948 6220
380.961 6288
380.975 6246
380.988 6381
381.002 6371
381.015 6295
381.029 6449
381.043 6570
381.056 6562
381.070 6615
381.083 6633
381.097 6521
381.111 6844
381.124 6907
381.138 7008
381.151 7007
381.165 7080
381.179 7115
381.192 7108
381.206 7141
381.219 7279
381.233 7297
381.246 7358
381.260 7518
381.274 7488
381.287 7513
381.301 7584
381.314 7626
381.328 7695
381.341 7828
381.355 7841
381.369 7942
381.382 7859
381.396 7957
381.409 8065
381.423 8224
381.437 8394
381.450 8396
381.464 8548
381.477 8644
381.491 8753
381.504 8683
381.518 8535
381.532 8714
381.545 8867
381.559 9184
381.572 9336
381.586 9190
381.599 9319
381.613 9259
381.627 9365
381.640 9415
381.654 9391
381.667 9474
381.681 9602
381.694 9529
381.708 9298
381.722 9380
381.735 9415
381.749 9423
381.762 9668
381.776 9606
381.789 9607
381.803 9718
381.817 9746
381.830 9806
381.844 9743
381.857 9813
381.871 10086
381.884 9995
381.898 10089
381.911 10161
381.925 10286
381.939 10244
381.952 10356
381.966 10248
381.979 10400
381.993 10699
382.006 10776
382.020 10840
382.034 10951
382.047 10865
382.061 10820
382.074 10902
382.088 10925
382.101 11045
382.115 11018
382.128 11014
382.142 11344
382.156 11687
382.169 11655
382.183 11667
382.196 11641
382.210 11639
382.223 11735
382.237 11760
382.250 11807
382.264 12042
382.278 12154
382.291 12227
382.305 12284
382.318 12491
382.332 12586
382.345 12117
382.359 12195
382.372 12359
382.386 12338
382.399 12384
382.413 12347
382.427 12501
382.440 12690
382.454 12828
382.467 12985
382.481 13007
382.494 13377
382.508 13592
382.521 13711
382.535 13680
382.548 13552
382.562 13484
382.576 13655
382.589 13834
382.603 13795
382.616 13999
382.630 14109
382.643 14239
382.657 14346
382.670 14479
382.684 14470
382.697 14377
382.711 14547
382.724 14610
382.738 14705
382.752 14883
382.765 14922
382.779 15036
382.792 15024
382.806 15347
382.819 15357
382.833 15530
382.846 15603
382.860 15648
382.873 15811
382.887 15947
382.900 16127
382.914 16264
382.928 16432
382.941 16590
382.955 16743
382.968 16874
382.982 17137
382.995 17185
383.009 17138
383.022 17225
383.036 17409
383.049 17682
383.063 17577
383.076 17584
383.090 17791
383.103 17832
383.117 17883
383.130 18001
383.144 18095
383.158 18392
383.171 18576
383.185 18697
383.198 18885
383.212 18906
383.225 19150
383.239 19486
383.252 19703
383.266 19550
383.279 19870
383.293 19818
383.306 19907
383.320 20383
383.333 20844
383.347 20987
383.360 20896
383.374 20522
383.387 20902
383.401 21262
383.414 20843
383.428 20977
383.441 21104
383.455 21177
383.468 20949
383.482 21240
383.496 21786
383.509 21830
383.523 21673
383.536 21675
383.550 21998
383.563 21964
383.577 21977
383.590 22174
383.604 22275
383.617 21897
383.631 21806
383.644 21797
383.658 21801
383.671 21832
383.685 22174
383.698 21982
383.712 22278
383.725 22258
383.739 22124
383.752 22058
383.766 21898
383.779 22053
383.793 22117
383.806 22066
383.820 22602
383.833 22512
383.847 22387
383.860 22592
383.874 22636
383.887 22128
383.901 22022
383.914 22348
383.928 22403
383.941 22160
383.955 21913
383.968 21839
383.982 21780
383.995 21646
384.009 21584
384.022 21637
384.036 21502
384.049 21448
384.063 21594
384.076 21802
384.090 22044
384.103 22306
384.117 22044
384.130 21786
384.144 20967
384.157 20645
384.171 20267
384.184 20276
384.198 20052
384.211 20100
384.225 19926
384.238 20069
384.252 19912
384.265 19589
384.279 19546
384.292 19364
384.306 19063
384.319 18793
384.333 18329
384.346 17758
384.360 17429
384.373 17215
384.387 17055
384.400 16869
384.414 16331
384.427 16207
384.441 16065
384.454 15488
384.468 15211
384.481 14776
384.495 14447
384.508 14159
384.522 13832
384.535 13523
384.549 13273
384.562 12829
384.575 12374
384.589 12427
384.602 12219
384.616 12066
384.629 11823
384.643 11277
384.656 11190
384.670 10630
384.683 10335
384.697 10045
384.710 9863
384.724 9414
384.737 9088
384.751 9088
384.764 8836
384.778 8565
384.791 8304
384.805 8044
384.818 7846
384.832 7714
384.845 7342
384.859 7080
384.872 6993
384.885 6726
384.899 6517
384.912 6408
384.926 6196
384.939 6110
384.953 5875
384.966 5595
384.980 5617
384.993 5562
385.007 5457
385.020 5233
385.034 5132
385.047 4871
385.061 4866
385.074 4683
385.088 4541
385.101 4529
385.114 4564
385.128 4379
385.141 4342
385.155 4397
385.168 4269
385.182 4218
385.195 4143
385.209 4116
385.222 3966
385.236 3851
385.249 3823
385.263 3829
385.276 3659
385.290 3582
385.303 3546
385.316 3556
385.330 3517
385.343 3513
385.357 3443
385.370 3368
385.384 3313
385.397 3282
385.411 3266
385.424 3206
385.438 3206
385.451 3172
385.464 3116
385.478 3074
385.491 3081
385.505 3072
385.518 2979
385.532 3056
385.545 2978
385.559 2869
385.572 2834
385.586 2848
385.599 2835
385.612 2844
385.626 2899
385.639 2779
385.653 2815
385.666 2845
385.680 2757
385.693 2706
385.707 2747
385.720 2739
385.734 2656
385.747 2599
385.760 2643
385.774 2615
385.787 2617
385.801 2603
385.814 2503
385.828 2483
385.841 2435
385.855 2472
385.868 2461
385.881 2397
385.895 2402
385.908 2320
385.922 2334
385.935 2303
385.949 2335
385.962 2297
385.976 2277
385.989 2293
386.002 2302
386.016 2284
386.029 2282
386.043 2293
386.056 2200
386.070 2150
386.083 2173
386.097 2147
386.110 2196
386.123 2186
386.137 2162
386.150 2128
386.164 2190
386.177 2153
386.191 2149
386.204 2117
386.217 2089
386.231 2090
386.244 2069
386.258 2095
386.271 2037
386.285 2069
386.298 2066
386.311 1997
386.325 1986
386.338 2032
386.352 1939
386.365 2017
386.379 1969
386.392 2000
386.405 1944
386.419 1937
386.432 1921
386.446 2008
386.459 1925
386.473 1931
386.486 1868
386.499 1899
386.513 1878
386.526 1853
386.540 1872
386.553 1854
386.567 1851
386.580 1881
386.593 1882
386.607 1854
386.620 1850
386.634 1847
386.647 1839
386.661 1831
386.674 1764
386.687 1781
386.701 1794
386.714 1758
386.728 1780
386.741 1680
386.754 1777
386.768 1736
386.781 1760
386.795 1684
386.808 1726
386.822 1735
386.835 1679
386.848 1662
386.862 1676
386.875 1622
386.889 1641
386.902 1649
386.915 1611
386.929 1653
386.942 1616
386.956 1639
386.969 1609
386.983 1613
386.996 1621
387.009 1562
387.023 1610
387.036 1588
387.050 1539
387.063 1552
387.076 1527
387.090 1599
387.103 1550
387.117 1553
387.130 1567
387.143 1571
387.157 1536
387.170 1514
387.184 1512
387.197 1494
387.210 1502
387.224 1546
387.237 1519
387.251 1473
387.264 1506
387.278 1474
387.291 1458
387.304 1482
387.318 1468
387.331 1398
387.345 1455
387.358 1464
387.371 1451
387.385 1403
387.398 1424
387.412 1376
387.425 1386
387.438 1391
387.452 1371
387.465 1333
387.478 1340
387.492 1323
387.505 1359
387.519 1333
387.532 1377
387.545 1387
387.559 1370
387.572 1348
387.586 1338
387.599 1322
387.612 1302
387.626 1343
387.639 1323
387.653 1300
387.666 1298
387.679 1277
387.693 1256
387.706 1253
387.720 1253
387.733 1261
387.746 1267
387.760 1303
387.773 1270
387.787 1263
387.800 1264
387.813 1182
387.827 1245
387.840 1228
387.853 1166
387.867 1242
387.880 1208
387.894 1228
387.907 1218
387.920 1210
387.934 1157
387.947 1177
387.961 1173
387.974 1159
387.987 1192
388.001 1149
388.014 1172
388.027 1129
388.041 1125
388.054 1155
388.068 1139
388.081 1157
388.094 1119
388.108 1133
388.121 1121
388.134 1116
388.148 1147
388.161 1119
388.175 1124
388.188 1097
388.201 1103
388.215 1083
388.228 1078
388.241 1108
388.255 1090
388.268 1061
388.282 1097
388.295 1100
388.308 1089
388.322 1091
388.335 1069
388.348 1061
388.362 1068
388.375 1065
388.389 1080
388.402 1081
388.415 1063
388.429 1071
388.442 1064
388.455 1083
388.469 1071
388.482 1094
388.495 1095
388.509 1092
388.522 1090
388.536 1114
388.549 1055
388.562 1065
388.576 1051
388.589 1051
388.602 1045
388.616 1038
388.629 1038
388.642 1045
388.656 1059
388.669 1079
388.683 1036
388.696 1044
388.709 1044
388.723 1074
388.736 1046
388.749 1054
388.763 1025
388.776 1049
388.789 1025
388.803 1035
388.816 1045
388.829 1008
388.843 1042
388.856 1020
388.870 1038
388.883 1012
388.896 1034
388.910 1032
388.923 1047
388.936 1041
388.950 1032
388.963 1046
388.976 1037
388.990 1029
389.003 1003
389.016 1022
389.030 1019
389.043 1019
389.056 997
389.070 1028
389.083 1012
389.097 1024
389.110 1007
389.123 1016
389.137 998
389.150 1005
389.163 1028
389.177 1002
389.190 985
389.203 988
389.217 1012
389.230 986
389.243 998
389.257 980
389.270 983
389.283 991
389.297 991
389.310 969
389.323 983
389.337 959
389.350 1014
389.363 985
389.377 979
389.390 958
389.403 953
389.417 956
389.430 977
389.443 989
389.457 955
389.470 972
389.483 963
389.497 964
389.510 966
389.523 948
389.537 962
389.550 965
389.563 989
389.577 963
389.590 978
389.603 966
389.617 941
389.630 956
389.643 953
389.657 935
389.670 967
389.683 956
389.697 940
389.710 904
389.723 943
389.737 939
389.750 950
389.763 953
389.777 943
389.790 925
389.803 936
389.817 926
389.830 950
389.843 946
389.857 898
389.870 917
389.883 927
389.897 910
389.910 922
389.923 903
389.937 911
389.950 914
389.963 907
389.977 901
389.990 915
390.003 915
390.017 905
390.030 877
390.043 907
390.057 907
390.070 898
390.083 891
390.096 881
390.110 898
390.123 881
390.136 870
390.150 884
390.163 890
390.176 868
390.190 882
390.203 862
390.216 882
390.230 875
390.243 854
390.256 860
390.270 826
390.283 871
390.296 848
390.310 830
390.323 839
390.336 847
390.349 844
390.363 828
390.376 863
390.389 864
390.403 836
390.416 840
390.429 835
390.443 820
390.456 830
390.469 818
390.483 832
390.496 815
390.509 825
390.522 796
390.536 802
390.549 798
390.562 822
390.576 794
390.589 804
390.602 808
390.616 799
390.629 804
390.642 782
390.655 801
390.669 797
390.682 794
390.695 783
390.709 789
390.722 772
390.735 796
390.749 778
390.762 772
390.775 775
390.788 777
390.802 786
390.815 760
390.828 764
390.842 774
390.855 758
390.868 760
390.882 758
390.895 759
390.908 763
390.921 732
390.935 754
390.948 759
390.961 759
390.975 761
390.988 738
391.001 750
391.014 745
391.028 744
391.041 732
391.054 746
391.068 756
391.081 743
391.094 738
391.107 747
391.121 743
391.134 741
391.147 743
391.161 738
391.174 736
391.187 735
391.200 733
391.214 714
391.227 719
391.240 727
391.254 725
391.267 724
391.280 718
391.293 718
391.307 710
391.320 710
391.333 718
391.347 705
391.360 709
391.373 719
391.386 722
391.400 711
391.413 724
391.426 712
391.440 729
391.453 717
391.466 719
391.479 717
391.493 718
391.506 724
391.519 719
391.532 733
391.546 710
391.559 718
391.572 710
391.586 700
391.599 697
391.612 706
391.625 713
391.639 712
391.652 709
391.665 711
391.678 700
391.692 694
391.705 715
391.718 713
391.732 703
391.745 693
391.758 693
391.771 704
391.785 699
391.798 702
391.811 693
391.824 685
391.838 694
391.851 704
391.864 688
391.877 694
391.891 696
391.904 701
391.917 698
391.931 711
391.944 698
391.957 688
391.970 690
391.984 701
391.997 695
392.010 709
392.023 699
392.037 688
392.050 705
392.063 695
392.076 691
392.090 705
392.103 695
392.116 690
392.129 697
392.143 688
392.156 682
392.169 680
392.182 694
392.196 684
392.209 695
392.222 704
392.235 684
392.249 684
392.262 690
392.275 690
392.288 677
392.302 674
392.315 682
392.328 683
392.341 670
392.355 683
392.368 698
392.381 680
392.394 690
392.408 689
392.421 674
392.434 697
392.447 685
392.461 685
392.474 673
392.487 688
392.500 692
392.514 671
392.527 698
392.540 683
392.553 686
392.567 678
392.580 684
392.593 670
392.606 684
392.620 679
392.633 668
392.646 687
392.659 688
392.673 685
392.686 687
392.699 682
392.712 671
392.726 664
392.739 669
392.752 683
392.765 677
392.778 687
392.792 679
392.805 672
392.818 684
392.831 676
392.845 669
392.858 668
392.871 675
392.884 679
392.898 669
392.911 697
392.924 670
392.937 679
392.951 684
392.964 665
392.977 672
392.990 688
393.003 687
393.017 682
393.030 681
393.043 672
393.056 678
393.070 669
393.083 679
393.096 680
393.109 681
393.122 675
393.136 687
393.149 681
393.162 677
393.175 673
393.189 663
393.202 676
393.215 670
393.228 672
393.242 660
393.255 679
393.268 669
393.281 663
393.294 667
393.308 660
393.321 677
393.334 679
393.347 669
393.360 666
393.374 674
393.387 668
393.400 658
393.413 658
393.427 663
393.440 668
393.453 660
393.466 671
393.479 667
393.493 669
393.506 671
393.519 662
393.532 676
393.546 678
393.559 672
393.572 670
393.585 665
393.598 675
393.612 667
393.625 676
393.638 676
393.651 672
393.664 664
393.678 671
393.691 664
393.704 663
393.717 665
393.730 671
393.744 668
393.757 666
393.770 671
393.783 664
393.796 674
393.810 656
393.823 667
393.836 649
393.849 667
393.863 666
393.876 674
393.889 668
393.902 660
393.915 666
393.929 670
