375.891 825
375.905 814
375.919 843
375.933 831
375.946 834
375.960 846
375.974 837
375.987 834
376.001 845
376.015 850
376.029 868
376.042 854
376.056 860
376.070 849
376.084 846
376.097 868
376.111 857
376.125 874
376.139 862
376.152 880
376.166 882
376.180 864
376.193 880
376.207 881
376.221 886
376.235 891
376.248 920
376.262 902
376.276 922
376.290 915
376.303 892
376.317 930
376.331 905
376.345 916
376.358 913
376.372 933
376.386 913
376.399 947
376.413 933
376.427 957
376.441 922
376.454 938
376.468 957
376.482 971
376.495 969
376.509 975
376.523 952
376.537 1000
376.550 1003
376.564 992
376.578 1008
376.592 1017
376.605 1024
376.619 997
376.633 998
376.646 982
376.660 987
376.674 999
376.688 1015
376.701 1021
376.715 1040
376.729 1053
376.742 1039
376.756 1031
376.770 1068
376.784 1061
376.797 1068
376.811 1080
376.825 1078
376.838 1062
376.852 1105
376.866 1132
376.880 1112
376.893 1090
376.907 1111
376.921 1085
376.934 1122
376.948 1129
376.962 1130
376.976 1130
376.989 1148
377.003 1139
377.017 1175
377.030 1196
377.044 1160
377.058 1196
377.071 1185
377.085 1184
377.099 1148
377.113 1189
377.126 1178
377.140 1207
377.154 1188
377.167 1231
377.181 1221
377.195 1208
377.208 1214
377.222 1226
377.236 1214
377.250 1266
377.263 1219
377.277 1264
377.291 1286
377.304 1240
377.318 1306
377.332 1299
377.345 1297
377.359 1303
377.373 1272
377.387 1329
377.400 1308
377.414 1326
377.428 1329
377.441 1333
377.455 1342
377.469 1342
377.482 1378
377.496 1336
377.510 1346
377.524 1394
377.537 1394
377.551 1399
377.565 1385
377.578 1371
377.592 1397
377.606 1389
377.619 1353
377.633 1381
377.647 1362
377.660 1415
377.674 1388
377.688 1413
377.701 1417
377.715 1419
377.729 1421
377.743 1449
377.756 1415
377.770 1412
377.784 1424
377.797 1438
377.811 1420
377.825 1439
377.838 1419
377.852 1437
377.866 1421
377.879 1507
377.893 1499
377.907 1495
377.920 1483
377.934 1463
377.948 1462
377.961 1478
377.975 1467
377.989 1492
378.002 1492
378.016 1490
378.030 1516
378.044 1484
378.057 1517
378.071 1506
378.085 1545
378.098 1501
378.112 1514
378.126 1460
378.139 1488
378.153 1548
378.167 1475
378.180 1538
378.194 1540
378.208 1497
378.221 1542
378.235 1552
378.249 1528
378.262 1549
378.276 1509
378.290 1562
378.303 1544
378.317 1600
378.331 1590
378.344 1554
378.358 1579
378.372 1517
378.385 1559
378.399 1595
378.413 1565
378.426 1600
378.440 1591
378.454 1642
378.467 1617
378.481 1580
378.495 1609
378.508 1587
378.522 1658
378.536 1636
378.549 1604
378.563 1652
378.577 1587
378.590 1628
378.604 1653
378.618 1636
378.631 1674
378.645 1669
378.659 1663
378.672 1673
378.686 1720
378.700 1712
378.713 1777
378.727 1741
378.740 1771
378.754 1746
378.768 1756
378.781 1757
378.795 1727
378.809 1799
378.822 1766
378.836 1767
378.850 1726
378.863 1740
378.877 1788
378.891 1787
378.904 1779
378.918 1829
378.932 1797
378.945 1801
378.959 1772
378.973 1807
378.986 1829
379.000 1792
379.014 1790
379.027 1805
379.041 1757
379.054 1793
379.068 1851
379.082 1825
379.095 1840
379.109 1870
379.123 1863
379.136 1820
379.150 1872
379.164 1894
379.177 1872
379.191 1912
379.205 1901
379.218 1883
379.232 1873
379.245 1944
379.259 1900
379.273 1934
379.286 1966
379.300 1978
379.314 1955
379.327 1970
379.341 2004
379.355 1978
379.368 2031
379.382 2053
379.396 2005
379.409 2033
379.423 2057
379.436 2075
379.450 2053
379.464 2079
379.477 2115
379.491 2079
379.505 2151
379.518 2205
379.532 2212
379.546 2199
379.559 2246
379.573 2222
379.586 2220
379.600 2285
379.614 2297
379.627 2320
379.641 2342
379.655 2379
379.668 2330
379.682 2286
379.695 2322
379.709 2339
379.723 2417
379.736 2498
379.750 2609
379.764 2620
379.777 2620
379.791 2693
379.804 2720
379.818 2710
379.832 2682
379.845 2613
379.859 2578
379.873 2685
379.886 2694
379.900 2732
379.913 2769
379.927 2812
379.941 2844
379.954 2814
379.968 2892
379.982 2887
379.995 2959
380.009 2969
380.022 3021
380.036 3098
380.050 3124
380.063 3114
380.077 3260
380.090 3350
380.104 3337
380.118 3363
380.131 3471
380.145 3509
380.159 3499
380.172 3545
380.186 3640
380.199 3656
380.213 3807
380.227 3865
380.240 3898
380.254 3764
380.267 3831
380.281 3821
380.295 3830
380.308 3977
380.322 4003
380.336 4124
380.349 4218
380.363 4169
380.376 4184
380.390 4313
380.404 4280
380.417 4328
380.431 4457
380.444 4396
380.458 4548
380.472 4587
380.485 4682
380.499 4678
380.512 4832
380.526 4820
380.540 4943
380.553 4967
380.567 5022
380.580 5057
380.594 5277
380.608 5307
380.621 5485
380.635 5490
380.648 5574
380.662 5614
380.676 5682
380.689 5732
380.703 5855
380.716 5882
380.730 5976
380.744 6023
380.757 6200
380.771 6385
380.784 6404
380.798 6316
380.812 6424
380.825 6506
380.839 6626
380.852 6772
380.866 6972
380.880 7079
380.893 6976
380.907 7038
380.920 7075
380.934 7210
380.948 7274
380.961 7364
380.975 7442
380.988 7561
381.002 7436
381.015 7550
381.029 7789
381.043 7774
381.056 7900
381.070 7970
381.083 7896
381.097 7949
381.111 8184
381.124 8338
381.138 8440
381.151 8451
381.165 8460
381.179 8697
381.192 8637
381.206 8711
381.219 8669
381.233 8690
381.246 8863
381.260 8832
381.274 8897
381.287 9123
381.301 9078
381.314 9202
381.328 9395
381.341 9298
381.355 9471
381.369 9443
381.382 9524
381.396 9730
381.409 9818
381.423 9891
381.437 10069
381.450 10134
381.464 10216
381.477 10243
381.491 10536
381.504 10515
381.518 10444
381.532 10530
381.545 10841
381.559 11167
381.572 11120
381.586 11211
381.599 11142
381.613 11163
381.627 11463
381.640 11436
381.654 11412
381.667 11604
381.681 11655
381.694 11651
381.708 11484
381.722 11495
381.735 11446
381.749 11453
381.762 11647
381.776 11788
381.789 11764
381.803 11799
381.817 11877
381.830 11922
381.844 12036
381.857 12038
381.871 12119
381.884 12286
381.898 12252
381.911 12403
381.925 12379
381.939 12559
381.952 12617
381.966 12677
381.979 12681
381.993 12900
382.006 13211
382.020 13407
382.034 13466
382.047 13295
382.061 13331
382.074 13408
382.088 13270
382.101 13432
382.115 13475
382.128 13523
382.142 13875
382.156 14426
382.169 14453
382.183 14370
382.196 14387
382.210 14347
382.223 14383
382.237 14577
382.250 14589
382.264 14505
382.278 14823
382.291 14956
382.305 15294
382.318 15378
382.332 15175
382.345 14999
382.359 14979
382.372 14958
382.386 14990
382.399 15253
382.413 15236
382.427 15245
382.440 15341
382.454 15536
382.467 15742
382.481 15988
382.494 16235
382.508 16440
382.521 16647
382.535 16520
382.548 16514
382.562 16515
382.576 16701
382.589 16868
382.603 16952
382.616 17018
382.630 17261
382.643 17260
382.657 17572
382.670 17738
382.684 17772
382.697 17656
382.711 17750
382.724 18010
382.738 17981
382.752 18010
382.765 18168
382.779 18305
382.792 18518
382.806 18601
382.819 18748
382.833 18847
382.846 19016
382.860 19238
382.873 19476
382.887 19375
382.900 19829
382.914 19761
382.928 20030
382.941 20060
382.955 20199
382.968 20524
382.982 20860
382.995 20680
383.009 20744
383.022 21147
383.036 21187
383.049 21246
383.063 21463
383.076 21314
383.090 21440
383.103 21637
383.117 21865
383.130 21965
383.144 21937
383.158 22017
383.171 22459
383.185 22504
383.198 22631
383.212 23176
383.225 23108
383.239 23460
383.252 23838
383.266 23878
383.279 24079
383.293 24138
383.306 24129
383.320 24303
383.333 25114
383.347 25160
383.360 24971
383.374 24980
383.387 25171
383.401 25274
383.414 25193
383.428 25087
383.441 25293
383.455 25353
383.468 25170
383.482 25540
383.496 26363
383.509 26560
383.523 26353
383.536 26180
383.550 26206
383.563 26438
383.577 26577
383.590 26681
383.604 26824
383.617 26571
383.631 26414
383.644 26102
383.658 26252
383.671 26206
383.685 26041
383.698 26165
383.712 26656
383.725 26532
383.739 26430
383.752 25926
383.766 26456
383.779 26209
383.793 26212
383.806 26331
383.820 26918
383.833 26671
383.847 26861
383.860 26762
383.874 26832
383.887 26247
383.901 26402
383.914 26631
383.928 26674
383.941 26343
383.955 25951
383.968 25913
383.982 25831
383.995 25893
384.009 25595
384.022 25656
384.036 25634
384.049 25585
384.063 25480
384.076 25884
384.090 26086
384.103 26293
384.117 26220
384.130 25825
384.144 25003
384.157 24678
384.171 24304
384.184 24191
384.198 24124
384.211 23613
384.225 23685
384.238 23691
384.252 23682
384.265 23473
384.279 23035
384.292 22953
384.306 22558
384.319 22251
384.333 21809
384.346 21086
384.360 20911
384.373 20546
384.387 20291
384.400 19915
384.414 19625
384.427 19231
384.441 18781
384.454 18511
384.468 17902
384.481 17620
384.495 17084
384.508 16791
384.522 16460
384.535 16041
384.549 15656
384.562 15156
384.575 14963
384.589 14517
384.602 14367
384.616 14049
384.629 13860
384.643 13395
384.656 13013
384.670 12661
384.683 12103
384.697 11697
384.710 11381
384.724 11034
384.737 10721
384.751 10441
384.764 10082
384.778 9936
384.791 9541
384.805 9401
384.818 9143
384.832 8736
384.845 8501
384.859 8176
384.872 8036
384.885 7718
384.899 7482
384.912 7212
384.926 6975
384.939 6903
384.953 6752
384.966 6556
384.980 6442
384.993 6220
385.007 6056
385.020 6026
385.034 5855
385.047 5726
385.061 5543
385.074 5473
385.088 5400
385.101 5257
385.114 5146
385.128 5054
385.141 4931
385.155 4942
385.168 4933
385.182 4873
385.195 4856
385.209 4811
385.222 4668
385.236 4590
385.249 4514
385.263 4416
385.276 4330
385.290 4229
385.303 4124
385.316 4062
385.330 4081
385.343 4032
385.357 4014
385.370 3883
385.384 3820
385.397 3807
385.411 3746
385.424 3705
385.438 3592
385.451 3676
385.464 3716
385.478 3677
385.491 3617
385.505 3604
385.518 3511
385.532 3483
385.545 3431
385.559 3357
385.572 3363
385.586 3365
385.599 3341
385.612 3367
385.626 3303
385.639 3306
385.653 3263
385.666 3289
385.680 3267
385.693 3214
385.707 3174
385.720 3139
385.734 3106
385.747 3040
385.760 3042
385.774 3017
385.787 3036
385.801 3002
385.814 2882
385.828 2863
385.841 2868
385.855 2814
385.868 2827
385.881 2808
385.895 2758
385.908 2700
385.922 2757
385.935 2701
385.949 2734
385.962 2691
385.976 2610
385.989 2653
386.002 2655
386.016 2695
386.029 2656
386.043 2613
386.056 2573
386.070 2599
386.083 2540
386.097 2543
386.110 2526
386.123 2558
386.137 2525
386.150 2513
386.164 2499
386.177 2530
386.191 2503
386.204 2438
386.217 2424
386.231 2445
386.244 2413
386.258 2421
386.271 2357
386.285 2418
386.298 2392
386.311 2345
386.325 2324
386.338 2352
386.352 2300
386.365 2302
386.379 2290
386.392 2264
386.405 2226
386.419 2209
386.432 2217
386.446 2257
386.459 2258
386.473 2241
386.486 2159
386.499 2153
386.513 2178
386.526 2128
386.540 2122
386.553 2140
386.567 2122
386.580 2149
386.593 2159
386.607 2192
386.620 2122
386.634 2158
386.647 2137
386.661 2049
386.674 2059
386.687 2047
386.701 2006
386.714 2021
386.728 2032
386.741 2032
386.754 2005
386.768 2016
386.781 2007
386.795 1969
386.808 1929
386.822 1926
386.835 1889
386.848 1899
386.862 1907
386.875 1904
386.889 1911
386.902 1861
386.915 1874
386.929 1848
386.942 1886
386.956 1839
386.969 1827
386.983 1769
386.996 1808
387.009 1858
387.023 1808
387.036 1819
387.050 1774
387.063 1766
387.076 1785
387.090 1784
387.103 1782
387.117 1763
387.130 1755
387.143 1735
387.157 1729
387.170 1749
387.184 1740
387.197 1720
387.210 1697
387.224 1740
387.237 1695
387.251 1640
387.264 1653
387.278 1607
387.291 1656
387.304 1647
387.318 1636
387.331 1638
387.345 1634
387.358 1617
387.371 1624
387.385 1573
387.398 1522
387.412 1534
387.425 1567
387.438 1536
387.452 1531
387.465 1525
387.478 1496
387.492 1495
387.505 1499
387.519 1505
387.532 1517
387.545 1521
387.559 1523
387.572 1499
387.586 1474
387.599 1496
387.612 1484
387.626 1462
387.639 1463
387.653 1464
387.666 1399
387.679 1391
387.693 1402
387.706 1399
387.720 1388
387.733 1389
387.746 1401
387.760 1415
387.773 1389
387.787 1393
387.800 1379
387.813 1322
387.827 1345
387.840 1346
387.853 1313
387.867 1334
387.880 1326
387.894 1330
387.907 1380
387.920 1300
387.934 1306
387.947 1321
387.961 1300
387.974 1299
387.987 1290
388.001 1296
388.014 1277
388.027 1247
388.041 1284
388.054 1255
388.068 1244
388.081 1277
388.094 1254
388.108 1284
388.121 1237
388.134 1234
388.148 1239
388.161 1214
388.175 1211
388.188 1220
388.201 1212
388.215 1217
388.228 1198
388.241 1191
388.255 1188
388.268 1191
388.282 1186
388.295 1196
388.308 1187
388.322 1165
388.335 1195
388.348 1147
388.362 1168
388.375 1165
388.389 1156
388.402 1164
388.415 1169
388.429 1171
388.442 1189
388.455 1194
388.469 1165
388.482 1203
388.495 1183
388.509 1190
388.522 1184
388.536 1168
388.549 1147
388.562 1124
388.576 1169
388.589 1131
388.602 1147
388.616 1143
388.629 1158
388.642 1160
388.656 1123
388.669 1138
388.683 1154
388.696 1151
388.709 1154
388.723 1126
388.736 1162
388.749 1146
388.763 1152
388.776 1139
388.789 1115
388.803 1134
388.816 1108
388.829 1121
388.843 1110
388.856 1106
388.870 1109
388.883 1090
388.896 1101
388.910 1088
388.923 1107
388.936 1128
388.950 1129
388.963 1112
388.976 1113
388.990 1101
389.003 1109
389.016 1100
389.030 1116
389.043 1104
389.056 1118
389.070 1111
389.083 1084
389.097 1100
389.110 1082
389.123 1086
389.137 1102
389.150 1108
389.163 1091
389.177 1059
389.190 1073
389.203 1082
389.217 1076
389.230 1075
389.243 1081
389.257 1065
389.270 1072
389.283 1062
389.297 1094
389.310 1059
389.323 1075
389.337 1089
389.350 1050
389.363 1059
389.377 1063
389.390 1033
389.403 1043
389.417 1050
389.430 1058
389.443 1030
389.457 1049
389.470 1048
389.483 1037
389.497 1054
389.510 1061
389.523 1049
389.537 1044
389.550 1045
389.563 1016
389.577 1030
389.590 1025
389.603 1041
389.617 1024
389.630 1021
389.643 1016
389.657 1018
389.670 1040
389.683 1022
389.697 1017
389.710 997
389.723 1010
389.737 1002
389.750 1032
389.763 1018
389.777 1001
389.790 1005
389.803 994
389.817 1005
389.830 985
389.843 1004
389.857 963
389.870 963
389.883 970
389.897 980
389.910 976
389.923 978
389.937 988
389.950 977
389.963 973
389.977 974
389.990 974
390.003 965
390.017 964
390.030 968
390.043 960
390.057 963
390.070 934
390.083 935
390.096 926
390.110 941
390.123 934
390.136 953
390.150 914
390.163 916
390.176 915
390.190 917
390.203 916
390.216 908
390.230 932
390.243 912
390.256 908
390.270 901
390.283 890
390.296 882
390.310 874
390.323 894
390.336 895
390.349 870
390.363 887
390.376 894
390.389 907
390.403 882
390.416 903
390.429 856
390.443 869
390.456 870
390.469 840
390.483 843
390.496 868
390.509 855
390.522 852
390.536 865
390.549 849
390.562 842
390.576 828
390.589 850
390.602 825
390.616 838
390.629 818
390.642 828
390.655 822
390.669 831
390.682 827
390.695 812
390.709 802
390.722 813
390.735 816
390.749 814
390.762 820
390.775 803
390.788 807
390.802 797
390.815 801
390.828 801
390.842 801
390.855 795
390.868 786
390.882 787
390.895 793
390.908 764
390.921 770
390.935 784
390.948 765
390.961 778
390.975 782
390.988 773
391.001 773
391.014 771
391.028 762
391.041 762
391.054 759
391.068 762
391.081 761
391.094 766
391.107 764
391.121 761
391.134 745
391.147 775
391.161 757
391.174 762
391.187 754
391.200 743
391.214 744
391.227 756
391.240 752
391.254 742
391.267 746
391.280 753
391.293 745
391.307 746
391.320 751
391.333 726
391.347 730
391.360 733
391.373 740
391.386 727
391.400 739
391.413 735
391.426 738
391.440 735
391.453 727
391.466 730
391.479 735
391.493 730
391.506 730
391.519 728
391.532 734
391.546 733
391.559 732
391.572 721
391.586 718
391.599 724
391.612 726
391.625 734
391.639 708
391.652 708
391.665 719
391.678 725
391.692 714
391.705 725
391.718 713
391.732 712
391.745 718
391.758 722
391.771 716
391.785 726
391.798 724
391.811 711
391.824 724
391.838 715
391.851 713
391.864 717
391.877 710
391.891 711
391.904 710
391.917 711
391.931 710
391.944 717
391.957 724
391.970 714
391.984 721
391.997 720
392.010 717
392.023 704
392.037 712
392.050 713
392.063 711
392.076 714
392.090 710
392.103 693
392.116 716
392.129 718
392.143 704
392.156 697
392.169 718
392.182 708
392.196 713
392.209 700
392.222 706
392.235 696
392.249 708
392.262 697
392.275 697
392.288 705
392.302 682
392.315 696
392.328 698
392.341 701
392.355 703
392.368 696
392.381 710
392.394 699
392.408 706
392.421 699
392.434 699
392.447 701
392.461 705
392.474 706
392.487 698
392.500 699
392.514 699
392.527 700
392.540 707
392.553 698
392.567 692
392.580 702
392.593 694
392.606 687
392.620 695
392.633 690
392.646 701
392.659 701
392.673 700
392.686 700
392.699 694
392.712 688
392.726 694
392.739 688
392.752 695
392.765 674
392.778 688
392.792 693
392.805 677
392.818 690
392.831 683
392.845 685
392.858 685
392.871 693
392.884 698
392.898 690
392.911 679
392.924 693
392.937 695
392.951 688
392.964 682
392.977 688
392.990 704
393.003 682
393.017 692
393.030 684
393.043 691
393.056 691
393.070 688
393.083 679
393.096 683
393.109 686
393.122 695
393.136 687
393.149 690
393.162 697
393.175 688
393.189 688
393.202 698
393.215 686
393.228 686
393.242 680
393.255 681
393.268 681
393.281 697
393.294 689
393.308 680
393.321 683
393.334 674
393.347 678
393.360 685
393.374 690
393.387 673
393.400 679
393.413 684
393.427 690
393.440 675
393.453 670
393.466 683
393.479 668
393.493 668
393.506 682
393.519 682
393.532 683
393.546 676
393.559 668
393.572 669
393.585 682
393.598 689
393.612 670
393.625 676
393.638 681
393.651 677
393.664 672
393.678 681
393.691 682
393.704 677
393.717 668
393.730 662
393.744 672
393.757 676
393.770 676
393.783 682
393.796 670
393.810 677
393.823 666
393.836 677
393.849 690
393.863 673
393.876 675
393.889 679
393.902 672
393.915 678
393.929 668
