375.891 799
375.905 841
375.919 817
375.933 840
375.946 839
375.960 822
375.974 831
375.987 834
376.001 826
376.015 849
376.029 841
376.042 832
376.056 853
376.070 858
376.084 846
376.097 865
376.111 852
376.125 838
376.139 871
376.152 860
376.166 869
376.180 869
376.193 876
376.207 862
376.221 878
376.235 865
376.248 909
376.262 893
376.276 929
376.290 909
376.303 908
376.317 898
376.331 898
376.345 912
376.358 904
376.372 908
376.386 933
376.399 902
376.413 950
376.427 963
376.441 943
376.454 939
376.468 948
376.482 939
376.495 976
376.509 994
376.523 943
376.537 976
376.550 988
376.564 1006
376.578 989
376.592 980
376.605 1007
376.619 1022
376.633 994
376.646 997
376.660 983
376.674 1006
376.688 975
376.701 1003
376.715 1006
376.729 1027
376.742 1038
376.756 1045
376.770 1049
376.784 1066
376.797 1038
376.811 1062
376.825 1054
376.838 1082
376.852 1104
376.866 1093
376.880 1091
376.893 1088
376.907 1089
376.921 1093
376.934 1088
376.948 1118
376.962 1135
376.976 1117
376.989 1143
377.003 1139
377.017 1156
377.030 1157
377.044 1142
377.058 1202
377.071 1202
377.085 1170
377.099 1180
377.113 1149
377.126 1180
377.140 1181
377.154 1180
377.167 1212
377.181 1230
377.195 1238
377.208 1249
377.222 1198
377.236 1220
377.250 1243
377.263 1207
377.277 1266
377.291 1254
377.304 1249
377.318 1283
377.332 1300
377.345 1278
377.359 1267
377.373 1272
377.387 1330
377.400 1350
377.414 1286
377.428 1307
377.441 1317
377.455 1335
377.469 1328
377.482 1324
377.496 1340
377.510 1375
377.524 1368
377.537 1387
377.551 1344
377.565 1348
377.578 1378
377.592 1392
377.606 1367
377.619 1399
377.633 1377
377.647 1403
377.660 1425
377.674 1424
377.688 1388
377.701 1412
377.715 1390
377.729 1410
377.743 1445
377.756 1404
377.770 1405
377.784 1428
377.797 1433
377.811 1440
377.825 1466
377.838 1465
377.852 1450
377.866 1435
377.879 1481
377.893 1483
377.907 1504
377.920 1462
377.934 1483
377.948 1492
377.961 1488
377.975 1514
377.989 1474
378.002 1519
378.016 1482
378.030 1507
378.044 1471
378.057 1499
378.071 1509
378.085 1569
378.098 1553
378.112 1508
378.126 1523
378.139 1509
378.153 1494
378.167 1516
378.180 1546
378.194 1532
378.208 1545
378.221 1541
378.235 1550
378.249 1545
378.262 1541
378.276 1562
378.290 1584
378.303 1590
378.317 1595
378.331 1590
378.344 1584
378.358 1604
378.372 1588
378.385 1614
378.399 1619
378.413 1620
378.426 1597
378.440 1637
378.454 1635
378.467 1630
378.481 1598
378.495 1650
378.508 1604
378.522 1616
378.536 1645
378.549 1681
378.563 1667
378.577 1630
378.590 1681
378.604 1657
378.618 1685
378.631 1714
378.645 1670
378.659 1712
378.672 1719
378.686 1740
378.700 1751
378.713 1765
378.727 1729
378.740 1768
378.754 1743
378.768 1788
378.781 1799
378.795 1816
378.809 1796
378.822 1794
378.836 1800
378.850 1736
378.863 1756
378.877 1792
378.891 1808
378.904 1793
378.918 1801
378.932 1821
378.945 1825
378.959 1781
378.973 1791
378.986 1794
379.000 1798
379.014 1842
379.027 1843
379.041 1803
379.054 1842
379.068 1884
379.082 1852
379.095 1857
379.109 1879
379.123 1908
379.136 1858
379.150 1860
379.164 1919
379.177 1917
379.191 1909
379.205 1938
379.218 1936
379.232 1922
379.245 1988
379.259 1973
379.273 1979
379.286 1998
379.300 1972
379.314 2025
379.327 1998
379.341 2024
379.355 2055
379.368 2079
379.382 2083
379.396 2071
379.409 2101
379.423 2115
379.436 2085
379.450 2149
379.464 2141
379.477 2165
379.491 2189
379.505 2226
379.518 2187
379.532 2217
379.546 2267
379.559 2290
379.573 2280
379.586 2306
379.600 2259
379.614 2375
379.627 2386
379.641 2376
379.655 2400
379.668 2419
379.682 2373
379.695 2452
379.709 2446
379.723 2468
379.736 2553
379.750 2661
379.764 2678
379.777 2650
379.791 2674
379.804 2758
379.818 2758
379.832 2722
379.845 2665
379.859 2772
379.873 2731
379.886 2764
379.900 2736
379.913 2876
379.927 2894
379.941 2934
379.954 3013
379.968 2978
379.982 3034
379.995 3043
380.009 3044
380.022 3133
380.036 3100
380.050 3164
380.063 3279
380.077 3435
380.090 3398
380.104 3446
380.118 3511
380.131 3596
380.145 3614
380.159 3619
380.172 3693
380.186 3680
380.199 3759
380.213 3907
380.227 3896
380.240 3972
380.254 3874
380.267 3897
380.281 3935
380.295 4040
380.308 3961
380.322 4134
380.336 4214
380.349 4306
380.363 4258
380.376 4356
380.390 4366
380.404 4451
380.417 4536
380.431 4556
380.444 4621
380.458 4697
380.472 4767
380.485 4812
380.499 4863
380.512 4976
380.526 4987
380.540 5036
380.553 5070
380.567 5208
380.580 5228
380.594 5364
380.608 5471
380.621 5687
380.635 5712
380.648 5730
380.662 5811
380.676 5820
380.689 5892
380.703 6081
380.716 6048
380.730 6193
380.744 6159
380.757 6442
380.771 6491
380.784 6580
380.798 6618
380.812 6729
380.825 6770
380.839 6875
380.852 7044
380.866 7265
380.880 7281
380.893 7247
380.907 7298
380.920 7329
380.934 7382
380.948 7533
380.961 7706
380.975 7737
380.988 7866
381.002 7766
381.015 7791
381.029 7882
381.043 8049
381.056 8087
381.070 8086
381.083 8274
381.097 8362
381.111 8534
381.124 8580
381.138 8665
381.151 8613
381.165 8925
381.179 8834
381.192 8788
381.206 8885
381.219 8981
381.233 8933
381.246 9085
381.260 9124
381.274 9307
381.287 9442
381.301 9454
381.314 9569
381.328 9569
381.341 9615
381.355 9777
381.369 9705
381.382 9715
381.396 9798
381.409 10045
381.423 10275
381.437 10452
381.450 10315
381.464 10514
381.477 10811
381.491 10827
381.504 10693
381.518 10896
381.532 10917
381.545 11200
381.559 11474
381.572 11497
381.586 11492
381.599 11605
381.613 11552
381.627 11611
381.640 11654
381.654 11851
381.667 11958
381.681 11945
381.694 11938
381.708 11736
381.722 11593
381.735 11841
381.749 11856
381.762 11978
381.776 12131
381.789 12019
381.803 11990
381.817 12146
381.830 12316
381.844 12159
381.857 12473
381.871 12629
381.884 12565
381.898 12629
381.911 12620
381.925 12677
381.939 12805
381.952 12871
381.966 12928
381.979 12955
381.993 13155
382.006 13380
382.020 13534
382.034 13639
382.047 13570
382.061 13603
382.074 13282
382.088 13573
382.101 13583
382.115 13687
382.128 13731
382.142 14149
382.156 14731
382.169 14866
382.183 14622
382.196 14511
382.210 14580
382.223 14583
382.237 14556
382.250 14601
382.264 14776
382.278 14920
382.291 15009
382.305 15191
382.318 15465
382.332 15662
382.345 15225
382.359 15143
382.372 15172
382.386 15191
382.399 15220
382.413 15265
382.427 15259
382.440 15599
382.454 15669
382.467 15776
382.481 16049
382.494 16319
382.508 16791
382.521 16842
382.535 16604
382.548 16453
382.562 16442
382.576 16798
382.589 16653
382.603 16972
382.616 17056
382.630 17260
382.643 17457
382.657 17611
382.670 17621
382.684 17686
382.697 17504
382.711 17631
382.724 17920
382.738 17835
382.752 17891
382.765 18080
382.779 18133
382.792 18215
382.806 18331
382.819 18478
382.833 18915
382.846 18873
382.860 18942
382.873 18996
382.887 19104
382.900 19314
382.914 19608
382.928 19763
382.941 19918
382.955 19778
382.968 20107
382.982 20604
382.995 20460
383.009 20413
383.022 20819
383.036 20805
383.049 21040
383.063 21163
383.076 21210
383.090 21287
383.103 21249
383.117 21487
383.130 21597
383.144 21468
383.158 21806
383.171 22124
383.185 22094
383.198 22304
383.212 22559
383.225 22884
383.239 23020
383.252 23292
383.266 23483
383.279 23398
383.293 23568
383.306 23873
383.320 24018
383.333 24620
383.347 24675
383.360 24647
383.374 24569
383.387 24774
383.401 25005
383.414 24840
383.428 24607
383.441 24660
383.455 24749
383.468 24670
383.482 24946
383.496 25651
383.509 25801
383.523 25726
383.536 25840
383.550 25698
383.563 26044
383.577 26190
383.590 26290
383.604 26367
383.617 25817
383.631 25713
383.644 25644
383.658 25595
383.671 25561
383.685 25694
383.698 25894
383.712 26009
383.725 26029
383.739 25962
383.752 25894
383.766 25747
383.779 25775
383.793 25759
383.806 25871
383.820 26187
383.833 26264
383.847 26263
383.860 26467
383.874 26277
383.887 25644
383.901 25703
383.914 26057
383.928 26053
383.941 25846
383.955 25492
383.968 25494
383.982 25207
383.995 25209
384.009 25090
384.022 25063
384.036 25133
384.049 24802
384.063 24932
384.076 25277
384.090 25340
384.103 25481
384.117 25497
384.130 25085
384.144 24431
384.157 24290
384.171 23490
384.184 23502
384.198 23482
384.211 23139
384.225 22966
384.238 23118
384.252 23018
384.265 22705
384.279 22514
384.292 22166
384.306 21706
384.319 21241
384.333 20727
384.346 20206
384.360 19937
384.373 19786
384.387 19022
384.400 18938
384.414 18477
384.427 18316
384.441 17718
384.454 17285
384.468 16884
384.481 16515
384.495 16098
384.508 15598
384.522 15224
384.535 14941
384.549 14338
384.562 14069
384.575 13746
384.589 13468
384.602 13243
384.616 12980
384.629 12486
384.643 12171
384.656 11835
384.670 11284
384.683 10904
384.697 10444
384.710 10222
384.724 9890
384.737 9486
384.751 9250
384.764 9039
384.778 8785
384.791 8626
384.805 8482
384.818 8244
384.832 7885
384.845 7724
384.859 7453
384.872 7230
384.885 6999
384.899 6957
384.912 6609
384.926 6498
384.939 6329
384.953 6279
384.966 6090
384.980 5951
384.993 5955
385.007 5788
385.020 5690
385.034 5628
385.047 5525
385.061 5398
385.074 5321
385.088 5148
385.101 5121
385.114 5019
385.128 4970
385.141 4886
385.155 4789
385.168 4820
385.182 4784
385.195 4706
385.209 4628
385.222 4552
385.236 4444
385.249 4355
385.263 4352
385.276 4277
385.290 4201
385.303 4096
385.316 4039
385.330 4059
385.343 4074
385.357 3911
385.370 3918
385.384 3891
385.397 3715
385.411 3713
385.424 3696
385.438 3703
385.451 3606
385.464 3603
385.478 3566
385.491 3504
385.505 3500
385.518 3476
385.532 3446
385.545 3435
385.559 3322
385.572 3300
385.586 3290
385.599 3307
385.612 3312
385.626 3297
385.639 3189
385.653 3284
385.666 3273
385.680 3212
385.693 3164
385.707 3127
385.720 3096
385.734 3025
385.747 2973
385.760 2935
385.774 2984
385.787 2976
385.801 2998
385.814 2899
385.828 2871
385.841 2829
385.855 2754
385.868 2798
385.881 2784
385.895 2730
385.908 2739
385.922 2753
385.935 2695
385.949 2690
385.962 2634
385.976 2675
385.989 2687
386.002 2646
386.016 2630
386.029 2612
386.043 2573
386.056 2579
386.070 2523
386.083 2581
386.097 2563
386.110 2556
386.123 2500
386.137 2524
386.150 2458
386.164 2446
386.177 2460
386.191 2442
386.204 2413
386.217 2385
386.231 2435
386.244 2411
386.258 2398
386.271 2331
386.285 2365
386.298 2388
386.311 2373
386.325 2323
386.338 2282
386.352 2274
386.365 2243
386.379 2264
386.392 2226
386.405 2247
386.419 2221
386.432 2234
386.446 2224
386.459 2241
386.473 2198
386.486 2189
386.499 2137
386.513 2119
386.526 2111
386.540 2144
386.553 2124
386.567 2109
386.580 2092
386.593 2125
386.607 2080
386.620 2126
386.634 2112
386.647 2144
386.661 2081
386.674 2060
386.687 2053
386.701 1973
386.714 2015
386.728 2000
386.741 1976
386.754 1980
386.768 1975
386.781 1956
386.795 1966
386.808 1976
386.822 1937
386.835 1883
386.848 1897
386.862 1870
386.875 1870
386.889 1877
386.902 1838
386.915 1856
386.929 1847
386.942 1866
386.956 1804
386.969 1820
386.983 1816
386.996 1790
387.009 1775
387.023 1747
387.036 1816
387.050 1810
387.063 1765
387.076 1740
387.090 1749
387.103 1722
387.117 1794
387.130 1743
387.143 1718
387.157 1801
387.170 1740
387.184 1674
387.197 1678
387.210 1660
387.224 1668
387.237 1660
387.251 1670
387.264 1628
387.278 1596
387.291 1643
387.304 1653
387.318 1613
387.331 1589
387.345 1607
387.358 1588
387.371 1560
387.385 1536
387.398 1581
387.412 1569
387.425 1568
387.438 1532
387.452 1506
387.465 1505
387.478 1500
387.492 1501
387.505 1511
387.519 1511
387.532 1473
387.545 1514
387.559 1502
387.572 1487
387.586 1461
387.599 1457
387.612 1495
387.626 1482
387.639 1466
387.653 1458
387.666 1412
387.679 1387
387.693 1368
387.706 1340
387.720 1393
387.733 1374
387.746 1402
387.760 1395
387.773 1402
387.787 1351
387.800 1410
387.813 1359
387.827 1354
387.840 1335
387.853 1322
387.867 1363
387.880 1346
387.894 1383
387.907 1332
387.920 1333
387.934 1287
387.947 1314
387.961 1342
387.974 1310
387.987 1326
388.001 1321
388.014 1246
388.027 1246
388.041 1267
388.054 1280
388.068 1238
388.081 1255
388.094 1253
388.108 1248
388.121 1239
388.134 1252
388.148 1268
388.161 1197
388.175 1211
388.188 1216
388.201 1248
388.215 1221
388.228 1195
388.241 1217
388.255 1248
388.268 1207
388.282 1196
388.295 1210
388.308 1220
388.322 1182
388.335 1174
388.348 1168
388.362 1193
388.375 1205
388.389 1186
388.402 1181
388.415 1152
388.429 1193
388.442 1211
388.455 1180
388.469 1198
388.482 1172
388.495 1191
388.509 1203
388.522 1194
388.536 1172
388.549 1140
388.562 1168
388.576 1150
388.589 1147
388.602 1174
388.616 1157
388.629 1140
388.642 1166
388.656 1158
388.669 1152
388.683 1138
388.696 1160
388.709 1166
388.723 1172
388.736 1134
388.749 1164
388.763 1114
388.776 1150
388.789 1144
388.803 1123
388.816 1161
388.829 1139
388.843 1100
388.856 1129
388.870 1109
388.883 1110
388.896 1107
388.910 1103
388.923 1117
388.936 1118
388.950 1137
388.963 1121
388.976 1114
388.990 1101
389.003 1088
389.016 1112
389.030 1132
389.043 1112
389.056 1140
389.070 1116
389.083 1108
389.097 1106
389.110 1106
389.123 1061
389.137 1078
389.150 1118
389.163 1073
389.177 1068
389.190 1087
389.203 1078
389.217 1083
389.230 1061
389.243 1091
389.257 1084
389.270 1073
389.283 1087
389.297 1069
389.310 1058
389.323 1047
389.337 1081
389.350 1076
389.363 1071
389.377 1087
389.390 1075
389.403 1064
389.417 1046
389.430 1061
389.443 1060
389.457 1056
389.470 1061
389.483 1041
389.497 1062
389.510 1052
389.523 1054
389.537 1047
389.550 1057
389.563 1049
389.577 1033
389.590 1014
389.603 1050
389.617 1021
389.630 1019
389.643 1029
389.657 1020
389.670 1006
389.683 1033
389.697 1020
389.710 1001
389.723 1008
389.737 1002
389.750 1033
389.763 1004
389.777 993
389.790 1021
389.803 1005
389.817 1015
389.830 985
389.843 1008
389.857 981
389.870 956
389.883 960
389.897 971
389.910 975
389.923 985
389.937 945
389.950 967
389.963 974
389.977 989
389.990 989
390.003 959
390.017 962
390.030 958
390.043 954
390.057 928
390.070 947
390.083 940
390.096 946
390.110 928
390.123 922
390.136 923
390.150 952
390.163 927
390.176 915
390.190 901
390.203 908
390.216 906
390.230 901
390.243 897
390.256 900
390.270 904
390.283 887
390.296 898
390.310 884
390.323 900
390.336 897
390.349 883
390.363 873
390.376 873
390.389 885
390.403 878
390.416 867
390.429 869
390.443 850
390.456 884
390.469 846
390.483 840
390.496 854
390.509 821
390.522 836
390.536 847
390.549 854
390.562 838
390.576 814
390.589 823
390.602 820
390.616 818
390.629 826
390.642 812
390.655 807
390.669 836
390.682 822
390.695 804
390.709 798
390.722 827
390.735 806
390.749 809
390.762 810
390.775 787
390.788 807
390.802 806
390.815 785
390.828 791
390.842 803
390.855 783
390.868 794
390.882 802
390.895 775
390.908 791
390.921 796
390.935 776
390.948 773
390.961 787
390.975 772
390.988 783
391.001 768
391.014 782
391.028 762
391.041 761
391.054 753
391.068 766
391.081 762
391.094 761
391.107 764
391.121 770
391.134 753
391.147 761
391.161 765
391.174 756
391.187 767
391.200 753
391.214 752
391.227 754
391.240 744
391.254 741
391.267 734
391.280 741
391.293 727
391.307 741
391.320 752
391.333 746
391.347 740
391.360 737
391.373 732
391.386 729
391.400 724
391.413 729
391.426 751
391.440 731
391.453 733
391.466 733
391.479 719
391.493 729
391.506 717
391.519 729
391.532 737
391.546 729
391.559 752
391.572 733
391.586 731
391.599 715
391.612 729
391.625 719
391.639 731
391.652 726
391.665 733
391.678 708
391.692 717
391.705 731
391.718 712
391.732 726
391.745 724
391.758 726
391.771 720
391.785 727
391.798 716
391.811 724
391.824 712
391.838 717
391.851 717
391.864 701
391.877 694
391.891 693
391.904 691
391.917 728
391.931 722
391.944 718
391.957 720
391.970 716
391.984 708
391.997 722
392.010 727
392.023 724
392.037 703
392.050 716
392.063 695
392.076 720
392.090 712
392.103 708
392.116 702
392.129 714
392.143 701
392.156 697
392.169 716
392.182 714
392.196 701
392.209 709
392.222 704
392.235 693
392.249 699
392.262 710
392.275 695
392.288 700
392.302 708
392.315 693
392.328 704
392.341 714
392.355 709
392.368 694
392.381 710
392.394 694
392.408 711
392.421 707
392.434 716
392.447 709
392.461 699
392.474 706
392.487 697
392.500 697
392.514 698
392.527 689
392.540 698
392.553 693
392.567 700
392.580 692
392.593 692
392.606 697
392.620 694
392.633 687
392.646 693
392.659 691
392.673 706
392.686 705
392.699 695
392.712 686
392.726 692
392.739 703
392.752 678
392.765 689
392.778 695
392.792 684
392.805 704
392.818 696
392.831 704
392.845 695
392.858 691
392.871 682
392.884 690
392.898 688
392.911 695
392.924 692
392.937 695
392.951 687
392.964 684
392.977 690
392.990 688
393.003 677
393.017 688
393.030 696
393.043 696
393.056 694
393.070 692
393.083 692
393.096 699
393.109 686
393.122 698
393.136 688
393.149 696
393.162 690
393.175 686
393.189 681
393.202 694
393.215 690
393.228 681
393.242 688
393.255 684
393.268 678
393.281 698
393.294 684
393.308 679
393.321 687
393.334 680
393.347 686
393.360 678
393.374 674
393.387 668
393.400 674
393.413 677
393.427 678
393.440 673
393.453 686
393.466 678
393.479 672
393.493 671
393.506 690
393.519 664
393.532 687
393.546 674
393.559 675
393.572 682
393.585 681
393.598 677
393.612 686
393.625 668
393.638 679
393.651 665
393.664 673
393.678 675
393.691 679
393.704 681
393.717 678
393.730 671
393.744 688
393.757 676
393.770 676
393.783 676
393.796 683
393.810 681
393.823 675
393.836 673
393.849 670
393.863 681
393.876 674
393.889 675
393.902 674
393.915 670
393.929 680
