375.891 815
375.905 826
375.919 832
375.933 811
375.946 819
375.960 849
375.974 838
375.987 841
376.001 854
376.015 837
376.029 837
376.042 846
376.056 866
376.070 859
376.084 862
376.097 864
376.111 870
376.125 885
376.139 874
376.152 885
376.166 886
376.180 909
376.193 921
376.207 901
376.221 913
376.235 891
376.248 898
376.262 912
376.276 940
376.290 904
376.303 884
376.317 908
376.331 910
376.345 925
376.358 929
376.372 921
376.386 938
376.399 941
376.413 930
376.427 948
376.441 974
376.454 964
376.468 948
376.482 958
376.495 971
376.509 963
376.523 998
376.537 1012
376.550 1011
376.564 1003
376.578 972
376.592 1019
376.605 1014
376.619 992
376.633 1004
376.646 1000
376.660 1011
376.674 1031
376.688 994
376.701 1025
376.715 1024
376.729 1041
376.742 1029
376.756 1059
376.770 1063
376.784 1064
376.797 1070
376.811 1093
376.825 1100
376.838 1089
376.852 1116
376.866 1142
376.880 1118
376.893 1098
376.907 1073
376.921 1120
376.934 1101
376.948 1094
376.962 1151
376.976 1138
376.989 1150
377.003 1148
377.017 1167
377.030 1188
377.044 1206
377.058 1193
377.071 1198
377.085 1182
377.099 1194
377.113 1198
377.126 1177
377.140 1213
377.154 1225
377.167 1221
377.181 1234
377.195 1222
377.208 1233
377.222 1240
377.236 1234
377.250 1259
377.263 1260
377.277 1263
377.291 1284
377.304 1292
377.318 1270
377.332 1305
377.345 1298
377.359 1302
377.373 1307
377.387 1296
377.400 1323
377.414 1301
377.428 1305
377.441 1312
377.455 1305
377.469 1362
377.482 1322
377.496 1374
377.510 1406
377.524 1385
377.537 1413
377.551 1376
377.565 1364
377.578 1391
377.592 1351
377.606 1427
377.619 1417
377.633 1402
377.647 1397
377.660 1431
377.674 1394
377.688 1415
377.701 1416
377.715 1413
377.729 1447
377.743 1436
377.756 1458
377.770 1448
377.784 1471
377.797 1415
377.811 1460
377.825 1454
377.838 1449
377.852 1491
377.866 1494
377.879 1487
377.893 1493
377.907 1542
377.920 1534
377.934 1497
377.948 1509
377.961 1528
377.975 1502
377.989 1518
378.002 1505
378.016 1494
378.030 1512
378.044 1523
378.057 1521
378.071 1504
378.085 1525
378.098 1515
378.112 1529
378.126 1528
378.139 1525
378.153 1540
378.167 1538
378.180 1557
378.194 1533
378.208 1588
378.221 1567
378.235 1554
378.249 1584
378.262 1553
378.276 1539
378.290 1585
378.303 1557
378.317 1571
378.331 1566
378.344 1573
378.358 1559
378.372 1600
378.385 1613
378.399 1599
378.413 1633
378.426 1623
378.440 1626
378.454 1652
378.467 1633
378.481 1595
378.495 1635
378.508 1607
378.522 1620
378.536 1642
378.549 1664
378.563 1637
378.577 1635
378.590 1656
378.604 1649
378.618 1680
378.631 1660
378.645 1651
378.659 1688
378.672 1677
378.686 1734
378.700 1739
378.713 1761
378.727 1760
378.740 1731
378.754 1756
378.768 1741
378.781 1758
378.795 1820
378.809 1829
378.822 1799
378.836 1763
378.850 1735
378.863 1772
378.877 1811
378.891 1791
378.904 1793
378.918 1822
378.932 1838
378.945 1828
378.959 1783
378.973 1828
378.986 1832
379.000 1839
379.014 1827
379.027 1858
379.041 1828
379.054 1865
379.068 1847
379.082 1837
379.095 1866
379.109 1856
379.123 1882
379.136 1879
379.150 1901
379.164 1847
379.177 1900
379.191 1865
379.205 1894
379.218 1945
379.232 1968
379.245 1977
379.259 1955
379.273 1951
379.286 1980
379.300 1958
379.314 1995
379.327 2000
379.341 1993
379.355 2056
379.368 2070
379.382 2071
379.396 2081
379.409 2098
379.423 2135
379.436 2127
379.450 2139
379.464 2168
379.477 2155
379.491 2215
379.505 2145
379.518 2213
379.532 2168
379.546 2246
379.559 2273
379.573 2291
379.586 2259
379.600 2331
379.614 2345
379.627 2436
379.641 2405
379.655 2403
379.668 2383
379.682 2366
379.695 2394
379.709 2428
379.723 2421
379.736 2552
379.750 2622
379.764 2656
379.777 2684
379.791 2667
379.804 2731
379.818 2775
379.832 2688
379.845 2690
379.859 2681
379.873 2756
379.886 2731
379.900 2759
379.913 2817
379.927 2822
379.941 2877
379.954 2990
379.968 3019
379.982 3019
379.995 3046
380.009 3018
380.022 3110
380.036 3092
380.050 3124
380.063 3231
380.077 3364
380.090 3426
380.104 3442
380.118 3520
380.131 3528
380.145 3542
380.159 3545
380.172 3659
380.186 3699
380.199 3789
380.213 3889
380.227 3875
380.240 3973
380.254 3868
380.267 3903
380.281 3977
380.295 4023
380.308 4086
380.322 4122
380.336 4156
380.349 4221
380.363 4321
380.376 4323
380.390 4395
380.404 4455
380.417 4475
380.431 4564
380.444 4605
380.458 4686
380.472 4767
380.485 4748
380.499 4852
380.512 4953
380.526 4928
380.540 4999
380.553 5010
380.567 5124
380.580 5214
380.594 5409
380.608 5475
380.621 5660
380.635 5677
380.648 5735
380.662 5848
380.676 5823
380.689 5902
380.703 5964
380.716 6026
380.730 6114
380.744 6237
380.757 6382
380.771 6516
380.784 6588
380.798 6509
380.812 6610
380.825 6767
380.839 6798
380.852 6971
380.866 7085
380.880 7243
380.893 7220
380.907 7148
380.920 7258
380.934 7444
380.948 7503
380.961 7568
380.975 7765
380.988 7740
381.002 7622
381.015 7754
381.029 7921
381.043 8052
381.056 8201
381.070 8154
381.083 8118
381.097 8134
381.111 8455
381.124 8533
381.138 8635
381.151 8760
381.165 8769
381.179 8834
381.192 8693
381.206 8764
381.219 8881
381.233 8997
381.246 9059
381.260 9118
381.274 9289
381.287 9188
381.301 9329
381.314 9567
381.328 9509
381.341 9518
381.355 9691
381.369 9724
381.382 9782
381.396 9781
381.409 10127
381.423 10108
381.437 10276
381.450 10435
381.464 10464
381.477 10704
381.491 10781
381.504 10786
381.518 10804
381.532 10958
381.545 10993
381.559 11349
381.572 11424
381.586 11463
381.599 11509
381.613 11509
381.627 11689
381.640 11850
381.654 11708
381.667 11837
381.681 11884
381.694 11938
381.708 11680
381.722 11656
381.735 11694
381.749 11800
381.762 11870
381.776 11953
381.789 11988
381.803 12076
381.817 12127
381.830 12187
381.844 12414
381.857 12462
381.871 12632
381.884 12631
381.898 12523
381.911 12755
381.925 12869
381.939 12956
381.952 13053
381.966 13085
381.979 13055
381.993 13380
382.006 13629
382.020 13809
382.034 13670
382.047 13694
382.061 13658
382.074 13641
382.088 13730
382.101 13700
382.115 13810
382.128 13871
382.142 14235
382.156 14876
382.169 14803
382.183 14663
382.196 14773
382.210 14829
382.223 14807
382.237 14985
382.250 14899
382.264 14963
382.278 15194
382.291 15338
382.305 15575
382.318 15827
382.332 15936
382.345 15364
382.359 15357
382.372 15448
382.386 15559
382.399 15602
382.413 15682
382.427 15781
382.440 15877
382.454 16094
382.467 16293
382.481 16573
382.494 16956
382.508 17136
382.521 17242
382.535 16969
382.548 17235
382.562 17225
382.576 17172
382.589 17254
382.603 17329
382.616 17625
382.630 17810
382.643 17902
382.657 18059
382.670 18217
382.684 18357
382.697 18109
382.711 18307
382.724 18517
382.738 18461
382.752 18734
382.765 18999
382.779 18873
382.792 18956
382.806 19347
382.819 19359
382.833 19437
382.846 19634
382.860 19918
382.873 19931
382.887 20134
382.900 20185
382.914 20689
382.928 20751
382.941 20782
382.955 21080
382.968 21100
382.982 21476
382.995 21418
383.009 21610
383.022 21725
383.036 21793
383.049 22168
383.063 22227
383.076 22258
383.090 22276
383.103 22410
383.117 22776
383.130 22790
383.144 22923
383.158 23004
383.171 23077
383.185 23118
383.198 23590
383.212 23844
383.225 24143
383.239 24321
383.252 24518
383.266 24905
383.279 24901
383.293 24898
383.306 25051
383.320 25408
383.333 25954
383.347 26166
383.360 26041
383.374 25798
383.387 26036
383.401 26438
383.414 26393
383.428 25978
383.441 26412
383.455 26358
383.468 26115
383.482 26367
383.496 27235
383.509 27338
383.523 27052
383.536 27150
383.550 27244
383.563 27199
383.577 27645
383.590 27885
383.604 27680
383.617 27348
383.631 27436
383.644 26820
383.658 27308
383.671 27322
383.685 27337
383.698 27506
383.712 27686
383.725 27636
383.739 27440
383.752 27162
383.766 27277
383.779 27271
383.793 27401
383.806 27529
383.820 27995
383.833 28137
383.847 27820
383.860 27954
383.874 28089
383.887 27093
383.901 27431
383.914 27651
383.928 27852
383.941 27489
383.955 27101
383.968 26782
383.982 26991
383.995 27028
384.009 26742
384.022 26649
384.036 26445
384.049 26461
384.063 26605
384.076 27138
384.090 27257
384.103 27588
384.117 27333
384.130 26659
384.144 26007
384.157 25732
384.171 25314
384.184 24976
384.198 24857
384.211 24626
384.225 24823
384.238 24871
384.252 24802
384.265 24359
384.279 24058
384.292 23970
384.306 23576
384.319 23108
384.333 22610
384.346 21889
384.360 21737
384.373 21421
384.387 21030
384.400 20801
384.414 20365
384.427 19916
384.441 19390
384.454 19157
384.468 18677
384.481 18341
384.495 18060
384.508 17746
384.522 17083
384.535 16804
384.549 16318
384.562 15944
384.575 15430
384.589 15181
384.602 15036
384.616 14601
384.629 14407
384.643 13777
384.656 13639
384.670 13122
384.683 12601
384.697 12267
384.710 11821
384.724 11528
384.737 11159
384.751 10782
384.764 10626
384.778 10283
384.791 10092
384.805 9781
384.818 9537
384.832 9050
384.845 8921
384.859 8748
384.872 8367
384.885 8076
384.899 7805
384.912 7584
384.926 7508
384.939 7263
384.953 7026
384.966 6955
384.980 6634
384.993 6685
385.007 6542
385.020 6372
385.034 6243
385.047 6020
385.061 5962
385.074 5816
385.088 5694
385.101 5546
385.114 5411
385.128 5418
385.141 5263
385.155 5261
385.168 5278
385.182 5237
385.195 5193
385.209 5051
385.222 4928
385.236 4892
385.249 4782
385.263 4739
385.276 4628
385.290 4533
385.303 4421
385.316 4368
385.330 4293
385.343 4358
385.357 4203
385.370 4155
385.384 4150
385.397 3968
385.411 3993
385.424 3916
385.438 3930
385.451 3873
385.464 3859
385.478 3814
385.491 3818
385.505 3783
385.518 3736
385.532 3691
385.545 3630
385.559 3522
385.572 3505
385.586 3506
385.599 3491
385.612 3497
385.626 3546
385.639 3482
385.653 3441
385.666 3501
385.680 3438
385.693 3365
385.707 3326
385.720 3308
385.734 3289
385.747 3186
385.760 3180
385.774 3184
385.787 3152
385.801 3108
385.814 3027
385.828 3051
385.841 2993
385.855 3018
385.868 2912
385.881 2884
385.895 2928
385.908 2904
385.922 2865
385.935 2871
385.949 2812
385.962 2833
385.976 2802
385.989 2823
386.002 2837
386.016 2773
386.029 2813
386.043 2761
386.056 2684
386.070 2691
386.083 2633
386.097 2690
386.110 2694
386.123 2709
386.137 2646
386.150 2650
386.164 2589
386.177 2609
386.191 2602
386.204 2546
386.217 2516
386.231 2513
386.244 2537
386.258 2547
386.271 2529
386.285 2554
386.298 2515
386.311 2470
386.325 2430
386.338 2399
386.352 2382
386.365 2408
386.379 2354
386.392 2381
386.405 2393
386.419 2370
386.432 2355
386.446 2373
386.459 2355
386.473 2320
386.486 2302
386.499 2263
386.513 2299
386.526 2272
386.540 2245
386.553 2225
386.567 2245
386.580 2310
386.593 2235
386.607 2286
386.620 2246
386.634 2250
386.647 2236
386.661 2252
386.674 2156
386.687 2171
386.701 2144
386.714 2101
386.728 2131
386.741 2129
386.754 2129
386.768 2057
386.781 2057
386.795 2019
386.808 2057
386.822 2023
386.835 2023
386.848 2016
386.862 1970
386.875 1964
386.889 1946
386.902 1969
386.915 1918
386.929 1944
386.942 1920
386.956 1912
386.969 1883
386.983 1852
386.996 1898
387.009 1847
387.023 1856
387.036 1883
387.050 1836
387.063 1865
387.076 1833
387.090 1869
387.103 1838
387.117 1807
387.130 1808
387.143 1844
387.157 1814
387.170 1840
387.184 1771
387.197 1788
387.210 1761
387.224 1775
387.237 1738
387.251 1756
387.264 1700
387.278 1684
387.291 1744
387.304 1709
387.318 1720
387.331 1709
387.345 1663
387.358 1675
387.371 1653
387.385 1641
387.398 1625
387.412 1636
387.425 1619
387.438 1567
387.452 1577
387.465 1545
387.478 1530
387.492 1548
387.505 1524
387.519 1545
387.532 1580
387.545 1557
387.559 1564
387.572 1584
387.586 1542
387.599 1523
387.612 1523
387.626 1552
387.639 1548
387.653 1495
387.666 1472
387.679 1437
387.693 1419
387.706 1443
387.720 1430
387.733 1463
387.746 1455
387.760 1436
387.773 1454
387.787 1428
387.800 1412
387.813 1408
387.827 1427
387.840 1378
387.853 1354
387.867 1388
387.880 1391
387.894 1398
387.907 1424
387.920 1401
387.934 1332
387.947 1388
387.961 1341
387.974 1350
387.987 1343
388.001 1341
388.014 1328
388.027 1341
388.041 1311
388.054 1298
388.068 1287
388.081 1332
388.094 1299
388.108 1280
388.121 1315
388.134 1262
388.148 1253
388.161 1258
388.175 1247
388.188 1243
388.201 1234
388.215 1226
388.228 1218
388.241 1233
388.255 1230
388.268 1230
388.282 1238
388.295 1238
388.308 1219
388.322 1230
388.335 1209
388.348 1180
388.362 1206
388.375 1202
388.389 1211
388.402 1225
388.415 1253
388.429 1195
388.442 1212
388.455 1218
388.469 1195
388.482 1198
388.495 1205
388.509 1212
388.522 1224
388.536 1189
388.549 1173
388.562 1193
388.576 1161
388.589 1172
388.602 1176
388.616 1167
388.629 1172
388.642 1182
388.656 1186
388.669 1161
388.683 1176
388.696 1190
388.709 1181
388.723 1183
388.736 1177
388.749 1130
388.763 1178
388.776 1169
388.789 1158
388.803 1153
388.816 1160
388.829 1135
388.843 1158
388.856 1151
388.870 1118
388.883 1131
388.896 1159
388.910 1132
388.923 1159
388.936 1143
388.950 1168
388.963 1173
388.976 1143
388.990 1148
389.003 1131
389.016 1125
389.030 1169
389.043 1156
389.056 1134
389.070 1138
389.083 1140
389.097 1104
389.110 1118
389.123 1112
389.137 1114
389.150 1129
389.163 1104
389.177 1128
389.190 1113
389.203 1108
389.217 1117
389.230 1101
389.243 1095
389.257 1105
389.270 1072
389.283 1091
389.297 1103
389.310 1087
389.323 1089
389.337 1091
389.350 1079
389.363 1099
389.377 1069
389.390 1065
389.403 1091
389.417 1094
389.430 1075
389.443 1102
389.457 1072
389.470 1071
389.483 1105
389.497 1092
389.510 1092
389.523 1068
389.537 1094
389.550 1087
389.563 1066
389.577 1041
389.590 1048
389.603 1039
389.617 1032
389.630 1062
389.643 1022
389.657 1040
389.670 1047
389.683 1033
389.697 1036
389.710 1027
389.723 1012
389.737 1063
389.750 1051
389.763 1030
389.777 1036
389.790 1024
389.803 1022
389.817 1024
389.830 1031
389.843 1005
389.857 992
389.870 997
389.883 979
389.897 982
389.910 994
389.923 992
389.937 1023
389.950 985
389.963 1000
389.977 998
389.990 989
390.003 995
390.017 980
390.030 976
390.043 954
390.057 982
390.070 966
390.083 962
390.096 960
390.110 955
390.123 966
390.136 950
390.150 982
390.163 940
390.176 937
390.190 943
390.203 923
390.216 945
390.230 931
390.243 924
390.256 914
390.270 930
390.283 900
390.296 885
390.310 922
390.323 913
390.336 905
390.349 908
390.363 890
390.376 897
390.389 904
390.403 907
390.416 897
390.429 896
390.443 912
390.456 885
390.469 869
390.483 870
390.496 870
390.509 857
390.522 857
390.536 866
390.549 872
390.562 863
390.576 858
390.589 848
390.602 851
390.616 845
390.629 841
390.642 830
390.655 847
390.669 840
390.682 854
390.695 825
390.709 847
390.722 824
390.735 814
390.749 828
390.762 801
390.775 814
390.788 821
390.802 813
390.815 807
390.828 809
390.842 792
390.855 807
390.868 809
390.882 818
390.895 797
390.908 796
390.921 797
390.935 781
390.948 802
390.961 800
390.975 789
390.988 782
391.001 794
391.014 782
391.028 770
391.041 774
391.054 782
391.068 769
391.081 780
391.094 770
391.107 770
391.121 770
391.134 768
391.147 774
391.161 759
391.174 746
391.187 761
391.200 739
391.214 756
391.227 767
391.240 757
391.254 733
391.267 758
391.280 745
391.293 753
391.307 749
391.320 751
391.333 735
391.347 751
391.360 741
391.373 743
391.386 743
391.400 755
391.413 744
391.426 752
391.440 744
391.453 733
391.466 747
391.479 746
391.493 745
391.506 746
391.519 727
391.532 740
391.546 729
391.559 736
391.572 738
391.586 728
391.599 727
391.612 733
391.625 736
391.639 736
391.652 719
391.665 725
391.678 730
391.692 734
391.705 729
391.718 726
391.732 718
391.745 737
391.758 707
391.771 736
391.785 740
391.798 722
391.811 713
391.824 716
391.838 721
391.851 729
391.864 717
391.877 724
391.891 725
391.904 723
391.917 713
391.931 719
391.944 711
391.957 714
391.970 713
391.984 706
391.997 706
392.010 717
392.023 713
392.037 718
392.050 717
392.063 708
392.076 711
392.090 698
392.103 708
392.116 701
392.129 717
392.143 709
392.156 711
392.169 706
392.182 699
392.196 704
392.209 695
392.222 711
392.235 704
392.249 711
392.262 706
392.275 714
392.288 693
392.302 714
392.315 700
392.328 706
392.341 705
392.355 703
392.368 706
392.381 700
392.394 714
392.408 707
392.421 720
392.434 704
392.447 710
392.461 700
392.474 698
392.487 700
392.500 694
392.514 705
392.527 702
392.540 698
392.553 694
392.567 702
392.580 706
392.593 698
392.606 707
392.620 698
392.633 699
392.646 703
392.659 704
392.673 693
392.686 707
392.699 693
392.712 696
392.726 719
392.739 687
392.752 704
392.765 674
392.778 695
392.792 697
392.805 698
392.818 698
392.831 688
392.845 715
392.858 699
392.871 682
392.884 703
392.898 690
392.911 692
392.924 696
392.937 691
392.951 690
392.964 688
392.977 705
392.990 693
393.003 693
393.017 698
393.030 702
393.043 684
393.056 699
393.070 694
393.083 682
393.096 674
393.109 688
393.122 696
393.136 687
393.149 679
393.162 700
393.175 683
393.189 676
393.202 700
393.215 679
393.228 690
393.242 682
393.255 677
393.268 690
393.281 686
393.294 685
393.308 681
393.321 672
393.334 683
393.347 688
393.360 690
393.374 676
393.387 675
393.400 675
393.413 682
393.427 681
393.440 679
393.453 680
393.466 675
393.479 677
393.493 660
393.506 679
393.519 685
393.532 695
393.546 684
393.559 688
393.572 680
393.585 677
393.598 693
393.612 676
393.625 681
393.638 690
393.651 677
393.664 681
393.678 681
393.691 679
393.704 663
393.717 684
393.730 684
393.744 673
393.757 689
393.770 682
393.783 667
393.796 674
393.810 676
393.823 667
393.836 675
393.849 668
393.863 677
393.876 676
393.889 689
393.902 669
393.915 683
393.929 679
