375.891 818
375.905 831
375.919 821
375.933 841
375.946 836
375.960 841
375.974 833
375.987 825
376.001 842
376.015 851
376.029 839
376.042 852
376.056 860
376.070 852
376.084 850
376.097 855
376.111 863
376.125 869
376.139 882
376.152 852
376.166 862
376.180 876
376.193 883
376.207 879
376.221 893
376.235 877
376.248 868
376.262 909
376.276 894
376.290 920
376.303 925
376.317 903
376.331 891
376.345 898
376.358 912
376.372 921
376.386 933
376.399 933
376.413 950
376.427 937
376.441 966
376.454 944
376.468 940
376.482 968
376.495 964
376.509 961
376.523 972
376.537 997
376.550 1004
376.564 998
376.578 1006
376.592 1026
376.605 984
376.619 1017
376.633 997
376.646 1001
376.660 1002
376.674 1003
376.688 1000
376.701 1011
376.715 1021
376.729 1026
376.742 1029
376.756 1061
376.770 1038
376.784 1015
376.797 1069
376.811 1041
376.825 1098
376.838 1089
376.852 1091
376.866 1110
376.880 1050
376.893 1103
376.907 1064
376.921 1088
376.934 1116
376.948 1109
376.962 1092
376.976 1149
376.989 1103
377.003 1146
377.017 1175
377.030 1179
377.044 1217
377.058 1189
377.071 1220
377.085 1168
377.099 1180
377.113 1203
377.126 1205
377.140 1219
377.154 1237
377.167 1217
377.181 1227
377.195 1234
377.208 1251
377.222 1242
377.236 1240
377.250 1245
377.263 1273
377.277 1269
377.291 1290
377.304 1276
377.318 1290
377.332 1301
377.345 1300
377.359 1266
377.373 1286
377.387 1318
377.400 1346
377.414 1307
377.428 1322
377.441 1318
377.455 1317
377.469 1348
377.482 1370
377.496 1372
377.510 1371
377.524 1397
377.537 1380
377.551 1380
377.565 1414
377.578 1392
377.592 1377
377.606 1390
377.619 1381
377.633 1388
377.647 1416
377.660 1396
377.674 1391
377.688 1439
377.701 1427
377.715 1424
377.729 1419
377.743 1469
377.756 1447
377.770 1449
377.784 1469
377.797 1451
377.811 1471
377.825 1486
377.838 1411
377.852 1449
377.866 1461
377.879 1500
377.893 1548
377.907 1490
377.920 1516
377.934 1514
377.948 1532
377.961 1500
377.975 1522
377.989 1509
378.002 1547
378.016 1484
378.030 1520
378.044 1514
378.057 1537
378.071 1543
378.085 1514
378.098 1538
378.112 1559
378.126 1535
378.139 1568
378.153 1568
378.167 1548
378.180 1539
378.194 1574
378.208 1581
378.221 1522
378.235 1586
378.249 1570
378.262 1597
378.276 1609
378.290 1581
378.303 1598
378.317 1591
378.331 1629
378.344 1578
378.358 1603
378.372 1617
378.385 1641
378.399 1636
378.413 1630
378.426 1653
378.440 1662
378.454 1673
378.467 1651
378.481 1647
378.495 1603
378.508 1659
378.522 1656
378.536 1669
378.549 1665
378.563 1687
378.577 1690
378.590 1669
378.604 1696
378.618 1676
378.631 1726
378.645 1700
378.659 1694
378.672 1663
378.686 1732
378.700 1795
378.713 1762
378.727 1801
378.740 1777
378.754 1830
378.768 1799
378.781 1784
378.795 1794
378.809 1812
378.822 1801
378.836 1801
378.850 1773
378.863 1789
378.877 1800
378.891 1804
378.904 1848
378.918 1822
378.932 1863
378.945 1824
378.959 1816
378.973 1849
378.986 1845
379.000 1834
379.014 1887
379.027 1810
379.041 1869
379.054 1841
379.068 1828
379.082 1876
379.095 1867
379.109 1829
379.123 1873
379.136 1880
379.150 1903
379.164 1957
379.177 1917
379.191 1940
379.205 1958
379.218 1938
379.232 1962
379.245 2011
379.259 1993
379.273 2002
379.286 2032
379.300 2033
379.314 2039
379.327 2039
379.341 2070
379.355 2058
379.368 2058
379.382 2070
379.396 2095
379.409 2145
379.423 2168
379.436 2157
379.450 2152
379.464 2155
379.477 2154
379.491 2179
379.505 2199
379.518 2191
379.532 2236
379.546 2304
379.559 2241
379.573 2244
379.586 2318
379.600 2324
379.614 2370
379.627 2396
379.641 2374
379.655 2418
379.668 2415
379.682 2414
379.695 2422
379.709 2444
379.723 2484
379.736 2499
379.750 2604
379.764 2676
379.777 2665
379.791 2713
379.804 2718
379.818 2717
379.832 2689
379.845 2678
379.859 2736
379.873 2722
379.886 2767
379.900 2819
379.913 2867
379.927 2901
379.941 2876
379.954 2987
379.968 2994
379.982 3060
379.995 3075
380.009 3074
380.022 3095
380.036 3127
380.050 3127
380.063 3163
380.077 3371
380.090 3384
380.104 3422
380.118 3475
380.131 3468
380.145 3493
380.159 3547
380.172 3662
380.186 3657
380.199 3779
380.213 3855
380.227 3839
380.240 3940
380.254 3867
380.267 3914
380.281 4012
380.295 3982
380.308 4048
380.322 4064
380.336 4191
380.349 4313
380.363 4315
380.376 4383
380.390 4475
380.404 4566
380.417 4566
380.431 4658
380.444 4645
380.458 4762
380.472 4771
380.485 4868
380.499 4962
380.512 4969
380.526 4995
380.540 5087
380.553 5007
380.567 5217
380.580 5301
380.594 5360
380.608 5473
380.621 5661
380.635 5792
380.648 5772
380.662 5811
380.676 5858
380.689 5822
380.703 5973
380.716 6112
380.730 6100
380.744 6315
380.757 6423
380.771 6478
380.784 6599
380.798 6574
380.812 6611
380.825 6703
380.839 6847
380.852 7050
380.866 7278
380.880 7364
380.893 7243
380.907 7236
380.920 7397
380.934 7590
380.948 7612
380.961 7678
380.975 7706
380.988 7816
381.002 7811
381.015 7740
381.029 8010
381.043 8158
381.056 8195
381.070 8252
381.083 8315
381.097 8408
381.111 8483
381.124 8684
381.138 8746
381.151 8850
381.165 8941
381.179 9027
381.192 9026
381.206 8986
381.219 8981
381.233 9195
381.246 9245
381.260 9226
381.274 9326
381.287 9613
381.301 9556
381.314 9493
381.328 9712
381.341 9724
381.355 9892
381.369 9891
381.382 10058
381.396 10117
381.409 10328
381.423 10445
381.437 10509
381.450 10595
381.464 10597
381.477 10854
381.491 11000
381.504 10958
381.518 10996
381.532 11068
381.545 11230
381.559 11580
381.572 11615
381.586 11696
381.599 11874
381.613 11840
381.627 11951
381.640 11943
381.654 12127
381.667 12242
381.681 12090
381.694 12124
381.708 12027
381.722 11840
381.735 12009
381.749 12066
381.762 12210
381.776 12210
381.789 12322
381.803 12451
381.817 12564
381.830 12337
381.844 12567
381.857 12703
381.871 12667
381.884 12805
381.898 12812
381.911 12973
381.925 13174
381.939 13072
381.952 13173
381.966 13340
381.979 13402
381.993 13497
382.006 13649
382.020 13936
382.034 14038
382.047 13968
382.061 13916
382.074 13930
382.088 13966
382.101 14005
382.115 13987
382.128 14101
382.142 14590
382.156 15049
382.169 14996
382.183 15012
382.196 14837
382.210 14875
382.223 14967
382.237 15021
382.250 15105
382.264 15310
382.278 15243
382.291 15375
382.305 15594
382.318 15969
382.332 16005
382.345 15631
382.359 15430
382.372 15545
382.386 15621
382.399 15747
382.413 15802
382.427 15802
382.440 15883
382.454 15829
382.467 16045
382.481 16548
382.494 16869
382.508 17154
382.521 17198
382.535 17126
382.548 16889
382.562 17031
382.576 17174
382.589 17181
382.603 17260
382.616 17429
382.630 17697
382.643 17794
382.657 17811
382.670 18054
382.684 18163
382.697 17989
382.711 18234
382.724 18208
382.738 18369
382.752 18370
382.765 18388
382.779 18731
382.792 18999
382.806 18953
382.819 19012
382.833 19296
382.846 19349
382.860 19377
382.873 19526
382.887 19751
382.900 20058
382.914 20006
382.928 20363
382.941 20573
382.955 20609
382.968 20778
382.982 21243
382.995 21095
383.009 21317
383.022 21172
383.036 21405
383.049 21710
383.063 21747
383.076 22024
383.090 21834
383.103 22066
383.117 22147
383.130 22426
383.144 22584
383.158 22559
383.171 22606
383.185 22788
383.198 22994
383.212 23499
383.225 23493
383.239 23910
383.252 24046
383.266 24372
383.279 24345
383.293 24418
383.306 24596
383.320 24896
383.333 25392
383.347 25676
383.360 25562
383.374 25371
383.387 25687
383.401 25616
383.414 25587
383.428 25584
383.441 25529
383.455 25931
383.468 25666
383.482 26042
383.496 26722
383.509 26875
383.523 26638
383.536 26747
383.550 26705
383.563 27036
383.577 27204
383.590 27299
383.604 27249
383.617 27284
383.631 27135
383.644 26868
383.658 26893
383.671 26642
383.685 26793
383.698 26919
383.712 27348
383.725 27231
383.739 27019
383.752 27203
383.766 26835
383.779 26902
383.793 27101
383.806 27215
383.820 27479
383.833 27663
383.847 27542
383.860 27741
383.874 27812
383.887 26993
383.901 27178
383.914 27446
383.928 27380
383.941 27277
383.955 26734
383.968 27106
383.982 26619
383.995 26833
384.009 26619
384.022 26564
384.036 26736
384.049 26442
384.063 26523
384.076 26776
384.090 27098
384.103 27305
384.117 27236
384.130 26645
384.144 26020
384.157 25496
384.171 25401
384.184 25014
384.198 24993
384.211 24754
384.225 24545
384.238 24874
384.252 24770
384.265 24459
384.279 24249
384.292 23877
384.306 23585
384.319 22999
384.333 22277
384.346 21916
384.360 21516
384.373 21385
384.387 20946
384.400 20502
384.414 20093
384.427 19789
384.441 19431
384.454 18793
384.468 18507
384.481 17999
384.495 17501
384.508 17130
384.522 16745
384.535 16220
384.549 15809
384.562 15310
384.575 14688
384.589 14629
384.602 14484
384.616 14160
384.629 13659
384.643 13339
384.656 12836
384.670 12349
384.683 11992
384.697 11564
384.710 11103
384.724 10807
384.737 10570
384.751 10238
384.764 9822
384.778 9554
384.791 9378
384.805 9177
384.818 8930
384.832 8450
384.845 8501
384.859 8163
384.872 7871
384.885 7639
384.899 7409
384.912 7186
384.926 7018
384.939 6888
384.953 6775
384.966 6571
384.980 6486
384.993 6491
385.007 6258
385.020 6144
385.034 6014
385.047 5943
385.061 5750
385.074 5645
385.088 5570
385.101 5456
385.114 5328
385.128 5276
385.141 5210
385.155 5095
385.168 5142
385.182 5052
385.195 5067
385.209 5017
385.222 4873
385.236 4776
385.249 4802
385.263 4711
385.276 4623
385.290 4456
385.303 4343
385.316 4313
385.330 4285
385.343 4260
385.357 4229
385.370 4054
385.384 4073
385.397 4003
385.411 3961
385.424 3995
385.438 3876
385.451 3837
385.464 3835
385.478 3897
385.491 3753
385.505 3745
385.518 3688
385.532 3681
385.545 3577
385.559 3497
385.572 3476
385.586 3533
385.599 3545
385.612 3485
385.626 3435
385.639 3438
385.653 3432
385.666 3459
385.680 3407
385.693 3297
385.707 3282
385.720 3317
385.734 3236
385.747 3161
385.760 3153
385.774 3121
385.787 3140
385.801 3087
385.814 3033
385.828 2979
385.841 2937
385.855 2950
385.868 2975
385.881 2940
385.895 2893
385.908 2878
385.922 2839
385.935 2801
385.949 2774
385.962 2792
385.976 2752
385.989 2769
386.002 2765
386.016 2727
386.029 2734
386.043 2693
386.056 2671
386.070 2652
386.083 2686
386.097 2624
386.110 2670
386.123 2662
386.137 2632
386.150 2627
386.164 2565
386.177 2564
386.191 2620
386.204 2569
386.217 2504
386.231 2562
386.244 2445
386.258 2555
386.271 2470
386.285 2485
386.298 2447
386.311 2479
386.325 2383
386.338 2362
386.352 2384
386.365 2350
386.379 2348
386.392 2330
386.405 2306
386.419 2330
386.432 2340
386.446 2319
386.459 2292
386.473 2332
386.486 2288
386.499 2283
386.513 2208
386.526 2247
386.540 2238
386.553 2226
386.567 2185
386.580 2223
386.593 2271
386.607 2278
386.620 2210
386.634 2275
386.647 2196
386.661 2179
386.674 2141
386.687 2161
386.701 2085
386.714 2104
386.728 2091
386.741 2142
386.754 2064
386.768 2051
386.781 2080
386.795 2046
386.808 2005
386.822 1962
386.835 1986
386.848 1996
386.862 1961
386.875 1957
386.889 1915
386.902 1962
386.915 1969
386.929 1972
386.942 1911
386.956 1897
386.969 1893
386.983 1883
386.996 1837
387.009 1856
387.023 1845
387.036 1895
387.050 1868
387.063 1920
387.076 1817
387.090 1850
387.103 1832
387.117 1787
387.130 1813
387.143 1846
387.157 1828
387.170 1799
387.184 1809
387.197 1739
387.210 1731
387.224 1748
387.237 1777
387.251 1701
387.264 1709
387.278 1684
387.291 1705
387.304 1702
387.318 1696
387.331 1722
387.345 1712
387.358 1662
387.371 1675
387.385 1633
387.398 1636
387.412 1610
387.425 1570
387.438 1547
387.452 1566
387.465 1581
387.478 1581
387.492 1554
387.505 1561
387.519 1564
387.532 1588
387.545 1556
387.559 1592
387.572 1573
387.586 1561
387.599 1490
387.612 1528
387.626 1528
387.639 1565
387.653 1490
387.666 1471
387.679 1474
387.693 1455
387.706 1387
387.720 1424
387.733 1466
387.746 1449
387.760 1456
387.773 1458
387.787 1500
387.800 1460
387.813 1445
387.827 1415
387.840 1381
387.853 1415
387.867 1370
387.880 1408
387.894 1391
387.907 1441
387.920 1445
387.934 1380
387.947 1376
387.961 1360
387.974 1376
387.987 1350
388.001 1332
388.014 1297
388.027 1338
388.041 1345
388.054 1333
388.068 1319
388.081 1268
388.094 1310
388.108 1296
388.121 1311
388.134 1299
388.148 1261
388.161 1300
388.175 1260
388.188 1279
388.201 1261
388.215 1237
388.228 1254
388.241 1269
388.255 1221
388.268 1228
388.282 1217
388.295 1205
388.308 1248
388.322 1233
388.335 1245
388.348 1209
388.362 1245
388.375 1202
388.389 1223
388.402 1186
388.415 1203
388.429 1247
388.442 1207
388.455 1236
388.469 1227
388.482 1229
388.495 1228
388.509 1257
388.522 1266
388.536 1202
388.549 1190
388.562 1205
388.576 1186
388.589 1169
388.602 1200
388.616 1182
388.629 1205
388.642 1211
388.656 1167
388.669 1172
388.683 1187
388.696 1193
388.709 1188
388.723 1197
388.736 1184
388.749 1183
388.763 1164
388.776 1169
388.789 1177
388.803 1169
388.816 1155
388.829 1161
388.843 1143
388.856 1171
388.870 1169
388.883 1170
388.896 1151
388.910 1147
388.923 1167
388.936 1195
388.950 1140
388.963 1163
388.976 1162
388.990 1163
389.003 1141
389.016 1139
389.030 1150
389.043 1154
389.056 1152
389.070 1158
389.083 1124
389.097 1155
389.110 1126
389.123 1131
389.137 1110
389.150 1103
389.163 1145
389.177 1120
389.190 1118
389.203 1116
389.217 1105
389.230 1100
389.243 1111
389.257 1093
389.270 1099
389.283 1109
389.297 1104
389.310 1110
389.323 1106
389.337 1103
389.350 1092
389.363 1105
389.377 1094
389.390 1103
389.403 1112
389.417 1085
389.430 1116
389.443 1111
389.457 1097
389.470 1099
389.483 1107
389.497 1092
389.510 1092
389.523 1084
389.537 1082
389.550 1090
389.563 1067
389.577 1038
389.590 1047
389.603 1061
389.617 1074
389.630 1044
389.643 1065
389.657 1054
389.670 1066
389.683 1052
389.697 1034
389.710 1040
389.723 1072
389.737 1054
389.750 1066
389.763 1048
389.777 1023
389.790 1071
389.803 1029
389.817 1038
389.830 1013
389.843 1018
389.857 1040
389.870 1004
389.883 1012
389.897 968
389.910 997
389.923 981
389.937 979
389.950 1004
389.963 999
389.977 984
389.990 966
390.003 1006
390.017 1009
390.030 996
390.043 957
390.057 991
390.070 975
390.083 962
390.096 953
390.110 969
390.123 964
390.136 954
390.150 956
390.163 957
390.176 969
390.190 952
390.203 948
390.216 935
390.230 916
390.243 921
390.256 933
390.270 931
390.283 899
390.296 933
390.310 898
390.323 934
390.336 896
390.349 891
390.363 916
390.376 914
390.389 929
390.403 893
390.416 881
390.429 877
390.443 904
390.456 900
390.469 900
390.483 857
390.496 860
390.509 867
390.522 878
390.536 850
390.549 848
390.562 851
390.576 850
390.589 861
390.602 848
390.616 827
390.629 853
390.642 840
390.655 834
390.669 838
390.682 830
390.695 821
390.709 841
390.722 824
390.735 842
390.749 828
390.762 817
390.775 798
390.788 801
390.802 794
390.815 810
390.828 807
390.842 812
390.855 811
390.868 805
390.882 811
390.895 801
390.908 799
390.921 791
390.935 793
390.948 779
390.961 804
390.975 786
390.988 790
391.001 785
391.014 782
391.028 799
391.041 756
391.054 772
391.068 766
391.081 784
391.094 782
391.107 772
391.121 759
391.134 764
391.147 771
391.161 749
391.174 766
391.187 758
391.200 751
391.214 761
391.227 775
391.240 758
391.254 755
391.267 748
391.280 754
391.293 757
391.307 749
391.320 760
391.333 744
391.347 742
391.360 720
391.373 750
391.386 736
391.400 745
391.413 749
391.426 753
391.440 735
391.453 737
391.466 741
391.479 735
391.493 744
391.506 741
391.519 751
391.532 755
391.546 735
391.559 744
391.572 720
391.586 736
391.599 733
391.612 731
391.625 720
391.639 734
391.652 733
391.665 728
391.678 716
391.692 732
391.705 750
391.718 719
391.732 735
391.745 721
391.758 722
391.771 726
391.785 726
391.798 735
391.811 719
391.824 732
391.838 725
391.851 729
391.864 724
391.877 727
391.891 713
391.904 728
391.917 721
391.931 737
391.944 706
391.957 733
391.970 715
391.984 725
391.997 720
392.010 718
392.023 716
392.037 725
392.050 726
392.063 718
392.076 707
392.090 708
392.103 728
392.116 717
392.129 714
392.143 717
392.156 715
392.169 720
392.182 691
392.196 704
392.209 705
392.222 708
392.235 705
392.249 706
392.262 696
392.275 718
392.288 707
392.302 708
392.315 712
392.328 706
392.341 709
392.355 708
392.368 705
392.381 706
392.394 690
392.408 701
392.421 705
392.434 721
392.447 696
392.461 718
392.474 694
392.487 711
392.500 718
392.514 700
392.527 709
392.540 705
392.553 701
392.567 704
392.580 696
392.593 693
392.606 696
392.620 709
392.633 696
392.646 715
392.659 696
392.673 696
392.686 696
392.699 689
392.712 699
392.726 694
392.739 697
392.752 692
392.765 695
392.778 704
392.792 704
392.805 693
392.818 700
392.831 694
392.845 690
392.858 697
392.871 701
392.884 684
392.898 697
392.911 695
392.924 689
392.937 690
392.951 708
392.964 703
392.977 690
392.990 694
393.003 697
393.017 690
393.030 690
393.043 700
393.056 688
393.070 697
393.083 685
393.096 706
393.109 697
393.122 682
393.136 694
393.149 690
393.162 681
393.175 698
393.189 681
393.202 693
393.215 692
393.228 684
393.242 688
393.255 677
393.268 679
393.281 684
393.294 682
393.308 694
393.321 682
393.334 693
393.347 702
393.360 684
393.374 689
393.387 695
393.400 685
393.413 675
393.427 675
393.440 693
393.453 688
393.466 678
393.479 678
393.493 677
393.506 696
393.519 692
393.532 693
393.546 692
393.559 691
393.572 689
393.585 692
393.598 690
393.612 687
393.625 695
393.638 686
393.651 687
393.664 679
393.678 689
393.691 686
393.704 671
393.717 691
393.730 690
393.744 667
393.757 678
393.770 677
393.783 674
393.796 691
393.810 664
393.823 675
393.836 682
393.849 692
393.863 677
393.876 673
393.889 691
393.902 679
393.915 668
393.929 674
