375.891 765
375.905 796
375.919 771
375.933 795
375.946 800
375.960 801
375.974 784
375.987 795
376.001 787
376.015 784
376.029 787
376.042 798
376.056 808
376.070 816
376.084 819
376.097 812
376.111 825
376.125 806
376.139 818
376.152 823
376.166 830
376.180 820
376.193 812
376.207 837
376.221 835
376.235 837
376.248 847
376.262 834
376.276 842
376.290 877
376.303 826
376.317 848
376.331 872
376.345 869
376.358 864
376.372 864
376.386 873
376.399 856
376.413 842
376.427 880
376.441 898
376.454 884
376.468 874
376.482 885
376.495 878
376.509 893
376.523 914
376.537 905
376.550 911
376.564 923
376.578 900
376.592 924
376.605 917
376.619 926
376.633 947
376.646 917
376.660 925
376.674 911
376.688 936
376.701 922
376.715 953
376.729 947
376.742 957
376.756 927
376.770 978
376.784 968
376.797 962
376.811 960
376.825 958
376.838 982
376.852 978
376.866 998
376.880 1000
376.893 992
376.907 1007
376.921 969
376.934 986
376.948 999
376.962 1000
376.976 1001
376.989 1024
377.003 1011
377.017 1048
377.030 1033
377.044 1062
377.058 1064
377.071 1077
377.085 1046
377.099 1071
377.113 1052
377.126 1050
377.140 1057
377.154 1070
377.167 1081
377.181 1097
377.195 1085
377.208 1109
377.222 1078
377.236 1084
377.250 1092
377.263 1110
377.277 1117
377.291 1141
377.304 1135
377.318 1126
377.332 1132
377.345 1145
377.359 1166
377.373 1133
377.387 1147
377.400 1107
377.414 1136
377.428 1176
377.441 1151
377.455 1156
377.469 1195
377.482 1195
377.496 1196
377.510 1181
377.524 1198
377.537 1204
377.551 1201
377.565 1193
377.578 1189
377.592 1204
377.606 1204
377.619 1205
377.633 1225
377.647 1188
377.660 1214
377.674 1200
377.688 1218
377.701 1236
377.715 1231
377.729 1221
377.743 1232
377.756 1243
377.770 1250
377.784 1233
377.797 1260
377.811 1266
377.825 1255
377.838 1251
377.852 1253
377.866 1305
377.879 1270
377.893 1287
377.907 1249
377.920 1263
377.934 1271
377.948 1284
377.961 1268
377.975 1294
377.989 1270
378.002 1274
378.016 1272
378.030 1288
378.044 1290
378.057 1279
378.071 1281
378.085 1317
378.098 1298
378.112 1318
378.126 1300
378.139 1295
378.153 1303
378.167 1316
378.180 1330
378.194 1325
378.208 1336
378.221 1307
378.235 1348
378.249 1349
378.262 1351
378.276 1344
378.290 1322
378.303 1348
378.317 1310
378.331 1331
378.344 1362
378.358 1360
378.372 1336
378.385 1369
378.399 1360
378.413 1345
378.426 1369
378.440 1414
378.454 1381
378.467 1340
378.481 1401
378.495 1360
378.508 1403
378.522 1373
378.536 1365
378.549 1394
378.563 1396
378.577 1411
378.590 1392
378.604 1457
378.618 1414
378.631 1420
378.645 1361
378.659 1420
378.672 1414
378.686 1448
378.700 1467
378.713 1464
378.727 1478
378.740 1501
378.754 1472
378.768 1505
378.781 1492
378.795 1487
378.809 1508
378.822 1534
378.836 1502
378.850 1477
378.863 1423
378.877 1504
378.891 1467
378.904 1491
378.918 1521
378.932 1535
378.945 1528
378.959 1466
378.973 1483
378.986 1514
379.000 1529
379.014 1519
379.027 1480
379.041 1512
379.054 1542
379.068 1529
379.082 1559
379.095 1593
379.109 1575
379.123 1589
379.136 1558
379.150 1605
379.164 1568
379.177 1570
379.191 1594
379.205 1566
379.218 1575
379.232 1676
379.245 1649
379.259 1636
379.273 1632
379.286 1606
379.300 1646
379.314 1717
379.327 1664
379.341 1705
379.355 1702
379.368 1702
379.382 1706
379.396 1704
379.409 1704
379.423 1786
379.436 1735
379.450 1757
379.464 1750
379.477 1772
379.491 1777
379.505 1802
379.518 1796
379.532 1861
379.546 1842
379.559 1882
379.573 1820
379.586 1820
379.600 1857
379.614 1938
379.627 1968
379.641 1951
379.655 1941
379.668 1951
379.682 1925
379.695 1952
379.709 1960
379.723 2002
379.736 2054
379.750 2083
379.764 2190
379.777 2126
379.791 2205
379.804 2175
379.818 2239
379.832 2165
379.845 2143
379.859 2146
379.873 2211
379.886 2240
379.900 2275
379.913 2247
379.927 2239
379.941 2323
379.954 2368
379.968 2372
379.982 2390
379.995 2405
380.009 2434
380.022 2530
380.036 2504
380.050 2534
380.063 2601
380.077 2633
380.090 2740
380.104 2759
380.118 2814
380.131 2806
380.145 2811
380.159 2810
380.172 2866
380.186 2903
380.199 2970
380.213 3060
380.227 3065
380.240 3109
380.254 3035
380.267 3093
380.281 3103
380.295 3117
380.308 3118
380.322 3256
380.336 3296
380.349 3406
380.363 3417
380.376 3399
380.390 3428
380.404 3415
380.417 3481
380.431 3486
380.444 3598
380.458 3629
380.472 3645
380.485 3718
380.499 3828
380.512 3856
380.526 3889
380.540 3910
380.553 3922
380.567 4064
380.580 4020
380.594 4197
380.608 4198
380.621 4347
380.635 4338
380.648 4380
380.662 4449
380.676 4461
380.689 4525
380.703 4533
380.716 4614
380.730 4689
380.744 4770
380.757 4850
380.771 4869
380.784 5041
380.798 5100
380.812 5087
380.825 5129
380.839 5332
380.852 5387
380.866 5541
380.880 5607
380.893 5598
380.907 5497
380.920 5590
380.934 5638
380.948 5729
380.961 5810
380.975 5877
380.988 5944
381.002 5849
381.015 5965
381.029 6043
381.043 6100
381.056 6034
381.070 6196
381.083 6169
381.097 6268
381.111 6435
381.124 6493
381.138 6442
381.151 6465
381.165 6640
381.179 6780
381.192 6583
381.206 6673
381.219 6771
381.233 6807
381.246 6758
381.260 6921
381.274 7009
381.287 7044
381.301 7133
381.314 7017
381.328 7218
381.341 7119
381.355 7253
381.369 7318
381.382 7424
381.396 7440
381.409 7687
381.423 7704
381.437 7875
381.450 7784
381.464 7837
381.477 7972
381.491 8163
381.504 8218
381.518 8127
381.532 8198
381.545 8256
381.559 8576
381.572 8575
381.586 8434
381.599 8529
381.613 8631
381.627 8733
381.640 8754
381.654 8838
381.667 8802
381.681 8907
381.694 8861
381.708 8741
381.722 8843
381.735 8696
381.749 8844
381.762 8827
381.776 8917
381.789 8889
381.803 8895
381.817 9059
381.830 9122
381.844 9151
381.857 9225
381.871 9284
381.884 9362
381.898 9501
381.911 9525
381.925 9384
381.939 9605
381.952 9412
381.966 9541
381.979 9688
381.993 9900
382.006 9937
382.020 10124
382.034 10045
382.047 10028
382.061 10183
382.074 9941
382.088 10005
382.101 10087
382.115 10021
382.128 10203
382.142 10514
382.156 11007
382.169 11025
382.183 10770
382.196 10742
382.210 10757
382.223 10880
382.237 10832
382.250 11028
382.264 10967
382.278 11046
382.291 11236
382.305 11434
382.318 11455
382.332 11632
382.345 11111
382.359 11136
382.372 11171
382.386 11174
382.399 11162
382.413 11333
382.427 11556
382.440 11556
382.454 11655
382.467 11798
382.481 12000
382.494 12251
382.508 12314
382.521 12466
382.535 12394
382.548 12427
382.562 12440
382.576 12444
382.589 12564
382.603 12404
382.616 12788
382.630 12713
382.643 12816
382.657 12996
382.670 13164
382.684 13125
382.697 12988
382.711 13174
382.724 13310
382.738 13310
382.752 13432
382.765 13637
382.779 13602
382.792 13651
382.806 13804
382.819 13752
382.833 13934
382.846 13968
382.860 14102
382.873 14319
382.887 14447
382.900 14545
382.914 14482
382.928 14828
382.941 14808
382.955 15013
382.968 15080
382.982 15380
382.995 15404
383.009 15414
383.022 15413
383.036 15578
383.049 15666
383.063 15820
383.076 15837
383.090 15831
383.103 15756
383.117 15940
383.130 16183
383.144 16315
383.158 16343
383.171 16343
383.185 16358
383.198 16633
383.212 16945
383.225 16852
383.239 17170
383.252 17461
383.266 17407
383.279 17347
383.293 17506
383.306 17567
383.320 18000
383.333 18226
383.347 18525
383.360 18393
383.374 18177
383.387 18447
383.401 18687
383.414 18444
383.428 18428
383.441 18289
383.455 18478
383.468 18272
383.482 18734
383.496 19179
383.509 19188
383.523 19131
383.536 19392
383.550 19145
383.563 19234
383.577 19344
383.590 19581
383.604 19499
383.617 19306
383.631 19236
383.644 19090
383.658 19079
383.671 19042
383.685 18978
383.698 19226
383.712 19235
383.725 19279
383.739 19164
383.752 19057
383.766 19048
383.779 18839
383.793 18919
383.806 19071
383.820 19496
383.833 19492
383.847 19317
383.860 19500
383.874 19566
383.887 18928
383.901 19011
383.914 18967
383.928 19221
383.941 19155
383.955 18782
383.968 18532
383.982 18612
383.995 18558
384.009 18613
384.022 18328
384.036 18389
384.049 18172
384.063 18298
384.076 18553
384.090 18491
384.103 18857
384.117 18905
384.130 18275
384.144 17852
384.157 17519
384.171 17354
384.184 17242
384.198 16873
384.211 16784
384.225 16672
384.238 16750
384.252 16662
384.265 16494
384.279 16260
384.292 15998
384.306 15973
384.319 15512
384.333 15299
384.346 14925
384.360 14586
384.373 14436
384.387 14188
384.400 13778
384.414 13585
384.427 13508
384.441 13027
384.454 12749
384.468 12476
384.481 12100
384.495 11829
384.508 11484
384.522 11234
384.535 10883
384.549 10702
384.562 10308
384.575 10166
384.589 9966
384.602 9849
384.616 9703
384.629 9352
384.643 9058
384.656 8798
384.670 8480
384.683 8190
384.697 7956
384.710 7476
384.724 7507
384.737 7161
384.751 7056
384.764 6901
384.778 6615
384.791 6524
384.805 6349
384.818 6050
384.832 5900
384.845 5827
384.859 5657
384.872 5316
384.885 5310
384.899 5081
384.912 4970
384.926 4894
384.939 4734
384.953 4680
384.966 4498
384.980 4446
384.993 4353
385.007 4273
385.020 4211
385.034 4053
385.047 4065
385.061 3924
385.074 3858
385.088 3843
385.101 3787
385.114 3680
385.128 3647
385.141 3590
385.155 3548
385.168 3543
385.182 3551
385.195 3476
385.209 3397
385.222 3369
385.236 3328
385.249 3206
385.263 3250
385.276 3157
385.290 3092
385.303 3029
385.316 3090
385.330 3059
385.343 2962
385.357 2915
385.370 2938
385.384 2858
385.397 2893
385.411 2869
385.424 2836
385.438 2711
385.451 2739
385.464 2784
385.478 2742
385.491 2659
385.505 2637
385.518 2682
385.532 2657
385.545 2595
385.559 2578
385.572 2474
385.586 2511
385.599 2510
385.612 2466
385.626 2539
385.639 2476
385.653 2451
385.666 2482
385.680 2475
385.693 2410
385.707 2391
385.720 2414
385.734 2356
385.747 2361
385.760 2301
385.774 2293
385.787 2290
385.801 2293
385.814 2221
385.828 2213
385.841 2184
385.855 2180
385.868 2175
385.881 2069
385.895 2138
385.908 2113
385.922 2109
385.935 2100
385.949 2062
385.962 2069
385.976 2037
385.989 2077
386.002 2046
386.016 2086
386.029 2095
386.043 2033
386.056 2026
386.070 1945
386.083 1995
386.097 1943
386.110 1981
386.123 2012
386.137 1950
386.150 1902
386.164 1900
386.177 1915
386.191 1886
386.204 1931
386.217 1848
386.231 1885
386.244 1883
386.258 1873
386.271 1882
386.285 1870
386.298 1842
386.311 1830
386.325 1769
386.338 1718
386.352 1838
386.365 1759
386.379 1807
386.392 1774
386.405 1735
386.419 1755
386.432 1756
386.446 1770
386.459 1794
386.473 1766
386.486 1689
386.499 1734
386.513 1717
386.526 1693
386.540 1665
386.553 1673
386.567 1628
386.580 1698
386.593 1662
386.607 1708
386.620 1722
386.634 1694
386.647 1629
386.661 1667
386.674 1632
386.687 1626
386.701 1617
386.714 1601
386.728 1588
386.741 1595
386.754 1584
386.768 1595
386.781 1559
386.795 1559
386.808 1522
386.822 1499
386.835 1513
386.848 1497
386.862 1499
386.875 1483
386.889 1508
386.902 1493
386.915 1490
386.929 1462
386.942 1491
386.956 1465
386.969 1477
386.983 1456
386.996 1431
387.009 1474
387.023 1463
387.036 1435
387.050 1452
387.063 1447
387.076 1442
387.090 1427
387.103 1383
387.117 1431
387.130 1395
387.143 1433
387.157 1446
387.170 1370
387.184 1378
387.197 1369
387.210 1405
387.224 1332
387.237 1339
387.251 1341
387.264 1317
387.278 1299
387.291 1311
387.304 1316
387.318 1338
387.331 1325
387.345 1287
387.358 1342
387.371 1270
387.385 1257
387.398 1252
387.412 1280
387.425 1277
387.438 1253
387.452 1229
387.465 1233
387.478 1238
387.492 1225
387.505 1218
387.519 1227
387.532 1219
387.545 1262
387.559 1257
387.572 1254
387.586 1242
387.599 1218
387.612 1219
387.626 1206
387.639 1219
387.653 1246
387.666 1199
387.679 1151
387.693 1140
387.706 1164
387.720 1148
387.733 1188
387.746 1172
387.760 1182
387.773 1163
387.787 1161
387.800 1158
387.813 1150
387.827 1145
387.840 1112
387.853 1138
387.867 1108
387.880 1109
387.894 1138
387.907 1109
387.920 1120
387.934 1138
387.947 1141
387.961 1084
387.974 1101
387.987 1113
388.001 1062
388.014 1107
388.027 1074
388.041 1089
388.054 1077
388.068 1108
388.081 1062
388.094 1074
388.108 1069
388.121 1061
388.134 1060
388.148 1070
388.161 1038
388.175 1040
388.188 1032
388.201 1068
388.215 1054
388.228 1007
388.241 1023
388.255 1023
388.268 1042
388.282 1052
388.295 1031
388.308 1030
388.322 1005
388.335 1025
388.348 1009
388.362 1004
388.375 1044
388.389 1000
388.402 1022
388.415 1023
388.429 1009
388.442 1010
388.455 1021
388.469 1015
388.482 1021
388.495 996
388.509 1020
388.522 1033
388.536 997
388.549 986
388.562 988
388.576 1004
388.589 993
388.602 991
388.616 997
388.629 1027
388.642 1005
388.656 1006
388.669 1015
388.683 991
388.696 999
388.709 1001
388.723 988
388.736 970
388.749 998
388.763 992
388.776 985
388.789 972
388.803 981
388.816 973
388.829 976
388.843 980
388.856 982
388.870 969
388.883 963
388.896 964
388.910 973
388.923 970
388.936 978
388.950 971
388.963 977
388.976 988
388.990 973
389.003 961
389.016 954
389.030 959
389.043 958
389.056 997
389.070 977
389.083 973
389.097 953
389.110 949
389.123 942
389.137 937
389.150 968
389.163 950
389.177 953
389.190 946
389.203 958
389.217 952
389.230 913
389.243 950
389.257 943
389.270 962
389.283 931
389.297 954
389.310 931
389.323 952
389.337 948
389.350 928
389.363 953
389.377 915
389.390 914
389.403 944
389.417 923
389.430 928
389.443 930
389.457 948
389.470 933
389.483 955
389.497 945
389.510 930
389.523 954
389.537 920
389.550 918
389.563 910
389.577 906
389.590 917
389.603 916
389.617 895
389.630 915
389.643 891
389.657 906
389.670 914
389.683 895
389.697 904
389.710 914
389.723 901
389.737 905
389.750 913
389.763 929
389.777 877
389.790 907
389.803 885
389.817 878
389.830 878
389.843 897
389.857 867
389.870 853
389.883 870
389.897 877
389.910 878
389.923 867
389.937 862
389.950 855
389.963 882
389.977 864
389.990 846
390.003 880
390.017 849
390.030 833
390.043 861
390.057 835
390.070 836
390.083 849
390.096 860
390.110 855
390.123 843
390.136 832
390.150 827
390.163 837
390.176 833
390.190 825
390.203 825
390.216 826
390.230 800
390.243 814
390.256 837
390.270 830
390.283 804
390.296 816
390.310 809
390.323 811
390.336 806
390.349 822
390.363 794
390.376 818
390.389 814
390.403 809
390.416 814
390.429 800
390.443 802
390.456 785
390.469 804
390.483 802
390.496 769
390.509 814
390.522 782
390.536 790
390.549 777
390.562 787
390.576 785
390.589 777
390.602 782
390.616 765
390.629 750
390.642 774
390.655 763
390.669 763
390.682 769
390.695 756
390.709 755
390.722 751
390.735 747
390.749 764
390.762 747
390.775 766
390.788 756
390.802 742
390.815 752
390.828 738
390.842 747
390.855 736
390.868 747
390.882 725
390.895 747
390.908 726
390.921 728
390.935 748
390.948 733
390.961 737
390.975 721
390.988 728
391.001 740
391.014 722
391.028 718
391.041 735
391.054 720
391.068 730
391.081 725
391.094 719
391.107 721
391.121 726
391.134 729
391.147 710
391.161 717
391.174 726
391.187 709
391.200 718
391.214 716
391.227 712
391.240 714
391.254 711
391.267 713
391.280 701
391.293 699
391.307 703
391.320 698
391.333 712
391.347 713
391.360 683
391.373 719
391.386 714
391.400 711
391.413 709
391.426 709
391.440 700
391.453 697
391.466 682
391.479 699
391.493 679
391.506 708
391.519 722
391.532 693
391.546 709
391.559 709
391.572 694
391.586 683
391.599 688
391.612 679
391.625 693
391.639 689
391.652 689
391.665 684
391.678 706
391.692 695
391.705 682
391.718 694
391.732 705
391.745 698
391.758 689
391.771 679
391.785 692
391.798 701
391.811 696
391.824 694
391.838 694
391.851 696
391.864 689
391.877 687
391.891 691
391.904 690
391.917 678
391.931 681
391.944 691
391.957 688
391.970 684
391.984 683
391.997 679
392.010 683
392.023 680
392.037 680
392.050 677
392.063 693
392.076 676
392.090 691
392.103 690
392.116 676
392.129 685
392.143 674
392.156 685
392.169 689
392.182 686
392.196 683
392.209 683
392.222 674
392.235 666
392.249 676
392.262 668
392.275 677
392.288 680
392.302 680
392.315 663
392.328 688
392.341 666
392.355 685
392.368 683
392.381 685
392.394 652
392.408 672
392.421 682
392.434 674
392.447 677
392.461 691
392.474 678
392.487 679
392.500 681
392.514 692
392.527 684
392.540 682
392.553 684
392.567 668
392.580 688
392.593 666
392.606 663
392.620 688
392.633 680
392.646 683
392.659 678
392.673 670
392.686 683
392.699 680
392.712 677
392.726 666
392.739 665
392.752 674
392.765 659
392.778 667
392.792 667
392.805 680
392.818 658
392.831 687
392.845 680
392.858 664
392.871 669
392.884 670
392.898 665
392.911 678
392.924 674
392.937 674
392.951 669
392.964 671
392.977 674
392.990 669
393.003 661
393.017 679
393.030 668
393.043 673
393.056 661
393.070 678
393.083 674
393.096 665
393.109 669
393.122 653
393.136 677
393.149 673
393.162 659
393.175 676
393.189 672
393.202 668
393.215 668
393.228 664
393.242 666
393.255 665
393.268 673
393.281 663
393.294 655
393.308 661
393.321 661
393.334 664
393.347 663
393.360 669
393.374 654
393.387 660
393.400 655
393.413 665
393.427 651
393.440 657
393.453 662
393.466 651
393.479 665
393.493 671
393.506 657
393.519 665
393.532 667
393.546 665
393.559 652
393.572 662
393.585 649
393.598 667
393.612 670
393.625 667
393.638 660
393.651 668
393.664 668
393.678 651
393.691 668
393.704 665
393.717 648
393.730 659
393.744 666
393.757 656
393.770 662
393.783 656
393.796 658
393.810 667
393.823 666
393.836 653
393.849 655
393.863 659
393.876 666
393.889 656
393.902 661
393.915 661
393.929 654
