375.891 775
375.905 776
375.919 779
375.933 782
375.946 789
375.960 778
375.974 787
375.987 780
376.001 774
376.015 796
376.029 793
376.042 797
376.056 810
376.070 786
376.084 803
376.097 803
376.111 801
376.125 821
376.139 815
376.152 807
376.166 855
376.180 831
376.193 839
376.207 821
376.221 809
376.235 819
376.248 815
376.262 842
376.276 853
376.290 837
376.303 835
376.317 854
376.331 840
376.345 854
376.358 871
376.372 857
376.386 862
376.399 867
376.413 880
376.427 867
376.441 874
376.454 864
376.468 866
376.482 886
376.495 878
376.509 886
376.523 882
376.537 924
376.550 916
376.564 883
376.578 904
376.592 894
376.605 912
376.619 924
376.633 933
376.646 895
376.660 906
376.674 908
376.688 917
376.701 937
376.715 952
376.729 921
376.742 997
376.756 941
376.770 965
376.784 932
376.797 940
376.811 964
376.825 968
376.838 988
376.852 1007
376.866 980
376.880 999
376.893 988
376.907 997
376.921 999
376.934 982
376.948 1004
376.962 994
376.976 1002
376.989 1027
377.003 1045
377.017 1025
377.030 1044
377.044 1067
377.058 1064
377.071 1057
377.085 1037
377.099 1038
377.113 1056
377.126 1041
377.140 1069
377.154 1075
377.167 1102
377.181 1075
377.195 1070
377.208 1077
377.222 1089
377.236 1122
377.250 1067
377.263 1089
377.277 1112
377.291 1136
377.304 1105
377.318 1092
377.332 1137
377.345 1119
377.359 1120
377.373 1150
377.387 1135
377.400 1135
377.414 1142
377.428 1148
377.441 1161
377.455 1156
377.469 1166
377.482 1161
377.496 1154
377.510 1204
377.524 1191
377.537 1214
377.551 1235
377.565 1184
377.578 1212
377.592 1236
377.606 1191
377.619 1228
377.633 1176
377.647 1233
377.660 1210
377.674 1199
377.688 1254
377.701 1207
377.715 1230
377.729 1241
377.743 1264
377.756 1219
377.770 1252
377.784 1270
377.797 1245
377.811 1268
377.825 1252
377.838 1248
377.852 1284
377.866 1289
377.879 1276
377.893 1283
377.907 1302
377.920 1308
377.934 1276
377.948 1266
377.961 1264
377.975 1267
377.989 1267
378.002 1304
378.016 1265
378.030 1263
378.044 1289
378.057 1278
378.071 1309
378.085 1272
378.098 1294
378.112 1251
378.126 1340
378.139 1300
378.153 1320
378.167 1313
378.180 1295
378.194 1298
378.208 1322
378.221 1299
378.235 1329
378.249 1324
378.262 1332
378.276 1351
378.290 1319
378.303 1348
378.317 1344
378.331 1328
378.344 1344
378.358 1351
378.372 1331
378.385 1365
378.399 1388
378.413 1371
378.426 1366
378.440 1371
378.454 1378
378.467 1372
378.481 1372
378.495 1375
378.508 1417
378.522 1398
378.536 1380
378.549 1363
378.563 1372
378.577 1411
378.590 1383
378.604 1433
378.618 1452
378.631 1413
378.645 1424
378.659 1450
378.672 1412
378.686 1430
378.700 1424
378.713 1427
378.727 1472
378.740 1467
378.754 1501
378.768 1480
378.781 1497
378.795 1463
378.809 1495
378.822 1477
378.836 1526
378.850 1477
378.863 1461
378.877 1526
378.891 1480
378.904 1512
378.918 1536
378.932 1482
378.945 1555
378.959 1494
378.973 1491
378.986 1507
379.000 1506
379.014 1533
379.027 1525
379.041 1525
379.054 1545
379.068 1578
379.082 1544
379.095 1528
379.109 1526
379.123 1541
379.136 1552
379.150 1541
379.164 1568
379.177 1559
379.191 1615
379.205 1606
379.218 1584
379.232 1596
379.245 1617
379.259 1624
379.273 1650
379.286 1650
379.300 1694
379.314 1673
379.327 1669
379.341 1691
379.355 1667
379.368 1714
379.382 1675
379.396 1666
379.409 1717
379.423 1732
379.436 1748
379.450 1747
379.464 1808
379.477 1743
379.491 1759
379.505 1755
379.518 1797
379.532 1872
379.546 1878
379.559 1867
379.573 1817
379.586 1860
379.600 1874
379.614 1919
379.627 1935
379.641 1987
379.655 1965
379.668 1979
379.682 1993
379.695 1982
379.709 1974
379.723 1974
379.736 2027
379.750 2130
379.764 2095
379.777 2152
379.791 2180
379.804 2166
379.818 2155
379.832 2178
379.845 2175
379.859 2169
379.873 2161
379.886 2194
379.900 2173
379.913 2320
379.927 2244
379.941 2305
379.954 2368
379.968 2390
379.982 2373
379.995 2437
380.009 2447
380.022 2498
380.036 2462
380.050 2483
380.063 2511
380.077 2639
380.090 2669
380.104 2735
380.118 2735
380.131 2783
380.145 2843
380.159 2818
380.172 2840
380.186 2930
380.199 2956
380.213 3030
380.227 3053
380.240 3105
380.254 3067
380.267 3037
380.281 3062
380.295 3074
380.308 3176
380.322 3220
380.336 3225
380.349 3308
380.363 3345
380.376 3338
380.390 3448
380.404 3432
380.417 3528
380.431 3499
380.444 3615
380.458 3571
380.472 3645
380.485 3685
380.499 3712
380.512 3810
380.526 3821
380.540 3815
380.553 3895
380.567 3945
380.580 3995
380.594 4145
380.608 4284
380.621 4339
380.635 4354
380.648 4411
380.662 4426
380.676 4426
380.689 4529
380.703 4617
380.716 4623
380.730 4708
380.744 4737
380.757 4852
380.771 4931
380.784 5064
380.798 5000
380.812 5124
380.825 5087
380.839 5174
380.852 5341
380.866 5559
380.880 5573
380.893 5378
380.907 5507
380.920 5596
380.934 5555
380.948 5739
380.961 5785
380.975 5843
380.988 5882
381.002 5809
381.015 5813
381.029 5939
381.043 6140
381.056 6170
381.070 6119
381.083 6181
381.097 6275
381.111 6242
381.124 6300
381.138 6565
381.151 6505
381.165 6660
381.179 6654
381.192 6658
381.206 6767
381.219 6735
381.233 6756
381.246 6783
381.260 6885
381.274 6865
381.287 6967
381.301 7124
381.314 7070
381.328 7107
381.341 7202
381.355 7344
381.369 7350
381.382 7338
381.396 7493
381.409 7554
381.423 7646
381.437 7781
381.450 7810
381.464 7762
381.477 7906
381.491 7986
381.504 8011
381.518 8072
381.532 8165
381.545 8319
381.559 8442
381.572 8462
381.586 8562
381.599 8606
381.613 8550
381.627 8606
381.640 8698
381.654 8713
381.667 8668
381.681 8891
381.694 8940
381.708 8760
381.722 8674
381.735 8698
381.749 8835
381.762 8772
381.776 8838
381.789 8916
381.803 8957
381.817 9106
381.830 9066
381.844 9152
381.857 9271
381.871 9391
381.884 9382
381.898 9160
381.911 9348
381.925 9467
381.939 9519
381.952 9704
381.966 9674
381.979 9602
381.993 9881
382.006 10020
382.020 10157
382.034 10285
382.047 10090
382.061 9945
382.074 9971
382.088 10124
382.101 10104
382.115 10216
382.128 10049
382.142 10512
382.156 10895
382.169 10789
382.183 10842
382.196 10807
382.210 10820
382.223 10867
382.237 10876
382.250 10912
382.264 11055
382.278 11007
382.291 11300
382.305 11326
382.318 11602
382.332 11607
382.345 11269
382.359 11175
382.372 11216
382.386 11386
382.399 11391
382.413 11550
382.427 11382
382.440 11507
382.454 11644
382.467 11869
382.481 12002
382.494 12170
382.508 12391
382.521 12627
382.535 12370
382.548 12309
382.562 12356
382.576 12316
382.589 12576
382.603 12652
382.616 12780
382.630 12739
382.643 12920
382.657 13047
382.670 13242
382.684 13211
382.697 13033
382.711 13262
382.724 13339
382.738 13291
382.752 13372
382.765 13397
382.779 13501
382.792 13639
382.806 13768
382.819 13870
382.833 14027
382.846 14171
382.860 14195
382.873 14139
382.887 14260
382.900 14490
382.914 14553
382.928 14700
382.941 14873
382.955 14994
382.968 15090
382.982 15352
382.995 15375
383.009 15382
383.022 15447
383.036 15616
383.049 15594
383.063 15787
383.076 15624
383.090 15733
383.103 15889
383.117 16000
383.130 15865
383.144 16144
383.158 16279
383.171 16523
383.185 16460
383.198 16713
383.212 16865
383.225 17025
383.239 17275
383.252 17340
383.266 17557
383.279 17543
383.293 17784
383.306 17874
383.320 18071
383.333 18234
383.347 18309
383.360 18226
383.374 18286
383.387 18313
383.401 18458
383.414 18469
383.428 18351
383.441 18415
383.455 18469
383.468 18426
383.482 18520
383.496 18908
383.509 18933
383.523 19209
383.536 19047
383.550 18994
383.563 19033
383.577 19173
383.590 19405
383.604 19473
383.617 19183
383.631 19155
383.644 18908
383.658 18823
383.671 18891
383.685 18923
383.698 19098
383.712 19330
383.725 19196
383.739 19082
383.752 18996
383.766 18853
383.779 18882
383.793 19045
383.806 19002
383.820 19439
383.833 19503
383.847 19356
383.860 19442
383.874 19148
383.887 18855
383.901 18921
383.914 19033
383.928 19105
383.941 18836
383.955 18621
383.968 18528
383.982 18517
383.995 18396
384.009 18294
384.022 18198
384.036 18337
384.049 18099
384.063 18277
384.076 18347
384.090 18552
384.103 18753
384.117 18595
384.130 18250
384.144 17757
384.157 17464
384.171 17372
384.184 16983
384.198 16945
384.211 16967
384.225 16623
384.238 16747
384.252 16880
384.265 16590
384.279 16416
384.292 16247
384.306 15979
384.319 15671
384.333 15154
384.346 14906
384.360 14839
384.373 14280
384.387 14162
384.400 13827
384.414 13732
384.427 13369
384.441 13112
384.454 12770
384.468 12488
384.481 12239
384.495 12109
384.508 11672
384.522 11514
384.535 11103
384.549 10876
384.562 10667
384.575 10290
384.589 10140
384.602 9902
384.616 9765
384.629 9695
384.643 9202
384.656 8974
384.670 8668
384.683 8438
384.697 8163
384.710 7860
384.724 7736
384.737 7413
384.751 7273
384.764 7142
384.778 6956
384.791 6761
384.805 6567
384.818 6397
384.832 6042
384.845 5987
384.859 5785
384.872 5665
384.885 5450
384.899 5388
384.912 5205
384.926 5046
384.939 4962
384.953 4822
384.966 4775
384.980 4683
384.993 4520
385.007 4437
385.020 4419
385.034 4251
385.047 4133
385.061 4119
385.074 4038
385.088 3941
385.101 3888
385.114 3814
385.128 3761
385.141 3708
385.155 3602
385.168 3629
385.182 3684
385.195 3641
385.209 3471
385.222 3403
385.236 3442
385.249 3312
385.263 3256
385.276 3203
385.290 3086
385.303 3058
385.316 3050
385.330 3060
385.343 3044
385.357 2999
385.370 2941
385.384 2816
385.397 2921
385.411 2776
385.424 2803
385.438 2788
385.451 2756
385.464 2801
385.478 2695
385.491 2706
385.505 2657
385.518 2602
385.532 2584
385.545 2577
385.559 2501
385.572 2526
385.586 2515
385.599 2467
385.612 2553
385.626 2518
385.639 2448
385.653 2467
385.666 2476
385.680 2463
385.693 2390
385.707 2349
385.720 2390
385.734 2368
385.747 2374
385.760 2304
385.774 2333
385.787 2308
385.801 2277
385.814 2166
385.828 2155
385.841 2176
385.855 2193
385.868 2146
385.881 2123
385.895 2119
385.908 2120
385.922 2126
385.935 2102
385.949 2023
385.962 2065
385.976 2044
385.989 2042
386.002 2085
386.016 1975
386.029 2028
386.043 2008
386.056 1982
386.070 1945
386.083 2017
386.097 1988
386.110 1968
386.123 1942
386.137 1903
386.150 1980
386.164 1928
386.177 1902
386.191 1896
386.204 1854
386.217 1818
386.231 1867
386.244 1898
386.258 1858
386.271 1917
386.285 1860
386.298 1809
386.311 1866
386.325 1797
386.338 1733
386.352 1778
386.365 1771
386.379 1815
386.392 1786
386.405 1753
386.419 1730
386.432 1813
386.446 1746
386.459 1773
386.473 1748
386.486 1715
386.499 1674
386.513 1703
386.526 1647
386.540 1730
386.553 1667
386.567 1633
386.580 1697
386.593 1722
386.607 1699
386.620 1692
386.634 1633
386.647 1660
386.661 1683
386.674 1675
386.687 1628
386.701 1618
386.714 1573
386.728 1604
386.741 1589
386.754 1572
386.768 1548
386.781 1585
386.795 1545
386.808 1526
386.822 1534
386.835 1518
386.848 1504
386.862 1484
386.875 1482
386.889 1504
386.902 1483
386.915 1498
386.929 1479
386.942 1480
386.956 1442
386.969 1456
386.983 1452
386.996 1433
387.009 1426
387.023 1437
387.036 1469
387.050 1457
387.063 1446
387.076 1436
387.090 1464
387.103 1398
387.117 1391
387.130 1397
387.143 1420
387.157 1443
387.170 1383
387.184 1377
387.197 1399
387.210 1365
387.224 1347
387.237 1370
387.251 1327
387.264 1356
387.278 1333
387.291 1318
387.304 1346
387.318 1349
387.331 1305
387.345 1330
387.358 1307
387.371 1328
387.385 1311
387.398 1289
387.412 1274
387.425 1292
387.438 1241
387.452 1250
387.465 1246
387.478 1235
387.492 1242
387.505 1251
387.519 1224
387.532 1229
387.545 1247
387.559 1222
387.572 1278
387.586 1211
387.599 1231
387.612 1205
387.626 1276
387.639 1226
387.653 1223
387.666 1193
387.679 1165
387.693 1171
387.706 1151
387.720 1166
387.733 1122
387.746 1179
387.760 1174
387.773 1184
387.787 1177
387.800 1146
387.813 1177
387.827 1131
387.840 1136
387.853 1142
387.867 1144
387.880 1163
387.894 1121
387.907 1120
387.920 1108
387.934 1135
387.947 1101
387.961 1133
387.974 1124
387.987 1103
388.001 1065
388.014 1055
388.027 1101
388.041 1063
388.054 1079
388.068 1064
388.081 1044
388.094 1090
388.108 1084
388.121 1053
388.134 1047
388.148 1050
388.161 1077
388.175 1029
388.188 1044
388.201 1039
388.215 1047
388.228 1043
388.241 1026
388.255 1022
388.268 1048
388.282 1030
388.295 1016
388.308 1026
388.322 1036
388.335 1014
388.348 1014
388.362 1012
388.375 1023
388.389 1028
388.402 1019
388.415 1020
388.429 1025
388.442 1010
388.455 1000
388.469 1019
388.482 1020
388.495 999
388.509 1028
388.522 981
388.536 1011
388.549 1016
388.562 991
388.576 990
388.589 1020
388.602 1005
388.616 1001
388.629 1026
388.642 1003
388.656 976
388.669 993
388.683 983
388.696 969
388.709 1007
388.723 989
388.736 999
388.749 965
388.763 995
388.776 989
388.789 967
388.803 980
388.816 985
388.829 963
388.843 988
388.856 974
388.870 958
388.883 990
388.896 952
388.910 950
388.923 973
388.936 996
388.950 968
388.963 978
388.976 965
388.990 966
389.003 1008
389.016 966
389.030 968
389.043 977
389.056 972
389.070 954
389.083 994
389.097 935
389.110 949
389.123 976
389.137 950
389.150 960
389.163 959
389.177 949
389.190 958
389.203 950
389.217 944
389.230 941
389.243 926
389.257 919
389.270 956
389.283 956
389.297 908
389.310 941
389.323 897
389.337 937
389.350 921
389.363 927
389.377 931
389.390 940
389.403 903
389.417 913
389.430 920
389.443 930
389.457 936
389.470 930
389.483 924
389.497 924
389.510 932
389.523 919
389.537 933
389.550 933
389.563 912
389.577 909
389.590 930
389.603 917
389.617 929
389.630 888
389.643 908
389.657 893
389.670 915
389.683 912
389.697 898
389.710 902
389.723 918
389.737 917
389.750 909
389.763 900
389.777 870
389.790 892
389.803 886
389.817 880
389.830 881
389.843 881
389.857 868
389.870 869
389.883 872
389.897 864
389.910 882
389.923 888
389.937 844
389.950 843
389.963 885
389.977 833
389.990 852
390.003 864
390.017 848
390.030 857
390.043 855
390.057 868
390.070 845
390.083 841
390.096 863
390.110 831
390.123 838
390.136 837
390.150 851
390.163 832
390.176 826
390.190 840
390.203 812
390.216 806
390.230 810
390.243 809
390.256 823
390.270 804
390.283 815
390.296 813
390.310 810
390.323 800
390.336 826
390.349 793
390.363 786
390.376 802
390.389 803
390.403 817
390.416 803
390.429 796
390.443 809
390.456 782
390.469 793
390.483 786
390.496 772
390.509 788
390.522 774
390.536 779
390.549 766
390.562 757
390.576 785
390.589 770
390.602 788
390.616 763
390.629 771
390.642 772
390.655 781
390.669 763
390.682 769
390.695 740
390.709 751
390.722 741
390.735 743
390.749 759
390.762 747
390.775 740
390.788 750
390.802 750
390.815 763
390.828 727
390.842 738
390.855 738
390.868 750
390.882 741
390.895 735
390.908 732
390.921 743
390.935 734
390.948 741
390.961 736
390.975 743
390.988 732
391.001 722
391.014 737
391.028 717
391.041 729
391.054 721
391.068 725
391.081 722
391.094 731
391.107 715
391.121 721
391.134 718
391.147 712
391.161 713
391.174 721
391.187 724
391.200 720
391.214 722
391.227 703
391.240 718
391.254 711
391.267 718
391.280 702
391.293 696
391.307 707
391.320 712
391.333 706
391.347 710
391.360 716
391.373 687
391.386 725
391.400 685
391.413 704
391.426 703
391.440 686
391.453 707
391.466 700
391.479 704
391.493 700
391.506 690
391.519 693
391.532 689
391.546 697
391.559 681
391.572 678
391.586 708
391.599 706
391.612 701
391.625 696
391.639 674
391.652 699
391.665 706
391.678 691
391.692 698
391.705 690
391.718 690
391.732 686
391.745 693
391.758 694
391.771 695
391.785 679
391.798 690
391.811 680
391.824 692
391.838 691
391.851 686
391.864 700
391.877 698
391.891 675
391.904 678
391.917 699
391.931 677
391.944 692
391.957 695
391.970 681
391.984 699
391.997 688
392.010 674
392.023 673
392.037 681
392.050 677
392.063 678
392.076 685
392.090 694
392.103 681
392.116 690
392.129 679
392.143 689
392.156 693
392.169 681
392.182 689
392.196 680
392.209 678
392.222 687
392.235 667
392.249 683
392.262 678
392.275 670
392.288 687
392.302 685
392.315 688
392.328 679
392.341 682
392.355 686
392.368 677
392.381 674
392.394 675
392.408 686
392.421 686
392.434 679
392.447 686
392.461 683
392.474 668
392.487 671
392.500 681
392.514 661
392.527 667
392.540 677
392.553 674
392.567 682
392.580 668
392.593 665
392.606 670
392.620 677
392.633 675
392.646 684
392.659 677
392.673 681
392.686 679
392.699 674
392.712 663
392.726 672
392.739 657
392.752 663
392.765 670
392.778 671
392.792 672
392.805 679
392.818 669
392.831 678
392.845 677
392.858 676
392.871 673
392.884 676
392.898 673
392.911 661
392.924 668
392.937 677
392.951 677
392.964 660
392.977 681
392.990 675
393.003 674
393.017 659
393.030 663
393.043 667
393.056 687
393.070 679
393.083 662
393.096 665
393.109 677
393.122 659
393.136 661
393.149 671
393.162 660
393.175 676
393.189 671
393.202 663
393.215 665
393.228 676
393.242 671
393.255 656
393.268 672
393.281 671
393.294 660
393.308 669
393.321 657
393.334 657
393.347 658
393.360 663
393.374 670
393.387 670
393.400 659
393.413 656
393.427 666
393.440 660
393.453 666
393.466 663
393.479 663
393.493 667
393.506 667
393.519 654
393.532 665
393.546 658
393.559 659
393.572 667
393.585 663
393.598 672
393.612 669
393.625 675
393.638 652
393.651 658
393.664 661
393.678 653
393.691 655
393.704 668
393.717 663
393.730 656
393.744 663
393.757 660
393.770 659
393.783 646
393.796 659
393.810 655
393.823 657
393.836 656
393.849 652
393.863 667
393.876 646
393.889 647
393.902 649
393.915 662
393.929 651
