375.891 771
375.905 792
375.919 786
375.933 814
375.946 795
375.960 798
375.974 787
375.987 810
376.001 814
376.015 808
376.029 826
376.042 818
376.056 815
376.070 808
376.084 792
376.097 815
376.111 826
376.125 813
376.139 838
376.152 822
376.166 841
376.180 844
376.193 843
376.207 850
376.221 816
376.235 848
376.248 852
376.262 841
376.276 871
376.290 844
376.303 885
376.317 853
376.331 860
376.345 858
376.358 875
376.372 881
376.386 887
376.399 878
376.413 896
376.427 882
376.441 883
376.454 895
376.468 896
376.482 902
376.495 898
376.509 922
376.523 895
376.537 919
376.550 936
376.564 915
376.578 933
376.592 939
376.605 931
376.619 945
376.633 957
376.646 914
376.660 940
376.674 939
376.688 943
376.701 969
376.715 953
376.729 964
376.742 978
376.756 962
376.770 962
376.784 963
376.797 979
376.811 980
376.825 994
376.838 1019
376.852 1005
376.866 1013
376.880 1012
376.893 1027
376.907 1011
376.921 1020
376.934 1007
376.948 1044
376.962 1039
376.976 1051
376.989 1025
377.003 1039
377.017 1069
377.030 1076
377.044 1064
377.058 1094
377.071 1094
377.085 1071
377.099 1092
377.113 1080
377.126 1097
377.140 1114
377.154 1091
377.167 1110
377.181 1109
377.195 1103
377.208 1120
377.222 1113
377.236 1109
377.250 1103
377.263 1132
377.277 1146
377.291 1136
377.304 1170
377.318 1183
377.332 1175
377.345 1149
377.359 1159
377.373 1135
377.387 1147
377.400 1188
377.414 1174
377.428 1180
377.441 1194
377.455 1192
377.469 1175
377.482 1209
377.496 1213
377.510 1238
377.524 1234
377.537 1234
377.551 1231
377.565 1218
377.578 1255
377.592 1219
377.606 1216
377.619 1209
377.633 1214
377.647 1235
377.660 1254
377.674 1252
377.688 1215
377.701 1225
377.715 1246
377.729 1284
377.743 1245
377.756 1279
377.770 1287
377.784 1314
377.797 1293
377.811 1286
377.825 1310
377.838 1268
377.852 1287
377.866 1285
377.879 1324
377.893 1307
377.907 1344
377.920 1296
377.934 1317
377.948 1334
377.961 1298
377.975 1360
377.989 1341
378.002 1340
378.016 1289
378.030 1324
378.044 1343
378.057 1279
378.071 1323
378.085 1354
378.098 1356
378.112 1352
378.126 1325
378.139 1337
378.153 1327
378.167 1339
378.180 1324
378.194 1372
378.208 1346
378.221 1388
378.235 1356
378.249 1376
378.262 1359
378.276 1376
378.290 1385
378.303 1349
378.317 1385
378.331 1395
378.344 1359
378.358 1419
378.372 1388
378.385 1430
378.399 1376
378.413 1383
378.426 1432
378.440 1421
378.454 1422
378.467 1456
378.481 1421
378.495 1429
378.508 1457
378.522 1428
378.536 1421
378.549 1457
378.563 1439
378.577 1454
378.590 1392
378.604 1459
378.618 1430
378.631 1492
378.645 1445
378.659 1466
378.672 1500
378.686 1477
378.700 1502
378.713 1536
378.727 1522
378.740 1522
378.754 1490
378.768 1513
378.781 1519
378.795 1549
378.809 1575
378.822 1530
378.836 1549
378.850 1512
378.863 1495
378.877 1514
378.891 1537
378.904 1543
378.918 1541
378.932 1536
378.945 1543
378.959 1531
378.973 1560
378.986 1537
379.000 1531
379.014 1574
379.027 1577
379.041 1557
379.054 1559
379.068 1575
379.082 1557
379.095 1572
379.109 1608
379.123 1598
379.136 1560
379.150 1615
379.164 1610
379.177 1628
379.191 1631
379.205 1647
379.218 1628
379.232 1674
379.245 1678
379.259 1656
379.273 1682
379.286 1658
379.300 1687
379.314 1687
379.327 1713
379.341 1640
379.355 1705
379.368 1763
379.382 1758
379.396 1814
379.409 1734
379.423 1769
379.436 1826
379.450 1780
379.464 1792
379.477 1847
379.491 1834
379.505 1827
379.518 1829
379.532 1859
379.546 1875
379.559 1915
379.573 1908
379.586 1848
379.600 1962
379.614 1948
379.627 1989
379.641 1984
379.655 2008
379.668 1953
379.682 1977
379.695 2060
379.709 2018
379.723 2074
379.736 2066
379.750 2184
379.764 2157
379.777 2224
379.791 2241
379.804 2265
379.818 2212
379.832 2210
379.845 2151
379.859 2278
379.873 2265
379.886 2282
379.900 2296
379.913 2341
379.927 2310
379.941 2367
379.954 2453
379.968 2436
379.982 2434
379.995 2466
380.009 2521
380.022 2568
380.036 2502
380.050 2544
380.063 2607
380.077 2697
380.090 2824
380.104 2774
380.118 2829
380.131 2839
380.145 2900
380.159 2907
380.172 2959
380.186 3004
380.199 3097
380.213 3153
380.227 3172
380.240 3169
380.254 3214
380.267 3183
380.281 3240
380.295 3286
380.308 3257
380.322 3268
380.336 3338
380.349 3451
380.363 3472
380.376 3440
380.390 3595
380.404 3625
380.417 3639
380.431 3681
380.444 3726
380.458 3751
380.472 3808
380.485 3792
380.499 3874
380.512 3829
380.526 3995
380.540 4034
380.553 4067
380.567 4103
380.580 4191
380.594 4202
380.608 4428
380.621 4545
380.635 4562
380.648 4455
380.662 4545
380.676 4601
380.689 4756
380.703 4641
380.716 4800
380.730 4892
380.744 4992
380.757 4962
380.771 5108
380.784 5226
380.798 5172
380.812 5179
380.825 5318
380.839 5340
380.852 5587
380.866 5620
380.880 5673
380.893 5677
380.907 5677
380.920 5758
380.934 5684
380.948 5912
380.961 6059
380.975 5977
380.988 6047
381.002 6056
381.015 6052
381.029 6061
381.043 6273
381.056 6383
381.070 6443
381.083 6342
381.097 6420
381.111 6670
381.124 6742
381.138 6727
381.151 6793
381.165 6823
381.179 6802
381.192 6802
381.206 6944
381.219 6808
381.233 7062
381.246 7074
381.260 7145
381.274 7133
381.287 7254
381.301 7302
381.314 7472
381.328 7484
381.341 7481
381.355 7553
381.369 7519
381.382 7589
381.396 7686
381.409 7889
381.423 7901
381.437 8025
381.450 8056
381.464 8060
381.477 8147
381.491 8323
381.504 8331
381.518 8301
381.532 8413
381.545 8536
381.559 8918
381.572 8848
381.586 8837
381.599 8925
381.613 8891
381.627 8980
381.640 9052
381.654 9104
381.667 9184
381.681 9251
381.694 9123
381.708 8959
381.722 8943
381.735 9068
381.749 9122
381.762 9213
381.776 9209
381.789 9276
381.803 9415
381.817 9416
381.830 9479
381.844 9490
381.857 9516
381.871 9786
381.884 9843
381.898 9569
381.911 9801
381.925 9872
381.939 9938
381.952 9987
381.966 9990
381.979 10201
381.993 10279
382.006 10390
382.020 10502
382.034 10588
382.047 10408
382.061 10405
382.074 10353
382.088 10493
382.101 10594
382.115 10507
382.128 10725
382.142 10926
382.156 11485
382.169 11382
382.183 11270
382.196 11151
382.210 11326
382.223 11380
382.237 11314
382.250 11544
382.264 11616
382.278 11695
382.291 11719
382.305 11856
382.318 11962
382.332 12109
382.345 11796
382.359 11641
382.372 11710
382.386 11902
382.399 12009
382.413 12063
382.427 12069
382.440 11965
382.454 12303
382.467 12440
382.481 12603
382.494 12711
382.508 12963
382.521 13027
382.535 13019
382.548 12912
382.562 13082
382.576 13084
382.589 13143
382.603 13248
382.616 13245
382.630 13446
382.643 13636
382.657 13579
382.670 13952
382.684 13795
382.697 13847
382.711 13851
382.724 13999
382.738 14067
382.752 14102
382.765 14165
382.779 14362
382.792 14434
382.806 14612
382.819 14659
382.833 14526
382.846 14884
382.860 14931
382.873 15032
382.887 15032
382.900 15336
382.914 15520
382.928 15584
382.941 15709
382.955 15926
382.968 15956
382.982 16056
382.995 16223
383.009 16256
383.022 16397
383.036 16561
383.049 16665
383.063 16652
383.076 16494
383.090 16813
383.103 16840
383.117 16940
383.130 16915
383.144 17158
383.158 17286
383.171 17368
383.185 17527
383.198 17697
383.212 17767
383.225 17970
383.239 18205
383.252 18562
383.266 18604
383.279 18601
383.293 18810
383.306 18626
383.320 18853
383.333 19298
383.347 19520
383.360 19336
383.374 19147
383.387 19341
383.401 19657
383.414 19428
383.428 19565
383.441 19553
383.455 19623
383.468 19520
383.482 19805
383.496 20414
383.509 20258
383.523 20299
383.536 20073
383.550 20097
383.563 20400
383.577 20486
383.590 20632
383.604 20818
383.617 20403
383.631 20131
383.644 20152
383.658 20082
383.671 20264
383.685 20345
383.698 20429
383.712 20360
383.725 20479
383.739 20257
383.752 20159
383.766 20072
383.779 20184
383.793 20252
383.806 20397
383.820 20786
383.833 20623
383.847 20555
383.860 20722
383.874 20574
383.887 20096
383.901 20163
383.914 20402
383.928 20350
383.941 20376
383.955 19980
383.968 19753
383.982 19883
383.995 19729
384.009 19643
384.022 19537
384.036 19548
384.049 19653
384.063 19613
384.076 20012
384.090 19772
384.103 20030
384.117 19945
384.130 19894
384.144 19079
384.157 18752
384.171 18462
384.184 18267
384.198 18123
384.211 18026
384.225 17933
384.238 17975
384.252 18052
384.265 17852
384.279 17567
384.292 17254
384.306 17094
384.319 16825
384.333 16471
384.346 16041
384.360 15823
384.373 15682
384.387 15225
384.400 15120
384.414 14729
384.427 14412
384.441 14193
384.454 14026
384.468 13650
384.481 13308
384.495 13057
384.508 12715
384.522 12511
384.535 12051
384.549 11827
384.562 11485
384.575 11324
384.589 11093
384.602 11034
384.616 10631
384.629 10474
384.643 10097
384.656 9999
384.670 9487
384.683 9215
384.697 8954
384.710 8661
384.724 8380
384.737 8062
384.751 8090
384.764 7822
384.778 7670
384.791 7408
384.805 7249
384.818 7036
384.832 6770
384.845 6581
384.859 6366
384.872 6254
384.885 6021
384.899 5872
384.912 5711
384.926 5523
384.939 5381
384.953 5256
384.966 5181
384.980 5119
384.993 4978
385.007 4903
385.020 4769
385.034 4610
385.047 4530
385.061 4364
385.074 4298
385.088 4243
385.101 4166
385.114 4078
385.128 4082
385.141 3976
385.155 3944
385.168 3940
385.182 3872
385.195 3812
385.209 3759
385.222 3669
385.236 3598
385.249 3566
385.263 3527
385.276 3472
385.290 3372
385.303 3375
385.316 3276
385.330 3345
385.343 3230
385.357 3202
385.370 3119
385.384 3115
385.397 3084
385.411 3046
385.424 3008
385.438 2996
385.451 2924
385.464 2909
385.478 2894
385.491 2876
385.505 2876
385.518 2841
385.532 2842
385.545 2763
385.559 2739
385.572 2690
385.586 2702
385.599 2713
385.612 2743
385.626 2690
385.639 2671
385.653 2635
385.666 2671
385.680 2627
385.693 2608
385.707 2602
385.720 2534
385.734 2553
385.747 2508
385.760 2510
385.774 2452
385.787 2482
385.801 2448
385.814 2362
385.828 2350
385.841 2323
385.855 2293
385.868 2345
385.881 2294
385.895 2299
385.908 2290
385.922 2283
385.935 2238
385.949 2223
385.962 2210
385.976 2223
385.989 2202
386.002 2234
386.016 2216
386.029 2167
386.043 2148
386.056 2121
386.070 2112
386.083 2107
386.097 2110
386.110 2124
386.123 2059
386.137 2055
386.150 2105
386.164 2052
386.177 2043
386.191 2070
386.204 1970
386.217 2073
386.231 1974
386.244 2027
386.258 1991
386.271 1998
386.285 1950
386.298 1943
386.311 1972
386.325 1864
386.338 1901
386.352 1920
386.365 1912
386.379 1908
386.392 1847
386.405 1828
386.419 1811
386.432 1882
386.446 1920
386.459 1852
386.473 1858
386.486 1823
386.499 1823
386.513 1786
386.526 1879
386.540 1798
386.553 1777
386.567 1752
386.580 1770
386.593 1809
386.607 1809
386.620 1784
386.634 1812
386.647 1773
386.661 1774
386.674 1724
386.687 1720
386.701 1694
386.714 1696
386.728 1684
386.741 1689
386.754 1682
386.768 1722
386.781 1695
386.795 1647
386.808 1627
386.822 1631
386.835 1647
386.848 1612
386.862 1609
386.875 1593
386.889 1598
386.902 1584
386.915 1608
386.929 1607
386.942 1551
386.956 1540
386.969 1515
386.983 1516
386.996 1550
387.009 1554
387.023 1490
387.036 1522
387.050 1517
387.063 1502
387.076 1545
387.090 1497
387.103 1535
387.117 1515
387.130 1467
387.143 1476
387.157 1486
387.170 1484
387.184 1477
387.197 1458
387.210 1478
387.224 1439
387.237 1408
387.251 1420
387.264 1425
387.278 1401
387.291 1429
387.304 1410
387.318 1434
387.331 1408
387.345 1414
387.358 1343
387.371 1359
387.385 1376
387.398 1360
387.412 1335
387.425 1338
387.438 1324
387.452 1310
387.465 1307
387.478 1294
387.492 1324
387.505 1259
387.519 1344
387.532 1320
387.545 1310
387.559 1320
387.572 1325
387.586 1298
387.599 1266
387.612 1283
387.626 1290
387.639 1301
387.653 1281
387.666 1247
387.679 1227
387.693 1223
387.706 1218
387.720 1202
387.733 1262
387.746 1204
387.760 1215
387.773 1213
387.787 1220
387.800 1218
387.813 1192
387.827 1205
387.840 1189
387.853 1173
387.867 1164
387.880 1217
387.894 1193
387.907 1213
387.920 1170
387.934 1154
387.947 1171
387.961 1174
387.974 1141
387.987 1129
388.001 1108
388.014 1140
388.027 1132
388.041 1131
388.054 1137
388.068 1100
388.081 1117
388.094 1127
388.108 1120
388.121 1122
388.134 1137
388.148 1083
388.161 1069
388.175 1079
388.188 1070
388.201 1063
388.215 1064
388.228 1067
388.241 1077
388.255 1056
388.268 1050
388.282 1072
388.295 1101
388.308 1072
388.322 1052
388.335 1051
388.348 1038
388.362 1026
388.375 1038
388.389 1072
388.402 1046
388.415 1078
388.429 1042
388.442 1045
388.455 1067
388.469 1066
388.482 1067
388.495 1060
388.509 1058
388.522 1068
388.536 1050
388.549 1021
388.562 1034
388.576 1051
388.589 1006
388.602 1013
388.616 1039
388.629 1004
388.642 1038
388.656 1027
388.669 1039
388.683 983
388.696 1039
388.709 1053
388.723 1027
388.736 1039
388.749 1033
388.763 1035
388.776 1018
388.789 1026
388.803 1036
388.816 1026
388.829 998
388.843 1008
388.856 997
388.870 1001
388.883 1027
388.896 994
388.910 1015
388.923 1009
388.936 1011
388.950 999
388.963 1001
388.976 973
388.990 1008
389.003 974
389.016 980
389.030 1013
389.043 999
389.056 999
389.070 1008
389.083 1005
389.097 958
389.110 980
389.123 974
389.137 982
389.150 951
389.163 998
389.177 991
389.190 975
389.203 978
389.217 970
389.230 968
389.243 958
389.257 979
389.270 984
389.283 963
389.297 979
389.310 968
389.323 973
389.337 988
389.350 959
389.363 971
389.377 967
389.390 968
389.403 974
389.417 946
389.430 963
389.443 963
389.457 947
389.470 976
389.483 962
389.497 954
389.510 958
389.523 939
389.537 946
389.550 964
389.563 941
389.577 945
389.590 934
389.603 933
389.617 947
389.630 923
389.643 950
389.657 952
389.670 946
389.683 919
389.697 901
389.710 912
389.723 950
389.737 934
389.750 930
389.763 932
389.777 914
389.790 912
389.803 907
389.817 925
389.830 916
389.843 917
389.857 885
389.870 883
389.883 874
389.897 874
389.910 884
389.923 918
389.937 900
389.950 880
389.963 878
389.977 905
389.990 899
390.003 889
390.017 868
390.030 892
390.043 893
390.057 873
390.070 893
390.083 887
390.096 878
390.110 875
390.123 887
390.136 847
390.150 874
390.163 878
390.176 847
390.190 856
390.203 852
390.216 845
390.230 825
390.243 837
390.256 853
390.270 830
390.283 844
390.296 835
390.310 833
390.323 822
390.336 838
390.349 836
390.363 824
390.376 826
390.389 834
390.403 831
390.416 816
390.429 802
390.443 810
390.456 794
390.469 807
390.483 818
390.496 778
390.509 797
390.522 802
390.536 803
390.549 804
390.562 802
390.576 782
390.589 794
390.602 791
390.616 776
390.629 784
390.642 785
390.655 777
390.669 799
390.682 772
390.695 778
390.709 757
390.722 769
390.735 765
390.749 764
390.762 763
390.775 767
390.788 759
390.802 761
390.815 761
390.828 762
390.842 749
390.855 754
390.868 748
390.882 747
390.895 757
390.908 744
390.921 746
390.935 750
390.948 731
390.961 734
390.975 729
390.988 732
391.001 728
391.014 738
391.028 735
391.041 727
391.054 730
391.068 745
391.081 743
391.094 742
391.107 736
391.121 734
391.134 708
391.147 731
391.161 727
391.174 731
391.187 736
391.200 717
391.214 720
391.227 708
391.240 713
391.254 720
391.267 709
391.280 718
391.293 700
391.307 714
391.320 704
391.333 703
391.347 712
391.360 714
391.373 722
391.386 707
391.400 709
391.413 703
391.426 709
391.440 706
391.453 719
391.466 696
391.479 711
391.493 698
391.506 715
391.519 685
391.532 707
391.546 702
391.559 704
391.572 707
391.586 696
391.599 696
391.612 700
391.625 699
391.639 708
391.652 689
391.665 709
391.678 689
391.692 692
391.705 704
391.718 689
391.732 707
391.745 703
391.758 702
391.771 695
391.785 696
391.798 695
391.811 691
391.824 689
391.838 698
391.851 692
391.864 689
391.877 686
391.891 686
391.904 697
391.917 697
391.931 688
391.944 687
391.957 691
391.970 688
391.984 709
391.997 684
392.010 687
392.023 683
392.037 696
392.050 692
392.063 687
392.076 691
392.090 686
392.103 692
392.116 690
392.129 683
392.143 687
392.156 677
392.169 697
392.182 688
392.196 685
392.209 677
392.222 688
392.235 657
392.249 686
392.262 675
392.275 675
392.288 682
392.302 681
392.315 688
392.328 699
392.341 685
392.355 685
392.368 693
392.381 679
392.394 684
392.408 682
392.421 687
392.434 694
392.447 678
392.461 684
392.474 684
392.487 689
392.500 685
392.514 677
392.527 684
392.540 681
392.553 675
392.567 690
392.580 678
392.593 672
392.606 682
392.620 675
392.633 676
392.646 664
392.659 690
392.673 682
392.686 679
392.699 676
392.712 678
392.726 667
392.739 673
392.752 678
392.765 673
392.778 668
392.792 674
392.805 661
392.818 679
392.831 674
392.845 669
392.858 664
392.871 672
392.884 684
392.898 676
392.911 667
392.924 670
392.937 680
392.951 685
392.964 667
392.977 661
392.990 684
393.003 671
393.017 674
393.030 674
393.043 668
393.056 671
393.070 668
393.083 678
393.096 676
393.109 664
393.122 663
393.136 675
393.149 671
393.162 673
393.175 665
393.189 668
393.202 673
393.215 674
393.228 670
393.242 668
393.255 666
393.268 670
393.281 665
393.294 665
393.308 673
393.321 666
393.334 678
393.347 663
393.360 656
393.374 673
393.387 666
393.400 664
393.413 662
393.427 657
393.440 665
393.453 659
393.466 667
393.479 671
393.493 670
393.506 670
393.519 663
393.532 670
393.546 668
393.559 658
393.572 659
393.585 661
393.598 674
393.612 667
393.625 651
393.638 668
393.651 647
393.664 668
393.678 667
393.691 662
393.704 667
393.717 661
393.730 665
393.744 661
393.757 667
393.770 663
393.783 664
393.796 668
393.810 655
393.823 661
393.836 660
393.849 664
393.863 667
393.876 662
393.889 670
393.902 649
393.915 671
393.929 668
