375.891 810
375.905 804
375.919 813
375.933 823
375.946 823
375.960 839
375.974 848
375.987 833
376.001 835
376.015 815
376.029 843
376.042 847
376.056 868
376.070 849
376.084 853
376.097 869
376.111 863
376.125 862
376.139 862
376.152 870
376.166 890
376.180 889
376.193 900
376.207 887
376.221 880
376.235 877
376.248 896
376.262 904
376.276 906
376.290 905
376.303 937
376.317 914
376.331 922
376.345 923
376.358 934
376.372 914
376.386 939
376.399 928
376.413 940
376.427 946
376.441 954
376.454 954
376.468 949
376.482 946
376.495 967
376.509 960
376.523 974
376.537 1005
376.550 989
376.564 1006
376.578 1004
376.592 1026
376.605 1004
376.619 1022
376.633 1000
376.646 994
376.660 996
376.674 1005
376.688 995
376.701 1006
376.715 1006
376.729 1031
376.742 1045
376.756 1021
376.770 1047
376.784 1035
376.797 1058
376.811 1068
376.825 1080
376.838 1078
376.852 1072
376.866 1076
376.880 1099
376.893 1081
376.907 1094
376.921 1111
376.934 1131
376.948 1129
376.962 1119
376.976 1128
376.989 1138
377.003 1132
377.017 1156
377.030 1155
377.044 1158
377.058 1177
377.071 1189
377.085 1170
377.099 1175
377.113 1215
377.126 1184
377.140 1179
377.154 1194
377.167 1213
377.181 1232
377.195 1203
377.208 1222
377.222 1242
377.236 1265
377.250 1266
377.263 1211
377.277 1235
377.291 1288
377.304 1240
377.318 1268
377.332 1310
377.345 1305
377.359 1288
377.373 1295
377.387 1313
377.400 1337
377.414 1300
377.428 1284
377.441 1306
377.455 1301
377.469 1346
377.482 1346
377.496 1337
377.510 1359
377.524 1392
377.537 1366
377.551 1418
377.565 1389
377.578 1383
377.592 1358
377.606 1406
377.619 1360
377.633 1328
377.647 1386
377.660 1400
377.674 1404
377.688 1402
377.701 1419
377.715 1397
377.729 1446
377.743 1420
377.756 1418
377.770 1418
377.784 1468
377.797 1437
377.811 1438
377.825 1423
377.838 1427
377.852 1456
377.866 1461
377.879 1493
377.893 1445
377.907 1444
377.920 1467
377.934 1472
377.948 1456
377.961 1434
377.975 1498
377.989 1485
378.002 1491
378.016 1491
378.030 1441
378.044 1519
378.057 1479
378.071 1506
378.085 1522
378.098 1533
378.112 1523
378.126 1523
378.139 1555
378.153 1509
378.167 1499
378.180 1527
378.194 1553
378.208 1539
378.221 1501
378.235 1533
378.249 1538
378.262 1569
378.276 1546
378.290 1539
378.303 1505
378.317 1555
378.331 1573
378.344 1553
378.358 1566
378.372 1554
378.385 1598
378.399 1524
378.413 1589
378.426 1597
378.440 1566
378.454 1614
378.467 1639
378.481 1587
378.495 1639
378.508 1623
378.522 1616
378.536 1601
378.549 1592
378.563 1592
378.577 1629
378.590 1661
378.604 1635
378.618 1662
378.631 1660
378.645 1663
378.659 1633
378.672 1672
378.686 1710
378.700 1716
378.713 1766
378.727 1722
378.740 1737
378.754 1735
378.768 1763
378.781 1715
378.795 1754
378.809 1788
378.822 1730
378.836 1798
378.850 1722
378.863 1737
378.877 1770
378.891 1783
378.904 1796
378.918 1782
378.932 1798
378.945 1759
378.959 1719
378.973 1754
378.986 1800
379.000 1781
379.014 1783
379.027 1793
379.041 1754
379.054 1814
379.068 1801
379.082 1803
379.095 1810
379.109 1822
379.123 1848
379.136 1844
379.150 1846
379.164 1858
379.177 1846
379.191 1888
379.205 1879
379.218 1866
379.232 1910
379.245 1949
379.259 1864
379.273 1936
379.286 1914
379.300 1923
379.314 1944
379.327 2028
379.341 1953
379.355 1936
379.368 1968
379.382 2016
379.396 1958
379.409 2039
379.423 2048
379.436 2073
379.450 2086
379.464 2115
379.477 2065
379.491 2114
379.505 2092
379.518 2138
379.532 2130
379.546 2182
379.559 2230
379.573 2201
379.586 2228
379.600 2184
379.614 2242
379.627 2291
379.641 2283
379.655 2326
379.668 2332
379.682 2349
379.695 2299
379.709 2334
379.723 2340
379.736 2454
379.750 2575
379.764 2561
379.777 2586
379.791 2578
379.804 2580
379.818 2647
379.832 2588
379.845 2550
379.859 2570
379.873 2630
379.886 2692
379.900 2667
379.913 2701
379.927 2753
379.941 2760
379.954 2869
379.968 2876
379.982 2909
379.995 2975
380.009 2930
380.022 2978
380.036 2957
380.050 3005
380.063 3128
380.077 3251
380.090 3304
380.104 3373
380.118 3327
380.131 3328
380.145 3420
380.159 3442
380.172 3490
380.186 3538
380.199 3629
380.213 3581
380.227 3811
380.240 3840
380.254 3663
380.267 3768
380.281 3815
380.295 3831
380.308 3839
380.322 3963
380.336 4021
380.349 4071
380.363 4123
380.376 4148
380.390 4177
380.404 4247
380.417 4389
380.431 4373
380.444 4428
380.458 4514
380.472 4617
380.485 4623
380.499 4668
380.512 4721
380.526 4850
380.540 4840
380.553 4873
380.567 4913
380.580 4937
380.594 5094
380.608 5230
380.621 5507
380.635 5449
380.648 5518
380.662 5599
380.676 5605
380.689 5644
380.703 5738
380.716 5794
380.730 5872
380.744 5907
380.757 6081
380.771 6271
380.784 6370
380.798 6275
380.812 6404
380.825 6512
380.839 6552
380.852 6800
380.866 6950
380.880 7018
380.893 6886
380.907 6978
380.920 7083
380.934 7142
380.948 7264
380.961 7266
380.975 7419
380.988 7550
381.002 7435
381.015 7517
381.029 7659
381.043 7840
381.056 7816
381.070 7802
381.083 7976
381.097 8093
381.111 8192
381.124 8336
381.138 8398
381.151 8345
381.165 8503
381.179 8498
381.192 8608
381.206 8551
381.219 8668
381.233 8728
381.246 8863
381.260 8900
381.274 8863
381.287 9016
381.301 9185
381.314 9188
381.328 9357
381.341 9296
381.355 9563
381.369 9519
381.382 9508
381.396 9721
381.409 9832
381.423 9859
381.437 10050
381.450 10126
381.464 10202
381.477 10531
381.491 10594
381.504 10394
381.518 10736
381.532 10640
381.545 10947
381.559 11262
381.572 11227
381.586 11287
381.599 11289
381.613 11395
381.627 11527
381.640 11578
381.654 11624
381.667 11700
381.681 11792
381.694 11772
381.708 11732
381.722 11541
381.735 11448
381.749 11646
381.762 11771
381.776 11805
381.789 11870
381.803 11908
381.817 11910
381.830 11917
381.844 12224
381.857 12246
381.871 12505
381.884 12361
381.898 12512
381.911 12504
381.925 12405
381.939 12713
381.952 12728
381.966 12706
381.979 12943
381.993 13200
382.006 13469
382.020 13584
382.034 13665
382.047 13587
382.061 13571
382.074 13391
382.088 13531
382.101 13517
382.115 13817
382.128 13757
382.142 14076
382.156 14765
382.169 14791
382.183 14820
382.196 14621
382.210 14737
382.223 14638
382.237 14666
382.250 14869
382.264 14836
382.278 15041
382.291 15016
382.305 15362
382.318 15792
382.332 15944
382.345 15263
382.359 15151
382.372 15472
382.386 15355
382.399 15455
382.413 15537
382.427 15775
382.440 15785
382.454 15844
382.467 16013
382.481 16524
382.494 16682
382.508 16999
382.521 17219
382.535 17021
382.548 16875
382.562 16914
382.576 17052
382.589 17323
382.603 17229
382.616 17631
382.630 17790
382.643 17967
382.657 17883
382.670 18146
382.684 18226
382.697 18128
382.711 18168
382.724 18616
382.738 18540
382.752 18556
382.765 18792
382.779 18858
382.792 18969
382.806 19146
382.819 19614
382.833 19273
382.846 19703
382.860 19765
382.873 19669
382.887 19976
382.900 20282
382.914 20521
382.928 20738
382.941 20848
382.955 21072
382.968 21033
382.982 21661
382.995 21570
383.009 21565
383.022 21957
383.036 21931
383.049 21977
383.063 22262
383.076 22521
383.090 22196
383.103 22565
383.117 22680
383.130 23028
383.144 22909
383.158 23179
383.171 23273
383.185 23495
383.198 23747
383.212 24107
383.225 24338
383.239 24712
383.252 24865
383.266 25124
383.279 25209
383.293 25357
383.306 25365
383.320 25735
383.333 26500
383.347 26873
383.360 26390
383.374 26174
383.387 26455
383.401 26955
383.414 26694
383.428 26494
383.441 26828
383.455 26768
383.468 26551
383.482 27139
383.496 27860
383.509 28037
383.523 27968
383.536 28009
383.550 27907
383.563 28187
383.577 28498
383.590 28616
383.604 28734
383.617 28525
383.631 28255
383.644 28015
383.658 28081
383.671 27945
383.685 28330
383.698 28384
383.712 28680
383.725 28877
383.739 28531
383.752 28556
383.766 28378
383.779 28353
383.793 28663
383.806 28511
383.820 29277
383.833 29227
383.847 29411
383.860 29473
383.874 29390
383.887 28813
383.901 28638
383.914 29061
383.928 29117
383.941 29307
383.955 28530
383.968 28591
383.982 28496
383.995 28507
384.009 28361
384.022 28339
384.036 28085
384.049 28155
384.063 28540
384.076 28700
384.090 28964
384.103 29273
384.117 29315
384.130 28981
384.144 27960
384.157 27545
384.171 27304
384.184 26995
384.198 26898
384.211 26751
384.225 26715
384.238 27141
384.252 26759
384.265 26681
384.279 26491
384.292 26354
384.306 26118
384.319 25497
384.333 24733
384.346 24377
384.360 23992
384.373 23707
384.387 23293
384.400 23026
384.414 22768
384.427 22558
384.441 21878
384.454 21561
384.468 20952
384.481 20713
384.495 20306
384.508 19758
384.522 19365
384.535 18882
384.549 18411
384.562 17945
384.575 17673
384.589 17408
384.602 17188
384.616 16887
384.629 16300
384.643 15727
384.656 15559
384.670 14986
384.683 14398
384.697 13975
384.710 13535
384.724 13027
384.737 12559
384.751 12151
384.764 11993
384.778 11605
384.791 11390
384.805 11073
384.818 10632
384.832 10222
384.845 9982
384.859 9726
384.872 9368
384.885 8881
384.899 8639
384.912 8540
384.926 8189
384.939 7864
384.953 7870
384.966 7527
384.980 7476
384.993 7288
385.007 7097
385.020 6807
385.034 6750
385.047 6594
385.061 6470
385.074 6418
385.088 6131
385.101 6012
385.114 5888
385.128 5790
385.141 5698
385.155 5668
385.168 5617
385.182 5531
385.195 5537
385.209 5352
385.222 5232
385.236 5205
385.249 5057
385.263 5063
385.276 4871
385.290 4905
385.303 4711
385.316 4580
385.330 4700
385.343 4612
385.357 4585
385.370 4406
385.384 4404
385.397 4232
385.411 4274
385.424 4232
385.438 4137
385.451 4166
385.464 4172
385.478 4065
385.491 4073
385.505 4042
385.518 3956
385.532 3936
385.545 3847
385.559 3786
385.572 3768
385.586 3771
385.599 3663
385.612 3718
385.626 3713
385.639 3648
385.653 3605
385.666 3678
385.680 3604
385.693 3565
385.707 3585
385.720 3526
385.734 3481
385.747 3401
385.760 3419
385.774 3360
385.787 3364
385.801 3301
385.814 3152
385.828 3240
385.841 3151
385.855 3133
385.868 3136
385.881 2999
385.895 3126
385.908 3075
385.922 2997
385.935 3042
385.949 3035
385.962 2976
385.976 2930
385.989 2957
386.002 2969
386.016 2965
386.029 2969
386.043 2896
386.056 2849
386.070 2820
386.083 2832
386.097 2785
386.110 2808
386.123 2867
386.137 2796
386.150 2743
386.164 2742
386.177 2715
386.191 2730
386.204 2692
386.217 2675
386.231 2654
386.244 2675
386.258 2658
386.271 2586
386.285 2639
386.298 2649
386.311 2618
386.325 2593
386.338 2562
386.352 2530
386.365 2527
386.379 2479
386.392 2524
386.405 2468
386.419 2484
386.432 2472
386.446 2472
386.459 2477
386.473 2462
386.486 2365
386.499 2407
386.513 2348
386.526 2376
386.540 2355
386.553 2292
386.567 2363
386.580 2340
386.593 2409
386.607 2391
386.620 2375
386.634 2340
386.647 2337
386.661 2274
386.674 2322
386.687 2268
386.701 2277
386.714 2210
386.728 2207
386.741 2262
386.754 2230
386.768 2207
386.781 2210
386.795 2120
386.808 2101
386.822 2139
386.835 2101
386.848 2116
386.862 2077
386.875 2120
386.889 2055
386.902 2080
386.915 2052
386.929 2052
386.942 2005
386.956 1987
386.969 1996
386.983 1975
386.996 1999
387.009 1960
387.023 1992
387.036 1992
387.050 1986
387.063 1931
387.076 1925
387.090 1975
387.103 1934
387.117 1925
387.130 1908
387.143 1949
387.157 1947
387.170 1897
387.184 1866
387.197 1837
387.210 1908
387.224 1861
387.237 1858
387.251 1813
387.264 1849
387.278 1758
387.291 1794
387.304 1834
387.318 1761
387.331 1778
387.345 1766
387.358 1828
387.371 1737
387.385 1772
387.398 1729
387.412 1705
387.425 1681
387.438 1707
387.452 1643
387.465 1647
387.478 1633
387.492 1622
387.505 1644
387.519 1652
387.532 1639
387.545 1684
387.559 1603
387.572 1658
387.586 1625
387.599 1608
387.612 1584
387.626 1630
387.639 1640
387.653 1580
387.666 1548
387.679 1538
387.693 1501
387.706 1501
387.720 1510
387.733 1505
387.746 1519
387.760 1501
387.773 1525
387.787 1512
387.800 1472
387.813 1490
387.827 1461
387.840 1440
387.853 1427
387.867 1402
387.880 1457
387.894 1503
387.907 1465
387.920 1431
387.934 1451
387.947 1422
387.961 1433
387.974 1383
387.987 1363
388.001 1383
388.014 1350
388.027 1340
388.041 1367
388.054 1336
388.068 1374
388.081 1377
388.094 1328
388.108 1342
388.121 1351
388.134 1291
388.148 1297
388.161 1286
388.175 1300
388.188 1263
388.201 1272
388.215 1277
388.228 1270
388.241 1262
388.255 1283
388.268 1246
388.282 1269
388.295 1275
388.308 1259
388.322 1238
388.335 1258
388.348 1238
388.362 1225
388.375 1249
388.389 1276
388.402 1253
388.415 1258
388.429 1284
388.442 1269
388.455 1228
388.469 1270
388.482 1230
388.495 1223
388.509 1271
388.522 1268
388.536 1223
388.549 1210
388.562 1229
388.576 1197
388.589 1207
388.602 1224
388.616 1211
388.629 1217
388.642 1224
388.656 1206
388.669 1191
388.683 1202
388.696 1220
388.709 1214
388.723 1202
388.736 1204
388.749 1202
388.763 1219
388.776 1184
388.789 1150
388.803 1191
388.816 1184
388.829 1204
388.843 1179
388.856 1176
388.870 1174
388.883 1150
388.896 1170
388.910 1182
388.923 1156
388.936 1170
388.950 1180
388.963 1195
388.976 1197
388.990 1173
389.003 1170
389.016 1166
389.030 1171
389.043 1160
389.056 1175
389.070 1164
389.083 1161
389.097 1156
389.110 1164
389.123 1166
389.137 1156
389.150 1136
389.163 1140
389.177 1145
389.190 1129
389.203 1149
389.217 1121
389.230 1126
389.243 1115
389.257 1142
389.270 1139
389.283 1141
389.297 1141
389.310 1125
389.323 1110
389.337 1132
389.350 1104
389.363 1119
389.377 1135
389.390 1125
389.403 1103
389.417 1115
389.430 1131
389.443 1091
389.457 1099
389.470 1114
389.483 1112
389.497 1103
389.510 1121
389.523 1105
389.537 1121
389.550 1134
389.563 1076
389.577 1097
389.590 1096
389.603 1073
389.617 1093
389.630 1053
389.643 1088
389.657 1082
389.670 1081
389.683 1074
389.697 1065
389.710 1060
389.723 1086
389.737 1088
389.750 1067
389.763 1083
389.777 1083
389.790 1062
389.803 1064
389.817 1070
389.830 1069
389.843 1049
389.857 1037
389.870 1024
389.883 1042
389.897 1020
389.910 1037
389.923 1005
389.937 1026
389.950 1041
389.963 1036
389.977 1015
389.990 1038
390.003 1030
390.017 1032
390.030 1026
390.043 1002
390.057 1005
390.070 992
390.083 1008
390.096 983
390.110 999
390.123 993
390.136 959
390.150 974
390.163 970
390.176 969
390.190 954
390.203 968
390.216 973
390.230 966
390.243 955
390.256 929
390.270 949
390.283 954
390.296 950
390.310 940
390.323 926
390.336 946
390.349 921
390.363 949
390.376 942
390.389 932
390.403 909
390.416 923
390.429 920
390.443 895
390.456 925
390.469 889
390.483 899
390.496 916
390.509 894
390.522 888
390.536 890
390.549 901
390.562 871
390.576 896
390.589 876
390.602 846
390.616 872
390.629 884
390.642 860
390.655 876
390.669 854
390.682 854
390.695 849
390.709 857
390.722 860
390.735 845
390.749 853
390.762 844
390.775 822
390.788 840
390.802 837
390.815 828
390.828 823
390.842 809
390.855 824
390.868 811
390.882 826
390.895 826
390.908 821
390.921 798
390.935 823
390.948 808
390.961 810
390.975 799
390.988 807
391.001 791
391.014 795
391.028 809
391.041 798
391.054 784
391.068 783
391.081 780
391.094 782
391.107 788
391.121 779
391.134 780
391.147 785
391.161 754
391.174 763
391.187 783
391.200 775
391.214 767
391.227 767
391.240 765
391.254 763
391.267 765
391.280 770
391.293 757
391.307 771
391.320 746
391.333 741
391.347 754
391.360 765
391.373 752
391.386 766
391.400 756
391.413 757
391.426 754
391.440 752
391.453 762
391.466 744
391.479 739
391.493 758
391.506 753
391.519 735
391.532 755
391.546 725
391.559 736
391.572 731
391.586 736
391.599 742
391.612 738
391.625 733
391.639 735
391.652 733
391.665 739
391.678 732
391.692 732
391.705 750
391.718 720
391.732 728
391.745 737
391.758 742
391.771 718
391.785 737
391.798 745
391.811 718
391.824 737
391.838 733
391.851 742
391.864 728
391.877 722
391.891 712
391.904 722
391.917 736
391.931 731
391.944 726
391.957 729
391.970 730
391.984 721
391.997 727
392.010 711
392.023 722
392.037 717
392.050 727
392.063 715
392.076 708
392.090 729
392.103 719
392.116 719
392.129 722
392.143 727
392.156 722
392.169 708
392.182 707
392.196 722
392.209 711
392.222 728
392.235 716
392.249 702
392.262 717
392.275 706
392.288 709
392.302 709
392.315 712
392.328 712
392.341 703
392.355 704
392.368 713
392.381 719
392.394 714
392.408 716
392.421 717
392.434 720
392.447 710
392.461 711
392.474 722
392.487 709
392.500 705
392.514 715
392.527 717
392.540 704
392.553 712
392.567 708
392.580 712
392.593 721
392.606 709
392.620 704
392.633 706
392.646 720
392.659 697
392.673 694
392.686 710
392.699 704
392.712 708
392.726 704
392.739 714
392.752 704
392.765 698
392.778 706
392.792 704
392.805 716
392.818 703
392.831 699
392.845 712
392.858 696
392.871 714
392.884 695
392.898 689
392.911 705
392.924 705
392.937 701
392.951 710
392.964 704
392.977 701
392.990 701
393.003 707
393.017 699
393.030 702
393.043 715
393.056 699
393.070 704
393.083 695
393.096 696
393.109 708
393.122 696
393.136 696
393.149 705
393.162 700
393.175 694
393.189 700
393.202 702
393.215 702
393.228 693
393.242 703
393.255 687
393.268 690
393.281 696
393.294 690
393.308 688
393.321 710
393.334 696
393.347 678
393.360 676
393.374 694
393.387 694
393.400 679
393.413 684
393.427 684
393.440 681
393.453 680
393.466 686
393.479 695
393.493 694
393.506 697
393.519 679
393.532 688
393.546 695
393.559 676
393.572 692
393.585 684
393.598 686
393.612 679
393.625 691
393.638 692
393.651 681
393.664 678
393.678 686
393.691 681
393.704 697
393.717 681
393.730 689
393.744 677
393.757 695
393.770 679
393.783 680
393.796 678
393.810 676
393.823 676
393.836 684
393.849 695
393.863 681
393.876 673
393.889 679
393.902 675
393.915 684
393.929 683
