375.891 786
375.905 801
375.919 835
375.933 800
375.946 834
375.960 836
375.974 805
375.987 815
376.001 850
376.015 834
376.029 841
376.042 851
376.056 864
376.070 850
376.084 821
376.097 862
376.111 848
376.125 843
376.139 860
376.152 862
376.166 864
376.180 898
376.193 882
376.207 891
376.221 889
376.235 872
376.248 887
376.262 876
376.276 886
376.290 896
376.303 894
376.317 916
376.331 901
376.345 916
376.358 913
376.372 890
376.386 920
376.399 927
376.413 926
376.427 924
376.441 921
376.454 931
376.468 945
376.482 943
376.495 936
376.509 941
376.523 978
376.537 980
376.550 972
376.564 995
376.578 986
376.592 993
376.605 978
376.619 999
376.633 968
376.646 1008
376.660 1002
376.674 982
376.688 1024
376.701 1017
376.715 1012
376.729 1038
376.742 1062
376.756 1023
376.770 1031
376.784 1032
376.797 1031
376.811 1038
376.825 1036
376.838 1086
376.852 1069
376.866 1060
376.880 1082
376.893 1097
376.907 1072
376.921 1074
376.934 1076
376.948 1080
376.962 1140
376.976 1089
376.989 1106
377.003 1105
377.017 1139
377.030 1142
377.044 1145
377.058 1142
377.071 1181
377.085 1153
377.099 1138
377.113 1173
377.126 1190
377.140 1157
377.154 1170
377.167 1175
377.181 1218
377.195 1197
377.208 1199
377.222 1223
377.236 1198
377.250 1226
377.263 1154
377.277 1218
377.291 1269
377.304 1258
377.318 1268
377.332 1249
377.345 1234
377.359 1264
377.373 1253
377.387 1259
377.400 1287
377.414 1255
377.428 1270
377.441 1246
377.455 1264
377.469 1330
377.482 1300
377.496 1297
377.510 1308
377.524 1310
377.537 1322
377.551 1328
377.565 1324
377.578 1298
377.592 1302
377.606 1317
377.619 1309
377.633 1340
377.647 1366
377.660 1300
377.674 1340
377.688 1352
377.701 1331
377.715 1318
377.729 1353
377.743 1408
377.756 1395
377.770 1377
377.784 1368
377.797 1396
377.811 1398
377.825 1367
377.838 1381
377.852 1406
377.866 1375
377.879 1390
377.893 1451
377.907 1397
377.920 1454
377.934 1450
377.948 1444
377.961 1412
377.975 1431
377.989 1410
378.002 1419
378.016 1455
378.030 1431
378.044 1452
378.057 1447
378.071 1465
378.085 1417
378.098 1496
378.112 1415
378.126 1477
378.139 1455
378.153 1454
378.167 1465
378.180 1447
378.194 1477
378.208 1454
378.221 1499
378.235 1486
378.249 1508
378.262 1455
378.276 1508
378.290 1492
378.303 1512
378.317 1471
378.331 1501
378.344 1482
378.358 1536
378.372 1495
378.385 1515
378.399 1520
378.413 1543
378.426 1567
378.440 1533
378.454 1543
378.467 1545
378.481 1543
378.495 1553
378.508 1555
378.522 1570
378.536 1529
378.549 1594
378.563 1548
378.577 1567
378.590 1568
378.604 1586
378.618 1604
378.631 1572
378.645 1644
378.659 1614
378.672 1614
378.686 1615
378.700 1686
378.713 1668
378.727 1720
378.740 1619
378.754 1636
378.768 1656
378.781 1705
378.795 1739
378.809 1699
378.822 1726
378.836 1685
378.850 1625
378.863 1667
378.877 1676
378.891 1706
378.904 1705
378.918 1706
378.932 1717
378.945 1730
378.959 1716
378.973 1700
378.986 1714
379.000 1766
379.014 1731
379.027 1725
379.041 1711
379.054 1745
379.068 1734
379.082 1740
379.095 1740
379.109 1775
379.123 1735
379.136 1775
379.150 1763
379.164 1758
379.177 1769
379.191 1778
379.205 1808
379.218 1825
379.232 1816
379.245 1885
379.259 1834
379.273 1883
379.286 1865
379.300 1849
379.314 1913
379.327 1922
379.341 1915
379.355 1937
379.368 1914
379.382 1931
379.396 1932
379.409 1950
379.423 1952
379.436 2003
379.450 2019
379.464 1954
379.477 1983
379.491 2025
379.505 2015
379.518 2075
379.532 2050
379.546 2090
379.559 2131
379.573 2157
379.586 2135
379.600 2177
379.614 2200
379.627 2227
379.641 2234
379.655 2239
379.668 2234
379.682 2238
379.695 2204
379.709 2275
379.723 2258
379.736 2378
379.750 2359
379.764 2448
379.777 2456
379.791 2507
379.804 2519
379.818 2566
379.832 2496
379.845 2445
379.859 2491
379.873 2460
379.886 2499
379.900 2582
379.913 2600
379.927 2673
379.941 2645
379.954 2710
379.968 2794
379.982 2767
379.995 2767
380.009 2810
380.022 2835
380.036 2901
380.050 2846
380.063 2933
380.077 3068
380.090 3140
380.104 3164
380.118 3201
380.131 3234
380.145 3267
380.159 3277
380.172 3340
380.186 3390
380.199 3506
380.213 3475
380.227 3586
380.240 3712
380.254 3498
380.267 3531
380.281 3622
380.295 3651
380.308 3755
380.322 3791
380.336 3788
380.349 3889
380.363 3878
380.376 3970
380.390 3965
380.404 4029
380.417 4099
380.431 4169
380.444 4170
380.458 4246
380.472 4299
380.485 4366
380.499 4413
380.512 4466
380.526 4571
380.540 4592
380.553 4594
380.567 4725
380.580 4782
380.594 4847
380.608 4957
380.621 5204
380.635 5187
380.648 5171
380.662 5249
380.676 5376
380.689 5330
380.703 5354
380.716 5422
380.730 5596
380.744 5657
380.757 5712
380.771 5857
380.784 5944
380.798 6028
380.812 6084
380.825 6048
380.839 6084
380.852 6250
380.866 6490
380.880 6571
380.893 6579
380.907 6535
380.920 6578
380.934 6607
380.948 6846
380.961 6872
380.975 6941
380.988 7068
381.002 6985
381.015 7030
381.029 7148
381.043 7267
381.056 7307
381.070 7281
381.083 7256
381.097 7480
381.111 7506
381.124 7632
381.138 7773
381.151 7779
381.165 7868
381.179 7908
381.192 7891
381.206 7914
381.219 8010
381.233 8145
381.246 8175
381.260 8324
381.274 8269
381.287 8348
381.301 8473
381.314 8596
381.328 8602
381.341 8655
381.355 8581
381.369 8633
381.382 8770
381.396 8758
381.409 9003
381.423 9166
381.437 9262
381.450 9388
381.464 9381
381.477 9512
381.491 9636
381.504 9618
381.518 9650
381.532 9641
381.545 10088
381.559 10192
381.572 10270
381.586 10228
381.599 10229
381.613 10186
381.627 10280
381.640 10432
381.654 10556
381.667 10565
381.681 10690
381.694 10680
381.708 10496
381.722 10485
381.735 10504
381.749 10598
381.762 10638
381.776 10765
381.789 10763
381.803 10769
381.817 10925
381.830 10838
381.844 11076
381.857 11091
381.871 11238
381.884 11184
381.898 11260
381.911 11388
381.925 11421
381.939 11495
381.952 11570
381.966 11564
381.979 11690
381.993 11995
382.006 12103
382.020 12229
382.034 12283
382.047 12215
382.061 12117
382.074 12150
382.088 12220
382.101 12018
382.115 12412
382.128 12520
382.142 12606
382.156 13201
382.169 13129
382.183 13170
382.196 13091
382.210 13124
382.223 13248
382.237 13114
382.250 13334
382.264 13225
382.278 13420
382.291 13663
382.305 13834
382.318 14141
382.332 14114
382.345 13727
382.359 13760
382.372 13687
382.386 13741
382.399 13835
382.413 13902
382.427 14016
382.440 14056
382.454 14114
382.467 14419
382.481 14524
382.494 14822
382.508 15078
382.521 15211
382.535 15044
382.548 15101
382.562 15046
382.576 15280
382.589 15289
382.603 15368
382.616 15703
382.630 15770
382.643 15790
382.657 16074
382.670 16087
382.684 16067
382.697 15994
382.711 16173
382.724 16484
382.738 16441
382.752 16558
382.765 16311
382.779 16658
382.792 16800
382.806 17006
382.819 16886
382.833 17224
382.846 17374
382.860 17325
382.873 17529
382.887 17650
382.900 17871
382.914 17942
382.928 18141
382.941 18225
382.955 18511
382.968 18568
382.982 18735
382.995 18869
383.009 18876
383.022 19131
383.036 19267
383.049 19236
383.063 19451
383.076 19316
383.090 19464
383.103 19762
383.117 19852
383.130 19888
383.144 19984
383.158 20267
383.171 20268
383.185 20444
383.198 20534
383.212 20926
383.225 21011
383.239 21504
383.252 21598
383.266 21690
383.279 21868
383.293 21809
383.306 21947
383.320 22284
383.333 22624
383.347 22818
383.360 22790
383.374 22862
383.387 22658
383.401 22838
383.414 22867
383.428 22660
383.441 22820
383.455 22992
383.468 22841
383.482 23086
383.496 23666
383.509 23769
383.523 23750
383.536 23667
383.550 23862
383.563 23657
383.577 23952
383.590 24356
383.604 24332
383.617 23885
383.631 23725
383.644 23591
383.658 23527
383.671 23769
383.685 23434
383.698 23780
383.712 24157
383.725 23990
383.739 23856
383.752 23736
383.766 23672
383.779 23487
383.793 23601
383.806 23838
383.820 24155
383.833 24248
383.847 23987
383.860 24180
383.874 24095
383.887 23743
383.901 23672
383.914 23886
383.928 24007
383.941 23676
383.955 23197
383.968 23264
383.982 23191
383.995 23155
384.009 22893
384.022 23113
384.036 22716
384.049 22910
384.063 22982
384.076 23108
384.090 23390
384.103 23633
384.117 23625
384.130 22940
384.144 22348
384.157 22049
384.171 21725
384.184 21762
384.198 21434
384.211 21092
384.225 21103
384.238 21105
384.252 21052
384.265 20887
384.279 20692
384.292 20494
384.306 20154
384.319 19677
384.333 19235
384.346 18827
384.360 18600
384.373 18139
384.387 18020
384.400 17573
384.414 17457
384.427 16953
384.441 16581
384.454 16216
384.468 15884
384.481 15545
384.495 15118
384.508 14811
384.522 14592
384.535 14217
384.549 13846
384.562 13560
384.575 13078
384.589 12981
384.602 12917
384.616 12653
384.629 12258
384.643 11828
384.656 11603
384.670 11315
384.683 10840
384.697 10506
384.710 10128
384.724 9881
384.737 9514
384.751 9282
384.764 9008
384.778 8793
384.791 8658
384.805 8310
384.818 8083
384.832 7824
384.845 7639
384.859 7523
384.872 7113
384.885 6969
384.899 6679
384.912 6566
384.926 6269
384.939 6166
384.953 6068
384.966 5932
384.980 5796
384.993 5561
385.007 5552
385.020 5318
385.034 5273
385.047 5210
385.061 5076
385.074 4826
385.088 4810
385.101 4703
385.114 4606
385.128 4565
385.141 4491
385.155 4320
385.168 4299
385.182 4297
385.195 4309
385.209 4205
385.222 4037
385.236 3976
385.249 3947
385.263 3807
385.276 3785
385.290 3691
385.303 3671
385.316 3474
385.330 3504
385.343 3458
385.357 3445
385.370 3437
385.384 3383
385.397 3310
385.411 3255
385.424 3234
385.438 3172
385.451 3124
385.464 3195
385.478 3161
385.491 3098
385.505 3071
385.518 3052
385.532 3030
385.545 2933
385.559 2906
385.572 2891
385.586 2845
385.599 2838
385.612 2845
385.626 2812
385.639 2803
385.653 2789
385.666 2754
385.680 2786
385.693 2691
385.707 2668
385.720 2715
385.734 2687
385.747 2577
385.760 2576
385.774 2566
385.787 2579
385.801 2481
385.814 2479
385.828 2422
385.841 2377
385.855 2332
385.868 2357
385.881 2433
385.895 2332
385.908 2372
385.922 2307
385.935 2370
385.949 2301
385.962 2316
385.976 2249
385.989 2334
386.002 2320
386.016 2272
386.029 2263
386.043 2249
386.056 2250
386.070 2179
386.083 2178
386.097 2154
386.110 2173
386.123 2213
386.137 2127
386.150 2123
386.164 2118
386.177 2121
386.191 2121
386.204 2091
386.217 2109
386.231 2010
386.244 2101
386.258 2060
386.271 2082
386.285 2069
386.298 2053
386.311 1973
386.325 1989
386.338 1975
386.352 1944
386.365 1960
386.379 1934
386.392 1911
386.405 1934
386.419 1893
386.432 1914
386.446 1897
386.459 1924
386.473 1893
386.486 1884
386.499 1884
386.513 1891
386.526 1869
386.540 1856
386.553 1824
386.567 1888
386.580 1862
386.593 1829
386.607 1832
386.620 1823
386.634 1849
386.647 1806
386.661 1817
386.674 1838
386.687 1776
386.701 1742
386.714 1713
386.728 1784
386.741 1726
386.754 1769
386.768 1717
386.781 1761
386.795 1698
386.808 1685
386.822 1651
386.835 1628
386.848 1654
386.862 1656
386.875 1635
386.889 1600
386.902 1612
386.915 1607
386.929 1621
386.942 1591
386.956 1607
386.969 1606
386.983 1558
386.996 1564
387.009 1594
387.023 1577
387.036 1557
387.050 1557
387.063 1566
387.076 1529
387.090 1520
387.103 1568
387.117 1484
387.130 1551
387.143 1540
387.157 1508
387.170 1527
387.184 1507
387.197 1532
387.210 1454
387.224 1490
387.237 1445
387.251 1476
387.264 1446
387.278 1457
387.291 1436
387.304 1449
387.318 1433
387.331 1430
387.345 1437
387.358 1409
387.371 1433
387.385 1416
387.398 1383
387.412 1405
387.425 1367
387.438 1332
387.452 1321
387.465 1335
387.478 1337
387.492 1332
387.505 1318
387.519 1341
387.532 1307
387.545 1370
387.559 1338
387.572 1367
387.586 1324
387.599 1336
387.612 1298
387.626 1280
387.639 1328
387.653 1292
387.666 1273
387.679 1247
387.693 1252
387.706 1262
387.720 1252
387.733 1273
387.746 1279
387.760 1234
387.773 1245
387.787 1212
387.800 1223
387.813 1207
387.827 1239
387.840 1224
387.853 1198
387.867 1184
387.880 1237
387.894 1246
387.907 1212
387.920 1214
387.934 1169
387.947 1198
387.961 1140
387.974 1158
387.987 1159
388.001 1174
388.014 1140
388.027 1151
388.041 1131
388.054 1138
388.068 1159
388.081 1153
388.094 1100
388.108 1103
388.121 1142
388.134 1116
388.148 1111
388.161 1126
388.175 1102
388.188 1101
388.201 1109
388.215 1116
388.228 1103
388.241 1078
388.255 1084
388.268 1073
388.282 1077
388.295 1065
388.308 1049
388.322 1092
388.335 1050
388.348 1090
388.362 1075
388.375 1069
388.389 1099
388.402 1069
388.415 1065
388.429 1102
388.442 1093
388.455 1061
388.469 1068
388.482 1077
388.495 1066
388.509 1065
388.522 1065
388.536 1096
388.549 1068
388.562 1049
388.576 1042
388.589 1045
388.602 1050
388.616 1031
388.629 1040
388.642 1021
388.656 1038
388.669 1010
388.683 1042
388.696 1046
388.709 1062
388.723 1029
388.736 1038
388.749 1036
388.763 1028
388.776 1062
388.789 1012
388.803 1066
388.816 1027
388.829 1001
388.843 1022
388.856 1006
388.870 1026
388.883 1001
388.896 1024
388.910 1022
388.923 1021
388.936 1012
388.950 1010
388.963 1038
388.976 1036
388.990 1015
389.003 995
389.016 1018
389.030 1010
389.043 1048
389.056 1024
389.070 1045
389.083 991
389.097 976
389.110 1010
389.123 990
389.137 1004
389.150 1012
389.163 1013
389.177 983
389.190 1003
389.203 1002
389.217 978
389.230 973
389.243 996
389.257 992
389.270 970
389.283 998
389.297 972
389.310 976
389.323 965
389.337 1000
389.350 954
389.363 989
389.377 993
389.390 991
389.403 979
389.417 978
389.430 973
389.443 994
389.457 992
389.470 954
389.483 970
389.497 979
389.510 948
389.523 953
389.537 981
389.550 969
389.563 940
389.577 934
389.590 948
389.603 948
389.617 959
389.630 972
389.643 921
389.657 924
389.670 925
389.683 930
389.697 949
389.710 923
389.723 926
389.737 935
389.750 948
389.763 927
389.777 931
389.790 940
389.803 933
389.817 946
389.830 926
389.843 915
389.857 932
389.870 917
389.883 916
389.897 916
389.910 887
389.923 908
389.937 917
389.950 908
389.963 902
389.977 893
389.990 886
390.003 895
390.017 906
390.030 889
390.043 893
390.057 910
390.070 852
390.083 872
390.096 884
390.110 888
390.123 860
390.136 900
390.150 865
390.163 875
390.176 859
390.190 863
390.203 860
390.216 888
390.230 843
390.243 846
390.256 874
390.270 834
390.283 859
390.296 831
390.310 845
390.323 830
390.336 824
390.349 852
390.363 832
390.376 839
390.389 831
390.403 824
390.416 815
390.429 847
390.443 817
390.456 830
390.469 819
390.483 821
390.496 804
390.509 789
390.522 799
390.536 796
390.549 800
390.562 809
390.576 806
390.589 803
390.602 818
390.616 790
390.629 797
390.642 783
390.655 809
390.669 774
390.682 784
390.695 787
390.709 792
390.722 768
390.735 783
390.749 784
390.762 784
390.775 762
390.788 770
390.802 763
390.815 760
390.828 771
390.842 761
390.855 750
390.868 757
390.882 762
390.895 745
390.908 757
390.921 741
390.935 753
390.948 764
390.961 731
390.975 747
390.988 751
391.001 755
391.014 754
391.028 722
391.041 742
391.054 754
391.068 752
391.081 756
391.094 732
391.107 745
391.121 754
391.134 733
391.147 722
391.161 733
391.174 726
391.187 710
391.200 719
391.214 736
391.227 725
391.240 702
391.254 732
391.267 719
391.280 721
391.293 718
391.307 719
391.320 718
391.333 718
391.347 710
391.360 700
391.373 703
391.386 710
391.400 717
391.413 700
391.426 706
391.440 709
391.453 706
391.466 720
391.479 711
391.493 722
391.506 704
391.519 715
391.532 697
391.546 704
391.559 713
391.572 705
391.586 721
391.599 720
391.612 715
391.625 698
391.639 706
391.652 696
391.665 699
391.678 706
391.692 715
391.705 702
391.718 691
391.732 701
391.745 692
391.758 689
391.771 693
391.785 694
391.798 699
391.811 718
391.824 704
391.838 705
391.851 698
391.864 695
391.877 693
391.891 696
391.904 697
391.917 687
391.931 697
391.944 699
391.957 697
391.970 683
391.984 689
391.997 693
392.010 682
392.023 687
392.037 706
392.050 692
392.063 695
392.076 693
392.090 692
392.103 693
392.116 696
392.129 692
392.143 698
392.156 688
392.169 681
392.182 679
392.196 686
392.209 677
392.222 687
392.235 683
392.249 677
392.262 688
392.275 679
392.288 696
392.302 687
392.315 698
392.328 696
392.341 688
392.355 683
392.368 693
392.381 687
392.394 684
392.408 699
392.421 695
392.434 684
392.447 665
392.461 689
392.474 686
392.487 677
392.500 692
392.514 683
392.527 686
392.540 682
392.553 687
392.567 689
392.580 689
392.593 675
392.606 671
392.620 688
392.633 677
392.646 679
392.659 684
392.673 690
392.686 686
392.699 682
392.712 684
392.726 675
392.739 687
392.752 689
392.765 680
392.778 668
392.792 687
392.805 663
392.818 679
392.831 659
392.845 680
392.858 669
392.871 684
392.884 671
392.898 679
392.911 678
392.924 684
392.937 668
392.951 668
392.964 675
392.977 681
392.990 662
393.003 676
393.017 677
393.030 673
393.043 665
393.056 670
393.070 695
393.083 676
393.096 667
393.109 674
393.122 673
393.136 682
393.149 674
393.162 673
393.175 678
393.189 672
393.202 683
393.215 666
393.228 668
393.242 674
393.255 661
393.268 673
393.281 671
393.294 671
393.308 678
393.321 668
393.334 663
393.347 677
393.360 669
393.374 675
393.387 668
393.400 663
393.413 666
393.427 655
393.440 668
393.453 659
393.466 662
393.479 664
393.493 668
393.506 672
393.519 670
393.532 662
393.546 665
393.559 669
393.572 671
393.585 674
393.598 665
393.612 661
393.625 660
393.638 667
393.651 666
393.664 659
393.678 661
393.691 668
393.704 663
393.717 670
393.730 658
393.744 671
393.757 656
393.770 655
393.783 662
393.796 662
393.810 663
393.823 670
393.836 668
393.849 652
393.863 660
393.876 651
393.889 669
393.902 652
393.915 666
393.929 666
