375.891 811
375.905 808
375.919 804
375.933 807
375.946 830
375.960 828
375.974 828
375.987 839
376.001 842
376.015 850
376.029 834
376.042 848
376.056 835
376.070 857
376.084 849
376.097 860
376.111 847
376.125 850
376.139 862
376.152 844
376.166 865
376.180 864
376.193 857
376.207 879
376.221 878
376.235 864
376.248 880
376.262 873
376.276 884
376.290 905
376.303 890
376.317 893
376.331 891
376.345 904
376.358 902
376.372 906
376.386 902
376.399 904
376.413 902
376.427 914
376.441 916
376.454 926
376.468 955
376.482 929
376.495 947
376.509 963
376.523 976
376.537 953
376.550 983
376.564 1000
376.578 967
376.592 988
376.605 971
376.619 993
376.633 997
376.646 980
376.660 999
376.674 987
376.688 999
376.701 997
376.715 1002
376.729 1033
376.742 997
376.756 1006
376.770 1011
376.784 1027
376.797 1029
376.811 1045
376.825 1077
376.838 1061
376.852 1088
376.866 1075
376.880 1074
376.893 1087
376.907 1074
376.921 1043
376.934 1087
376.948 1059
376.962 1091
376.976 1127
376.989 1096
377.003 1143
377.017 1133
377.030 1150
377.044 1164
377.058 1178
377.071 1176
377.085 1163
377.099 1157
377.113 1142
377.126 1139
377.140 1167
377.154 1175
377.167 1207
377.181 1205
377.195 1175
377.208 1208
377.222 1226
377.236 1215
377.250 1222
377.263 1237
377.277 1228
377.291 1239
377.304 1254
377.318 1259
377.332 1255
377.345 1259
377.359 1277
377.373 1292
377.387 1234
377.400 1298
377.414 1254
377.428 1267
377.441 1301
377.455 1273
377.469 1296
377.482 1315
377.496 1297
377.510 1341
377.524 1342
377.537 1369
377.551 1324
377.565 1354
377.578 1322
377.592 1355
377.606 1313
377.619 1317
377.633 1352
377.647 1371
377.660 1370
377.674 1373
377.688 1350
377.701 1346
377.715 1348
377.729 1357
377.743 1390
377.756 1394
377.770 1414
377.784 1397
377.797 1412
377.811 1418
377.825 1402
377.838 1390
377.852 1394
377.866 1442
377.879 1453
377.893 1424
377.907 1417
377.920 1422
377.934 1442
377.948 1445
377.961 1423
377.975 1470
377.989 1462
378.002 1469
378.016 1432
378.030 1442
378.044 1460
378.057 1454
378.071 1491
378.085 1475
378.098 1483
378.112 1468
378.126 1513
378.139 1472
378.153 1493
378.167 1468
378.180 1473
378.194 1456
378.208 1477
378.221 1498
378.235 1502
378.249 1497
378.262 1514
378.276 1522
378.290 1504
378.303 1515
378.317 1532
378.331 1535
378.344 1516
378.358 1557
378.372 1543
378.385 1545
378.399 1546
378.413 1567
378.426 1568
378.440 1549
378.454 1567
378.467 1583
378.481 1570
378.495 1571
378.508 1560
378.522 1557
378.536 1559
378.549 1579
378.563 1580
378.577 1592
378.590 1624
378.604 1592
378.618 1648
378.631 1598
378.645 1650
378.659 1613
378.672 1613
378.686 1699
378.700 1683
378.713 1739
378.727 1708
378.740 1695
378.754 1701
378.768 1690
378.781 1727
378.795 1698
378.809 1718
378.822 1732
378.836 1699
378.850 1668
378.863 1721
378.877 1684
378.891 1705
378.904 1724
378.918 1730
378.932 1725
378.945 1714
378.959 1771
378.973 1700
378.986 1750
379.000 1749
379.014 1758
379.027 1752
379.041 1769
379.054 1772
379.068 1762
379.082 1758
379.095 1778
379.109 1765
379.123 1753
379.136 1798
379.150 1822
379.164 1806
379.177 1832
379.191 1813
379.205 1844
379.218 1796
379.232 1894
379.245 1857
379.259 1844
379.273 1863
379.286 1895
379.300 1918
379.314 1905
379.327 1855
379.341 1945
379.355 1973
379.368 1979
379.382 1999
379.396 1974
379.409 2021
379.423 1979
379.436 2042
379.450 2024
379.464 2058
379.477 2055
379.491 2041
379.505 2105
379.518 2099
379.532 2079
379.546 2087
379.559 2176
379.573 2174
379.586 2191
379.600 2188
379.614 2214
379.627 2292
379.641 2322
379.655 2329
379.668 2300
379.682 2246
379.695 2274
379.709 2310
379.723 2334
379.736 2409
379.750 2518
379.764 2543
379.777 2530
379.791 2519
379.804 2551
379.818 2588
379.832 2561
379.845 2526
379.859 2509
379.873 2574
379.886 2628
379.900 2596
379.913 2649
379.927 2716
379.941 2776
379.954 2795
379.968 2845
379.982 2834
379.995 2911
380.009 2924
380.022 2933
380.036 2971
380.050 2974
380.063 3064
380.077 3211
380.090 3258
380.104 3256
380.118 3293
380.131 3303
380.145 3312
380.159 3417
380.172 3480
380.186 3572
380.199 3590
380.213 3674
380.227 3696
380.240 3753
380.254 3676
380.267 3664
380.281 3737
380.295 3840
380.308 3822
380.322 3907
380.336 3913
380.349 3993
380.363 4057
380.376 4184
380.390 4146
380.404 4243
380.417 4242
380.431 4269
380.444 4355
380.458 4492
380.472 4480
380.485 4493
380.499 4508
380.512 4638
380.526 4691
380.540 4735
380.553 4778
380.567 4896
380.580 4969
380.594 4984
380.608 5127
380.621 5352
380.635 5371
380.648 5418
380.662 5472
380.676 5497
380.689 5514
380.703 5600
380.716 5581
380.730 5793
380.744 5818
380.757 5935
380.771 6116
380.784 6220
380.798 6233
380.812 6183
380.825 6232
380.839 6425
380.852 6588
380.866 6725
380.880 6746
380.893 6726
380.907 6763
380.920 6893
380.934 6974
380.948 6993
380.961 7026
380.975 7165
380.988 7329
381.002 7174
381.015 7256
381.029 7389
381.043 7438
381.056 7534
381.070 7543
381.083 7560
381.097 7725
381.111 7763
381.124 7898
381.138 8053
381.151 8123
381.165 8164
381.179 8267
381.192 8159
381.206 8154
381.219 8297
381.233 8300
381.246 8519
381.260 8506
381.274 8609
381.287 8565
381.301 8733
381.314 8890
381.328 8921
381.341 8988
381.355 9041
381.369 9009
381.382 9124
381.396 9245
381.409 9315
381.423 9544
381.437 9550
381.450 9578
381.464 9700
381.477 9828
381.491 10038
381.504 10021
381.518 10111
381.532 10230
381.545 10332
381.559 10570
381.572 10627
381.586 10562
381.599 10566
381.613 10699
381.627 10903
381.640 10895
381.654 10920
381.667 11097
381.681 11047
381.694 11119
381.708 10896
381.722 10904
381.735 10882
381.749 11000
381.762 11148
381.776 11207
381.789 11161
381.803 11269
381.817 11373
381.830 11286
381.844 11380
381.857 11605
381.871 11749
381.884 11724
381.898 11664
381.911 11889
381.925 11882
381.939 12044
381.952 12026
381.966 12009
381.979 12211
381.993 12371
382.006 12583
382.020 12532
382.034 12886
382.047 12698
382.061 12534
382.074 12612
382.088 12558
382.101 12765
382.115 12882
382.128 12749
382.142 13184
382.156 13737
382.169 13707
382.183 13794
382.196 13722
382.210 13664
382.223 13709
382.237 13795
382.250 13686
382.264 14060
382.278 14117
382.291 14233
382.305 14373
382.318 14808
382.332 14473
382.345 14345
382.359 14208
382.372 14341
382.386 14151
382.399 14451
382.413 14644
382.427 14614
382.440 14707
382.454 14903
382.467 15022
382.481 15298
382.494 15783
382.508 15927
382.521 15996
382.535 15964
382.548 15827
382.562 15924
382.576 15753
382.589 16010
382.603 16177
382.616 16248
382.630 16502
382.643 16511
382.657 16737
382.670 16958
382.684 16949
382.697 16897
382.711 17010
382.724 17152
382.738 17074
382.752 17286
382.765 17457
382.779 17573
382.792 17619
382.806 17743
382.819 17888
382.833 17920
382.846 18251
382.860 18342
382.873 18329
382.887 18613
382.900 18689
382.914 18735
382.928 19087
382.941 19330
382.955 19335
382.968 19670
382.982 19930
382.995 19942
383.009 19901
383.022 19952
383.036 20190
383.049 20492
383.063 20499
383.076 20506
383.090 20586
383.103 20806
383.117 20919
383.130 20926
383.144 21040
383.158 21420
383.171 21480
383.185 21593
383.198 21744
383.212 22093
383.225 22352
383.239 22536
383.252 22866
383.266 22913
383.279 22778
383.293 23126
383.306 23313
383.320 23548
383.333 23956
383.347 24073
383.360 24249
383.374 23834
383.387 24092
383.401 24435
383.414 24403
383.428 24242
383.441 24347
383.455 24295
383.468 24337
383.482 24537
383.496 25466
383.509 25295
383.523 25356
383.536 25148
383.550 25190
383.563 25546
383.577 25762
383.590 25954
383.604 25779
383.617 25520
383.631 25406
383.644 25179
383.658 25339
383.671 25209
383.685 25463
383.698 25625
383.712 25503
383.725 25483
383.739 25565
383.752 25511
383.766 25501
383.779 25415
383.793 25655
383.806 25572
383.820 26024
383.833 25900
383.847 25977
383.860 26213
383.874 26294
383.887 25735
383.901 25796
383.914 25736
383.928 25845
383.941 25584
383.955 25298
383.968 25074
383.982 25047
383.995 24933
384.009 24944
384.022 24875
384.036 24928
384.049 24822
384.063 24910
384.076 25236
384.090 25405
384.103 25392
384.117 25729
384.130 25202
384.144 24313
384.157 24040
384.171 23812
384.184 23613
384.198 23184
384.211 23050
384.225 23098
384.238 23251
384.252 23085
384.265 22856
384.279 22615
384.292 22414
384.306 22132
384.319 21712
384.333 21081
384.346 20687
384.360 20391
384.373 19998
384.387 19584
384.400 19446
384.414 18986
384.427 18745
384.441 18272
384.454 17754
384.468 17478
384.481 17034
384.495 16712
384.508 16338
384.522 15997
384.535 15509
384.549 15048
384.562 14756
384.575 14484
384.589 14143
384.602 14070
384.616 13803
384.629 13426
384.643 13081
384.656 12623
384.670 12265
384.683 11782
384.697 11414
384.710 11051
384.724 10730
384.737 10416
384.751 10040
384.764 9768
384.778 9495
384.791 9241
384.805 8939
384.818 8686
384.832 8504
384.845 8199
384.859 8030
384.872 7777
384.885 7359
384.899 7099
384.912 6968
384.926 6815
384.939 6715
384.953 6492
384.966 6162
384.980 6140
384.993 5905
385.007 5886
385.020 5760
385.034 5655
385.047 5515
385.061 5297
385.074 5265
385.088 5084
385.101 5013
385.114 4862
385.128 4770
385.141 4666
385.155 4709
385.168 4633
385.182 4655
385.195 4517
385.209 4477
385.222 4297
385.236 4267
385.249 4112
385.263 4112
385.276 3998
385.290 3972
385.303 3889
385.316 3790
385.330 3869
385.343 3742
385.357 3667
385.370 3584
385.384 3572
385.397 3484
385.411 3521
385.424 3513
385.438 3392
385.451 3388
385.464 3331
385.478 3277
385.491 3331
385.505 3273
385.518 3255
385.532 3216
385.545 3113
385.559 3105
385.572 3100
385.586 3040
385.599 3051
385.612 3028
385.626 3043
385.639 2941
385.653 3001
385.666 2987
385.680 2924
385.693 2931
385.707 2903
385.720 2874
385.734 2848
385.747 2780
385.760 2755
385.774 2739
385.787 2732
385.801 2683
385.814 2586
385.828 2582
385.841 2557
385.855 2586
385.868 2533
385.881 2497
385.895 2532
385.908 2479
385.922 2449
385.935 2472
385.949 2438
385.962 2439
385.976 2413
385.989 2411
386.002 2423
386.016 2412
386.029 2408
386.043 2389
386.056 2371
386.070 2349
386.083 2324
386.097 2256
386.110 2310
386.123 2294
386.137 2319
386.150 2291
386.164 2272
386.177 2280
386.191 2255
386.204 2199
386.217 2196
386.231 2167
386.244 2237
386.258 2201
386.271 2159
386.285 2162
386.298 2141
386.311 2120
386.325 2133
386.338 2083
386.352 2054
386.365 2077
386.379 2015
386.392 2061
386.405 2040
386.419 2030
386.432 1987
386.446 2046
386.459 2062
386.473 1969
386.486 1980
386.499 1995
386.513 1970
386.526 1951
386.540 1950
386.553 1932
386.567 1974
386.580 1946
386.593 1965
386.607 2000
386.620 1991
386.634 1946
386.647 1915
386.661 1888
386.674 1887
386.687 1892
386.701 1874
386.714 1829
386.728 1829
386.741 1867
386.754 1788
386.768 1821
386.781 1816
386.795 1810
386.808 1764
386.822 1749
386.835 1764
386.848 1771
386.862 1735
386.875 1746
386.889 1723
386.902 1673
386.915 1716
386.929 1728
386.942 1650
386.956 1682
386.969 1663
386.983 1670
386.996 1670
387.009 1662
387.023 1662
387.036 1657
387.050 1658
387.063 1639
387.076 1662
387.090 1637
387.103 1641
387.117 1617
387.130 1616
387.143 1658
387.157 1578
387.170 1600
387.184 1568
387.197 1575
387.210 1576
387.224 1556
387.237 1574
387.251 1501
387.264 1507
387.278 1517
387.291 1494
387.304 1489
387.318 1511
387.331 1506
387.345 1488
387.358 1514
387.371 1474
387.385 1406
387.398 1439
387.412 1443
387.425 1435
387.438 1404
387.452 1382
387.465 1376
387.478 1397
387.492 1394
387.505 1379
387.519 1350
387.532 1407
387.545 1447
387.559 1386
387.572 1398
387.586 1370
387.599 1388
387.612 1379
387.626 1362
387.639 1364
387.653 1368
387.666 1314
387.679 1298
387.693 1277
387.706 1282
387.720 1304
387.733 1303
387.746 1300
387.760 1302
387.773 1297
387.787 1324
387.800 1274
387.813 1254
387.827 1285
387.840 1254
387.853 1243
387.867 1222
387.880 1242
387.894 1256
387.907 1236
387.920 1249
387.934 1238
387.947 1228
387.961 1222
387.974 1198
387.987 1203
388.001 1199
388.014 1202
388.027 1184
388.041 1181
388.054 1181
388.068 1172
388.081 1170
388.094 1178
388.108 1181
388.121 1128
388.134 1180
388.148 1146
388.161 1149
388.175 1149
388.188 1104
388.201 1110
388.215 1116
388.228 1103
388.241 1110
388.255 1128
388.268 1115
388.282 1120
388.295 1110
388.308 1096
388.322 1100
388.335 1082
388.348 1097
388.362 1120
388.375 1074
388.389 1120
388.402 1084
388.415 1106
388.429 1136
388.442 1132
388.455 1133
388.469 1102
388.482 1121
388.495 1126
388.509 1132
388.522 1121
388.536 1118
388.549 1096
388.562 1098
388.576 1089
388.589 1070
388.602 1104
388.616 1078
388.629 1075
388.642 1095
388.656 1071
388.669 1080
388.683 1064
388.696 1080
388.709 1080
388.723 1091
388.736 1100
388.749 1077
388.763 1052
388.776 1063
388.789 1053
388.803 1078
388.816 1063
388.829 1045
388.843 1041
388.856 1044
388.870 1070
388.883 1037
388.896 1068
388.910 1058
388.923 1043
388.936 1058
388.950 1046
388.963 1045
388.976 1063
388.990 1054
389.003 1041
389.016 1058
389.030 1031
389.043 1077
389.056 1035
389.070 1047
389.083 1063
389.097 1039
389.110 1043
389.123 1028
389.137 1055
389.150 1010
389.163 1044
389.177 1009
389.190 1019
389.203 1020
389.217 1006
389.230 1004
389.243 1025
389.257 1000
389.270 1004
389.283 1008
389.297 1029
389.310 993
389.323 1006
389.337 1007
389.350 997
389.363 997
389.377 994
389.390 970
389.403 991
389.417 983
389.430 1019
389.443 992
389.457 1001
389.470 1012
389.483 1009
389.497 962
389.510 1013
389.523 977
389.537 988
389.550 996
389.563 976
389.577 997
389.590 978
389.603 965
389.617 950
389.630 950
389.643 957
389.657 962
389.670 981
389.683 953
389.697 950
389.710 935
389.723 953
389.737 966
389.750 980
389.763 951
389.777 967
389.790 953
389.803 939
389.817 941
389.830 937
389.843 920
389.857 947
389.870 948
389.883 924
389.897 936
389.910 937
389.923 894
389.937 930
389.950 920
389.963 909
389.977 935
389.990 914
390.003 926
390.017 907
390.030 932
390.043 923
390.057 906
390.070 905
390.083 879
390.096 901
390.110 878
390.123 894
390.136 872
390.150 888
390.163 874
390.176 892
390.190 872
390.203 891
390.216 897
390.230 867
390.243 868
390.256 862
390.270 879
390.283 846
390.296 857
390.310 854
390.323 880
390.336 853
390.349 848
390.363 853
390.376 855
390.389 859
390.403 836
390.416 854
390.429 845
390.443 840
390.456 824
390.469 823
390.483 822
390.496 814
390.509 814
390.522 813
390.536 828
390.549 817
390.562 815
390.576 810
390.589 817
390.602 812
390.616 798
390.629 789
390.642 814
390.655 794
390.669 807
390.682 791
390.695 784
390.709 802
390.722 795
390.735 770
390.749 785
390.762 783
390.775 783
390.788 788
390.802 776
390.815 769
390.828 760
390.842 769
390.855 763
390.868 760
390.882 764
390.895 768
390.908 768
390.921 758
390.935 753
390.948 754
390.961 763
390.975 766
390.988 745
391.001 757
391.014 753
391.028 760
391.041 743
391.054 745
391.068 754
391.081 744
391.094 730
391.107 732
391.121 755
391.134 727
391.147 736
391.161 743
391.174 737
391.187 721
391.200 720
391.214 738
391.227 729
391.240 729
391.254 727
391.267 731
391.280 718
391.293 731
391.307 723
391.320 731
391.333 726
391.347 715
391.360 732
391.373 717
391.386 714
391.400 724
391.413 721
391.426 727
391.440 736
391.453 720
391.466 722
391.479 698
391.493 716
391.506 713
391.519 690
391.532 711
391.546 693
391.559 704
391.572 719
391.586 725
391.599 697
391.612 710
391.625 706
391.639 710
391.652 709
391.665 713
391.678 691
391.692 709
391.705 696
391.718 711
391.732 706
391.745 705
391.758 706
391.771 701
391.785 707
391.798 703
391.811 691
391.824 699
391.838 699
391.851 695
391.864 697
391.877 697
391.891 705
391.904 692
391.917 710
391.931 690
391.944 704
391.957 696
391.970 699
391.984 692
391.997 700
392.010 706
392.023 681
392.037 708
392.050 697
392.063 699
392.076 695
392.090 700
392.103 685
392.116 694
392.129 698
392.143 687
392.156 698
392.169 687
392.182 698
392.196 678
392.209 684
392.222 689
392.235 695
392.249 686
392.262 692
392.275 692
392.288 695
392.302 692
392.315 680
392.328 696
392.341 685
392.355 679
392.368 689
392.381 681
392.394 699
392.408 672
392.421 689
392.434 688
392.447 703
392.461 684
392.474 683
392.487 696
392.500 689
392.514 690
392.527 686
392.540 690
392.553 687
392.567 691
392.580 688
392.593 685
392.606 675
392.620 685
392.633 675
392.646 679
392.659 688
392.673 672
392.686 686
392.699 679
392.712 689
392.726 676
392.739 683
392.752 676
392.765 668
392.778 683
392.792 680
392.805 679
392.818 684
392.831 680
392.845 665
392.858 685
392.871 676
392.884 678
392.898 689
392.911 686
392.924 679
392.937 670
392.951 685
392.964 663
392.977 685
392.990 682
393.003 678
393.017 678
393.030 688
393.043 678
393.056 682
393.070 676
393.083 685
393.096 664
393.109 669
393.122 679
393.136 676
393.149 674
393.162 683
393.175 675
393.189 673
393.202 683
393.215 675
393.228 677
393.242 670
393.255 674
393.268 665
393.281 674
393.294 687
393.308 681
393.321 680
393.334 667
393.347 663
393.360 672
393.374 674
393.387 671
393.400 677
393.413 670
393.427 673
393.440 673
393.453 670
393.466 674
393.479 662
393.493 666
393.506 668
393.519 673
393.532 666
393.546 668
393.559 663
393.572 671
393.585 683
393.598 667
393.612 674
393.625 663
393.638 670
393.651 670
393.664 669
393.678 680
393.691 671
393.704 673
393.717 652
393.730 675
393.744 670
393.757 676
393.770 670
393.783 662
393.796 670
393.810 659
393.823 676
393.836 654
393.849 668
393.863 675
393.876 661
393.889 665
393.902 669
393.915 661
393.929 664
