375.891 809
375.905 820
375.919 849
375.933 818
375.946 812
375.960 836
375.974 834
375.987 851
376.001 837
376.015 833
376.029 846
376.042 854
376.056 868
376.070 872
376.084 860
376.097 869
376.111 860
376.125 864
376.139 873
376.152 881
376.166 890
376.180 897
376.193 895
376.207 894
376.221 893
376.235 892
376.248 882
376.262 889
376.276 918
376.290 905
376.303 918
376.317 911
376.331 901
376.345 912
376.358 939
376.372 939
376.386 916
376.399 923
376.413 919
376.427 941
376.441 962
376.454 985
376.468 959
376.482 946
376.495 956
376.509 943
376.523 985
376.537 990
376.550 989
376.564 1005
376.578 1002
376.592 987
376.605 996
376.619 1023
376.633 992
376.646 1035
376.660 1008
376.674 1020
376.688 996
376.701 1016
376.715 1022
376.729 1043
376.742 1058
376.756 1042
376.770 1041
376.784 1072
376.797 1048
376.811 1064
376.825 1047
376.838 1086
376.852 1095
376.866 1096
376.880 1111
376.893 1051
376.907 1085
376.921 1129
376.934 1104
376.948 1136
376.962 1116
376.976 1132
376.989 1143
377.003 1120
377.017 1172
377.030 1175
377.044 1162
377.058 1156
377.071 1189
377.085 1173
377.099 1148
377.113 1143
377.126 1204
377.140 1199
377.154 1208
377.167 1206
377.181 1205
377.195 1218
377.208 1230
377.222 1229
377.236 1249
377.250 1235
377.263 1247
377.277 1275
377.291 1267
377.304 1264
377.318 1291
377.332 1303
377.345 1295
377.359 1294
377.373 1277
377.387 1319
377.400 1314
377.414 1338
377.428 1306
377.441 1292
377.455 1276
377.469 1321
377.482 1330
377.496 1343
377.510 1349
377.524 1359
377.537 1388
377.551 1380
377.565 1387
377.578 1330
377.592 1372
377.606 1332
377.619 1388
377.633 1378
377.647 1360
377.660 1379
377.674 1395
377.688 1401
377.701 1412
377.715 1396
377.729 1425
377.743 1418
377.756 1374
377.770 1436
377.784 1414
377.797 1402
377.811 1437
377.825 1447
377.838 1405
377.852 1433
377.866 1441
377.879 1451
377.893 1474
377.907 1476
377.920 1465
377.934 1473
377.948 1453
377.961 1467
377.975 1492
377.989 1503
378.002 1472
378.016 1470
378.030 1505
378.044 1479
378.057 1474
378.071 1482
378.085 1500
378.098 1511
378.112 1495
378.126 1492
378.139 1477
378.153 1478
378.167 1498
378.180 1529
378.194 1516
378.208 1523
378.221 1523
378.235 1515
378.249 1532
378.262 1520
378.276 1520
378.290 1507
378.303 1546
378.317 1536
378.331 1537
378.344 1547
378.358 1555
378.372 1590
378.385 1577
378.399 1577
378.413 1545
378.426 1537
378.440 1571
378.454 1577
378.467 1580
378.481 1607
378.495 1596
378.508 1565
378.522 1579
378.536 1569
378.549 1598
378.563 1624
378.577 1615
378.590 1633
378.604 1674
378.618 1614
378.631 1651
378.645 1636
378.659 1677
378.672 1639
378.686 1662
378.700 1695
378.713 1735
378.727 1724
378.740 1735
378.754 1762
378.768 1705
378.781 1747
378.795 1736
378.809 1780
378.822 1718
378.836 1717
378.850 1726
378.863 1711
378.877 1729
378.891 1759
378.904 1762
378.918 1722
378.932 1796
378.945 1776
378.959 1772
378.973 1769
378.986 1794
379.000 1732
379.014 1769
379.027 1790
379.041 1767
379.054 1802
379.068 1757
379.082 1806
379.095 1808
379.109 1809
379.123 1835
379.136 1857
379.150 1826
379.164 1867
379.177 1791
379.191 1866
379.205 1872
379.218 1852
379.232 1898
379.245 1960
379.259 1892
379.273 1903
379.286 1947
379.300 1943
379.314 1969
379.327 1966
379.341 1988
379.355 2001
379.368 2024
379.382 2058
379.396 2023
379.409 2057
379.423 2066
379.436 2075
379.450 2072
379.464 2106
379.477 2097
379.491 2138
379.505 2120
379.518 2132
379.532 2124
379.546 2191
379.559 2211
379.573 2226
379.586 2226
379.600 2255
379.614 2293
379.627 2277
379.641 2348
379.655 2326
379.668 2313
379.682 2313
379.695 2339
379.709 2304
379.723 2316
379.736 2469
379.750 2528
379.764 2558
379.777 2607
379.791 2618
379.804 2648
379.818 2664
379.832 2675
379.845 2550
379.859 2567
379.873 2596
379.886 2668
379.900 2729
379.913 2732
379.927 2798
379.941 2798
379.954 2896
379.968 2940
379.982 2913
379.995 2900
380.009 2927
380.022 2955
380.036 3019
380.050 3028
380.063 3154
380.077 3286
380.090 3274
380.104 3323
380.118 3381
380.131 3356
380.145 3403
380.159 3424
380.172 3488
380.186 3608
380.199 3583
380.213 3647
380.227 3773
380.240 3741
380.254 3740
380.267 3776
380.281 3820
380.295 3916
380.308 3906
380.322 3993
380.336 3943
380.349 3991
380.363 4193
380.376 4204
380.390 4212
380.404 4351
380.417 4296
380.431 4418
380.444 4485
380.458 4447
380.472 4587
380.485 4583
380.499 4674
380.512 4700
380.526 4768
380.540 4869
380.553 4972
380.567 4977
380.580 5018
380.594 5117
380.608 5271
380.621 5360
380.635 5465
380.648 5439
380.662 5541
380.676 5508
380.689 5564
380.703 5755
380.716 5785
380.730 5930
380.744 5862
380.757 5888
380.771 6219
380.784 6243
380.798 6291
380.812 6304
380.825 6489
380.839 6582
380.852 6760
380.866 6883
380.880 7015
380.893 6988
380.907 6960
380.920 6917
380.934 7069
380.948 7265
380.961 7205
380.975 7378
380.988 7421
381.002 7386
381.015 7449
381.029 7475
381.043 7595
381.056 7738
381.070 7735
381.083 7889
381.097 7960
381.111 8087
381.124 8114
381.138 8204
381.151 8278
381.165 8317
381.179 8436
381.192 8477
381.206 8443
381.219 8500
381.233 8540
381.246 8713
381.260 8663
381.274 8816
381.287 8890
381.301 9000
381.314 9056
381.328 9088
381.341 9170
381.355 9308
381.369 9263
381.382 9402
381.396 9485
381.409 9611
381.423 9852
381.437 9852
381.450 9929
381.464 9996
381.477 10133
381.491 10432
381.504 10238
381.518 10282
381.532 10399
381.545 10709
381.559 11020
381.572 10984
381.586 10883
381.599 10997
381.613 11062
381.627 11172
381.640 11202
381.654 11236
381.667 11325
381.681 11435
381.694 11399
381.708 11307
381.722 11047
381.735 11200
381.749 11259
381.762 11340
381.776 11419
381.789 11534
381.803 11714
381.817 11514
381.830 11721
381.844 11755
381.857 11902
381.871 12076
381.884 12026
381.898 12002
381.911 12019
381.925 12258
381.939 12312
381.952 12406
381.966 12428
381.979 12493
381.993 12546
382.006 12893
382.020 12883
382.034 13114
382.047 12952
382.061 12826
382.074 12908
382.088 12938
382.101 13049
382.115 13224
382.128 13195
382.142 13574
382.156 14064
382.169 14006
382.183 14104
382.196 13999
382.210 14017
382.223 14016
382.237 14121
382.250 14120
382.264 14370
382.278 14346
382.291 14513
382.305 14746
382.318 14948
382.332 15146
382.345 14607
382.359 14554
382.372 14611
382.386 14668
382.399 14839
382.413 14775
382.427 14940
382.440 15096
382.454 15152
382.467 15384
382.481 15631
382.494 15985
382.508 16229
382.521 16352
382.535 16203
382.548 16169
382.562 16126
382.576 16259
382.589 16367
382.603 16433
382.616 16557
382.630 16740
382.643 16835
382.657 16980
382.670 17288
382.684 17147
382.697 17016
382.711 17114
382.724 17397
382.738 17408
382.752 17402
382.765 17643
382.779 17814
382.792 17859
382.806 18045
382.819 18211
382.833 18340
382.846 18500
382.860 18584
382.873 18659
382.887 18891
382.900 18948
382.914 19139
382.928 19318
382.941 19504
382.955 19632
382.968 19765
382.982 20154
382.995 19973
383.009 20267
383.022 20321
383.036 20456
383.049 20568
383.063 20636
383.076 20661
383.090 20818
383.103 20918
383.117 20913
383.130 21020
383.144 21113
383.158 21351
383.171 21296
383.185 21636
383.198 21815
383.212 22104
383.225 22578
383.239 22558
383.252 22815
383.266 22916
383.279 23024
383.293 23246
383.306 23314
383.320 23458
383.333 24168
383.347 24275
383.360 23924
383.374 24046
383.387 24250
383.401 24220
383.414 24344
383.428 24277
383.441 24224
383.455 24336
383.468 24057
383.482 24352
383.496 25098
383.509 25164
383.523 25126
383.536 25247
383.550 25211
383.563 25233
383.577 25548
383.590 25829
383.604 25643
383.617 25304
383.631 25330
383.644 24970
383.658 24985
383.671 25029
383.685 24997
383.698 25190
383.712 25339
383.725 25545
383.739 25154
383.752 25034
383.766 25044
383.779 25030
383.793 25210
383.806 25171
383.820 25705
383.833 25552
383.847 25459
383.860 25586
383.874 25593
383.887 24946
383.901 24834
383.914 24898
383.928 25155
383.941 24970
383.955 24531
383.968 24455
383.982 24263
383.995 24228
384.009 24028
384.022 24286
384.036 23752
384.049 24061
384.063 24088
384.076 24362
384.090 24488
384.103 24637
384.117 24673
384.130 24370
384.144 23218
384.157 23130
384.171 22591
384.184 22623
384.198 22478
384.211 22202
384.225 21837
384.238 22172
384.252 22081
384.265 21723
384.279 21319
384.292 21319
384.306 20867
384.319 20375
384.333 20019
384.346 19650
384.360 19388
384.373 19080
384.387 18718
384.400 18296
384.414 18022
384.427 17716
384.441 17203
384.454 16895
384.468 16327
384.481 16241
384.495 15675
384.508 15572
384.522 15106
384.535 14898
384.549 14395
384.562 13922
384.575 13637
384.589 13279
384.602 13251
384.616 12900
384.629 12532
384.643 12293
384.656 11865
384.670 11351
384.683 10993
384.697 10705
384.710 10382
384.724 10163
384.737 9798
384.751 9482
384.764 9129
384.778 9006
384.791 8702
384.805 8537
384.818 8276
384.832 8028
384.845 7849
384.859 7593
384.872 7268
384.885 7075
384.899 6853
384.912 6684
384.926 6441
384.939 6336
384.953 6238
384.966 5942
384.980 5952
384.993 5744
385.007 5701
385.020 5507
385.034 5372
385.047 5362
385.061 5236
385.074 5048
385.088 4860
385.101 4913
385.114 4792
385.128 4710
385.141 4642
385.155 4597
385.168 4500
385.182 4644
385.195 4505
385.209 4477
385.222 4354
385.236 4288
385.249 4247
385.263 4109
385.276 4055
385.290 4020
385.303 3863
385.316 3843
385.330 3835
385.343 3848
385.357 3812
385.370 3732
385.384 3622
385.397 3554
385.411 3507
385.424 3492
385.438 3468
385.451 3479
385.464 3440
385.478 3399
385.491 3333
385.505 3323
385.518 3281
385.532 3234
385.545 3235
385.559 3114
385.572 3121
385.586 3149
385.599 3085
385.612 3140
385.626 3079
385.639 3048
385.653 3081
385.666 3151
385.680 3052
385.693 3053
385.707 3014
385.720 2988
385.734 2919
385.747 2889
385.760 2870
385.774 2915
385.787 2832
385.801 2785
385.814 2721
385.828 2731
385.841 2662
385.855 2641
385.868 2688
385.881 2634
385.895 2610
385.908 2596
385.922 2602
385.935 2607
385.949 2537
385.962 2548
385.976 2553
385.989 2485
386.002 2484
386.016 2501
386.029 2519
386.043 2470
386.056 2431
386.070 2362
386.083 2439
386.097 2414
386.110 2432
386.123 2400
386.137 2388
386.150 2353
386.164 2361
386.177 2347
386.191 2362
386.204 2248
386.217 2305
386.231 2271
386.244 2229
386.258 2294
386.271 2242
386.285 2246
386.298 2262
386.311 2238
386.325 2233
386.338 2154
386.352 2158
386.365 2184
386.379 2143
386.392 2160
386.405 2107
386.419 2110
386.432 2117
386.446 2099
386.459 2091
386.473 2071
386.486 2038
386.499 2023
386.513 2077
386.526 1999
386.540 2026
386.553 1989
386.567 1993
386.580 1996
386.593 2021
386.607 2110
386.620 2047
386.634 2002
386.647 1983
386.661 1973
386.674 1964
386.687 1961
386.701 1952
386.714 1896
386.728 1867
386.741 1873
386.754 1876
386.768 1868
386.781 1897
386.795 1856
386.808 1851
386.822 1841
386.835 1847
386.848 1819
386.862 1810
386.875 1795
386.889 1780
386.902 1779
386.915 1805
386.929 1743
386.942 1768
386.956 1740
386.969 1755
386.983 1748
386.996 1717
387.009 1725
387.023 1696
387.036 1721
387.050 1723
387.063 1713
387.076 1679
387.090 1674
387.103 1685
387.117 1658
387.130 1682
387.143 1705
387.157 1660
387.170 1652
387.184 1632
387.197 1635
387.210 1612
387.224 1602
387.237 1622
387.251 1600
387.264 1602
387.278 1544
387.291 1588
387.304 1546
387.318 1531
387.331 1560
387.345 1541
387.358 1538
387.371 1500
387.385 1500
387.398 1482
387.412 1481
387.425 1506
387.438 1458
387.452 1450
387.465 1436
387.478 1433
387.492 1437
387.505 1421
387.519 1441
387.532 1458
387.545 1440
387.559 1451
387.572 1460
387.586 1461
387.599 1416
387.612 1406
387.626 1412
387.639 1376
387.653 1399
387.666 1339
387.679 1350
387.693 1348
387.706 1310
387.720 1344
387.733 1342
387.746 1343
387.760 1303
387.773 1306
387.787 1326
387.800 1315
387.813 1328
387.827 1298
387.840 1283
387.853 1269
387.867 1265
387.880 1282
387.894 1317
387.907 1307
387.920 1238
387.934 1265
387.947 1281
387.961 1255
387.974 1246
387.987 1264
388.001 1221
388.014 1237
388.027 1230
388.041 1219
388.054 1186
388.068 1231
388.081 1232
388.094 1207
388.108 1192
388.121 1202
388.134 1187
388.148 1170
388.161 1185
388.175 1177
388.188 1154
388.201 1154
388.215 1136
388.228 1167
388.241 1173
388.255 1134
388.268 1141
388.282 1168
388.295 1141
388.308 1136
388.322 1141
388.335 1122
388.348 1125
388.362 1141
388.375 1134
388.389 1138
388.402 1134
388.415 1140
388.429 1143
388.442 1124
388.455 1134
388.469 1150
388.482 1133
388.495 1130
388.509 1141
388.522 1151
388.536 1144
388.549 1108
388.562 1097
388.576 1095
388.589 1105
388.602 1117
388.616 1092
388.629 1108
388.642 1100
388.656 1101
388.669 1103
388.683 1125
388.696 1118
388.709 1118
388.723 1110
388.736 1104
388.749 1100
388.763 1100
388.776 1092
388.789 1106
388.803 1061
388.816 1106
388.829 1099
388.843 1105
388.856 1092
388.870 1074
388.883 1088
388.896 1081
388.910 1083
388.923 1071
388.936 1072
388.950 1093
388.963 1091
388.976 1082
388.990 1073
389.003 1106
389.016 1061
389.030 1068
389.043 1087
389.056 1086
389.070 1069
389.083 1049
389.097 1069
389.110 1032
389.123 1058
389.137 1065
389.150 1060
389.163 1043
389.177 1033
389.190 1060
389.203 1069
389.217 1034
389.230 1058
389.243 1037
389.257 1030
389.270 1028
389.283 1021
389.297 1029
389.310 1051
389.323 1043
389.337 1042
389.350 1033
389.363 1019
389.377 1026
389.390 1026
389.403 1033
389.417 1045
389.430 1024
389.443 1022
389.457 1030
389.470 1048
389.483 1012
389.497 1033
389.510 1032
389.523 1006
389.537 1038
389.550 1042
389.563 1010
389.577 994
389.590 1003
389.603 978
389.617 997
389.630 978
389.643 985
389.657 983
389.670 987
389.683 961
389.697 991
389.710 979
389.723 1010
389.737 1009
389.750 991
389.763 998
389.777 982
389.790 988
389.803 972
389.817 1004
389.830 945
389.843 952
389.857 956
389.870 934
389.883 940
389.897 967
389.910 944
389.923 957
389.937 958
389.950 950
389.963 929
389.977 930
389.990 953
390.003 938
390.017 941
390.030 932
390.043 921
390.057 920
390.070 925
390.083 900
390.096 919
390.110 901
390.123 901
390.136 916
390.150 913
390.163 905
390.176 893
390.190 912
390.203 885
390.216 893
390.230 887
390.243 895
390.256 868
390.270 884
390.283 883
390.296 871
390.310 885
390.323 880
390.336 871
390.349 878
390.363 865
390.376 873
390.389 842
390.403 862
390.416 852
390.429 862
390.443 821
390.456 846
390.469 854
390.483 843
390.496 837
390.509 846
390.522 852
390.536 841
390.549 823
390.562 816
390.576 807
390.589 815
390.602 822
390.616 821
390.629 811
390.642 796
390.655 797
390.669 799
390.682 802
390.695 800
390.709 789
390.722 802
390.735 817
390.749 782
390.762 798
390.775 778
390.788 785
390.802 782
390.815 792
390.828 783
390.842 764
390.855 780
390.868 774
390.882 784
390.895 793
390.908 770
390.921 766
390.935 759
390.948 767
390.961 759
390.975 768
390.988 757
391.001 761
391.014 765
391.028 762
391.041 745
391.054 754
391.068 758
391.081 743
391.094 764
391.107 756
391.121 762
391.134 744
391.147 757
391.161 734
391.174 754
391.187 755
391.200 733
391.214 740
391.227 747
391.240 730
391.254 741
391.267 736
391.280 727
391.293 741
391.307 725
391.320 736
391.333 724
391.347 735
391.360 735
391.373 713
391.386 733
391.400 723
391.413 730
391.426 734
391.440 723
391.453 713
391.466 729
391.479 722
391.493 727
391.506 727
391.519 717
391.532 730
391.546 710
391.559 716
391.572 707
391.586 729
391.599 701
391.612 729
391.625 716
391.639 717
391.652 722
391.665 706
391.678 707
391.692 719
391.705 713
391.718 717
391.732 713
391.745 709
391.758 706
391.771 702
391.785 717
391.798 707
391.811 707
391.824 710
391.838 711
391.851 712
391.864 688
391.877 709
391.891 704
391.904 705
391.917 711
391.931 704
391.944 705
391.957 710
391.970 711
391.984 708
391.997 709
392.010 707
392.023 696
392.037 699
392.050 709
392.063 698
392.076 690
392.090 711
392.103 696
392.116 696
392.129 706
392.143 697
392.156 709
392.169 698
392.182 706
392.196 705
392.209 685
392.222 697
392.235 698
392.249 697
392.262 701
392.275 694
392.288 703
392.302 700
392.315 691
392.328 694
392.341 691
392.355 682
392.368 691
392.381 696
392.394 699
392.408 685
392.421 703
392.434 685
392.447 687
392.461 704
392.474 688
392.487 692
392.500 687
392.514 683
392.527 690
392.540 692
392.553 702
392.567 691
392.580 694
392.593 694
392.606 696
392.620 688
392.633 693
392.646 705
392.659 678
392.673 689
392.686 693
392.699 673
392.712 681
392.726 681
392.739 689
392.752 674
392.765 682
392.778 682
392.792 676
392.805 678
392.818 678
392.831 672
392.845 686
392.858 691
392.871 682
392.884 681
392.898 681
392.911 689
392.924 694
392.937 689
392.951 677
392.964 677
392.977 681
392.990 693
393.003 692
393.017 682
393.030 694
393.043 686
393.056 682
393.070 677
393.083 694
393.096 677
393.109 678
393.122 688
393.136 680
393.149 682
393.162 674
393.175 672
393.189 674
393.202 680
393.215 674
393.228 668
393.242 679
393.255 686
393.268 675
393.281 680
393.294 688
393.308 671
393.321 677
393.334 683
393.347 681
393.360 680
393.374 682
393.387 668
393.400 677
393.413 684
393.427 678
393.440 675
393.453 681
393.466 671
393.479 672
393.493 679
393.506 676
393.519 663
393.532 678
393.546 674
393.559 672
393.572 677
393.585 677
393.598 661
393.612 678
393.625 669
393.638 678
393.651 672
393.664 670
393.678 675
393.691 673
393.704 669
393.717 681
393.730 668
393.744 671
393.757 674
393.770 670
393.783 671
393.796 668
393.810 660
393.823 677
393.836 661
393.849 675
393.863 659
393.876 669
393.889 663
393.902 663
393.915 682
393.929 672
