375.891 809
375.905 823
375.919 823
375.933 843
375.946 824
375.960 844
375.974 828
375.987 847
376.001 848
376.015 852
376.029 834
376.042 849
376.056 870
376.070 857
376.084 853
376.097 876
376.111 866
376.125 853
376.139 866
376.152 859
376.166 875
376.180 892
376.193 892
376.207 908
376.221 904
376.235 891
376.248 907
376.262 904
376.276 919
376.290 908
376.303 894
376.317 931
376.331 910
376.345 924
376.358 932
376.372 940
376.386 925
376.399 931
376.413 931
376.427 954
376.441 958
376.454 962
376.468 955
376.482 964
376.495 961
376.509 976
376.523 967
376.537 989
376.550 981
376.564 999
376.578 1001
376.592 999
376.605 1015
376.619 1013
376.633 1021
376.646 995
376.660 1019
376.674 1038
376.688 1007
376.701 1008
376.715 1033
376.729 1030
376.742 1051
376.756 1039
376.770 1089
376.784 1060
376.797 1069
376.811 1092
376.825 1093
376.838 1093
376.852 1112
376.866 1109
376.880 1092
376.893 1105
376.907 1087
376.921 1117
376.934 1135
376.948 1161
376.962 1120
376.976 1096
376.989 1152
377.003 1144
377.017 1147
377.030 1207
377.044 1203
377.058 1207
377.071 1189
377.085 1176
377.099 1175
377.113 1188
377.126 1184
377.140 1230
377.154 1224
377.167 1261
377.181 1259
377.195 1199
377.208 1236
377.222 1222
377.236 1268
377.250 1269
377.263 1241
377.277 1242
377.291 1300
377.304 1308
377.318 1298
377.332 1305
377.345 1332
377.359 1317
377.373 1309
377.387 1327
377.400 1296
377.414 1319
377.428 1317
377.441 1348
377.455 1316
377.469 1334
377.482 1355
377.496 1341
377.510 1385
377.524 1403
377.537 1408
377.551 1403
377.565 1407
377.578 1411
377.592 1396
377.606 1372
377.619 1388
377.633 1391
377.647 1412
377.660 1419
377.674 1399
377.688 1435
377.701 1439
377.715 1426
377.729 1473
377.743 1463
377.756 1446
377.770 1438
377.784 1465
377.797 1406
377.811 1457
377.825 1447
377.838 1458
377.852 1447
377.866 1477
377.879 1493
377.893 1547
377.907 1497
377.920 1481
377.934 1506
377.948 1467
377.961 1506
377.975 1483
377.989 1485
378.002 1486
378.016 1529
378.030 1547
378.044 1494
378.057 1567
378.071 1546
378.085 1544
378.098 1554
378.112 1523
378.126 1507
378.139 1578
378.153 1549
378.167 1525
378.180 1528
378.194 1566
378.208 1550
378.221 1568
378.235 1596
378.249 1605
378.262 1575
378.276 1590
378.290 1558
378.303 1597
378.317 1627
378.331 1602
378.344 1602
378.358 1580
378.372 1628
378.385 1617
378.399 1643
378.413 1624
378.426 1611
378.440 1621
378.454 1612
378.467 1650
378.481 1651
378.495 1651
378.508 1648
378.522 1665
378.536 1633
378.549 1639
378.563 1653
378.577 1685
378.590 1670
378.604 1655
378.618 1700
378.631 1665
378.645 1674
378.659 1671
378.672 1716
378.686 1723
378.700 1734
378.713 1774
378.727 1762
378.740 1789
378.754 1779
378.768 1792
378.781 1790
378.795 1804
378.809 1795
378.822 1754
378.836 1786
378.850 1748
378.863 1775
378.877 1785
378.891 1810
378.904 1804
378.918 1802
378.932 1852
378.945 1780
378.959 1758
378.973 1771
378.986 1837
379.000 1847
379.014 1828
379.027 1840
379.041 1811
379.054 1791
379.068 1842
379.082 1864
379.095 1852
379.109 1873
379.123 1849
379.136 1847
379.150 1869
379.164 1924
379.177 1913
379.191 1890
379.205 1942
379.218 1895
379.232 1920
379.245 1946
379.259 1973
379.273 1904
379.286 1975
379.300 1989
379.314 1962
379.327 2002
379.341 2013
379.355 2014
379.368 2025
379.382 2009
379.396 2089
379.409 2029
379.423 2079
379.436 2078
379.450 2113
379.464 2164
379.477 2137
379.491 2171
379.505 2157
379.518 2203
379.532 2158
379.546 2174
379.559 2238
379.573 2257
379.586 2212
379.600 2255
379.614 2343
379.627 2342
379.641 2342
379.655 2356
379.668 2398
379.682 2373
379.695 2387
379.709 2429
379.723 2414
379.736 2481
379.750 2583
379.764 2574
379.777 2630
379.791 2642
379.804 2690
379.818 2726
379.832 2704
379.845 2605
379.859 2655
379.873 2717
379.886 2667
379.900 2748
379.913 2802
379.927 2786
379.941 2805
379.954 2899
379.968 2970
379.982 2972
379.995 3026
380.009 3006
380.022 3055
380.036 3058
380.050 3087
380.063 3141
380.077 3316
380.090 3254
380.104 3383
380.118 3357
380.131 3445
380.145 3518
380.159 3504
380.172 3554
380.186 3581
380.199 3726
380.213 3769
380.227 3896
380.240 3843
380.254 3839
380.267 3743
380.281 3877
380.295 3959
380.308 3998
380.322 4096
380.336 4101
380.349 4123
380.363 4198
380.376 4170
380.390 4334
380.404 4383
380.417 4444
380.431 4527
380.444 4528
380.458 4598
380.472 4713
380.485 4718
380.499 4758
380.512 4837
380.526 4952
380.540 4985
380.553 4905
380.567 5098
380.580 5114
380.594 5172
380.608 5367
380.621 5541
380.635 5598
380.648 5635
380.662 5686
380.676 5724
380.689 5785
380.703 5884
380.716 5933
380.730 6011
380.744 6044
380.757 6213
380.771 6308
380.784 6440
380.798 6452
380.812 6437
380.825 6515
380.839 6752
380.852 6875
380.866 6964
380.880 7095
380.893 7052
380.907 7174
380.920 7145
380.934 7339
380.948 7503
380.961 7491
380.975 7595
380.988 7672
381.002 7690
381.015 7674
381.029 7844
381.043 8015
381.056 8042
381.070 8048
381.083 8157
381.097 8249
381.111 8203
381.124 8309
381.138 8580
381.151 8578
381.165 8709
381.179 8810
381.192 8764
381.206 8902
381.219 8880
381.233 8985
381.246 9002
381.260 9150
381.274 9065
381.287 9149
381.301 9257
381.314 9497
381.328 9442
381.341 9503
381.355 9613
381.369 9794
381.382 9653
381.396 9751
381.409 10062
381.423 10219
381.437 10306
381.450 10412
381.464 10367
381.477 10519
381.491 10852
381.504 10636
381.518 10708
381.532 10847
381.545 11165
381.559 11426
381.572 11355
381.586 11536
381.599 11430
381.613 11620
381.627 11628
381.640 11812
381.654 11884
381.667 11970
381.681 12042
381.694 11943
381.708 11795
381.722 11704
381.735 11792
381.749 11886
381.762 11851
381.776 12046
381.789 12175
381.803 12054
381.817 12332
381.830 12210
381.844 12474
381.857 12432
381.871 12559
381.884 12550
381.898 12590
381.911 12821
381.925 12761
381.939 12982
381.952 13120
381.966 13125
381.979 13118
381.993 13234
382.006 13564
382.020 13621
382.034 13854
382.047 13535
382.061 13688
382.074 13599
382.088 13723
382.101 13814
382.115 13918
382.128 14028
382.142 14454
382.156 14807
382.169 14871
382.183 14734
382.196 14868
382.210 14996
382.223 14947
382.237 14956
382.250 15127
382.264 15223
382.278 15277
382.291 15496
382.305 15709
382.318 15810
382.332 15835
382.345 15617
382.359 15481
382.372 15674
382.386 15670
382.399 15794
382.413 15757
382.427 15884
382.440 16056
382.454 16276
382.467 16383
382.481 16795
382.494 17086
382.508 17347
382.521 17687
382.535 17152
382.548 17369
382.562 17502
382.576 17531
382.589 17509
382.603 17748
382.616 17844
382.630 18122
382.643 17984
382.657 18552
382.670 18630
382.684 18672
382.697 18399
382.711 18527
382.724 18798
382.738 18956
382.752 18756
382.765 18949
382.779 19174
382.792 19549
382.806 19585
382.819 19788
382.833 19869
382.846 19952
382.860 20043
382.873 20199
382.887 20368
382.900 20557
382.914 20885
382.928 21252
382.941 21299
382.955 21485
382.968 21639
382.982 22034
382.995 22034
383.009 22190
383.022 22138
383.036 22385
383.049 22661
383.063 22794
383.076 23037
383.090 22730
383.103 23222
383.117 22963
383.130 23253
383.144 23182
383.158 23595
383.171 23788
383.185 24109
383.198 24237
383.212 24804
383.225 24853
383.239 25197
383.252 25648
383.266 25595
383.279 25842
383.293 25932
383.306 26052
383.320 26457
383.333 26752
383.347 27230
383.360 26800
383.374 26850
383.387 27096
383.401 27411
383.414 27365
383.428 27183
383.441 27401
383.455 27435
383.468 27263
383.482 27353
383.496 27865
383.509 28326
383.523 28125
383.536 28111
383.550 28291
383.563 28453
383.577 28545
383.590 29065
383.604 29110
383.617 28900
383.631 28643
383.644 28558
383.658 28566
383.671 28414
383.685 28910
383.698 28921
383.712 29348
383.725 29164
383.739 28928
383.752 28970
383.766 28782
383.779 29157
383.793 29157
383.806 29067
383.820 29710
383.833 29582
383.847 29677
383.860 29856
383.874 29931
383.887 29033
383.901 29120
383.914 29482
383.928 29716
383.941 29407
383.955 29282
383.968 28849
383.982 28921
383.995 28865
384.009 28560
384.022 28758
384.036 28704
384.049 28904
384.063 28708
384.076 29264
384.090 29540
384.103 29850
384.117 29621
384.130 29278
384.144 28159
384.157 27893
384.171 27778
384.184 27731
384.198 27331
384.211 27098
384.225 27027
384.238 27331
384.252 27350
384.265 27103
384.279 26946
384.292 26625
384.306 26415
384.319 25913
384.333 25158
384.346 24866
384.360 24401
384.373 24126
384.387 23829
384.400 23571
384.414 22912
384.427 22695
384.441 22426
384.454 21937
384.468 21329
384.481 20852
384.495 20659
384.508 20425
384.522 19604
384.535 19269
384.549 18777
384.562 18205
384.575 18086
384.589 17802
384.602 17346
384.616 17000
384.629 16783
384.643 16244
384.656 15876
384.670 15281
384.683 14683
384.697 14230
384.710 13739
384.724 13436
384.737 13035
384.751 12644
384.764 12248
384.778 11880
384.791 11755
384.805 11482
384.818 10963
384.832 10568
384.845 10191
384.859 10088
384.872 9497
384.885 9184
384.899 9089
384.912 8760
384.926 8525
384.939 8317
384.953 8075
384.966 7778
384.980 7727
384.993 7482
385.007 7376
385.020 7148
385.034 6979
385.047 6801
385.061 6597
385.074 6454
385.088 6363
385.101 6213
385.114 6047
385.128 5927
385.141 5886
385.155 5708
385.168 5738
385.182 5779
385.195 5549
385.209 5527
385.222 5387
385.236 5234
385.249 5235
385.263 5197
385.276 5036
385.290 4886
385.303 4763
385.316 4695
385.330 4660
385.343 4660
385.357 4580
385.370 4424
385.384 4379
385.397 4304
385.411 4295
385.424 4206
385.438 4232
385.451 4101
385.464 4085
385.478 4057
385.491 4088
385.505 3974
385.518 3993
385.532 3924
385.545 3799
385.559 3727
385.572 3805
385.586 3772
385.599 3748
385.612 3800
385.626 3741
385.639 3645
385.653 3556
385.666 3625
385.680 3557
385.693 3519
385.707 3506
385.720 3467
385.734 3421
385.747 3413
385.760 3374
385.774 3348
385.787 3308
385.801 3302
385.814 3169
385.828 3189
385.841 3207
385.855 3142
385.868 3134
385.881 3106
385.895 3093
385.908 3053
385.922 2981
385.935 3026
385.949 3013
385.962 2904
385.976 2874
385.989 2928
386.002 2900
386.016 2964
386.029 2954
386.043 2870
386.056 2848
386.070 2821
386.083 2801
386.097 2852
386.110 2782
386.123 2773
386.137 2750
386.150 2690
386.164 2777
386.177 2700
386.191 2713
386.204 2708
386.217 2642
386.231 2622
386.244 2644
386.258 2687
386.271 2625
386.285 2623
386.298 2586
386.311 2597
386.325 2564
386.338 2525
386.352 2485
386.365 2455
386.379 2466
386.392 2481
386.405 2469
386.419 2405
386.432 2444
386.446 2446
386.459 2403
386.473 2476
386.486 2374
386.499 2365
386.513 2393
386.526 2386
386.540 2310
386.553 2305
386.567 2268
386.580 2364
386.593 2335
386.607 2379
386.620 2381
386.634 2308
386.647 2299
386.661 2300
386.674 2242
386.687 2270
386.701 2175
386.714 2214
386.728 2198
386.741 2236
386.754 2175
386.768 2178
386.781 2150
386.795 2176
386.808 2146
386.822 2068
386.835 2105
386.848 2124
386.862 2075
386.875 2019
386.889 2078
386.902 2054
386.915 2037
386.929 2067
386.942 2027
386.956 2016
386.969 1981
386.983 1996
386.996 1979
387.009 1961
387.023 1937
387.036 1974
387.050 1972
387.063 1972
387.076 1913
387.090 1915
387.103 1934
387.117 1882
387.130 1887
387.143 1903
387.157 1876
387.170 1934
387.184 1870
387.197 1872
387.210 1896
387.224 1844
387.237 1863
387.251 1835
387.264 1782
387.278 1781
387.291 1795
387.304 1817
387.318 1782
387.331 1783
387.345 1749
387.358 1726
387.371 1762
387.385 1756
387.398 1720
387.412 1686
387.425 1637
387.438 1674
387.452 1641
387.465 1643
387.478 1621
387.492 1623
387.505 1598
387.519 1618
387.532 1651
387.545 1667
387.559 1639
387.572 1624
387.586 1613
387.599 1616
387.612 1580
387.626 1588
387.639 1596
387.653 1592
387.666 1537
387.679 1501
387.693 1471
387.706 1458
387.720 1498
387.733 1497
387.746 1528
387.760 1526
387.773 1492
387.787 1467
387.800 1451
387.813 1467
387.827 1513
387.840 1427
387.853 1399
387.867 1443
387.880 1466
387.894 1455
387.907 1456
387.920 1418
387.934 1426
387.947 1402
387.961 1377
387.974 1401
387.987 1395
388.001 1378
388.014 1344
388.027 1375
388.041 1392
388.054 1363
388.068 1337
388.081 1326
388.094 1354
388.108 1341
388.121 1330
388.134 1312
388.148 1294
388.161 1284
388.175 1295
388.188 1296
388.201 1246
388.215 1262
388.228 1265
388.241 1257
388.255 1253
388.268 1285
388.282 1245
388.295 1249
388.308 1261
388.322 1234
388.335 1265
388.348 1230
388.362 1240
388.375 1235
388.389 1268
388.402 1253
388.415 1232
388.429 1256
388.442 1260
388.455 1236
388.469 1260
388.482 1238
388.495 1228
388.509 1248
388.522 1261
388.536 1238
388.549 1206
388.562 1228
388.576 1219
388.589 1220
388.602 1233
388.616 1235
388.629 1210
388.642 1209
388.656 1198
388.669 1213
388.683 1239
388.696 1205
388.709 1201
388.723 1213
388.736 1224
388.749 1165
388.763 1218
388.776 1209
388.789 1191
388.803 1195
388.816 1155
388.829 1166
388.843 1166
388.856 1175
388.870 1172
388.883 1166
388.896 1156
388.910 1160
388.923 1160
388.936 1148
388.950 1168
388.963 1177
388.976 1166
388.990 1175
389.003 1163
389.016 1157
389.030 1155
389.043 1172
389.056 1181
389.070 1180
389.083 1147
389.097 1148
389.110 1155
389.123 1155
389.137 1157
389.150 1161
389.163 1142
389.177 1150
389.190 1130
389.203 1134
389.217 1142
389.230 1138
389.243 1144
389.257 1124
389.270 1143
389.283 1120
389.297 1136
389.310 1128
389.323 1114
389.337 1113
389.350 1118
389.363 1121
389.377 1115
389.390 1124
389.403 1122
389.417 1144
389.430 1115
389.443 1130
389.457 1128
389.470 1131
389.483 1104
389.497 1112
389.510 1102
389.523 1102
389.537 1114
389.550 1098
389.563 1101
389.577 1099
389.590 1078
389.603 1079
389.617 1076
389.630 1066
389.643 1068
389.657 1079
389.670 1084
389.683 1087
389.697 1078
389.710 1075
389.723 1061
389.737 1083
389.750 1081
389.763 1061
389.777 1080
389.790 1070
389.803 1061
389.817 1036
389.830 1044
389.843 1033
389.857 1034
389.870 1000
389.883 1016
389.897 1013
389.910 1029
389.923 1015
389.937 1043
389.950 1019
389.963 1017
389.977 1014
389.990 1036
390.003 1033
390.017 1022
390.030 1021
390.043 992
390.057 994
390.070 983
390.083 996
390.096 989
390.110 990
390.123 1000
390.136 1003
390.150 989
390.163 963
390.176 961
390.190 979
390.203 963
390.216 964
390.230 932
390.243 973
390.256 956
390.270 937
390.283 942
390.296 937
390.310 939
390.323 948
390.336 914
390.349 927
390.363 932
390.376 936
390.389 944
390.403 914
390.416 926
390.429 917
390.443 927
390.456 908
390.469 909
390.483 887
390.496 910
390.509 892
390.522 890
390.536 900
390.549 903
390.562 876
390.576 881
390.589 860
390.602 873
390.616 873
390.629 849
390.642 870
390.655 858
390.669 843
390.682 852
390.695 839
390.709 842
390.722 852
390.735 839
390.749 825
390.762 850
390.775 843
390.788 837
390.802 813
390.815 822
390.828 820
390.842 828
390.855 825
390.868 793
390.882 833
390.895 814
390.908 801
390.921 811
390.935 827
390.948 808
390.961 790
390.975 818
390.988 788
391.001 792
391.014 809
391.028 791
391.041 785
391.054 794
391.068 797
391.081 809
391.094 790
391.107 804
391.121 772
391.134 775
391.147 784
391.161 782
391.174 766
391.187 777
391.200 775
391.214 752
391.227 776
391.240 778
391.254 746
391.267 765
391.280 750
391.293 752
391.307 759
391.320 751
391.333 747
391.347 759
391.360 758
391.373 748
391.386 739
391.400 748
391.413 766
391.426 760
391.440 739
391.453 763
391.466 760
391.479 750
391.493 757
391.506 740
391.519 737
391.532 747
391.546 742
391.559 736
391.572 737
391.586 736
391.599 743
391.612 748
391.625 751
391.639 748
391.652 738
391.665 745
391.678 737
391.692 738
391.705 754
391.718 740
391.732 729
391.745 738
391.758 718
391.771 718
391.785 729
391.798 735
391.811 727
391.824 732
391.838 737
391.851 726
391.864 713
391.877 726
391.891 740
391.904 714
391.917 724
391.931 711
391.944 719
391.957 732
391.970 733
391.984 727
391.997 725
392.010 722
392.023 724
392.037 726
392.050 719
392.063 707
392.076 737
392.090 732
392.103 719
392.116 713
392.129 737
392.143 709
392.156 722
392.169 721
392.182 719
392.196 723
392.209 721
392.222 722
392.235 708
392.249 714
392.262 708
392.275 716
392.288 690
392.302 713
392.315 717
392.328 708
392.341 707
392.355 712
392.368 710
392.381 703
392.394 715
392.408 720
392.421 719
392.434 719
392.447 709
392.461 711
392.474 720
392.487 708
392.500 720
392.514 721
392.527 711
392.540 709
392.553 709
392.567 708
392.580 710
392.593 692
392.606 701
392.620 699
392.633 701
392.646 707
392.659 711
392.673 698
392.686 700
392.699 712
392.712 704
392.726 696
392.739 708
392.752 696
392.765 700
392.778 711
392.792 705
392.805 687
392.818 704
392.831 696
392.845 696
392.858 701
392.871 706
392.884 686
392.898 695
392.911 703
392.924 705
392.937 700
392.951 714
392.964 696
392.977 697
392.990 695
393.003 694
393.017 698
393.030 698
393.043 697
393.056 689
393.070 700
393.083 703
393.096 700
393.109 695
393.122 694
393.136 694
393.149 702
393.162 705
393.175 709
393.189 688
393.202 690
393.215 690
393.228 701
393.242 691
393.255 686
393.268 688
393.281 688
393.294 693
393.308 686
393.321 684
393.334 685
393.347 682
393.360 687
393.374 697
393.387 693
393.400 683
393.413 687
393.427 691
393.440 683
393.453 687
393.466 684
393.479 673
393.493 685
393.506 687
393.519 693
393.532 693
393.546 685
393.559 686
393.572 680
393.585 697
393.598 689
393.612 688
393.625 698
393.638 690
393.651 686
393.664 680
393.678 707
393.691 682
393.704 689
393.717 697
393.730 689
393.744 674
393.757 672
393.770 685
393.783 686
393.796 675
393.810 677
393.823 680
393.836 673
393.849 683
393.863 674
393.876 675
393.889 683
393.902 674
393.915 681
393.929 670
