375.891 834
375.905 843
375.919 856
375.933 838
375.946 842
375.960 843
375.974 862
375.987 867
376.001 852
376.015 878
376.029 875
376.042 879
376.056 873
376.070 886
376.084 863
376.097 885
376.111 898
376.125 896
376.139 891
376.152 894
376.166 892
376.180 914
376.193 921
376.207 933
376.221 912
376.235 914
376.248 911
376.262 937
376.276 931
376.290 960
376.303 937
376.317 935
376.331 930
376.345 938
376.358 957
376.372 959
376.386 967
376.399 951
376.413 962
376.427 962
376.441 985
376.454 990
376.468 977
376.482 999
376.495 959
376.509 996
376.523 1011
376.537 1005
376.550 1022
376.564 1039
376.578 1036
376.592 1038
376.605 1032
376.619 1060
376.633 1039
376.646 1041
376.660 1029
376.674 1054
376.688 1030
376.701 1029
376.715 1081
376.729 1079
376.742 1062
376.756 1092
376.770 1073
376.784 1094
376.797 1092
376.811 1087
376.825 1141
376.838 1103
376.852 1122
376.866 1161
376.880 1126
376.893 1134
376.907 1143
376.921 1148
376.934 1145
376.948 1171
376.962 1213
376.976 1174
376.989 1187
377.003 1202
377.017 1193
377.030 1216
377.044 1238
377.058 1209
377.071 1252
377.085 1232
377.099 1221
377.113 1228
377.126 1206
377.140 1261
377.154 1273
377.167 1235
377.181 1242
377.195 1268
377.208 1278
377.222 1301
377.236 1305
377.250 1304
377.263 1318
377.277 1339
377.291 1301
377.304 1352
377.318 1367
377.332 1347
377.345 1321
377.359 1364
377.373 1363
377.387 1358
377.400 1384
377.414 1370
377.428 1352
377.441 1363
377.455 1384
377.469 1410
377.482 1427
377.496 1418
377.510 1441
377.524 1434
377.537 1468
377.551 1448
377.565 1462
377.578 1439
377.592 1450
377.606 1425
377.619 1424
377.633 1453
377.647 1449
377.660 1439
377.674 1404
377.688 1461
377.701 1436
377.715 1474
377.729 1471
377.743 1436
377.756 1505
377.770 1474
377.784 1504
377.797 1496
377.811 1516
377.825 1497
377.838 1514
377.852 1527
377.866 1552
377.879 1549
377.893 1541
377.907 1568
377.920 1511
377.934 1538
377.948 1509
377.961 1507
377.975 1519
377.989 1545
378.002 1528
378.016 1549
378.030 1566
378.044 1566
378.057 1600
378.071 1592
378.085 1551
378.098 1580
378.112 1618
378.126 1570
378.139 1568
378.153 1600
378.167 1558
378.180 1616
378.194 1583
378.208 1560
378.221 1619
378.235 1612
378.249 1635
378.262 1642
378.276 1600
378.290 1646
378.303 1605
378.317 1586
378.331 1611
378.344 1619
378.358 1621
378.372 1657
378.385 1658
378.399 1598
378.413 1638
378.426 1669
378.440 1639
378.454 1692
378.467 1714
378.481 1653
378.495 1680
378.508 1674
378.522 1724
378.536 1703
378.549 1688
378.563 1675
378.577 1709
378.590 1723
378.604 1713
378.618 1730
378.631 1758
378.645 1731
378.659 1749
378.672 1757
378.686 1765
378.700 1833
378.713 1807
378.727 1839
378.740 1831
378.754 1819
378.768 1786
378.781 1839
378.795 1832
378.809 1802
378.822 1874
378.836 1841
378.850 1808
378.863 1828
378.877 1821
378.891 1841
378.904 1863
378.918 1856
378.932 1863
378.945 1881
378.959 1858
378.973 1846
378.986 1873
379.000 1881
379.014 1846
379.027 1886
379.041 1865
379.054 1866
379.068 1902
379.082 1867
379.095 1884
379.109 1904
379.123 1954
379.136 1906
379.150 1956
379.164 1958
379.177 1970
379.191 1957
379.205 1954
379.218 1971
379.232 2033
379.245 2007
379.259 2025
379.273 1993
379.286 2043
379.300 2058
379.314 2043
379.327 2086
379.341 2070
379.355 2085
379.368 2135
379.382 2127
379.396 2113
379.409 2094
379.423 2176
379.436 2222
379.450 2215
379.464 2240
379.477 2236
379.491 2260
379.505 2249
379.518 2262
379.532 2275
379.546 2294
379.559 2321
379.573 2349
379.586 2348
379.600 2410
379.614 2425
379.627 2430
379.641 2444
379.655 2439
379.668 2442
379.682 2427
379.695 2483
379.709 2473
379.723 2524
379.736 2588
379.750 2740
379.764 2730
379.777 2719
379.791 2768
379.804 2757
379.818 2812
379.832 2774
379.845 2731
379.859 2725
379.873 2800
379.886 2836
379.900 2869
379.913 2868
379.927 2909
379.941 3007
379.954 3110
379.968 3124
379.982 3143
379.995 3058
380.009 3166
380.022 3186
380.036 3280
380.050 3253
380.063 3274
380.077 3368
380.090 3529
380.104 3500
380.118 3604
380.131 3525
380.145 3591
380.159 3631
380.172 3713
380.186 3828
380.199 3855
380.213 3927
380.227 4012
380.240 4056
380.254 4010
380.267 3961
380.281 4096
380.295 4054
380.308 4118
380.322 4252
380.336 4287
380.349 4370
380.363 4382
380.376 4530
380.390 4459
380.404 4539
380.417 4631
380.431 4603
380.444 4745
380.458 4885
380.472 4833
380.485 4985
380.499 5030
380.512 5089
380.526 5129
380.540 5218
380.553 5275
380.567 5301
380.580 5351
380.594 5420
380.608 5547
380.621 5888
380.635 5876
380.648 5773
380.662 5875
380.676 6007
380.689 5984
380.703 6102
380.716 6184
380.730 6227
380.744 6380
380.757 6481
380.771 6572
380.784 6742
380.798 6655
380.812 6791
380.825 6894
380.839 7037
380.852 7252
380.866 7356
380.880 7400
380.893 7418
380.907 7411
380.920 7453
380.934 7601
380.948 7812
380.961 7803
380.975 7923
380.988 8018
381.002 8064
381.015 8093
381.029 8026
381.043 8183
381.056 8337
381.070 8352
381.083 8370
381.097 8523
381.111 8594
381.124 8761
381.138 8876
381.151 8896
381.165 8997
381.179 8962
381.192 9117
381.206 9074
381.219 9216
381.233 9143
381.246 9302
381.260 9418
381.274 9535
381.287 9711
381.301 9590
381.314 9742
381.328 9618
381.341 9756
381.355 9922
381.369 9920
381.382 10114
381.396 10194
381.409 10330
381.423 10533
381.437 10589
381.450 10726
381.464 10868
381.477 10914
381.491 11187
381.504 11095
381.518 11064
381.532 11098
381.545 11213
381.559 11708
381.572 11744
381.586 11627
381.599 11884
381.613 11843
381.627 12103
381.640 12087
381.654 12299
381.667 12145
381.681 12302
381.694 12343
381.708 12145
381.722 12098
381.735 11882
381.749 12235
381.762 12260
381.776 12293
381.789 12477
381.803 12418
381.817 12628
381.830 12646
381.844 12474
381.857 12772
381.871 12966
381.884 12891
381.898 12936
381.911 13006
381.925 13202
381.939 13300
381.952 13364
381.966 13423
381.979 13536
381.993 13786
382.006 13935
382.020 13946
382.034 14105
382.047 13984
382.061 14061
382.074 14109
382.088 13925
382.101 14173
382.115 14346
382.128 14374
382.142 14848
382.156 15261
382.169 15129
382.183 15011
382.196 15150
382.210 15115
382.223 15362
382.237 15296
382.250 15429
382.264 15573
382.278 15378
382.291 15714
382.305 15956
382.318 16300
382.332 16301
382.345 16093
382.359 15839
382.372 16049
382.386 15907
382.399 16090
382.413 16178
382.427 16304
382.440 16449
382.454 16574
382.467 16626
382.481 17054
382.494 17386
382.508 17743
382.521 17835
382.535 17787
382.548 17664
382.562 17778
382.576 17821
382.589 17923
382.603 18018
382.616 18169
382.630 18358
382.643 18615
382.657 18920
382.670 18964
382.684 19092
382.697 18866
382.711 19151
382.724 19242
382.738 19176
382.752 19189
382.765 19533
382.779 19583
382.792 19754
382.806 19956
382.819 20016
382.833 20199
382.846 20378
382.860 20441
382.873 20567
382.887 20815
382.900 21118
382.914 21211
382.928 21445
382.941 21564
382.955 21750
382.968 22123
382.982 22435
382.995 22347
383.009 22270
383.022 22441
383.036 22756
383.049 22930
383.063 23061
383.076 22874
383.090 23203
383.103 23214
383.117 23289
383.130 23572
383.144 23684
383.158 23820
383.171 24043
383.185 24217
383.198 24364
383.212 24893
383.225 25035
383.239 25296
383.252 25856
383.266 25886
383.279 25852
383.293 26158
383.306 26149
383.320 26551
383.333 27054
383.347 27142
383.360 26970
383.374 27071
383.387 27085
383.401 27183
383.414 27513
383.428 27071
383.441 27245
383.455 27593
383.468 27257
383.482 27392
383.496 28049
383.509 28338
383.523 28259
383.536 28314
383.550 28268
383.563 28358
383.577 28731
383.590 28975
383.604 28887
383.617 28692
383.631 28539
383.644 28459
383.658 28370
383.671 28497
383.685 28448
383.698 28721
383.712 29149
383.725 28963
383.739 28853
383.752 28736
383.766 28370
383.779 28448
383.793 28593
383.806 28885
383.820 29225
383.833 29373
383.847 29310
383.860 29371
383.874 29374
383.887 28781
383.901 28728
383.914 29096
383.928 29000
383.941 29017
383.955 28575
383.968 28539
383.982 28208
383.995 28247
384.009 27960
384.022 27968
384.036 28168
384.049 27981
384.063 28140
384.076 28517
384.090 28567
384.103 29085
384.117 28914
384.130 28248
384.144 27336
384.157 27139
384.171 26643
384.184 26480
384.198 26306
384.211 26171
384.225 26133
384.238 26223
384.252 26121
384.265 26103
384.279 25441
384.292 25360
384.306 25156
384.319 24470
384.333 23881
384.346 23581
384.360 22894
384.373 22795
384.387 22314
384.400 21698
384.414 21658
384.427 21170
384.441 20748
384.454 20438
384.468 20028
384.481 19489
384.495 19016
384.508 18428
384.522 18165
384.535 17756
384.549 17317
384.562 16829
384.575 16582
384.589 16362
384.602 15938
384.616 15764
384.629 15413
384.643 14869
384.656 14503
384.670 14057
384.683 13445
384.697 13044
384.710 12657
384.724 12390
384.737 11951
384.751 11556
384.764 11289
384.778 10876
384.791 10831
384.805 10277
384.818 10089
384.832 9684
384.845 9464
384.859 9301
384.872 8860
384.885 8394
384.899 8287
384.912 8088
384.926 7815
384.939 7650
384.953 7437
384.966 7287
384.980 7069
384.993 6988
385.007 6790
385.020 6626
385.034 6441
385.047 6224
385.061 6166
385.074 5882
385.088 5849
385.101 5693
385.114 5620
385.128 5608
385.141 5417
385.155 5341
385.168 5298
385.182 5290
385.195 5112
385.209 5058
385.222 5015
385.236 4877
385.249 4828
385.263 4752
385.276 4594
385.290 4556
385.303 4431
385.316 4473
385.330 4402
385.343 4286
385.357 4354
385.370 4217
385.384 4145
385.397 4096
385.411 4026
385.424 3982
385.438 3892
385.451 3861
385.464 3911
385.478 3887
385.491 3855
385.505 3727
385.518 3668
385.532 3739
385.545 3586
385.559 3531
385.572 3566
385.586 3535
385.599 3532
385.612 3506
385.626 3502
385.639 3488
385.653 3442
385.666 3386
385.680 3442
385.693 3407
385.707 3341
385.720 3340
385.734 3268
385.747 3182
385.760 3159
385.774 3114
385.787 3154
385.801 3148
385.814 3038
385.828 3021
385.841 3036
385.855 3013
385.868 2998
385.881 2927
385.895 2897
385.908 2887
385.922 2876
385.935 2852
385.949 2848
385.962 2789
385.976 2768
385.989 2773
386.002 2825
386.016 2804
386.029 2777
386.043 2760
386.056 2694
386.070 2691
386.083 2662
386.097 2664
386.110 2625
386.123 2648
386.137 2586
386.150 2617
386.164 2623
386.177 2601
386.191 2594
386.204 2533
386.217 2495
386.231 2489
386.244 2514
386.258 2517
386.271 2539
386.285 2499
386.298 2489
386.311 2464
386.325 2429
386.338 2381
386.352 2422
386.365 2436
386.379 2415
386.392 2319
386.405 2356
386.419 2345
386.432 2314
386.446 2334
386.459 2336
386.473 2334
386.486 2261
386.499 2293
386.513 2238
386.526 2244
386.540 2223
386.553 2183
386.567 2159
386.580 2256
386.593 2277
386.607 2268
386.620 2211
386.634 2265
386.647 2253
386.661 2207
386.674 2122
386.687 2135
386.701 2076
386.714 2039
386.728 2087
386.741 2101
386.754 2074
386.768 2089
386.781 2064
386.795 2063
386.808 2047
386.822 1995
386.835 2041
386.848 2016
386.862 2006
386.875 1973
386.889 1949
386.902 1966
386.915 1947
386.929 1944
386.942 1906
386.956 1924
386.969 1877
386.983 1858
386.996 1891
387.009 1874
387.023 1844
387.036 1841
387.050 1858
387.063 1844
387.076 1814
387.090 1808
387.103 1803
387.117 1839
387.130 1808
387.143 1819
387.157 1820
387.170 1803
387.184 1759
387.197 1800
387.210 1786
387.224 1769
387.237 1750
387.251 1767
387.264 1731
387.278 1728
387.291 1725
387.304 1685
387.318 1696
387.331 1658
387.345 1693
387.358 1640
387.371 1648
387.385 1650
387.398 1640
387.412 1583
387.425 1613
387.438 1580
387.452 1567
387.465 1559
387.478 1557
387.492 1556
387.505 1554
387.519 1557
387.532 1569
387.545 1601
387.559 1551
387.572 1551
387.586 1540
387.599 1560
387.612 1508
387.626 1526
387.639 1505
387.653 1503
387.666 1479
387.679 1444
387.693 1447
387.706 1458
387.720 1419
387.733 1414
387.746 1466
387.760 1447
387.773 1442
387.787 1417
387.800 1421
387.813 1430
387.827 1386
387.840 1386
387.853 1377
387.867 1399
387.880 1401
387.894 1419
387.907 1396
387.920 1363
387.934 1374
387.947 1336
387.961 1350
387.974 1375
387.987 1324
388.001 1320
388.014 1316
388.027 1283
388.041 1310
388.054 1256
388.068 1289
388.081 1293
388.094 1302
388.108 1301
388.121 1278
388.134 1268
388.148 1240
388.161 1244
388.175 1254
388.188 1194
388.201 1204
388.215 1228
388.228 1237
388.241 1217
388.255 1215
388.268 1196
388.282 1204
388.295 1211
388.308 1223
388.322 1230
388.335 1212
388.348 1201
388.362 1203
388.375 1183
388.389 1183
388.402 1200
388.415 1220
388.429 1196
388.442 1242
388.455 1202
388.469 1224
388.482 1201
388.495 1208
388.509 1204
388.522 1245
388.536 1204
388.549 1172
388.562 1177
388.576 1170
388.589 1158
388.602 1168
388.616 1170
388.629 1169
388.642 1180
388.656 1166
388.669 1162
388.683 1165
388.696 1212
388.709 1174
388.723 1192
388.736 1163
388.749 1155
388.763 1164
388.776 1164
388.789 1181
388.803 1139
388.816 1150
388.829 1141
388.843 1140
388.856 1133
388.870 1115
388.883 1115
388.896 1122
388.910 1115
388.923 1157
388.936 1139
388.950 1123
388.963 1155
388.976 1132
388.990 1139
389.003 1150
389.016 1121
389.030 1128
389.043 1144
389.056 1157
389.070 1155
389.083 1160
389.097 1087
389.110 1091
389.123 1128
389.137 1117
389.150 1113
389.163 1109
389.177 1103
389.190 1080
389.203 1116
389.217 1065
389.230 1102
389.243 1113
389.257 1066
389.270 1126
389.283 1071
389.297 1081
389.310 1101
389.323 1069
389.337 1086
389.350 1095
389.363 1096
389.377 1094
389.390 1078
389.403 1078
389.417 1069
389.430 1079
389.443 1065
389.457 1059
389.470 1087
389.483 1096
389.497 1095
389.510 1067
389.523 1076
389.537 1078
389.550 1037
389.563 1069
389.577 1027
389.590 1045
389.603 1061
389.617 1049
389.630 1010
389.643 1033
389.657 1054
389.670 1052
389.683 1037
389.697 1050
389.710 1024
389.723 1027
389.737 1047
389.750 1028
389.763 1030
389.777 1018
389.790 1043
389.803 1013
389.817 1031
389.830 1022
389.843 1010
389.857 981
389.870 993
389.883 972
389.897 993
389.910 972
389.923 1009
389.937 983
389.950 994
389.963 980
389.977 997
389.990 971
390.003 999
390.017 985
390.030 971
390.043 964
390.057 972
390.070 946
390.083 956
390.096 973
390.110 938
390.123 974
390.136 934
390.150 938
390.163 924
390.176 948
390.190 939
390.203 950
390.216 945
390.230 917
390.243 944
390.256 910
390.270 914
390.283 892
390.296 918
390.310 908
390.323 910
390.336 898
390.349 894
390.363 897
390.376 897
390.389 880
390.403 894
390.416 900
390.429 875
390.443 861
390.456 873
390.469 884
390.483 860
390.496 867
390.509 865
390.522 879
390.536 877
390.549 872
390.562 867
390.576 843
390.589 853
390.602 853
390.616 851
390.629 828
390.642 827
390.655 839
390.669 820
390.682 847
390.695 821
390.709 829
390.722 808
390.735 832
390.749 811
390.762 817
390.775 822
390.788 806
390.802 801
390.815 817
390.828 811
390.842 806
390.855 791
390.868 804
390.882 791
390.895 793
390.908 781
390.921 803
390.935 794
390.948 796
390.961 784
390.975 786
390.988 782
391.001 791
391.014 785
391.028 779
391.041 763
391.054 766
391.068 783
391.081 777
391.094 777
391.107 778
391.121 773
391.134 760
391.147 766
391.161 766
391.174 772
391.187 756
391.200 771
391.214 766
391.227 773
391.240 758
391.254 747
391.267 758
391.280 756
391.293 748
391.307 747
391.320 734
391.333 755
391.347 742
391.360 748
391.373 747
391.386 741
391.400 738
391.413 742
391.426 727
391.440 736
391.453 738
391.466 734
391.479 739
391.493 730
391.506 732
391.519 738
391.532 741
391.546 728
391.559 718
391.572 728
391.586 721
391.599 726
391.612 725
391.625 737
391.639 726
391.652 741
391.665 727
391.678 733
391.692 714
391.705 717
391.718 729
391.732 719
391.745 737
391.758 723
391.771 732
391.785 712
391.798 734
391.811 709
391.824 717
391.838 721
391.851 721
391.864 723
391.877 716
391.891 715
391.904 708
391.917 722
391.931 711
391.944 720
391.957 720
391.970 722
391.984 726
391.997 717
392.010 723
392.023 728
392.037 698
392.050 712
392.063 719
392.076 721
392.090 691
392.103 719
392.116 712
392.129 710
392.143 710
392.156 709
392.169 713
392.182 707
392.196 703
392.209 702
392.222 713
392.235 692
392.249 712
392.262 700
392.275 700
392.288 706
392.302 695
392.315 715
392.328 693
392.341 706
392.355 707
392.368 704
392.381 707
392.394 688
392.408 707
392.421 695
392.434 689
392.447 689
392.461 702
392.474 697
392.487 701
392.500 700
392.514 698
392.527 714
392.540 699
392.553 694
392.567 705
392.580 706
392.593 705
392.606 696
392.620 705
392.633 691
392.646 703
392.659 698
392.673 696
392.686 690
392.699 695
392.712 697
392.726 687
392.739 698
392.752 705
392.765 685
392.778 698
392.792 693
392.805 682
392.818 690
392.831 697
392.845 695
392.858 701
392.871 690
392.884 696
392.898 688
392.911 704
392.924 690
392.937 690
392.951 691
392.964 700
392.977 690
392.990 690
393.003 703
393.017 687
393.030 687
393.043 693
393.056 679
393.070 692
393.083 690
393.096 680
393.109 695
393.122 679
393.136 693
393.149 694
393.162 688
393.175 681
393.189 688
393.202 684
393.215 685
393.228 683
393.242 687
393.255 690
393.268 693
393.281 685
393.294 695
393.308 697
393.321 680
393.334 676
393.347 681
393.360 690
393.374 676
393.387 682
393.400 694
393.413 680
393.427 682
393.440 688
393.453 670
393.466 679
393.479 688
393.493 676
393.506 683
393.519 674
393.532 689
393.546 673
393.559 676
393.572 681
393.585 675
393.598 682
393.612 676
393.625 673
393.638 682
393.651 680
393.664 671
393.678 679
393.691 663
393.704 693
393.717 678
393.730 683
393.744 681
393.757 682
393.770 674
393.783 674
393.796 677
393.810 690
393.823 683
393.836 670
393.849 674
393.863 680
393.876 670
393.889 674
393.902 687
393.915 687
393.929 680
