375.891 774
375.905 804
375.919 801
375.933 787
375.946 821
375.960 807
375.974 818
375.987 811
376.001 821
376.015 808
376.029 815
376.042 810
376.056 807
376.070 843
376.084 823
376.097 852
376.111 836
376.125 854
376.139 850
376.152 837
376.166 856
376.180 846
376.193 847
376.207 857
376.221 850
376.235 854
376.248 823
376.262 880
376.276 876
376.290 882
376.303 883
376.317 879
376.331 875
376.345 890
376.358 889
376.372 910
376.386 878
376.399 907
376.413 902
376.427 871
376.441 916
376.454 917
376.468 897
376.482 892
376.495 907
376.509 919
376.523 925
376.537 955
376.550 913
376.564 936
376.578 948
376.592 951
376.605 933
376.619 928
376.633 912
376.646 950
376.660 966
376.674 963
376.688 940
376.701 957
376.715 983
376.729 964
376.742 994
376.756 994
376.770 988
376.784 974
376.797 969
376.811 994
376.825 1033
376.838 1002
376.852 1009
376.866 1026
376.880 1019
376.893 1034
376.907 1039
376.921 1030
376.934 1038
376.948 1063
376.962 1071
376.976 1056
376.989 1061
377.003 1061
377.017 1059
377.030 1095
377.044 1107
377.058 1112
377.071 1080
377.085 1094
377.099 1104
377.113 1075
377.126 1082
377.140 1100
377.154 1120
377.167 1120
377.181 1132
377.195 1132
377.208 1100
377.222 1122
377.236 1143
377.250 1162
377.263 1140
377.277 1177
377.291 1191
377.304 1193
377.318 1198
377.332 1181
377.345 1211
377.359 1182
377.373 1174
377.387 1223
377.400 1181
377.414 1189
377.428 1232
377.441 1218
377.455 1212
377.469 1224
377.482 1216
377.496 1222
377.510 1264
377.524 1254
377.537 1259
377.551 1248
377.565 1274
377.578 1243
377.592 1256
377.606 1248
377.619 1229
377.633 1281
377.647 1282
377.660 1252
377.674 1294
377.688 1247
377.701 1293
377.715 1281
377.729 1292
377.743 1268
377.756 1283
377.770 1289
377.784 1303
377.797 1286
377.811 1289
377.825 1291
377.838 1326
377.852 1294
377.866 1338
377.879 1324
377.893 1328
377.907 1328
377.920 1337
377.934 1345
377.948 1321
377.961 1310
377.975 1319
377.989 1340
378.002 1358
378.016 1325
378.030 1307
378.044 1323
378.057 1343
378.071 1347
378.085 1342
378.098 1365
378.112 1366
378.126 1381
378.139 1375
378.153 1330
378.167 1362
378.180 1381
378.194 1346
378.208 1341
378.221 1376
378.235 1378
378.249 1379
378.262 1374
378.276 1393
378.290 1411
378.303 1392
378.317 1369
378.331 1391
378.344 1400
378.358 1393
378.372 1403
378.385 1410
378.399 1447
378.413 1402
378.426 1460
378.440 1447
378.454 1437
378.467 1479
378.481 1420
378.495 1419
378.508 1456
378.522 1463
378.536 1440
378.549 1443
378.563 1394
378.577 1453
378.590 1485
378.604 1470
378.618 1493
378.631 1466
378.645 1490
378.659 1458
378.672 1448
378.686 1432
378.700 1560
378.713 1534
378.727 1516
378.740 1565
378.754 1539
378.768 1560
378.781 1535
378.795 1602
378.809 1570
378.822 1555
378.836 1554
378.850 1534
378.863 1522
378.877 1575
378.891 1560
378.904 1595
378.918 1574
378.932 1570
378.945 1579
378.959 1536
378.973 1556
378.986 1582
379.000 1582
379.014 1599
379.027 1592
379.041 1625
379.054 1581
379.068 1595
379.082 1607
379.095 1601
379.109 1608
379.123 1588
379.136 1616
379.150 1600
379.164 1650
379.177 1661
379.191 1676
379.205 1633
379.218 1623
379.232 1671
379.245 1727
379.259 1692
379.273 1682
379.286 1728
379.300 1652
379.314 1743
379.327 1732
379.341 1726
379.355 1778
379.368 1716
379.382 1765
379.396 1727
379.409 1804
379.423 1808
379.436 1794
379.450 1820
379.464 1807
379.477 1789
379.491 1829
379.505 1850
379.518 1819
379.532 1866
379.546 1928
379.559 1920
379.573 1943
379.586 1947
379.600 1980
379.614 1953
379.627 2014
379.641 1993
379.655 1999
379.668 1938
379.682 2009
379.695 1983
379.709 2026
379.723 2077
379.736 2113
379.750 2183
379.764 2207
379.777 2224
379.791 2269
379.804 2239
379.818 2322
379.832 2222
379.845 2206
379.859 2234
379.873 2257
379.886 2304
379.900 2367
379.913 2384
379.927 2385
379.941 2425
379.954 2499
379.968 2494
379.982 2503
379.995 2533
380.009 2520
380.022 2601
380.036 2603
380.050 2634
380.063 2709
380.077 2761
380.090 2763
380.104 2814
380.118 2844
380.131 2855
380.145 2858
380.159 2967
380.172 2987
380.186 2971
380.199 3087
380.213 3165
380.227 3182
380.240 3175
380.254 3177
380.267 3298
380.281 3179
380.295 3259
380.308 3335
380.322 3259
380.336 3367
380.349 3465
380.363 3452
380.376 3609
380.390 3520
380.404 3627
380.417 3755
380.431 3678
380.444 3743
380.458 3740
380.472 3856
380.485 3881
380.499 3861
380.512 3998
380.526 3976
380.540 4063
380.553 4148
380.567 4146
380.580 4156
380.594 4279
380.608 4299
380.621 4520
380.635 4595
380.648 4585
380.662 4562
380.676 4646
380.689 4724
380.703 4691
380.716 4838
380.730 4911
380.744 4935
380.757 5077
380.771 5172
380.784 5168
380.798 5155
380.812 5272
380.825 5320
380.839 5385
380.852 5584
380.866 5631
380.880 5679
380.893 5683
380.907 5730
380.920 5762
380.934 5858
380.948 6089
380.961 5966
380.975 6006
380.988 6080
381.002 6028
381.015 6079
381.029 6244
381.043 6345
381.056 6305
381.070 6410
381.083 6449
381.097 6565
381.111 6547
381.124 6833
381.138 6790
381.151 6897
381.165 6913
381.179 6869
381.192 6997
381.206 6891
381.219 6916
381.233 7035
381.246 7151
381.260 7202
381.274 7190
381.287 7216
381.301 7219
381.314 7451
381.328 7446
381.341 7516
381.355 7618
381.369 7408
381.382 7650
381.396 7710
381.409 7855
381.423 7976
381.437 8165
381.450 8143
381.464 8201
381.477 8333
381.491 8361
381.504 8298
381.518 8300
381.532 8429
381.545 8632
381.559 8837
381.572 8829
381.586 8811
381.599 8855
381.613 8872
381.627 8947
381.640 9098
381.654 9274
381.667 9224
381.681 9250
381.694 9209
381.708 9082
381.722 9029
381.735 9223
381.749 9237
381.762 9238
381.776 9258
381.789 9353
381.803 9187
381.817 9288
381.830 9303
381.844 9433
381.857 9581
381.871 9662
381.884 9712
381.898 9745
381.911 9816
381.925 9785
381.939 9876
381.952 9965
381.966 9838
381.979 10079
381.993 10314
382.006 10351
382.020 10508
382.034 10461
382.047 10616
382.061 10547
382.074 10440
382.088 10517
382.101 10585
382.115 10581
382.128 10612
382.142 10886
382.156 11270
382.169 11248
382.183 11175
382.196 11246
382.210 11103
382.223 11346
382.237 11260
382.250 11334
382.264 11426
382.278 11487
382.291 11731
382.305 11876
382.318 12088
382.332 12046
382.345 11788
382.359 11703
382.372 11910
382.386 11869
382.399 11972
382.413 12025
382.427 12042
382.440 12190
382.454 12279
382.467 12291
382.481 12620
382.494 12948
382.508 12860
382.521 13171
382.535 13050
382.548 12917
382.562 13054
382.576 13080
382.589 13214
382.603 13235
382.616 13327
382.630 13466
382.643 13602
382.657 13866
382.670 13783
382.684 13849
382.697 13700
382.711 14042
382.724 14077
382.738 14044
382.752 14134
382.765 14202
382.779 14359
382.792 14418
382.806 14584
382.819 14665
382.833 14875
382.846 14902
382.860 14929
382.873 15199
382.887 15172
382.900 15311
382.914 15349
382.928 15491
382.941 15753
382.955 15945
382.968 15968
382.982 15944
382.995 16277
383.009 16272
383.022 16498
383.036 16396
383.049 16662
383.063 16659
383.076 16855
383.090 16888
383.103 16828
383.117 16876
383.130 16966
383.144 17210
383.158 17191
383.171 17451
383.185 17493
383.198 17786
383.212 17957
383.225 18073
383.239 18522
383.252 18664
383.266 18918
383.279 18950
383.293 18871
383.306 19033
383.320 19289
383.333 19801
383.347 19686
383.360 19616
383.374 19551
383.387 19617
383.401 19830
383.414 19786
383.428 19779
383.441 19678
383.455 19946
383.468 19588
383.482 19932
383.496 20394
383.509 20239
383.523 20405
383.536 20390
383.550 20241
383.563 20590
383.577 20646
383.590 20839
383.604 20771
383.617 20524
383.631 20363
383.644 20387
383.658 20561
383.671 20317
383.685 20517
383.698 20723
383.712 20861
383.725 20709
383.739 20591
383.752 20575
383.766 20439
383.779 20409
383.793 20523
383.806 20716
383.820 20751
383.833 20740
383.847 20899
383.860 21018
383.874 20876
383.887 20417
383.901 20581
383.914 20478
383.928 20894
383.941 20631
383.955 20395
383.968 20207
383.982 20134
383.995 20206
384.009 19916
384.022 20130
384.036 19831
384.049 19948
384.063 19877
384.076 20179
384.090 20336
384.103 20348
384.117 20474
384.130 19931
384.144 19551
384.157 19006
384.171 18973
384.184 18816
384.198 18663
384.211 18427
384.225 18349
384.238 18327
384.252 18330
384.265 18069
384.279 17747
384.292 17843
384.306 17475
384.319 17032
384.333 16485
384.346 16104
384.360 15836
384.373 15681
384.387 15525
384.400 15230
384.414 14934
384.427 14544
384.441 14437
384.454 14004
384.468 13801
384.481 13400
384.495 13165
384.508 12749
384.522 12554
384.535 12231
384.549 11781
384.562 11378
384.575 11115
384.589 11074
384.602 11130
384.616 10702
384.629 10379
384.643 10180
384.656 9826
384.670 9551
384.683 9130
384.697 8852
384.710 8612
384.724 8362
384.737 7997
384.751 7902
384.764 7740
384.778 7524
384.791 7245
384.805 7212
384.818 6916
384.832 6665
384.845 6450
384.859 6416
384.872 6188
384.885 5902
384.899 5862
384.912 5607
384.926 5520
384.939 5393
384.953 5232
384.966 5145
384.980 5007
384.993 4972
385.007 4795
385.020 4635
385.034 4632
385.047 4549
385.061 4300
385.074 4257
385.088 4175
385.101 4172
385.114 4021
385.128 4015
385.141 3958
385.155 3845
385.168 3896
385.182 3817
385.195 3801
385.209 3769
385.222 3657
385.236 3583
385.249 3563
385.263 3476
385.276 3346
385.290 3392
385.303 3328
385.316 3277
385.330 3202
385.343 3224
385.357 3160
385.370 3074
385.384 3001
385.397 2983
385.411 3010
385.424 2898
385.438 2993
385.451 2870
385.464 2901
385.478 2832
385.491 2896
385.505 2841
385.518 2840
385.532 2681
385.545 2764
385.559 2694
385.572 2672
385.586 2696
385.599 2657
385.612 2657
385.626 2650
385.639 2551
385.653 2568
385.666 2601
385.680 2576
385.693 2546
385.707 2557
385.720 2590
385.734 2546
385.747 2421
385.760 2404
385.774 2376
385.787 2392
385.801 2400
385.814 2334
385.828 2279
385.841 2292
385.855 2302
385.868 2248
385.881 2252
385.895 2265
385.908 2274
385.922 2199
385.935 2146
385.949 2207
385.962 2191
385.976 2101
385.989 2127
386.002 2176
386.016 2124
386.029 2146
386.043 2132
386.056 2084
386.070 2055
386.083 2100
386.097 2067
386.110 2060
386.123 2061
386.137 2062
386.150 2029
386.164 2011
386.177 2010
386.191 1998
386.204 1948
386.217 2006
386.231 1995
386.244 1974
386.258 1962
386.271 1946
386.285 1958
386.298 1987
386.311 1930
386.325 1954
386.338 1838
386.352 1880
386.365 1863
386.379 1885
386.392 1855
386.405 1816
386.419 1819
386.432 1826
386.446 1851
386.459 1825
386.473 1847
386.486 1814
386.499 1763
386.513 1759
386.526 1782
386.540 1752
386.553 1732
386.567 1752
386.580 1792
386.593 1781
386.607 1771
386.620 1810
386.634 1766
386.647 1738
386.661 1749
386.674 1679
386.687 1700
386.701 1702
386.714 1656
386.728 1655
386.741 1682
386.754 1696
386.768 1672
386.781 1658
386.795 1616
386.808 1601
386.822 1651
386.835 1590
386.848 1615
386.862 1593
386.875 1523
386.889 1534
386.902 1532
386.915 1512
386.929 1564
386.942 1561
386.956 1534
386.969 1548
386.983 1494
386.996 1543
387.009 1486
387.023 1484
387.036 1508
387.050 1478
387.063 1479
387.076 1470
387.090 1438
387.103 1434
387.117 1517
387.130 1455
387.143 1489
387.157 1509
387.170 1509
387.184 1438
387.197 1409
387.210 1465
387.224 1433
387.237 1417
387.251 1433
387.264 1412
387.278 1396
387.291 1409
387.304 1351
387.318 1410
387.331 1398
387.345 1386
387.358 1357
387.371 1332
387.385 1328
387.398 1311
387.412 1332
387.425 1312
387.438 1314
387.452 1317
387.465 1299
387.478 1298
387.492 1266
387.505 1237
387.519 1239
387.532 1282
387.545 1280
387.559 1285
387.572 1294
387.586 1286
387.599 1293
387.612 1244
387.626 1234
387.639 1291
387.653 1267
387.666 1210
387.679 1188
387.693 1206
387.706 1176
387.720 1171
387.733 1221
387.746 1184
387.760 1210
387.773 1196
387.787 1208
387.800 1195
387.813 1199
387.827 1184
387.840 1160
387.853 1177
387.867 1157
387.880 1151
387.894 1187
387.907 1172
387.920 1156
387.934 1138
387.947 1155
387.961 1164
387.974 1141
387.987 1116
388.001 1130
388.014 1125
388.027 1117
388.041 1100
388.054 1120
388.068 1129
388.081 1096
388.094 1089
388.108 1095
388.121 1088
388.134 1087
388.148 1104
388.161 1089
388.175 1048
388.188 1052
388.201 1054
388.215 1077
388.228 1034
388.241 1055
388.255 1033
388.268 1046
388.282 1049
388.295 1057
388.308 1055
388.322 1044
388.335 1065
388.348 1017
388.362 1028
388.375 1015
388.389 1071
388.402 1047
388.415 1017
388.429 1042
388.442 1037
388.455 1068
388.469 1059
388.482 1036
388.495 1043
388.509 1053
388.522 1059
388.536 1054
388.549 1041
388.562 1024
388.576 1049
388.589 1022
388.602 1036
388.616 1031
388.629 1019
388.642 1026
388.656 1003
388.669 987
388.683 998
388.696 1012
388.709 1010
388.723 1023
388.736 1010
388.749 1024
388.763 996
388.776 994
388.789 995
388.803 1021
388.816 990
388.829 1007
388.843 1000
388.856 1006
388.870 982
388.883 986
388.896 989
388.910 981
388.923 1006
388.936 991
388.950 1034
388.963 987
388.976 976
388.990 1010
389.003 981
389.016 1019
389.030 994
389.043 996
389.056 1000
389.070 1000
389.083 983
389.097 987
389.110 971
389.123 959
389.137 970
389.150 958
389.163 974
389.177 964
389.190 985
389.203 965
389.217 982
389.230 964
389.243 947
389.257 957
389.270 982
389.283 977
389.297 949
389.310 954
389.323 962
389.337 928
389.350 957
389.363 949
389.377 979
389.390 938
389.403 965
389.417 933
389.430 934
389.443 926
389.457 964
389.470 939
389.483 974
389.497 955
389.510 954
389.523 942
389.537 927
389.550 932
389.563 928
389.577 946
389.590 929
389.603 921
389.617 940
389.630 908
389.643 921
389.657 929
389.670 939
389.683 925
389.697 939
389.710 913
389.723 917
389.737 928
389.750 932
389.763 913
389.777 924
389.790 901
389.803 937
389.817 925
389.830 903
389.843 890
389.857 880
389.870 871
389.883 883
389.897 876
389.910 876
389.923 894
389.937 875
389.950 883
389.963 885
389.977 877
389.990 887
390.003 878
390.017 867
390.030 884
390.043 864
390.057 865
390.070 874
390.083 852
390.096 870
390.110 886
390.123 875
390.136 859
390.150 860
390.163 867
390.176 851
390.190 833
390.203 850
390.216 851
390.230 819
390.243 830
390.256 838
390.270 837
390.283 818
390.296 809
390.310 818
390.323 828
390.336 826
390.349 812
390.363 813
390.376 807
390.389 824
390.403 818
390.416 818
390.429 829
390.443 811
390.456 807
390.469 803
390.483 796
390.496 812
390.509 783
390.522 781
390.536 785
390.549 817
390.562 781
390.576 783
390.589 798
390.602 770
390.616 785
390.629 793
390.642 770
390.655 770
390.669 774
390.682 775
390.695 784
390.709 769
390.722 764
390.735 772
390.749 766
390.762 764
390.775 754
390.788 776
390.802 771
390.815 752
390.828 754
390.842 766
390.855 749
390.868 744
390.882 758
390.895 732
390.908 740
390.921 733
390.935 731
390.948 742
390.961 749
390.975 738
390.988 720
391.001 745
391.014 742
391.028 720
391.041 721
391.054 727
391.068 724
391.081 735
391.094 746
391.107 729
391.121 736
391.134 725
391.147 720
391.161 715
391.174 752
391.187 737
391.200 708
391.214 717
391.227 723
391.240 713
391.254 733
391.267 713
391.280 718
391.293 712
391.307 715
391.320 716
391.333 714
391.347 718
391.360 719
391.373 699
391.386 706
391.400 713
391.413 701
391.426 720
391.440 691
391.453 706
391.466 724
391.479 702
391.493 710
391.506 714
391.519 701
391.532 696
391.546 695
391.559 702
391.572 711
391.586 710
391.599 689
391.612 706
391.625 704
391.639 702
391.652 692
391.665 711
391.678 699
391.692 685
391.705 701
391.718 692
391.732 704
391.745 711
391.758 687
391.771 686
391.785 711
391.798 682
391.811 693
391.824 689
391.838 699
391.851 699
391.864 697
391.877 698
391.891 681
391.904 704
391.917 696
391.931 703
391.944 681
391.957 706
391.970 698
391.984 705
391.997 689
392.010 678
392.023 686
392.037 688
392.050 683
392.063 672
392.076 694
392.090 682
392.103 678
392.116 696
392.129 690
392.143 683
392.156 689
392.169 699
392.182 690
392.196 679
392.209 688
392.222 684
392.235 684
392.249 688
392.262 693
392.275 665
392.288 693
392.302 682
392.315 692
392.328 676
392.341 669
392.355 682
392.368 694
392.381 684
392.394 676
392.408 685
392.421 684
392.434 691
392.447 670
392.461 678
392.474 693
392.487 680
392.500 680
392.514 688
392.527 674
392.540 680
392.553 691
392.567 672
392.580 693
392.593 674
392.606 686
392.620 666
392.633 682
392.646 676
392.659 682
392.673 667
392.686 676
392.699 681
392.712 682
392.726 688
392.739 673
392.752 676
392.765 684
392.778 668
392.792 669
392.805 686
392.818 683
392.831 683
392.845 680
392.858 679
392.871 682
392.884 675
392.898 680
392.911 673
392.924 682
392.937 694
392.951 670
392.964 676
392.977 677
392.990 680
393.003 669
393.017 671
393.030 677
393.043 670
393.056 660
393.070 674
393.083 668
393.096 677
393.109 679
393.122 658
393.136 661
393.149 677
393.162 666
393.175 659
393.189 677
393.202 673
393.215 663
393.228 677
393.242 654
393.255 673
393.268 662
393.281 675
393.294 675
393.308 668
393.321 660
393.334 664
393.347 671
393.360 662
393.374 681
393.387 662
393.400 669
393.413 665
393.427 663
393.440 671
393.453 657
393.466 668
393.479 656
393.493 674
393.506 660
393.519 656
393.532 670
393.546 670
393.559 665
393.572 668
393.585 661
393.598 653
393.612 666
393.625 676
393.638 665
393.651 669
393.664 661
393.678 667
393.691 659
393.704 673
393.717 670
393.730 669
393.744 659
393.757 666
393.770 660
393.783 671
393.796 658
393.810 655
393.823 654
393.836 663
393.849 671
393.863 661
393.876 664
393.889 670
393.902 657
393.915 662
393.929 658
