375.891 795
375.905 804
375.919 810
375.933 805
375.946 820
375.960 821
375.974 800
375.987 824
376.001 825
376.015 837
376.029 832
376.042 826
376.056 851
376.070 824
376.084 833
376.097 838
376.111 844
376.125 847
376.139 870
376.152 880
376.166 861
376.180 864
376.193 855
376.207 887
376.221 861
376.235 874
376.248 874
376.262 868
376.276 876
376.290 885
376.303 889
376.317 888
376.331 908
376.345 880
376.358 895
376.372 891
376.386 893
376.399 912
376.413 935
376.427 923
376.441 931
376.454 944
376.468 910
376.482 933
376.495 926
376.509 941
376.523 967
376.537 967
376.550 976
376.564 978
376.578 966
376.592 961
376.605 977
376.619 960
376.633 962
376.646 981
376.660 983
376.674 980
376.688 997
376.701 1019
376.715 978
376.729 1005
376.742 998
376.756 1059
376.770 1037
376.784 1024
376.797 1023
376.811 1036
376.825 1049
376.838 1045
376.852 1042
376.866 1070
376.880 1075
376.893 1041
376.907 1060
376.921 1075
376.934 1065
376.948 1071
376.962 1113
376.976 1090
376.989 1089
377.003 1102
377.017 1113
377.030 1131
377.044 1157
377.058 1151
377.071 1136
377.085 1154
377.099 1138
377.113 1113
377.126 1161
377.140 1150
377.154 1172
377.167 1164
377.181 1191
377.195 1178
377.208 1157
377.222 1188
377.236 1170
377.250 1210
377.263 1199
377.277 1218
377.291 1243
377.304 1219
377.318 1229
377.332 1268
377.345 1254
377.359 1260
377.373 1224
377.387 1247
377.400 1280
377.414 1256
377.428 1258
377.441 1253
377.455 1266
377.469 1267
377.482 1261
377.496 1296
377.510 1317
377.524 1300
377.537 1320
377.551 1314
377.565 1323
377.578 1328
377.592 1323
377.606 1333
377.619 1328
377.633 1332
377.647 1309
377.660 1334
377.674 1359
377.688 1317
377.701 1340
377.715 1339
377.729 1364
377.743 1355
377.756 1352
377.770 1354
377.784 1364
377.797 1378
377.811 1375
377.825 1354
377.838 1406
377.852 1378
377.866 1417
377.879 1430
377.893 1434
377.907 1414
377.920 1404
377.934 1429
377.948 1409
377.961 1436
377.975 1426
377.989 1463
378.002 1447
378.016 1364
378.030 1439
378.044 1400
378.057 1426
378.071 1407
378.085 1425
378.098 1446
378.112 1465
378.126 1476
378.139 1467
378.153 1436
378.167 1439
378.180 1396
378.194 1479
378.208 1473
378.221 1459
378.235 1484
378.249 1456
378.262 1440
378.276 1507
378.290 1505
378.303 1465
378.317 1459
378.331 1497
378.344 1510
378.358 1530
378.372 1502
378.385 1510
378.399 1547
378.413 1539
378.426 1470
378.440 1524
378.454 1505
378.467 1548
378.481 1535
378.495 1539
378.508 1531
378.522 1557
378.536 1556
378.549 1554
378.563 1531
378.577 1545
378.590 1574
378.604 1596
378.618 1590
378.631 1611
378.645 1584
378.659 1574
378.672 1560
378.686 1616
378.700 1641
378.713 1646
378.727 1602
378.740 1626
378.754 1668
378.768 1661
378.781 1649
378.795 1679
378.809 1621
378.822 1681
378.836 1667
378.850 1630
378.863 1688
378.877 1688
378.891 1684
378.904 1689
378.918 1710
378.932 1715
378.945 1683
378.959 1692
378.973 1694
378.986 1703
379.000 1684
379.014 1692
379.027 1688
379.041 1727
379.054 1707
379.068 1692
379.082 1696
379.095 1747
379.109 1750
379.123 1727
379.136 1774
379.150 1762
379.164 1812
379.177 1781
379.191 1747
379.205 1835
379.218 1776
379.232 1818
379.245 1802
379.259 1831
379.273 1831
379.286 1827
379.300 1886
379.314 1859
379.327 1849
379.341 1870
379.355 1886
379.368 1870
379.382 1906
379.396 1909
379.409 1906
379.423 1967
379.436 1904
379.450 1964
379.464 1993
379.477 1990
379.491 2002
379.505 1994
379.518 2016
379.532 2038
379.546 2079
379.559 2081
379.573 2118
379.586 2071
379.600 2124
379.614 2144
379.627 2140
379.641 2177
379.655 2166
379.668 2165
379.682 2179
379.695 2202
379.709 2272
379.723 2246
379.736 2351
379.750 2372
379.764 2378
379.777 2435
379.791 2487
379.804 2502
379.818 2449
379.832 2460
379.845 2488
379.859 2486
379.873 2473
379.886 2442
379.900 2495
379.913 2657
379.927 2600
379.941 2647
379.954 2736
379.968 2775
379.982 2756
379.995 2742
380.009 2760
380.022 2805
380.036 2836
380.050 2862
380.063 2906
380.077 2999
380.090 3114
380.104 3127
380.118 3106
380.131 3170
380.145 3203
380.159 3202
380.172 3269
380.186 3331
380.199 3382
380.213 3442
380.227 3472
380.240 3505
380.254 3527
380.267 3466
380.281 3598
380.295 3560
380.308 3703
380.322 3758
380.336 3769
380.349 3838
380.363 3917
380.376 3872
380.390 3986
380.404 4044
380.417 4129
380.431 4067
380.444 4105
380.458 4135
380.472 4240
380.485 4282
380.499 4372
380.512 4447
380.526 4492
380.540 4546
380.553 4587
380.567 4555
380.580 4660
380.594 4745
380.608 4860
380.621 5047
380.635 5052
380.648 5069
380.662 5132
380.676 5207
380.689 5270
380.703 5225
380.716 5341
380.730 5438
380.744 5538
380.757 5669
380.771 5768
380.784 5824
380.798 5845
380.812 5945
380.825 5949
380.839 6057
380.852 6232
380.866 6404
380.880 6378
380.893 6326
380.907 6351
380.920 6530
380.934 6633
380.948 6643
380.961 6679
380.975 6892
380.988 6963
381.002 6864
381.015 6751
381.029 6968
381.043 7213
381.056 7131
381.070 7249
381.083 7219
381.097 7359
381.111 7407
381.124 7573
381.138 7653
381.151 7823
381.165 7694
381.179 7874
381.192 7865
381.206 7828
381.219 7926
381.233 7930
381.246 8069
381.260 8148
381.274 8170
381.287 8294
381.301 8301
381.314 8297
381.328 8436
381.341 8464
381.355 8651
381.369 8673
381.382 8713
381.396 8752
381.409 9009
381.423 9136
381.437 9078
381.450 9165
381.464 9301
381.477 9499
381.491 9624
381.504 9518
381.518 9526
381.532 9652
381.545 9840
381.559 10117
381.572 10175
381.586 9961
381.599 10145
381.613 10194
381.627 10248
381.640 10400
381.654 10350
381.667 10337
381.681 10548
381.694 10460
381.708 10293
381.722 10334
381.735 10407
381.749 10480
381.762 10545
381.776 10659
381.789 10658
381.803 10704
381.817 10594
381.830 10674
381.844 10838
381.857 10991
381.871 11090
381.884 11045
381.898 11150
381.911 11163
381.925 11282
381.939 11370
381.952 11422
381.966 11306
381.979 11429
381.993 11706
382.006 11871
382.020 12189
382.034 12061
382.047 11966
382.061 12021
382.074 12131
382.088 12164
382.101 12005
382.115 12140
382.128 12287
382.142 12575
382.156 12835
382.169 13029
382.183 12976
382.196 12781
382.210 12849
382.223 12960
382.237 13022
382.250 12981
382.264 13281
382.278 13392
382.291 13465
382.305 13698
382.318 13780
382.332 13893
382.345 13754
382.359 13542
382.372 13691
382.386 13746
382.399 13793
382.413 13779
382.427 13915
382.440 14109
382.454 14214
382.467 14332
382.481 14522
382.494 14830
382.508 15264
382.521 15241
382.535 15292
382.548 15013
382.562 15180
382.576 15344
382.589 15290
382.603 15502
382.616 15512
382.630 15698
382.643 15914
382.657 15913
382.670 16285
382.684 16129
382.697 16042
382.711 16156
382.724 16365
382.738 16370
382.752 16514
382.765 16672
382.779 16854
382.792 16791
382.806 16918
382.819 17074
382.833 17165
382.846 17473
382.860 17514
382.873 17434
382.887 17810
382.900 17938
382.914 18056
382.928 18252
382.941 18584
382.955 18600
382.968 18790
382.982 18943
382.995 18884
383.009 19281
383.022 19079
383.036 19102
383.049 19406
383.063 19565
383.076 19834
383.090 19607
383.103 19954
383.117 19937
383.130 20044
383.144 20097
383.158 20105
383.171 20422
383.185 20461
383.198 20712
383.212 21005
383.225 21256
383.239 21522
383.252 22034
383.266 22090
383.279 21932
383.293 22111
383.306 22241
383.320 22272
383.333 22889
383.347 23132
383.360 23019
383.374 22941
383.387 23001
383.401 23292
383.414 23117
383.428 23280
383.441 23150
383.455 23392
383.468 23221
383.482 23476
383.496 23895
383.509 23974
383.523 23997
383.536 23925
383.550 23878
383.563 24106
383.577 24370
383.590 24613
383.604 24418
383.617 24278
383.631 24041
383.644 24260
383.658 23950
383.671 24212
383.685 24370
383.698 24188
383.712 24519
383.725 24546
383.739 24366
383.752 24239
383.766 24311
383.779 24233
383.793 24180
383.806 24269
383.820 24732
383.833 24864
383.847 24582
383.860 24865
383.874 24623
383.887 24232
383.901 24210
383.914 24454
383.928 24431
383.941 24463
383.955 24103
383.968 23811
383.982 23652
383.995 23666
384.009 23343
384.022 23403
384.036 23330
384.049 23275
384.063 23194
384.076 23481
384.090 23666
384.103 24000
384.117 23956
384.130 23232
384.144 22727
384.157 22339
384.171 21877
384.184 21808
384.198 21664
384.211 21234
384.225 21188
384.238 21364
384.252 21366
384.265 21005
384.279 20572
384.292 20308
384.306 20060
384.319 19714
384.333 19180
384.346 18489
384.360 18531
384.373 18015
384.387 17632
384.400 17371
384.414 16955
384.427 16729
384.441 16251
384.454 15797
384.468 15343
384.481 15091
384.495 14663
384.508 14275
384.522 13971
384.535 13486
384.549 13121
384.562 12707
384.575 12416
384.589 12213
384.602 11996
384.616 11823
384.629 11398
384.643 11077
384.656 10820
384.670 10403
384.683 10062
384.697 9713
384.710 9464
384.724 9151
384.737 8854
384.751 8620
384.764 8363
384.778 8081
384.791 8009
384.805 7813
384.818 7624
384.832 7346
384.845 7355
384.859 7030
384.872 6823
384.885 6734
384.899 6466
384.912 6304
384.926 6255
384.939 6022
384.953 5956
384.966 5819
384.980 5623
384.993 5698
385.007 5535
385.020 5418
385.034 5426
385.047 5184
385.061 5093
385.074 5078
385.088 4984
385.101 4893
385.114 4831
385.128 4769
385.141 4685
385.155 4567
385.168 4666
385.182 4530
385.195 4485
385.209 4530
385.222 4315
385.236 4273
385.249 4172
385.263 4015
385.276 3961
385.290 4055
385.303 3905
385.316 3939
385.330 3884
385.343 3767
385.357 3746
385.370 3634
385.384 3547
385.397 3554
385.411 3470
385.424 3455
385.438 3404
385.451 3401
385.464 3398
385.478 3385
385.491 3327
385.505 3328
385.518 3346
385.532 3262
385.545 3153
385.559 3116
385.572 3051
385.586 3095
385.599 3035
385.612 3142
385.626 3003
385.639 3042
385.653 2992
385.666 3028
385.680 3099
385.693 2997
385.707 2927
385.720 2944
385.734 2896
385.747 2839
385.760 2786
385.774 2740
385.787 2786
385.801 2688
385.814 2706
385.828 2631
385.841 2636
385.855 2630
385.868 2646
385.881 2606
385.895 2587
385.908 2567
385.922 2557
385.935 2556
385.949 2505
385.962 2529
385.976 2445
385.989 2482
386.002 2469
386.016 2454
386.029 2445
386.043 2430
386.056 2438
386.070 2390
386.083 2345
386.097 2342
386.110 2335
386.123 2378
386.137 2311
386.150 2364
386.164 2303
386.177 2297
386.191 2295
386.204 2294
386.217 2176
386.231 2272
386.244 2244
386.258 2262
386.271 2216
386.285 2232
386.298 2208
386.311 2246
386.325 2156
386.338 2135
386.352 2157
386.365 2123
386.379 2151
386.392 2130
386.405 2123
386.419 2065
386.432 2021
386.446 2118
386.459 2025
386.473 2038
386.486 2052
386.499 2030
386.513 2006
386.526 2001
386.540 1968
386.553 1957
386.567 1972
386.580 1986
386.593 2005
386.607 2035
386.620 1972
386.634 2012
386.647 1952
386.661 1934
386.674 1939
386.687 1935
386.701 1909
386.714 1918
386.728 1862
386.741 1871
386.754 1869
386.768 1889
386.781 1871
386.795 1823
386.808 1830
386.822 1764
386.835 1840
386.848 1789
386.862 1773
386.875 1734
386.889 1749
386.902 1787
386.915 1768
386.929 1741
386.942 1719
386.956 1750
386.969 1709
386.983 1701
386.996 1693
387.009 1706
387.023 1652
387.036 1683
387.050 1631
387.063 1641
387.076 1650
387.090 1666
387.103 1651
387.117 1660
387.130 1625
387.143 1676
387.157 1657
387.170 1645
387.184 1622
387.197 1600
387.210 1566
387.224 1548
387.237 1594
387.251 1566
387.264 1553
387.278 1526
387.291 1589
387.304 1577
387.318 1548
387.331 1534
387.345 1563
387.358 1539
387.371 1483
387.385 1480
387.398 1486
387.412 1482
387.425 1454
387.438 1436
387.452 1441
387.465 1408
387.478 1441
387.492 1378
387.505 1382
387.519 1464
387.532 1436
387.545 1435
387.559 1427
387.572 1422
387.586 1429
387.599 1427
387.612 1394
387.626 1395
387.639 1372
387.653 1394
387.666 1343
387.679 1325
387.693 1337
387.706 1341
387.720 1325
387.733 1338
387.746 1332
387.760 1353
387.773 1309
387.787 1337
387.800 1303
387.813 1298
387.827 1312
387.840 1275
387.853 1243
387.867 1278
387.880 1313
387.894 1282
387.907 1288
387.920 1296
387.934 1225
387.947 1253
387.961 1245
387.974 1217
387.987 1185
388.001 1236
388.014 1208
388.027 1217
388.041 1212
388.054 1209
388.068 1201
388.081 1208
388.094 1143
388.108 1189
388.121 1222
388.134 1181
388.148 1171
388.161 1184
388.175 1147
388.188 1135
388.201 1148
388.215 1179
388.228 1169
388.241 1155
388.255 1150
388.268 1160
388.282 1126
388.295 1118
388.308 1117
388.322 1143
388.335 1162
388.348 1138
388.362 1139
388.375 1122
388.389 1130
388.402 1103
388.415 1101
388.429 1141
388.442 1149
388.455 1132
388.469 1129
388.482 1124
388.495 1138
388.509 1130
388.522 1127
388.536 1110
388.549 1114
388.562 1128
388.576 1105
388.589 1121
388.602 1130
388.616 1109
388.629 1090
388.642 1093
388.656 1094
388.669 1119
388.683 1099
388.696 1104
388.709 1110
388.723 1102
388.736 1092
388.749 1102
388.763 1076
388.776 1092
388.789 1088
388.803 1050
388.816 1106
388.829 1081
388.843 1096
388.856 1067
388.870 1069
388.883 1044
388.896 1036
388.910 1078
388.923 1070
388.936 1079
388.950 1103
388.963 1100
388.976 1062
388.990 1077
389.003 1067
389.016 1053
389.030 1062
389.043 1052
389.056 1104
389.070 1029
389.083 1069
389.097 1022
389.110 1057
389.123 1026
389.137 1059
389.150 1049
389.163 1061
389.177 1033
389.190 1035
389.203 1015
389.217 1042
389.230 1056
389.243 1048
389.257 1021
389.270 1034
389.283 1012
389.297 1027
389.310 1029
389.323 1011
389.337 1011
389.350 1022
389.363 1023
389.377 1033
389.390 1041
389.403 1020
389.417 997
389.430 1033
389.443 1019
389.457 999
389.470 1018
389.483 1001
389.497 1012
389.510 1025
389.523 1005
389.537 1020
389.550 1027
389.563 979
389.577 979
389.590 975
389.603 993
389.617 998
389.630 986
389.643 985
389.657 1006
389.670 998
389.683 980
389.697 997
389.710 971
389.723 971
389.737 987
389.750 994
389.763 951
389.777 988
389.790 996
389.803 976
389.817 991
389.830 959
389.843 929
389.857 969
389.870 944
389.883 950
389.897 941
389.910 949
389.923 934
389.937 931
389.950 972
389.963 944
389.977 945
389.990 952
390.003 920
390.017 970
390.030 945
390.043 919
390.057 923
390.070 904
390.083 897
390.096 915
390.110 922
390.123 922
390.136 919
390.150 898
390.163 885
390.176 884
390.190 910
390.203 888
390.216 899
390.230 869
390.243 891
390.256 867
390.270 860
390.283 871
390.296 864
390.310 861
390.323 882
390.336 843
390.349 845
390.363 871
390.376 875
390.389 856
390.403 846
390.416 862
390.429 842
390.443 845
390.456 824
390.469 845
390.483 850
390.496 849
390.509 820
390.522 820
390.536 826
390.549 839
390.562 787
390.576 819
390.589 818
390.602 806
390.616 807
390.629 813
390.642 820
390.655 803
390.669 799
390.682 812
390.695 807
390.709 800
390.722 802
390.735 789
390.749 791
390.762 783
390.775 789
390.788 790
390.802 794
390.815 764
390.828 758
390.842 786
390.855 767
390.868 781
390.882 786
390.895 768
390.908 767
390.921 773
390.935 772
390.948 754
390.961 766
390.975 763
390.988 770
391.001 751
391.014 759
391.028 742
391.041 756
391.054 753
391.068 746
391.081 750
391.094 760
391.107 768
391.121 746
391.134 757
391.147 727
391.161 740
391.174 736
391.187 749
391.200 742
391.214 741
391.227 738
391.240 741
391.254 718
391.267 751
391.280 731
391.293 704
391.307 727
391.320 736
391.333 733
391.347 736
391.360 724
391.373 723
391.386 728
391.400 723
391.413 717
391.426 724
391.440 715
391.453 732
391.466 708
391.479 722
391.493 728
391.506 722
391.519 699
391.532 721
391.546 714
391.559 717
391.572 715
391.586 705
391.599 722
391.612 717
391.625 706
391.639 705
391.652 703
391.665 718
391.678 719
391.692 726
391.705 710
391.718 718
391.732 710
391.745 706
391.758 719
391.771 695
391.785 698
391.798 705
391.811 695
391.824 719
391.838 707
391.851 708
391.864 713
391.877 702
391.891 696
391.904 703
391.917 710
391.931 718
391.944 697
391.957 716
391.970 706
391.984 700
391.997 708
392.010 703
392.023 700
392.037 706
392.050 706
392.063 699
392.076 700
392.090 698
392.103 710
392.116 704
392.129 714
392.143 706
392.156 688
392.169 701
392.182 695
392.196 689
392.209 691
392.222 696
392.235 704
392.249 698
392.262 700
392.275 710
392.288 701
392.302 698
392.315 691
392.328 693
392.341 678
392.355 694
392.368 690
392.381 687
392.394 693
392.408 700
392.421 704
392.434 711
392.447 698
392.461 691
392.474 698
392.487 696
392.500 682
392.514 693
392.527 684
392.540 682
392.553 699
392.567 688
392.580 693
392.593 682
392.606 698
392.620 691
392.633 688
392.646 685
392.659 693
392.673 681
392.686 698
392.699 687
392.712 686
392.726 693
392.739 681
392.752 691
392.765 692
392.778 684
392.792 682
392.805 684
392.818 675
392.831 688
392.845 686
392.858 687
392.871 682
392.884 671
392.898 708
392.911 678
392.924 683
392.937 676
392.951 689
392.964 684
392.977 689
392.990 670
393.003 691
393.017 664
393.030 686
393.043 688
393.056 684
393.070 684
393.083 685
393.096 681
393.109 686
393.122 682
393.136 678
393.149 675
393.162 678
393.175 678
393.189 681
393.202 671
393.215 676
393.228 680
393.242 681
393.255 679
393.268 678
393.281 667
393.294 683
393.308 682
393.321 674
393.334 670
393.347 671
393.360 681
393.374 673
393.387 682
393.400 659
393.413 674
393.427 675
393.440 672
393.453 685
393.466 680
393.479 678
393.493 668
393.506 684
393.519 675
393.532 680
393.546 667
393.559 670
393.572 672
393.585 661
393.598 669
393.612 656
393.625 674
393.638 677
393.651 659
393.664 676
393.678 676
393.691 688
393.704 670
393.717 663
393.730 678
393.744 680
393.757 667
393.770 662
393.783 663
393.796 674
393.810 657
393.823 654
393.836 680
393.849 667
393.863 667
393.876 663
393.889 675
393.902 672
393.915 671
393.929 665
