375.891 841
375.905 834
375.919 835
375.933 827
375.946 831
375.960 834
375.974 829
375.987 832
376.001 846
376.015 845
376.029 834
376.042 863
376.056 863
376.070 872
376.084 845
376.097 868
376.111 877
376.125 873
376.139 870
376.152 882
376.166 899
376.180 874
376.193 914
376.207 898
376.221 908
376.235 910
376.248 886
376.262 897
376.276 904
376.290 902
376.303 922
376.317 900
376.331 925
376.345 933
376.358 914
376.372 935
376.386 926
376.399 969
376.413 960
376.427 968
376.441 961
376.454 950
376.468 971
376.482 980
376.495 960
376.509 977
376.523 978
376.537 1023
376.550 1009
376.564 1026
376.578 1006
376.592 1007
376.605 1023
376.619 1014
376.633 1027
376.646 1006
376.660 1015
376.674 1013
376.688 1021
376.701 1027
376.715 1043
376.729 1051
376.742 1042
376.756 1072
376.770 1062
376.784 1078
376.797 1072
376.811 1049
376.825 1063
376.838 1082
376.852 1082
376.866 1091
376.880 1122
376.893 1091
376.907 1092
376.921 1094
376.934 1119
376.948 1106
376.962 1116
376.976 1129
376.989 1152
377.003 1171
377.017 1165
377.030 1188
377.044 1169
377.058 1164
377.071 1175
377.085 1185
377.099 1200
377.113 1200
377.126 1191
377.140 1216
377.154 1184
377.167 1248
377.181 1202
377.195 1235
377.208 1243
377.222 1263
377.236 1258
377.250 1236
377.263 1287
377.277 1287
377.291 1256
377.304 1306
377.318 1327
377.332 1317
377.345 1340
377.359 1279
377.373 1318
377.387 1318
377.400 1346
377.414 1333
377.428 1316
377.441 1323
377.455 1296
377.469 1314
377.482 1319
377.496 1385
377.510 1379
377.524 1374
377.537 1376
377.551 1386
377.565 1368
377.578 1378
377.592 1382
377.606 1357
377.619 1343
377.633 1374
377.647 1386
377.660 1374
377.674 1413
377.688 1395
377.701 1396
377.715 1409
377.729 1426
377.743 1440
377.756 1457
377.770 1410
377.784 1423
377.797 1436
377.811 1471
377.825 1468
377.838 1478
377.852 1458
377.866 1485
377.879 1524
377.893 1479
377.907 1471
377.920 1484
377.934 1491
377.948 1494
377.961 1488
377.975 1514
377.989 1504
378.002 1502
378.016 1482
378.030 1468
378.044 1527
378.057 1488
378.071 1510
378.085 1532
378.098 1522
378.112 1524
378.126 1518
378.139 1525
378.153 1526
378.167 1518
378.180 1516
378.194 1544
378.208 1524
378.221 1527
378.235 1584
378.249 1599
378.262 1586
378.276 1588
378.290 1570
378.303 1604
378.317 1566
378.331 1596
378.344 1563
378.358 1576
378.372 1541
378.385 1615
378.399 1609
378.413 1616
378.426 1614
378.440 1615
378.454 1572
378.467 1639
378.481 1660
378.495 1620
378.508 1668
378.522 1609
378.536 1637
378.549 1614
378.563 1653
378.577 1615
378.590 1666
378.604 1636
378.618 1706
378.631 1655
378.645 1665
378.659 1694
378.672 1668
378.686 1742
378.700 1772
378.713 1771
378.727 1765
378.740 1756
378.754 1786
378.768 1852
378.781 1807
378.795 1814
378.809 1806
378.822 1808
378.836 1792
378.850 1763
378.863 1760
378.877 1775
378.891 1787
378.904 1789
378.918 1807
378.932 1813
378.945 1831
378.959 1784
378.973 1783
378.986 1828
379.000 1796
379.014 1824
379.027 1856
379.041 1825
379.054 1868
379.068 1883
379.082 1841
379.095 1874
379.109 1847
379.123 1890
379.136 1843
379.150 1874
379.164 1870
379.177 1899
379.191 1936
379.205 1895
379.218 1960
379.232 1938
379.245 2026
379.259 1947
379.273 1951
379.286 1993
379.300 2024
379.314 1958
379.327 2042
379.341 1998
379.355 2067
379.368 2042
379.382 2081
379.396 2060
379.409 2085
379.423 2132
379.436 2108
379.450 2084
379.464 2142
379.477 2181
379.491 2137
379.505 2148
379.518 2230
379.532 2240
379.546 2230
379.559 2291
379.573 2266
379.586 2254
379.600 2317
379.614 2348
379.627 2385
379.641 2407
379.655 2392
379.668 2373
379.682 2358
379.695 2431
379.709 2456
379.723 2466
379.736 2541
379.750 2656
379.764 2690
379.777 2689
379.791 2752
379.804 2731
379.818 2746
379.832 2740
379.845 2707
379.859 2676
379.873 2715
379.886 2766
379.900 2784
379.913 2834
379.927 2918
379.941 2857
379.954 2928
379.968 3003
379.982 2937
379.995 3085
380.009 3058
380.022 3145
380.036 3147
380.050 3253
380.063 3204
380.077 3396
380.090 3464
380.104 3473
380.118 3521
380.131 3562
380.145 3586
380.159 3646
380.172 3654
380.186 3709
380.199 3779
380.213 3927
380.227 3936
380.240 4033
380.254 3936
380.267 3907
380.281 4013
380.295 4085
380.308 4077
380.322 4156
380.336 4230
380.349 4275
380.363 4327
380.376 4379
380.390 4367
380.404 4534
380.417 4530
380.431 4617
380.444 4654
380.458 4677
380.472 4741
380.485 4824
380.499 4934
380.512 4976
380.526 4981
380.540 5079
380.553 5062
380.567 5162
380.580 5246
380.594 5381
380.608 5594
380.621 5751
380.635 5806
380.648 5832
380.662 5726
380.676 5902
380.689 5939
380.703 5992
380.716 6096
380.730 6204
380.744 6326
380.757 6371
380.771 6601
380.784 6542
380.798 6691
380.812 6728
380.825 6777
380.839 6955
380.852 7197
380.866 7215
380.880 7437
380.893 7241
380.907 7157
380.920 7319
380.934 7480
380.948 7522
380.961 7523
380.975 7624
380.988 7799
381.002 7791
381.015 7932
381.029 7867
381.043 8094
381.056 8243
381.070 8030
381.083 8260
381.097 8342
381.111 8561
381.124 8570
381.138 8722
381.151 8819
381.165 8864
381.179 8898
381.192 8805
381.206 8869
381.219 8921
381.233 9181
381.246 9050
381.260 9256
381.274 9307
381.287 9348
381.301 9341
381.314 9479
381.328 9596
381.341 9686
381.355 9825
381.369 9859
381.382 9926
381.396 9990
381.409 10228
381.423 10304
381.437 10514
381.450 10312
381.464 10569
381.477 10657
381.491 10826
381.504 10761
381.518 10912
381.532 10871
381.545 11210
381.559 11569
381.572 11479
381.586 11493
381.599 11517
381.613 11461
381.627 11879
381.640 11823
381.654 11859
381.667 12005
381.681 12077
381.694 11910
381.708 11863
381.722 11705
381.735 11790
381.749 11822
381.762 11858
381.776 11993
381.789 12132
381.803 12102
381.817 12074
381.830 12325
381.844 12474
381.857 12418
381.871 12608
381.884 12844
381.898 12642
381.911 12743
381.925 12839
381.939 12885
381.952 13013
381.966 12945
381.979 13234
381.993 13458
382.006 13651
382.020 13617
382.034 13782
382.047 13663
382.061 13821
382.074 13683
382.088 13664
382.101 13762
382.115 13753
382.128 13831
382.142 14501
382.156 14946
382.169 14903
382.183 14800
382.196 14788
382.210 14684
382.223 14762
382.237 14969
382.250 14982
382.264 15091
382.278 15162
382.291 15337
382.305 15697
382.318 15818
382.332 15970
382.345 15330
382.359 15359
382.372 15262
382.386 15373
382.399 15460
382.413 15555
382.427 15585
382.440 15772
382.454 15982
382.467 16014
382.481 16454
382.494 16864
382.508 16977
382.521 17162
382.535 16957
382.548 17035
382.562 16948
382.576 16966
382.589 17228
382.603 17168
382.616 17337
382.630 17424
382.643 17535
382.657 17978
382.670 18042
382.684 18033
382.697 17886
382.711 17993
382.724 18264
382.738 18299
382.752 18507
382.765 18564
382.779 18651
382.792 18944
382.806 19149
382.819 19075
382.833 19314
382.846 19096
382.860 19532
382.873 19632
382.887 19651
382.900 20064
382.914 20240
382.928 20217
382.941 20400
382.955 20660
382.968 20735
382.982 21011
382.995 21082
383.009 21193
383.022 21266
383.036 21390
383.049 21626
383.063 21553
383.076 21835
383.090 21867
383.103 21973
383.117 22206
383.130 22215
383.144 22247
383.158 22548
383.171 22529
383.185 22718
383.198 23108
383.212 23094
383.225 23573
383.239 23896
383.252 23955
383.266 23962
383.279 24184
383.293 24510
383.306 24284
383.320 24612
383.333 25229
383.347 25436
383.360 25317
383.374 25306
383.387 25475
383.401 25544
383.414 25380
383.428 25510
383.441 25376
383.455 25527
383.468 25541
383.482 25739
383.496 26401
383.509 26709
383.523 26324
383.536 26459
383.550 26446
383.563 26558
383.577 26877
383.590 27044
383.604 27223
383.617 26689
383.631 26681
383.644 26339
383.658 26281
383.671 26438
383.685 26441
383.698 26638
383.712 26822
383.725 26782
383.739 26608
383.752 26519
383.766 26296
383.779 26365
383.793 26436
383.806 26700
383.820 27221
383.833 26988
383.847 27029
383.860 27069
383.874 27086
383.887 26503
383.901 26484
383.914 26646
383.928 26700
383.941 26730
383.955 26023
383.968 25965
383.982 25844
383.995 25901
384.009 25527
384.022 25569
384.036 25312
384.049 25291
384.063 25580
384.076 25613
384.090 25875
384.103 26046
384.117 26137
384.130 25454
384.144 24687
384.157 24605
384.171 24146
384.184 23842
384.198 23742
384.211 23337
384.225 23274
384.238 23436
384.252 23348
384.265 22849
384.279 22737
384.292 22272
384.306 22217
384.319 21634
384.333 21228
384.346 20587
384.360 20245
384.373 19899
384.387 19428
384.400 19212
384.414 18741
384.427 18372
384.441 18061
384.454 17626
384.468 17076
384.481 16774
384.495 16377
384.508 15881
384.522 15446
384.535 15001
384.549 14714
384.562 14429
384.575 13719
384.589 13592
384.602 13487
384.616 13198
384.629 12815
384.643 12486
384.656 11993
384.670 11593
384.683 11073
384.697 10803
384.710 10450
384.724 10147
384.737 9778
384.751 9360
384.764 9075
384.778 8956
384.791 8810
384.805 8510
384.818 8195
384.832 7968
384.845 7809
384.859 7615
384.872 7421
384.885 7124
384.899 6919
384.912 6786
384.926 6593
384.939 6438
384.953 6325
384.966 6114
384.980 6041
384.993 5888
385.007 5779
385.020 5751
385.034 5600
385.047 5508
385.061 5357
385.074 5305
385.088 5082
385.101 5129
385.114 5034
385.128 4960
385.141 4822
385.155 4833
385.168 4800
385.182 4826
385.195 4674
385.209 4674
385.222 4522
385.236 4447
385.249 4438
385.263 4233
385.276 4167
385.290 4145
385.303 4030
385.316 4027
385.330 3957
385.343 3997
385.357 3930
385.370 3864
385.384 3758
385.397 3670
385.411 3722
385.424 3643
385.438 3613
385.451 3565
385.464 3639
385.478 3580
385.491 3556
385.505 3477
385.518 3446
385.532 3460
385.545 3353
385.559 3291
385.572 3282
385.586 3273
385.599 3285
385.612 3214
385.626 3252
385.639 3177
385.653 3241
385.666 3213
385.680 3264
385.693 3131
385.707 3142
385.720 3094
385.734 3010
385.747 3021
385.760 2949
385.774 3005
385.787 2944
385.801 2898
385.814 2873
385.828 2789
385.841 2739
385.855 2754
385.868 2784
385.881 2734
385.895 2770
385.908 2697
385.922 2712
385.935 2679
385.949 2651
385.962 2593
385.976 2629
385.989 2619
386.002 2594
386.016 2619
386.029 2570
386.043 2581
386.056 2488
386.070 2488
386.083 2521
386.097 2521
386.110 2484
386.123 2497
386.137 2486
386.150 2482
386.164 2471
386.177 2385
386.191 2428
386.204 2434
386.217 2342
386.231 2351
386.244 2377
386.258 2360
386.271 2407
386.285 2330
386.298 2307
386.311 2320
386.325 2282
386.338 2240
386.352 2245
386.365 2201
386.379 2213
386.392 2217
386.405 2173
386.419 2154
386.432 2145
386.446 2165
386.459 2130
386.473 2222
386.486 2141
386.499 2131
386.513 2173
386.526 2055
386.540 2083
386.553 2100
386.567 2108
386.580 2134
386.593 2068
386.607 2129
386.620 2151
386.634 2094
386.647 2080
386.661 2016
386.674 2031
386.687 1991
386.701 1984
386.714 1999
386.728 1965
386.741 1988
386.754 2014
386.768 1972
386.781 1873
386.795 1884
386.808 1884
386.822 1871
386.835 1897
386.848 1854
386.862 1926
386.875 1869
386.889 1845
386.902 1805
386.915 1813
386.929 1817
386.942 1815
386.956 1827
386.969 1780
386.983 1796
386.996 1757
387.009 1773
387.023 1777
387.036 1776
387.050 1773
387.063 1704
387.076 1710
387.090 1774
387.103 1708
387.117 1690
387.130 1721
387.143 1749
387.157 1716
387.170 1717
387.184 1690
387.197 1681
387.210 1671
387.224 1646
387.237 1666
387.251 1626
387.264 1598
387.278 1608
387.291 1601
387.304 1614
387.318 1588
387.331 1561
387.345 1587
387.358 1594
387.371 1590
387.385 1542
387.398 1566
387.412 1508
387.425 1545
387.438 1503
387.452 1524
387.465 1468
387.478 1471
387.492 1494
387.505 1409
387.519 1442
387.532 1516
387.545 1486
387.559 1470
387.572 1500
387.586 1433
387.599 1430
387.612 1490
387.626 1423
387.639 1468
387.653 1433
387.666 1394
387.679 1374
387.693 1374
387.706 1374
387.720 1411
387.733 1399
387.746 1406
387.760 1405
387.773 1379
387.787 1391
387.800 1383
387.813 1340
387.827 1339
387.840 1318
387.853 1325
387.867 1353
387.880 1346
387.894 1349
387.907 1352
387.920 1344
387.934 1292
387.947 1294
387.961 1276
387.974 1310
387.987 1273
388.001 1278
388.014 1286
388.027 1280
388.041 1244
388.054 1242
388.068 1230
388.081 1250
388.094 1271
388.108 1262
388.121 1223
388.134 1232
388.148 1235
388.161 1208
388.175 1202
388.188 1212
388.201 1195
388.215 1195
388.228 1186
388.241 1180
388.255 1196
388.268 1203
388.282 1196
388.295 1161
388.308 1193
388.322 1186
388.335 1194
388.348 1185
388.362 1184
388.375 1154
388.389 1177
388.402 1171
388.415 1175
388.429 1198
388.442 1172
388.455 1178
388.469 1162
388.482 1162
388.495 1178
388.509 1184
388.522 1201
388.536 1194
388.549 1146
388.562 1124
388.576 1110
388.589 1156
388.602 1130
388.616 1127
388.629 1121
388.642 1150
388.656 1136
388.669 1140
388.683 1134
388.696 1179
388.709 1131
388.723 1150
388.736 1154
388.749 1135
388.763 1106
388.776 1116
388.789 1125
388.803 1100
388.816 1124
388.829 1131
388.843 1143
388.856 1100
388.870 1139
388.883 1095
388.896 1124
388.910 1115
388.923 1114
388.936 1152
388.950 1152
388.963 1118
388.976 1100
388.990 1136
389.003 1110
389.016 1096
389.030 1102
389.043 1102
389.056 1105
389.070 1109
389.083 1076
389.097 1094
389.110 1086
389.123 1105
389.137 1091
389.150 1095
389.163 1088
389.177 1099
389.190 1069
389.203 1071
389.217 1095
389.230 1051
389.243 1047
389.257 1044
389.270 1104
389.283 1054
389.297 1080
389.310 1030
389.323 1050
389.337 1058
389.350 1064
389.363 1038
389.377 1026
389.390 1033
389.403 1036
389.417 1044
389.430 1056
389.443 1024
389.457 1051
389.470 1055
389.483 1052
389.497 1050
389.510 1052
389.523 1051
389.537 1060
389.550 1049
389.563 1045
389.577 1029
389.590 987
389.603 1008
389.617 1025
389.630 1033
389.643 1008
389.657 1033
389.670 1003
389.683 1019
389.697 984
389.710 980
389.723 990
389.737 1033
389.750 1010
389.763 980
389.777 1016
389.790 994
389.803 996
389.817 979
389.830 979
389.843 999
389.857 985
389.870 963
389.883 963
389.897 977
389.910 971
389.923 981
389.937 946
389.950 968
389.963 959
389.977 944
389.990 973
390.003 977
390.017 941
390.030 958
390.043 951
390.057 946
390.070 943
390.083 921
390.096 953
390.110 899
390.123 948
390.136 949
390.150 893
390.163 923
390.176 901
390.190 883
390.203 905
390.216 914
390.230 896
390.243 904
390.256 880
390.270 905
390.283 902
390.296 871
390.310 890
390.323 889
390.336 896
390.349 857
390.363 864
390.376 891
390.389 883
390.403 879
390.416 867
390.429 864
390.443 872
390.456 842
390.469 852
390.483 858
390.496 834
390.509 847
390.522 827
390.536 846
390.549 836
390.562 821
390.576 801
390.589 838
390.602 830
390.616 811
390.629 807
390.642 824
390.655 828
390.669 823
390.682 807
390.695 809
390.709 810
390.722 812
390.735 811
390.749 803
390.762 818
390.775 811
390.788 791
390.802 799
390.815 791
390.828 780
390.842 776
390.855 800
390.868 780
390.882 784
390.895 762
390.908 766
390.921 768
390.935 768
390.948 782
390.961 769
390.975 769
390.988 768
391.001 762
391.014 777
391.028 747
391.041 752
391.054 751
391.068 754
391.081 774
391.094 767
391.107 776
391.121 758
391.134 755
391.147 758
391.161 739
391.174 749
391.187 759
391.200 745
391.214 754
391.227 730
391.240 740
391.254 740
391.267 719
391.280 746
391.293 734
391.307 718
391.320 751
391.333 726
391.347 740
391.360 744
391.373 746
391.386 734
391.400 735
391.413 736
391.426 751
391.440 711
391.453 731
391.466 717
391.479 745
391.493 732
391.506 723
391.519 717
391.532 725
391.546 720
391.559 737
391.572 719
391.586 733
391.599 729
391.612 706
391.625 715
391.639 733
391.652 729
391.665 725
391.678 711
391.692 712
391.705 721
391.718 717
391.732 724
391.745 718
391.758 731
391.771 724
391.785 715
391.798 709
391.811 722
391.824 709
391.838 726
391.851 706
391.864 714
391.877 713
391.891 709
391.904 726
391.917 703
391.931 707
391.944 716
391.957 717
391.970 711
391.984 717
391.997 704
392.010 718
392.023 726
392.037 706
392.050 695
392.063 707
392.076 700
392.090 716
392.103 703
392.116 704
392.129 694
392.143 712
392.156 703
392.169 705
392.182 713
392.196 701
392.209 709
392.222 711
392.235 694
392.249 705
392.262 707
392.275 711
392.288 708
392.302 696
392.315 687
392.328 692
392.341 700
392.355 707
392.368 707
392.381 708
392.394 693
392.408 692
392.421 698
392.434 687
392.447 713
392.461 681
392.474 698
392.487 706
392.500 710
392.514 694
392.527 699
392.540 686
392.553 691
392.567 703
392.580 693
392.593 694
392.606 696
392.620 695
392.633 694
392.646 697
392.659 695
392.673 689
392.686 688
392.699 694
392.712 691
392.726 700
392.739 699
392.752 689
392.765 687
392.778 684
392.792 679
392.805 693
392.818 693
392.831 688
392.845 688
392.858 685
392.871 692
392.884 699
392.898 681
392.911 692
392.924 700
392.937 673
392.951 703
392.964 687
392.977 693
392.990 693
393.003 693
393.017 682
393.030 688
393.043 689
393.056 682
393.070 683
393.083 687
393.096 687
393.109 680
393.122 677
393.136 684
393.149 679
393.162 689
393.175 686
393.189 677
393.202 690
393.215 695
393.228 665
393.242 670
393.255 673
393.268 679
393.281 686
393.294 670
393.308 670
393.321 680
393.334 663
393.347 683
393.360 677
393.374 681
393.387 686
393.400 668
393.413 663
393.427 686
393.440 671
393.453 669
393.466 673
393.479 674
393.493 678
393.506 693
393.519 685
393.532 676
393.546 678
393.559 686
393.572 675
393.585 685
393.598 684
393.612 682
393.625 680
393.638 687
393.651 689
393.664 685
393.678 679
393.691 672
393.704 676
393.717 675
393.730 692
393.744 676
393.757 672
393.770 665
393.783 674
393.796 663
393.810 679
393.823 679
393.836 664
393.849 678
393.863 677
393.876 672
393.889 666
393.902 672
393.915 658
393.929 663
