375.891 813
375.905 844
375.919 824
375.933 846
375.946 838
375.960 852
375.974 858
375.987 849
376.001 842
376.015 855
376.029 864
376.042 861
376.056 886
376.070 880
376.084 874
376.097 879
376.111 875
376.125 875
376.139 898
376.152 893
376.166 906
376.180 906
376.193 905
376.207 907
376.221 900
376.235 918
376.248 913
376.262 926
376.276 912
376.290 933
376.303 946
376.317 945
376.331 923
376.345 928
376.358 946
376.372 945
376.386 960
376.399 959
376.413 981
376.427 980
376.441 980
376.454 954
376.468 933
376.482 971
376.495 962
376.509 987
376.523 1024
376.537 988
376.550 1024
376.564 1015
376.578 1013
376.592 1001
376.605 1017
376.619 1019
376.633 1032
376.646 1030
376.660 1036
376.674 1028
376.688 1033
376.701 1052
376.715 1044
376.729 1075
376.742 1070
376.756 1061
376.770 1071
376.784 1051
376.797 1070
376.811 1095
376.825 1105
376.838 1113
376.852 1134
376.866 1126
376.880 1140
376.893 1134
376.907 1105
376.921 1131
376.934 1134
376.948 1144
376.962 1193
376.976 1178
376.989 1141
377.003 1153
377.017 1177
377.030 1184
377.044 1207
377.058 1208
377.071 1220
377.085 1199
377.099 1225
377.113 1220
377.126 1211
377.140 1230
377.154 1242
377.167 1250
377.181 1288
377.195 1237
377.208 1254
377.222 1266
377.236 1285
377.250 1274
377.263 1291
377.277 1298
377.291 1312
377.304 1341
377.318 1325
377.332 1330
377.345 1343
377.359 1333
377.373 1338
377.387 1323
377.400 1353
377.414 1338
377.428 1371
377.441 1369
377.455 1375
377.469 1349
377.482 1392
377.496 1375
377.510 1396
377.524 1442
377.537 1423
377.551 1404
377.565 1431
377.578 1434
377.592 1428
377.606 1406
377.619 1394
377.633 1435
377.647 1416
377.660 1418
377.674 1424
377.688 1461
377.701 1450
377.715 1446
377.729 1462
377.743 1465
377.756 1458
377.770 1490
377.784 1503
377.797 1466
377.811 1498
377.825 1473
377.838 1485
377.852 1495
377.866 1543
377.879 1555
377.893 1558
377.907 1549
377.920 1544
377.934 1530
377.948 1516
377.961 1536
377.975 1519
377.989 1552
378.002 1526
378.016 1544
378.030 1545
378.044 1573
378.057 1563
378.071 1607
378.085 1582
378.098 1596
378.112 1552
378.126 1599
378.139 1568
378.153 1588
378.167 1563
378.180 1573
378.194 1594
378.208 1581
378.221 1577
378.235 1624
378.249 1658
378.262 1587
378.276 1570
378.290 1597
378.303 1635
378.317 1595
378.331 1595
378.344 1590
378.358 1596
378.372 1651
378.385 1624
378.399 1623
378.413 1667
378.426 1616
378.440 1644
378.454 1677
378.467 1632
378.481 1659
378.495 1663
378.508 1670
378.522 1647
378.536 1669
378.549 1672
378.563 1658
378.577 1694
378.590 1687
378.604 1722
378.618 1692
378.631 1760
378.645 1714
378.659 1727
378.672 1712
378.686 1752
378.700 1769
378.713 1753
378.727 1801
378.740 1787
378.754 1789
378.768 1802
378.781 1784
378.795 1799
378.809 1812
378.822 1813
378.836 1833
378.850 1794
378.863 1772
378.877 1825
378.891 1823
378.904 1810
378.918 1814
378.932 1816
378.945 1838
378.959 1814
378.973 1805
378.986 1827
379.000 1834
379.014 1831
379.027 1890
379.041 1883
379.054 1868
379.068 1828
379.082 1856
379.095 1884
379.109 1905
379.123 1850
379.136 1920
379.150 1922
379.164 1905
379.177 1916
379.191 1926
379.205 1895
379.218 1938
379.232 1957
379.245 1993
379.259 1984
379.273 1997
379.286 1988
379.300 2056
379.314 2020
379.327 2030
379.341 2038
379.355 2039
379.368 2014
379.382 2070
379.396 2090
379.409 2117
379.423 2098
379.436 2129
379.450 2152
379.464 2155
379.477 2154
379.491 2179
379.505 2195
379.518 2182
379.532 2236
379.546 2312
379.559 2320
379.573 2244
379.586 2319
379.600 2324
379.614 2357
379.627 2350
379.641 2350
379.655 2370
379.668 2421
379.682 2397
379.695 2395
379.709 2444
379.723 2396
379.736 2499
379.750 2604
379.764 2661
379.777 2665
379.791 2713
379.804 2718
379.818 2678
379.832 2689
379.845 2654
379.859 2667
379.873 2714
379.886 2742
379.900 2819
379.913 2867
379.927 2849
379.941 2837
379.954 3003
379.968 2958
379.982 2998
379.995 3046
380.009 3073
380.022 3095
380.036 3106
380.050 3127
380.063 3163
380.077 3382
380.090 3364
380.104 3352
380.118 3429
380.131 3468
380.145 3493
380.159 3532
380.172 3624
380.186 3657
380.199 3683
380.213 3805
380.227 3839
380.240 3869
380.254 3867
380.267 3956
380.281 3947
380.295 3982
380.308 4048
380.322 4064
380.336 4174
380.349 4258
380.363 4298
380.376 4383
380.390 4410
380.404 4509
380.417 4534
380.431 4549
380.444 4671
380.458 4763
380.472 4767
380.485 4773
380.499 4914
380.512 4912
380.526 4972
380.540 5085
380.553 5007
380.567 5095
380.580 5239
380.594 5360
380.608 5473
380.621 5661
380.635 5685
380.648 5694
380.662 5768
380.676 5862
380.689 5822
380.703 5947
380.716 6041
380.730 6100
380.744 6180
380.757 6316
380.771 6376
380.784 6552
380.798 6545
380.812 6611
380.825 6654
380.839 6847
380.852 7050
380.866 7217
380.880 7284
380.893 7107
380.907 7236
380.920 7397
380.934 7551
380.948 7587
380.961 7665
380.975 7706
380.988 7840
381.002 7811
381.015 7740
381.029 7944
381.043 8025
381.056 8185
381.070 8197
381.083 8208
381.097 8408
381.111 8442
381.124 8679
381.138 8780
381.151 8850
381.165 8941
381.179 9027
381.192 8944
381.206 8966
381.219 8981
381.233 9198
381.246 9140
381.260 9226
381.274 9326
381.287 9424
381.301 9519
381.314 9493
381.328 9651
381.341 9724
381.355 9850
381.369 9883
381.382 9986
381.396 10166
381.409 10328
381.423 10445
381.437 10466
381.450 10626
381.464 10635
381.477 10854
381.491 10971
381.504 10869
381.518 10955
381.532 11068
381.545 11230
381.559 11574
381.572 11615
381.586 11545
381.599 11729
381.613 11772
381.627 11885
381.640 11943
381.654 11921
381.667 11997
381.681 12194
381.694 12250
381.708 12027
381.722 11840
381.735 12009
381.749 12066
381.762 12180
381.776 12231
381.789 12202
381.803 12451
381.817 12511
381.830 12402
381.844 12597
381.857 12758
381.871 12980
381.884 12805
381.898 12870
381.911 12967
381.925 13108
381.939 13298
381.952 13319
381.966 13391
381.979 13432
381.993 13683
382.006 13853
382.020 14030
382.034 14038
382.047 13892
382.061 14037
382.074 13980
382.088 14121
382.101 14307
382.115 14292
382.128 14329
382.142 14645
382.156 15033
382.169 14996
382.183 14904
382.196 15156
382.210 15049
382.223 15111
382.237 15222
382.250 15393
382.264 15353
382.278 15573
382.291 15481
382.305 15891
382.318 16076
382.332 16157
382.345 15889
382.359 15817
382.372 15948
382.386 15983
382.399 16242
382.413 16123
382.427 16484
382.440 16540
382.454 16688
382.467 16692
382.481 17166
382.494 17641
382.508 17700
382.521 17900
382.535 17777
382.548 17829
382.562 17844
382.576 17981
382.589 18075
382.603 18279
382.616 18308
382.630 18375
382.643 18781
382.657 18891
382.670 19071
382.684 19057
382.697 19004
382.711 19178
382.724 19256
382.738 19371
382.752 19329
382.765 19397
382.779 19774
382.792 19975
382.806 20138
382.819 20172
382.833 20436
382.846 20605
382.860 20671
382.873 20885
382.887 20877
382.900 21095
382.914 21382
382.928 21519
382.941 21848
382.955 22083
382.968 22338
382.982 22647
382.995 22758
383.009 22744
383.022 22929
383.036 22835
383.049 23234
383.063 23441
383.076 23470
383.090 23212
383.103 23728
383.117 23991
383.130 23834
383.144 23959
383.158 24334
383.171 24456
383.185 24707
383.198 24976
383.212 25291
383.225 25502
383.239 26060
383.252 26474
383.266 26398
383.279 26388
383.293 26416
383.306 26885
383.320 26977
383.333 27733
383.347 28081
383.360 27730
383.374 27697
383.387 27783
383.401 28203
383.414 28042
383.428 28064
383.441 27912
383.455 28320
383.468 28042
383.482 28371
383.496 29052
383.509 29134
383.523 29049
383.536 29090
383.550 29065
383.563 29398
383.577 29735
383.590 29774
383.604 29849
383.617 29741
383.631 29470
383.644 29249
383.658 29581
383.671 29508
383.685 29823
383.698 30180
383.712 30260
383.725 30141
383.739 29813
383.752 29837
383.766 29901
383.779 29882
383.793 29996
383.806 30124
383.820 30713
383.833 30336
383.847 30426
383.860 30785
383.874 30660
383.887 30255
383.901 30057
383.914 30122
383.928 30724
383.941 30408
383.955 30054
383.968 30101
383.982 29981
383.995 29902
384.009 29998
384.022 29859
384.036 29980
384.049 29755
384.063 29899
384.076 30336
384.090 30703
384.103 30571
384.117 30923
384.130 30562
384.144 29295
384.157 28976
384.171 28800
384.184 28531
384.198 28460
384.211 28192
384.225 27946
384.238 28519
384.252 28672
384.265 28184
384.279 27958
384.292 27780
384.306 27342
384.319 26796
384.333 26036
384.346 25780
384.360 25315
384.373 25208
384.387 24706
384.400 24214
384.414 23745
384.427 23521
384.441 22919
384.454 22655
384.468 22263
384.481 21808
384.495 21413
384.508 20966
384.522 20647
384.535 20014
384.549 19273
384.562 19071
384.575 18596
384.589 18422
384.602 18351
384.616 17794
384.629 17411
384.643 16855
384.656 16348
384.670 16000
384.683 15313
384.697 14903
384.710 14270
384.724 13962
384.737 13566
384.751 13120
384.764 12698
384.778 12503
384.791 12141
384.805 11855
384.818 11522
384.832 11054
384.845 10751
384.859 10449
384.872 10092
384.885 9657
384.899 9350
384.912 9139
384.926 8826
384.939 8595
384.953 8413
384.966 8135
384.980 7976
384.993 7886
385.007 7612
385.020 7416
385.034 7252
385.047 7078
385.061 6868
385.074 6681
385.088 6584
385.101 6380
385.114 6222
385.128 6064
385.141 6081
385.155 5940
385.168 5911
385.182 5792
385.195 5739
385.209 5675
385.222 5505
385.236 5397
385.249 5279
385.263 5261
385.276 5086
385.290 4935
385.303 4911
385.316 4793
385.330 4821
385.343 4745
385.357 4683
385.370 4567
385.384 4499
385.397 4433
385.411 4314
385.424 4283
385.438 4226
385.451 4297
385.464 4167
385.478 4149
385.491 4102
385.505 4079
385.518 4000
385.532 3964
385.545 3877
385.559 3821
385.572 3779
385.586 3779
385.599 3800
385.612 3803
385.626 3744
385.639 3731
385.653 3714
385.666 3768
385.680 3700
385.693 3556
385.707 3584
385.720 3579
385.734 3548
385.747 3481
385.760 3442
385.774 3389
385.787 3406
385.801 3240
385.814 3198
385.828 3213
385.841 3222
385.855 3136
385.868 3188
385.881 3080
385.895 3127
385.908 3059
385.922 3036
385.935 3023
385.949 3003
385.962 3002
385.976 2967
385.989 2995
386.002 2950
386.016 2985
386.029 2944
386.043 2908
386.056 2838
386.070 2802
386.083 2821
386.097 2841
386.110 2835
386.123 2814
386.137 2868
386.150 2683
386.164 2824
386.177 2738
386.191 2772
386.204 2662
386.217 2675
386.231 2680
386.244 2651
386.258 2657
386.271 2617
386.285 2640
386.298 2613
386.311 2539
386.325 2527
386.338 2562
386.352 2556
386.365 2560
386.379 2515
386.392 2517
386.405 2469
386.419 2451
386.432 2492
386.446 2451
386.459 2497
386.473 2475
386.486 2427
386.499 2393
386.513 2437
386.526 2405
386.540 2392
386.553 2333
386.567 2340
386.580 2344
386.593 2403
386.607 2405
386.620 2385
386.634 2366
386.647 2297
386.661 2355
386.674 2240
386.687 2256
386.701 2215
386.714 2187
386.728 2219
386.741 2186
386.754 2196
386.768 2166
386.781 2209
386.795 2116
386.808 2140
386.822 2118
386.835 2121
386.848 2073
386.862 2104
386.875 2060
386.889 2072
386.902 2066
386.915 2027
386.929 2060
386.942 2038
386.956 2004
386.969 2001
386.983 1989
386.996 2019
387.009 1979
387.023 1989
387.036 1942
387.050 1966
387.063 1964
387.076 1927
387.090 1941
387.103 1950
387.117 1872
387.130 1932
387.143 1919
387.157 1920
387.170 1896
387.184 1894
387.197 1912
387.210 1886
387.224 1893
387.237 1857
387.251 1807
387.264 1812
387.278 1811
387.291 1813
387.304 1806
387.318 1790
387.331 1781
387.345 1800
387.358 1750
387.371 1789
387.385 1731
387.398 1708
387.412 1681
387.425 1702
387.438 1673
387.452 1662
387.465 1648
387.478 1635
387.492 1618
387.505 1631
387.519 1641
387.532 1657
387.545 1641
387.559 1663
387.572 1676
387.586 1663
387.599 1602
387.612 1624
387.626 1635
387.639 1628
387.653 1596
387.666 1525
387.679 1549
387.693 1530
387.706 1526
387.720 1503
387.733 1493
387.746 1556
387.760 1549
387.773 1512
387.787 1503
387.800 1497
387.813 1485
387.827 1479
387.840 1488
387.853 1432
387.867 1426
387.880 1477
387.894 1490
387.907 1458
387.920 1446
387.934 1404
387.947 1427
387.961 1438
387.974 1392
387.987 1389
388.001 1386
388.014 1372
388.027 1359
388.041 1360
388.054 1338
388.068 1315
388.081 1341
388.094 1325
388.108 1348
388.121 1311
388.134 1322
388.148 1331
388.161 1255
388.175 1278
388.188 1289
388.201 1261
388.215 1270
388.228 1258
388.241 1261
388.255 1272
388.268 1262
388.282 1267
388.295 1251
388.308 1263
388.322 1248
388.335 1248
388.348 1209
388.362 1240
388.375 1252
388.389 1237
388.402 1267
388.415 1223
388.429 1277
388.442 1264
388.455 1230
388.469 1229
388.482 1229
388.495 1228
388.509 1237
388.522 1264
388.536 1234
388.549 1207
388.562 1187
388.576 1238
388.589 1220
388.602 1219
388.616 1206
388.629 1232
388.642 1207
388.656 1197
388.669 1200
388.683 1199
388.696 1201
388.709 1188
388.723 1199
388.736 1198
388.749 1200
388.763 1175
388.776 1169
388.789 1198
388.803 1169
388.816 1216
388.829 1148
388.843 1173
388.856 1168
388.870 1180
388.883 1154
388.896 1178
388.910 1163
388.923 1150
388.936 1179
388.950 1165
388.963 1160
388.976 1173
388.990 1172
389.003 1172
389.016 1175
389.030 1196
389.043 1166
389.056 1177
389.070 1160
389.083 1174
389.097 1121
389.110 1158
389.123 1146
389.137 1166
389.150 1159
389.163 1155
389.177 1157
389.190 1144
389.203 1116
389.217 1123
389.230 1138
389.243 1118
389.257 1145
389.270 1126
389.283 1112
389.297 1150
389.310 1134
389.323 1138
389.337 1109
389.350 1107
389.363 1093
389.377 1117
389.390 1113
389.403 1122
389.417 1088
389.430 1109
389.443 1109
389.457 1121
389.470 1085
389.483 1123
389.497 1117
389.510 1123
389.523 1111
389.537 1106
389.550 1106
389.563 1112
389.577 1078
389.590 1097
389.603 1061
389.617 1085
389.630 1082
389.643 1093
389.657 1077
389.670 1082
389.683 1083
389.697 1077
389.710 1055
389.723 1072
389.737 1089
389.750 1066
389.763 1080
389.777 1059
389.790 1064
389.803 1044
389.817 1069
389.830 1054
389.843 1040
389.857 1054
389.870 1011
389.883 1018
389.897 1031
389.910 1028
389.923 1043
389.937 1031
389.950 1045
389.963 1004
389.977 1034
389.990 993
390.003 1030
390.017 986
390.030 1017
390.043 1013
390.057 991
390.070 1005
390.083 992
390.096 1009
390.110 983
390.123 965
390.136 982
390.150 959
390.163 972
390.176 989
390.190 968
390.203 974
390.216 962
390.230 938
390.243 946
390.256 959
390.270 943
390.283 940
390.296 956
390.310 962
390.323 942
390.336 931
390.349 909
390.363 919
390.376 934
390.389 913
390.403 907
390.416 930
390.429 916
390.443 930
390.456 928
390.469 904
390.483 901
390.496 913
390.509 882
390.522 902
390.536 885
390.549 885
390.562 882
390.576 882
390.589 864
390.602 882
390.616 861
390.629 877
390.642 865
390.655 874
390.669 853
390.682 861
390.695 861
390.709 864
390.722 844
390.735 851
390.749 835
390.762 836
390.775 851
390.788 832
390.802 837
390.815 837
390.828 817
390.842 830
390.855 816
390.868 807
390.882 821
390.895 828
390.908 802
390.921 807
390.935 807
390.948 806
390.961 806
390.975 803
390.988 808
391.001 804
391.014 803
391.028 775
391.041 792
391.054 789
391.068 796
391.081 796
391.094 782
391.107 777
391.121 797
391.134 768
391.147 783
391.161 774
391.174 772
391.187 775
391.200 768
391.214 768
391.227 775
391.240 770
391.254 753
391.267 770
391.280 748
391.293 757
391.307 749
391.320 757
391.333 744
391.347 756
391.360 761
391.373 753
391.386 752
391.400 745
391.413 752
391.426 761
391.440 745
391.453 747
391.466 741
391.479 744
391.493 753
391.506 758
391.519 741
391.532 756
391.546 741
391.559 756
391.572 738
391.586 736
391.599 739
391.612 731
391.625 739
391.639 737
391.652 740
391.665 731
391.678 737
391.692 718
391.705 750
391.718 733
391.732 741
391.745 748
391.758 725
391.771 740
391.785 732
391.798 741
391.811 731
391.824 732
391.838 732
391.851 737
391.864 725
391.877 727
391.891 728
391.904 724
391.917 730
391.931 731
391.944 732
391.957 727
391.970 726
391.984 724
391.997 720
392.010 725
392.023 727
392.037 713
392.050 737
392.063 730
392.076 715
392.090 708
392.103 720
392.116 703
392.129 714
392.143 738
392.156 715
392.169 722
392.182 722
392.196 713
392.209 726
392.222 718
392.235 725
392.249 711
392.262 726
392.275 704
392.288 712
392.302 711
392.315 715
392.328 706
392.341 707
392.355 716
392.368 704
392.381 699
392.394 730
392.408 724
392.421 705
392.434 713
392.447 724
392.461 715
392.474 717
392.487 711
392.500 714
392.514 700
392.527 710
392.540 703
392.553 703
392.567 712
392.580 703
392.593 712
392.606 697
392.620 714
392.633 691
392.646 701
392.659 700
392.673 708
392.686 699
392.699 703
392.712 714
392.726 694
392.739 705
392.752 692
392.765 695
392.778 707
392.792 704
392.805 697
392.818 713
392.831 694
392.845 702
392.858 697
392.871 696
392.884 713
392.898 697
392.911 696
392.924 700
392.937 690
392.951 692
392.964 703
392.977 704
392.990 694
393.003 700
393.017 690
393.030 700
393.043 685
393.056 688
393.070 700
393.083 695
393.096 704
393.109 697
393.122 697
393.136 693
393.149 690
393.162 680
393.175 698
393.189 697
393.202 693
393.215 692
393.228 693
393.242 693
393.255 682
393.268 693
393.281 696
393.294 690
393.308 692
393.321 682
393.334 693
393.347 691
393.360 684
393.374 689
393.387 694
393.400 685
393.413 697
393.427 694
393.440 692
393.453 688
393.466 696
393.479 697
393.493 678
393.506 696
393.519 695
393.532 688
393.546 687
393.559 689
393.572 689
393.585 683
393.598 691
393.612 699
393.625 694
393.638 689
393.651 690
393.664 677
393.678 692
393.691 692
393.704 686
393.717 692
393.730 681
393.744 682
393.757 678
393.770 672
393.783 672
393.796 692
393.810 677
393.823 675
393.836 674
393.849 682
393.863 686
393.876 687
393.889 690
393.902 692
393.915 681
393.929 674
