375.891 793
375.905 800
375.919 795
375.933 804
375.946 795
375.960 807
375.974 808
375.987 809
376.001 800
376.015 833
376.029 812
376.042 826
376.056 848
376.070 836
376.084 833
376.097 844
376.111 826
376.125 833
376.139 845
376.152 824
376.166 851
376.180 856
376.193 848
376.207 848
376.221 850
376.235 872
376.248 848
376.262 878
376.276 868
376.290 869
376.303 878
376.317 885
376.331 889
376.345 889
376.358 873
376.372 882
376.386 900
376.399 898
376.413 897
376.427 890
376.441 906
376.454 900
376.468 919
376.482 908
376.495 903
376.509 927
376.523 922
376.537 946
376.550 971
376.564 961
376.578 908
376.592 989
376.605 955
376.619 968
376.633 969
376.646 960
376.660 948
376.674 968
376.688 971
376.701 956
376.715 972
376.729 992
376.742 989
376.756 1003
376.770 972
376.784 1030
376.797 1009
376.811 1017
376.825 1013
376.838 1035
376.852 1020
376.866 1021
376.880 1044
376.893 1041
376.907 1030
376.921 1061
376.934 1057
376.948 1062
376.962 1090
376.976 1048
376.989 1078
377.003 1093
377.017 1087
377.030 1120
377.044 1138
377.058 1120
377.071 1129
377.085 1100
377.099 1104
377.113 1131
377.126 1099
377.140 1153
377.154 1159
377.167 1142
377.181 1154
377.195 1157
377.208 1154
377.222 1184
377.236 1126
377.250 1170
377.263 1188
377.277 1170
377.291 1192
377.304 1203
377.318 1172
377.332 1185
377.345 1178
377.359 1219
377.373 1222
377.387 1208
377.400 1248
377.414 1219
377.428 1240
377.441 1231
377.455 1282
377.469 1199
377.482 1267
377.496 1264
377.510 1287
377.524 1282
377.537 1241
377.551 1299
377.565 1322
377.578 1295
377.592 1243
377.606 1273
377.619 1302
377.633 1276
377.647 1304
377.660 1304
377.674 1291
377.688 1316
377.701 1271
377.715 1329
377.729 1310
377.743 1346
377.756 1330
377.770 1324
377.784 1367
377.797 1356
377.811 1311
377.825 1338
377.838 1350
377.852 1390
377.866 1366
377.879 1351
377.893 1408
377.907 1348
377.920 1365
377.934 1370
377.948 1364
377.961 1409
377.975 1403
377.989 1391
378.002 1394
378.016 1409
378.030 1432
378.044 1402
378.057 1381
378.071 1442
378.085 1423
378.098 1414
378.112 1426
378.126 1422
378.139 1416
378.153 1415
378.167 1423
378.180 1455
378.194 1471
378.208 1434
378.221 1439
378.235 1421
378.249 1472
378.262 1480
378.276 1428
378.290 1429
378.303 1468
378.317 1462
378.331 1481
378.344 1422
378.358 1452
378.372 1508
378.385 1486
378.399 1494
378.413 1479
378.426 1537
378.440 1468
378.454 1486
378.467 1487
378.481 1559
378.495 1521
378.508 1528
378.522 1488
378.536 1546
378.549 1494
378.563 1491
378.577 1486
378.590 1520
378.604 1564
378.618 1532
378.631 1553
378.645 1574
378.659 1596
378.672 1565
378.686 1545
378.700 1592
378.713 1621
378.727 1666
378.740 1657
378.754 1636
378.768 1624
378.781 1626
378.795 1671
378.809 1675
378.822 1715
378.836 1648
378.850 1635
378.863 1599
378.877 1655
378.891 1618
378.904 1685
378.918 1678
378.932 1678
378.945 1663
378.959 1619
378.973 1616
378.986 1717
379.000 1711
379.014 1676
379.027 1643
379.041 1693
379.054 1672
379.068 1693
379.082 1691
379.095 1692
379.109 1714
379.123 1727
379.136 1680
379.150 1748
379.164 1756
379.177 1736
379.191 1784
379.205 1771
379.218 1774
379.232 1799
379.245 1826
379.259 1815
379.273 1837
379.286 1852
379.300 1858
379.314 1828
379.327 1866
379.341 1830
379.355 1892
379.368 1892
379.382 1958
379.396 1898
379.409 1961
379.423 1909
379.436 1979
379.450 1970
379.464 1963
379.477 1964
379.491 1987
379.505 2017
379.518 2022
379.532 2048
379.546 2061
379.559 2062
379.573 2074
379.586 2052
379.600 2114
379.614 2166
379.627 2151
379.641 2182
379.655 2170
379.668 2178
379.682 2182
379.695 2296
379.709 2222
379.723 2237
379.736 2356
379.750 2387
379.764 2395
379.777 2453
379.791 2441
379.804 2446
379.818 2482
379.832 2414
379.845 2352
379.859 2410
379.873 2459
379.886 2420
379.900 2499
379.913 2588
379.927 2614
379.941 2595
379.954 2639
379.968 2685
379.982 2734
379.995 2730
380.009 2655
380.022 2731
380.036 2799
380.050 2855
380.063 2929
380.077 3051
380.090 3033
380.104 3038
380.118 3247
380.131 3234
380.145 3156
380.159 3252
380.172 3279
380.186 3377
380.199 3434
380.213 3505
380.227 3441
380.240 3511
380.254 3496
380.267 3499
380.281 3453
380.295 3636
380.308 3550
380.322 3603
380.336 3696
380.349 3711
380.363 3762
380.376 3831
380.390 3865
380.404 4021
380.417 4049
380.431 4095
380.444 4169
380.458 4065
380.472 4196
380.485 4226
380.499 4314
380.512 4347
380.526 4450
380.540 4558
380.553 4560
380.567 4543
380.580 4643
380.594 4725
380.608 4862
380.621 5009
380.635 5012
380.648 5145
380.662 5125
380.676 5205
380.689 5183
380.703 5343
380.716 5356
380.730 5365
380.744 5424
380.757 5638
380.771 5667
380.784 5757
380.798 5866
380.812 5858
380.825 5917
380.839 6011
380.852 6119
380.866 6342
380.880 6339
380.893 6273
380.907 6350
380.920 6408
380.934 6571
380.948 6676
380.961 6660
380.975 6730
380.988 6857
381.002 6792
381.015 6722
381.029 6844
381.043 7117
381.056 7103
381.070 7200
381.083 7090
381.097 7357
381.111 7306
381.124 7326
381.138 7509
381.151 7677
381.165 7659
381.179 7781
381.192 7799
381.206 7646
381.219 7747
381.233 7824
381.246 7815
381.260 7965
381.274 7976
381.287 8087
381.301 8184
381.314 8208
381.328 8198
381.341 8343
381.355 8314
381.369 8514
381.382 8471
381.396 8605
381.409 8781
381.423 8863
381.437 8948
381.450 9048
381.464 9092
381.477 9292
381.491 9356
381.504 9379
381.518 9295
381.532 9408
381.545 9640
381.559 9968
381.572 9897
381.586 9957
381.599 9956
381.613 10087
381.627 10001
381.640 9983
381.654 10152
381.667 10180
381.681 10326
381.694 10281
381.708 10116
381.722 10050
381.735 10221
381.749 10217
381.762 10208
381.776 10293
381.789 10429
381.803 10512
381.817 10527
381.830 10442
381.844 10731
381.857 10891
381.871 10723
381.884 10737
381.898 10890
381.911 10979
381.925 10964
381.939 11234
381.952 11287
381.966 11224
381.979 11278
381.993 11563
382.006 11731
382.020 11773
382.034 11822
382.047 11692
382.061 11755
382.074 11682
382.088 11738
382.101 11913
382.115 11941
382.128 11958
382.142 12409
382.156 12512
382.169 12983
382.183 12752
382.196 12810
382.210 12542
382.223 12645
382.237 12857
382.250 12929
382.264 12962
382.278 13024
382.291 13108
382.305 13385
382.318 13620
382.332 13576
382.345 13369
382.359 13232
382.372 13249
382.386 13311
382.399 13416
382.413 13511
382.427 13487
382.440 13529
382.454 13763
382.467 13893
382.481 14075
382.494 14363
382.508 14766
382.521 14705
382.535 14720
382.548 14537
382.562 14735
382.576 14774
382.589 14735
382.603 14803
382.616 15127
382.630 15159
382.643 15384
382.657 15423
382.670 15707
382.684 15598
382.697 15460
382.711 15427
382.724 15935
382.738 15704
382.752 15789
382.765 16108
382.779 16170
382.792 16052
382.806 16288
382.819 16543
382.833 16646
382.846 16785
382.860 16963
382.873 17029
382.887 17051
382.900 17285
382.914 17438
382.928 17607
382.941 17707
382.955 17944
382.968 17977
382.982 18220
382.995 18133
383.009 18419
383.022 18389
383.036 18604
383.049 18802
383.063 18677
383.076 18916
383.090 18993
383.103 19113
383.117 19146
383.130 19256
383.144 19414
383.158 19507
383.171 19753
383.185 19891
383.198 19928
383.212 20026
383.225 20454
383.239 20554
383.252 20985
383.266 20965
383.279 21070
383.293 21263
383.306 21285
383.320 21555
383.333 21895
383.347 22380
383.360 22102
383.374 21999
383.387 22131
383.401 22395
383.414 22381
383.428 22209
383.441 22355
383.455 22171
383.468 22121
383.482 22546
383.496 23137
383.509 23255
383.523 23047
383.536 23124
383.550 23089
383.563 23293
383.577 23421
383.590 23561
383.604 23729
383.617 23506
383.631 23265
383.644 23281
383.658 22942
383.671 23322
383.685 23212
383.698 23334
383.712 23488
383.725 23467
383.739 23224
383.752 23235
383.766 23170
383.779 23289
383.793 23359
383.806 23409
383.820 23862
383.833 23528
383.847 23638
383.860 23984
383.874 23860
383.887 23329
383.901 23321
383.914 23527
383.928 23356
383.941 23379
383.955 23002
383.968 22943
383.982 22698
383.995 22842
384.009 22789
384.022 22942
384.036 22740
384.049 22532
384.063 22590
384.076 22689
384.090 22894
384.103 23288
384.117 23237
384.130 22654
384.144 22115
384.157 21814
384.171 21433
384.184 21227
384.198 21096
384.211 21024
384.225 20745
384.238 21090
384.252 20954
384.265 20790
384.279 20353
384.292 20248
384.306 20105
384.319 19543
384.333 18969
384.346 18729
384.360 18510
384.373 18088
384.387 17733
384.400 17459
384.414 17248
384.427 16981
384.441 16616
384.454 16155
384.468 16086
384.481 15546
384.495 15327
384.508 14913
384.522 14529
384.535 14226
384.549 13761
384.562 13474
384.575 13127
384.589 13002
384.602 12871
384.616 12730
384.629 12380
384.643 11914
384.656 11653
384.670 11142
384.683 10799
384.697 10410
384.710 10195
384.724 9888
384.737 9668
384.751 9367
384.764 9026
384.778 8912
384.791 8647
384.805 8377
384.818 8162
384.832 7893
384.845 7687
384.859 7513
384.872 7195
384.885 7026
384.899 6828
384.912 6681
384.926 6403
384.939 6268
384.953 6114
384.966 5987
384.980 5825
384.993 5785
385.007 5615
385.020 5607
385.034 5391
385.047 5272
385.061 5124
385.074 4965
385.088 4876
385.101 4853
385.114 4682
385.128 4643
385.141 4526
385.155 4506
385.168 4475
385.182 4525
385.195 4379
385.209 4256
385.222 4234
385.236 4066
385.249 4023
385.263 3965
385.276 3888
385.290 3803
385.303 3728
385.316 3616
385.330 3667
385.343 3625
385.357 3604
385.370 3448
385.384 3455
385.397 3382
385.411 3346
385.424 3328
385.438 3337
385.451 3332
385.464 3254
385.478 3176
385.491 3182
385.505 3129
385.518 3130
385.532 3084
385.545 3023
385.559 3000
385.572 2981
385.586 2939
385.599 2937
385.612 2996
385.626 2936
385.639 2860
385.653 2904
385.666 2904
385.680 2841
385.693 2831
385.707 2781
385.720 2739
385.734 2692
385.747 2745
385.760 2669
385.774 2633
385.787 2659
385.801 2600
385.814 2506
385.828 2498
385.841 2497
385.855 2489
385.868 2480
385.881 2453
385.895 2450
385.908 2462
385.922 2389
385.935 2417
385.949 2362
385.962 2313
385.976 2361
385.989 2306
386.002 2366
386.016 2397
386.029 2305
386.043 2350
386.056 2267
386.070 2251
386.083 2266
386.097 2226
386.110 2267
386.123 2219
386.137 2243
386.150 2196
386.164 2186
386.177 2185
386.191 2142
386.204 2167
386.217 2163
386.231 2156
386.244 2146
386.258 2109
386.271 2123
386.285 2117
386.298 2092
386.311 2043
386.325 2053
386.338 2021
386.352 2053
386.365 2000
386.379 2019
386.392 2018
386.405 2013
386.419 2000
386.432 1997
386.446 2007
386.459 2003
386.473 1964
386.486 1938
386.499 1914
386.513 1893
386.526 1885
386.540 1867
386.553 1872
386.567 1884
386.580 1911
386.593 1928
386.607 1943
386.620 1917
386.634 1899
386.647 1913
386.661 1875
386.674 1857
386.687 1820
386.701 1816
386.714 1824
386.728 1748
386.741 1820
386.754 1779
386.768 1774
386.781 1754
386.795 1732
386.808 1721
386.822 1724
386.835 1711
386.848 1669
386.862 1634
386.875 1678
386.889 1742
386.902 1690
386.915 1691
386.929 1690
386.942 1640
386.956 1641
386.969 1656
386.983 1610
386.996 1576
387.009 1610
387.023 1617
387.036 1593
387.050 1611
387.063 1649
387.076 1629
387.090 1595
387.103 1616
387.117 1592
387.130 1573
387.143 1595
387.157 1586
387.170 1580
387.184 1558
387.197 1538
387.210 1616
387.224 1573
387.237 1573
387.251 1512
387.264 1525
387.278 1519
387.291 1491
387.304 1497
387.318 1473
387.331 1493
387.345 1530
387.358 1481
387.371 1482
387.385 1488
387.398 1476
387.412 1436
387.425 1441
387.438 1432
387.452 1384
387.465 1367
387.478 1390
387.492 1382
387.505 1347
387.519 1390
387.532 1408
387.545 1423
387.559 1426
387.572 1416
387.586 1354
387.599 1378
387.612 1387
387.626 1396
387.639 1333
387.653 1338
387.666 1320
387.679 1298
387.693 1332
387.706 1263
387.720 1276
387.733 1300
387.746 1310
387.760 1298
387.773 1346
387.787 1302
387.800 1290
387.813 1262
387.827 1255
387.840 1253
387.853 1233
387.867 1273
387.880 1278
387.894 1280
387.907 1243
387.920 1246
387.934 1231
387.947 1245
387.961 1257
387.974 1248
387.987 1214
388.001 1239
388.014 1206
388.027 1174
388.041 1182
388.054 1184
388.068 1206
388.081 1184
388.094 1195
388.108 1179
388.121 1155
388.134 1182
388.148 1148
388.161 1143
388.175 1161
388.188 1153
388.201 1116
388.215 1122
388.228 1147
388.241 1152
388.255 1121
388.268 1129
388.282 1094
388.295 1108
388.308 1134
388.322 1113
388.335 1106
388.348 1108
388.362 1123
388.375 1108
388.389 1108
388.402 1104
388.415 1108
388.429 1104
388.442 1127
388.455 1118
388.469 1083
388.482 1121
388.495 1125
388.509 1112
388.522 1138
388.536 1093
388.549 1080
388.562 1097
388.576 1079
388.589 1091
388.602 1079
388.616 1092
388.629 1065
388.642 1088
388.656 1077
388.669 1087
388.683 1094
388.696 1096
388.709 1075
388.723 1088
388.736 1081
388.749 1079
388.763 1081
388.776 1076
388.789 1082
388.803 1066
388.816 1063
388.829 1061
388.843 1052
388.856 1057
388.870 1036
388.883 1061
388.896 1060
388.910 1039
388.923 1075
388.936 1067
388.950 1060
388.963 1080
388.976 1058
388.990 1077
389.003 1050
389.016 1029
389.030 1033
389.043 1070
389.056 1076
389.070 1037
389.083 1054
389.097 1062
389.110 1028
389.123 1023
389.137 1029
389.150 1019
389.163 1023
389.177 1037
389.190 1026
389.203 1028
389.217 1029
389.230 991
389.243 1014
389.257 1009
389.270 1024
389.283 1019
389.297 1001
389.310 1009
389.323 1005
389.337 1003
389.350 1015
389.363 991
389.377 984
389.390 989
389.403 991
389.417 1001
389.430 1004
389.443 1007
389.457 989
389.470 995
389.483 1005
389.497 1022
389.510 997
389.523 990
389.537 989
389.550 992
389.563 983
389.577 975
389.590 972
389.603 967
389.617 972
389.630 967
389.643 961
389.657 967
389.670 966
389.683 982
389.697 983
389.710 975
389.723 963
389.737 983
389.750 945
389.763 946
389.777 934
389.790 949
389.803 916
389.817 926
389.830 962
389.843 932
389.857 938
389.870 907
389.883 908
389.897 897
389.910 935
389.923 917
389.937 933
389.950 920
389.963 906
389.977 900
389.990 918
390.003 926
390.017 906
390.030 920
390.043 916
390.057 912
390.070 892
390.083 889
390.096 883
390.110 920
390.123 899
390.136 874
390.150 896
390.163 876
390.176 893
390.190 907
390.203 885
390.216 852
390.230 850
390.243 841
390.256 858
390.270 841
390.283 865
390.296 864
390.310 853
390.323 864
390.336 844
390.349 847
390.363 861
390.376 846
390.389 850
390.403 844
390.416 847
390.429 855
390.443 820
390.456 820
390.469 833
390.483 814
390.496 826
390.509 839
390.522 823
390.536 810
390.549 821
390.562 821
390.576 810
390.589 791
390.602 813
390.616 797
390.629 801
390.642 792
390.655 815
390.669 794
390.682 790
390.695 776
390.709 780
390.722 791
390.735 787
390.749 766
390.762 773
390.775 780
390.788 773
390.802 783
390.815 770
390.828 779
390.842 764
390.855 768
390.868 764
390.882 765
390.895 772
390.908 770
390.921 756
390.935 749
390.948 776
390.961 762
390.975 759
390.988 754
391.001 756
391.014 742
391.028 754
391.041 733
391.054 745
391.068 747
391.081 751
391.094 734
391.107 749
391.121 746
391.134 740
391.147 744
391.161 738
391.174 742
391.187 738
391.200 727
391.214 722
391.227 725
391.240 732
391.254 745
391.267 732
391.280 723
391.293 720
391.307 720
391.320 731
391.333 727
391.347 713
391.360 708
391.373 705
391.386 718
391.400 711
391.413 732
391.426 727
391.440 725
391.453 723
391.466 708
391.479 718
391.493 704
391.506 722
391.519 719
391.532 713
391.546 730
391.559 722
391.572 716
391.586 723
391.599 715
391.612 711
391.625 713
391.639 706
391.652 704
391.665 714
391.678 709
391.692 714
391.705 717
391.718 703
391.732 711
391.745 703
391.758 709
391.771 699
391.785 702
391.798 688
391.811 710
391.824 696
391.838 716
391.851 712
391.864 690
391.877 690
391.891 687
391.904 700
391.917 717
391.931 695
391.944 697
391.957 698
391.970 683
391.984 708
391.997 703
392.010 696
392.023 695
392.037 690
392.050 694
392.063 705
392.076 689
392.090 688
392.103 708
392.116 677
392.129 701
392.143 696
392.156 702
392.169 691
392.182 692
392.196 696
392.209 686
392.222 697
392.235 684
392.249 688
392.262 691
392.275 695
392.288 692
392.302 683
392.315 671
392.328 683
392.341 687
392.355 695
392.368 690
392.381 680
392.394 689
392.408 689
392.421 698
392.434 695
392.447 686
392.461 698
392.474 678
392.487 688
392.500 686
392.514 676
392.527 682
392.540 690
392.553 692
392.567 692
392.580 689
392.593 678
392.606 690
392.620 680
392.633 671
392.646 684
392.659 693
392.673 690
392.686 679
392.699 683
392.712 695
392.726 659
392.739 675
392.752 684
392.765 674
392.778 681
392.792 684
392.805 688
392.818 681
392.831 689
392.845 674
392.858 684
392.871 692
392.884 681
392.898 664
392.911 694
392.924 687
392.937 686
392.951 691
392.964 677
392.977 678
392.990 683
393.003 683
393.017 676
393.030 669
393.043 684
393.056 683
393.070 672
393.083 673
393.096 690
393.109 672
393.122 684
393.136 674
393.149 675
393.162 683
393.175 681
393.189 674
393.202 674
393.215 682
393.228 664
393.242 669
393.255 676
393.268 664
393.281 660
393.294 683
393.308 665
393.321 668
393.334 673
393.347 673
393.360 668
393.374 669
393.387 673
393.400 672
393.413 675
393.427 674
393.440 677
393.453 669
393.466 672
393.479 665
393.493 675
393.506 679
393.519 679
393.532 662
393.546 671
393.559 673
393.572 667
393.585 672
393.598 666
393.612 682
393.625 665
393.638 671
393.651 679
393.664 670
393.678 674
393.691 670
393.704 668
393.717 662
393.730 658
393.744 672
393.757 656
393.770 673
393.783 661
393.796 665
393.810 665
393.823 673
393.836 662
393.849 663
393.863 669
393.876 670
393.889 667
393.902 662
393.915 666
393.929 662
