375.891 796
375.905 810
375.919 807
375.933 805
375.946 819
375.960 800
375.974 819
375.987 839
376.001 818
376.015 839
376.029 830
376.042 833
376.056 834
376.070 845
376.084 845
376.097 832
376.111 862
376.125 829
376.139 860
376.152 855
376.166 842
376.180 854
376.193 870
376.207 872
376.221 875
376.235 863
376.248 884
376.262 889
376.276 883
376.290 889
376.303 909
376.317 900
376.331 893
376.345 914
376.358 895
376.372 919
376.386 906
376.399 922
376.413 923
376.427 921
376.441 937
376.454 917
376.468 921
376.482 917
376.495 937
376.509 948
376.523 948
376.537 947
376.550 953
376.564 983
376.578 987
376.592 962
376.605 967
376.619 1006
376.633 992
376.646 986
376.660 982
376.674 952
376.688 983
376.701 978
376.715 1002
376.729 1020
376.742 1007
376.756 1023
376.770 1006
376.784 1027
376.797 1035
376.811 1053
376.825 1043
376.838 1042
376.852 1059
376.866 1079
376.880 1053
376.893 1075
376.907 1095
376.921 1049
376.934 1102
376.948 1088
376.962 1104
376.976 1084
376.989 1121
377.003 1128
377.017 1154
377.030 1149
377.044 1160
377.058 1152
377.071 1146
377.085 1150
377.099 1154
377.113 1168
377.126 1149
377.140 1165
377.154 1185
377.167 1187
377.181 1160
377.195 1199
377.208 1182
377.222 1169
377.236 1198
377.250 1223
377.263 1244
377.277 1211
377.291 1262
377.304 1246
377.318 1262
377.332 1245
377.345 1249
377.359 1231
377.373 1259
377.387 1272
377.400 1276
377.414 1245
377.428 1264
377.441 1270
377.455 1273
377.469 1265
377.482 1279
377.496 1308
377.510 1319
377.524 1324
377.537 1363
377.551 1319
377.565 1338
377.578 1334
377.592 1317
377.606 1319
377.619 1330
377.633 1360
377.647 1344
377.660 1365
377.674 1329
377.688 1383
377.701 1343
377.715 1401
377.729 1360
377.743 1344
377.756 1411
377.770 1390
377.784 1398
377.797 1388
377.811 1405
377.825 1355
377.838 1419
377.852 1420
377.866 1418
377.879 1418
377.893 1461
377.907 1462
377.920 1441
377.934 1435
377.948 1423
377.961 1428
377.975 1389
377.989 1459
378.002 1465
378.016 1401
378.030 1440
378.044 1453
378.057 1460
378.071 1476
378.085 1443
378.098 1478
378.112 1430
378.126 1439
378.139 1446
378.153 1446
378.167 1467
378.180 1500
378.194 1492
378.208 1467
378.221 1502
378.235 1470
378.249 1491
378.262 1543
378.276 1442
378.290 1518
378.303 1516
378.317 1522
378.331 1505
378.344 1523
378.358 1510
378.372 1527
378.385 1584
378.399 1535
378.413 1568
378.426 1529
378.440 1561
378.454 1548
378.467 1606
378.481 1583
378.495 1533
378.508 1574
378.522 1537
378.536 1596
378.549 1573
378.563 1548
378.577 1595
378.590 1609
378.604 1635
378.618 1602
378.631 1585
378.645 1659
378.659 1602
378.672 1614
378.686 1627
378.700 1674
378.713 1709
378.727 1641
378.740 1643
378.754 1706
378.768 1691
378.781 1728
378.795 1720
378.809 1705
378.822 1707
378.836 1726
378.850 1715
378.863 1679
378.877 1693
378.891 1716
378.904 1743
378.918 1716
378.932 1744
378.945 1708
378.959 1755
378.973 1687
378.986 1723
379.000 1715
379.014 1738
379.027 1705
379.041 1758
379.054 1726
379.068 1748
379.082 1805
379.095 1779
379.109 1789
379.123 1751
379.136 1781
379.150 1778
379.164 1823
379.177 1837
379.191 1824
379.205 1807
379.218 1826
379.232 1898
379.245 1866
379.259 1869
379.273 1862
379.286 1925
379.300 1883
379.314 1907
379.327 1898
379.341 1942
379.355 1910
379.368 1967
379.382 1993
379.396 1975
379.409 1969
379.423 2003
379.436 1999
379.450 2057
379.464 2018
379.477 2060
379.491 2094
379.505 2117
379.518 2116
379.532 2131
379.546 2153
379.559 2208
379.573 2183
379.586 2191
379.600 2214
379.614 2228
379.627 2245
379.641 2302
379.655 2235
379.668 2279
379.682 2284
379.695 2328
379.709 2338
379.723 2332
379.736 2411
379.750 2506
379.764 2528
379.777 2517
379.791 2576
379.804 2620
379.818 2597
379.832 2590
379.845 2548
379.859 2615
379.873 2593
379.886 2575
379.900 2664
379.913 2699
379.927 2761
379.941 2770
379.954 2781
379.968 2844
379.982 2879
379.995 2911
380.009 2889
380.022 2994
380.036 2951
380.050 3034
380.063 3026
380.077 3210
380.090 3262
380.104 3380
380.118 3247
380.131 3352
380.145 3384
380.159 3426
380.172 3413
380.186 3458
380.199 3545
380.213 3664
380.227 3705
380.240 3781
380.254 3636
380.267 3729
380.281 3815
380.295 3786
380.308 3867
380.322 3893
380.336 3951
380.349 4048
380.363 4066
380.376 4149
380.390 4142
380.404 4307
380.417 4242
380.431 4340
380.444 4418
380.458 4452
380.472 4549
380.485 4495
380.499 4536
380.512 4631
380.526 4675
380.540 4743
380.553 4838
380.567 4903
380.580 4903
380.594 5008
380.608 5184
380.621 5381
380.635 5359
380.648 5466
380.662 5431
380.676 5569
380.689 5596
380.703 5636
380.716 5790
380.730 5831
380.744 5834
380.757 5910
380.771 6056
380.784 6151
380.798 6247
380.812 6218
380.825 6322
380.839 6503
380.852 6644
380.866 6748
380.880 6839
380.893 6911
380.907 6772
380.920 6961
380.934 6944
380.948 7078
380.961 7174
380.975 7140
380.988 7225
381.002 7155
381.015 7252
381.029 7350
381.043 7615
381.056 7715
381.070 7723
381.083 7598
381.097 7825
381.111 7784
381.124 8080
381.138 8212
381.151 8155
381.165 8280
381.179 8295
381.192 8451
381.206 8264
381.219 8407
381.233 8370
381.246 8467
381.260 8585
381.274 8752
381.287 8785
381.301 8894
381.314 8901
381.328 8932
381.341 8993
381.355 9105
381.369 9198
381.382 9206
381.396 9251
381.409 9474
381.423 9587
381.437 9705
381.450 9718
381.464 9782
381.477 10014
381.491 10338
381.504 10198
381.518 10224
381.532 10320
381.545 10406
381.559 10754
381.572 10639
381.586 10823
381.599 10787
381.613 10792
381.627 10890
381.640 11184
381.654 11183
381.667 11221
381.681 11268
381.694 11218
381.708 10974
381.722 11142
381.735 11113
381.749 11176
381.762 11344
381.776 11401
381.789 11345
381.803 11424
381.817 11438
381.830 11598
381.844 11573
381.857 11649
381.871 11882
381.884 11915
381.898 11843
381.911 12023
381.925 11885
381.939 12155
381.952 12296
381.966 12420
381.979 12327
381.993 12763
382.006 12809
382.020 13059
382.034 12988
382.047 12889
382.061 12859
382.074 12809
382.088 12883
382.101 12946
382.115 13074
382.128 13109
382.142 13396
382.156 14058
382.169 14086
382.183 13991
382.196 13903
382.210 13973
382.223 14035
382.237 14048
382.250 14007
382.264 14311
382.278 14336
382.291 14460
382.305 14625
382.318 14861
382.332 14975
382.345 14460
382.359 14477
382.372 14499
382.386 14607
382.399 14744
382.413 14820
382.427 14827
382.440 14979
382.454 15007
382.467 15219
382.481 15530
382.494 15765
382.508 16145
382.521 16288
382.535 16107
382.548 16043
382.562 16124
382.576 16133
382.589 16263
382.603 16434
382.616 16580
382.630 16673
382.643 16947
382.657 16996
382.670 17171
382.684 17106
382.697 17039
382.711 17250
382.724 17416
382.738 17384
382.752 17512
382.765 17724
382.779 17826
382.792 17999
382.806 17924
382.819 18104
382.833 18279
382.846 18488
382.860 18693
382.873 18800
382.887 18691
382.900 19040
382.914 18979
382.928 19232
382.941 19586
382.955 19561
382.968 19811
382.982 20041
382.995 19941
383.009 20071
383.022 20237
383.036 20384
383.049 20572
383.063 20475
383.076 20772
383.090 20771
383.103 20604
383.117 20946
383.130 21013
383.144 21222
383.158 21282
383.171 21447
383.185 21744
383.198 21668
383.212 22084
383.225 21994
383.239 22627
383.252 22891
383.266 22679
383.279 22742
383.293 23250
383.306 23099
383.320 23560
383.333 23901
383.347 24013
383.360 23938
383.374 23966
383.387 24087
383.401 24069
383.414 24073
383.428 23872
383.441 24202
383.455 24303
383.468 24160
383.482 24308
383.496 24852
383.509 24938
383.523 24885
383.536 24880
383.550 25011
383.563 24985
383.577 25127
383.590 25421
383.604 25352
383.617 25000
383.631 25214
383.644 24897
383.658 24993
383.671 24769
383.685 24762
383.698 25038
383.712 25308
383.725 25075
383.739 24928
383.752 24841
383.766 24929
383.779 24814
383.793 24791
383.806 24992
383.820 25461
383.833 25336
383.847 25272
383.860 25412
383.874 25320
383.887 24796
383.901 24743
383.914 25164
383.928 25156
383.941 24928
383.955 24337
383.968 24376
383.982 24363
383.995 23981
384.009 24103
384.022 24130
384.036 24138
384.049 23916
384.063 23893
384.076 24122
384.090 24302
384.103 24572
384.117 24600
384.130 23895
384.144 23284
384.157 22968
384.171 22530
384.184 22466
384.198 22292
384.211 21970
384.225 21718
384.238 21932
384.252 21950
384.265 21528
384.279 21334
384.292 20899
384.306 20736
384.319 20310
384.333 19707
384.346 19216
384.360 18798
384.373 18597
384.387 18255
384.400 17861
384.414 17345
384.427 17096
384.441 16744
384.454 16308
384.468 15882
384.481 15508
384.495 15181
384.508 14678
384.522 14275
384.535 13795
384.549 13411
384.562 13111
384.575 12752
384.589 12674
384.602 12396
384.616 12276
384.629 11784
384.643 11388
384.656 11043
384.670 10608
384.683 10312
384.697 9970
384.710 9538
384.724 9361
384.737 9055
384.751 8797
384.764 8624
384.778 8304
384.791 8210
384.805 7970
384.818 7728
384.832 7305
384.845 7435
384.859 7214
384.872 7010
384.885 6708
384.899 6519
384.912 6543
384.926 6281
384.939 6098
384.953 6020
384.966 5895
384.980 5891
384.993 5716
385.007 5646
385.020 5433
385.034 5417
385.047 5277
385.061 5250
385.074 5143
385.088 5011
385.101 4932
385.114 4970
385.128 4777
385.141 4821
385.155 4711
385.168 4681
385.182 4802
385.195 4618
385.209 4612
385.222 4446
385.236 4501
385.249 4357
385.263 4273
385.276 4254
385.290 4106
385.303 4054
385.316 3983
385.330 3976
385.343 3939
385.357 3854
385.370 3810
385.384 3819
385.397 3733
385.411 3620
385.424 3622
385.438 3658
385.451 3610
385.464 3585
385.478 3579
385.491 3514
385.505 3444
385.518 3464
385.532 3435
385.545 3325
385.559 3323
385.572 3313
385.586 3240
385.599 3247
385.612 3306
385.626 3236
385.639 3237
385.653 3240
385.666 3169
385.680 3219
385.693 3163
385.707 3166
385.720 3023
385.734 3078
385.747 2997
385.760 2974
385.774 2950
385.787 2953
385.801 2911
385.814 2776
385.828 2828
385.841 2821
385.855 2830
385.868 2801
385.881 2718
385.895 2765
385.908 2729
385.922 2673
385.935 2677
385.949 2650
385.962 2560
385.976 2580
385.989 2590
386.002 2628
386.016 2555
386.029 2646
386.043 2602
386.056 2555
386.070 2543
386.083 2558
386.097 2515
386.110 2532
386.123 2533
386.137 2502
386.150 2475
386.164 2463
386.177 2411
386.191 2461
386.204 2400
386.217 2363
386.231 2340
386.244 2365
386.258 2355
386.271 2343
386.285 2333
386.298 2372
386.311 2289
386.325 2299
386.338 2269
386.352 2261
386.365 2266
386.379 2237
386.392 2226
386.405 2167
386.419 2196
386.432 2198
386.446 2204
386.459 2159
386.473 2203
386.486 2121
386.499 2128
386.513 2094
386.526 2157
386.540 2092
386.553 2105
386.567 2112
386.580 2076
386.593 2117
386.607 2133
386.620 2098
386.634 2082
386.647 2091
386.661 2046
386.674 2025
386.687 1983
386.701 1975
386.714 2016
386.728 2000
386.741 1947
386.754 1959
386.768 1982
386.781 1953
386.795 1967
386.808 1897
386.822 1912
386.835 1887
386.848 1884
386.862 1886
386.875 1837
386.889 1840
386.902 1873
386.915 1819
386.929 1799
386.942 1818
386.956 1807
386.969 1781
386.983 1768
386.996 1762
387.009 1780
387.023 1768
387.036 1752
387.050 1753
387.063 1791
387.076 1746
387.090 1748
387.103 1721
387.117 1705
387.130 1700
387.143 1759
387.157 1733
387.170 1732
387.184 1692
387.197 1688
387.210 1663
387.224 1675
387.237 1652
387.251 1691
387.264 1624
387.278 1597
387.291 1642
387.304 1615
387.318 1609
387.331 1583
387.345 1595
387.358 1606
387.371 1566
387.385 1587
387.398 1548
387.412 1541
387.425 1551
387.438 1477
387.452 1463
387.465 1510
387.478 1452
387.492 1470
387.505 1454
387.519 1462
387.532 1497
387.545 1469
387.559 1507
387.572 1471
387.586 1498
387.599 1487
387.612 1458
387.626 1452
387.639 1465
387.653 1448
387.666 1414
387.679 1398
387.693 1376
387.706 1383
387.720 1381
387.733 1379
387.746 1388
387.760 1395
387.773 1367
387.787 1374
387.800 1364
387.813 1374
387.827 1331
387.840 1356
387.853 1333
387.867 1311
387.880 1338
387.894 1386
387.907 1346
387.920 1342
387.934 1308
387.947 1314
387.961 1364
387.974 1284
387.987 1294
388.001 1280
388.014 1270
388.027 1284
388.041 1232
388.054 1237
388.068 1264
388.081 1226
388.094 1269
388.108 1250
388.121 1237
388.134 1215
388.148 1198
388.161 1215
388.175 1217
388.188 1202
388.201 1190
388.215 1196
388.228 1223
388.241 1187
388.255 1160
388.268 1192
388.282 1190
388.295 1156
388.308 1182
388.322 1170
388.335 1150
388.348 1142
388.362 1140
388.375 1173
388.389 1170
388.402 1164
388.415 1186
388.429 1193
388.442 1199
388.455 1185
388.469 1175
388.482 1178
388.495 1164
388.509 1193
388.522 1191
388.536 1172
388.549 1189
388.562 1154
388.576 1166
388.589 1157
388.602 1113
388.616 1146
388.629 1166
388.642 1161
388.656 1133
388.669 1152
388.683 1134
388.696 1133
388.709 1145
388.723 1143
388.736 1134
388.749 1134
388.763 1128
388.776 1124
388.789 1139
388.803 1131
388.816 1124
388.829 1116
388.843 1124
388.856 1104
388.870 1115
388.883 1111
388.896 1101
388.910 1122
388.923 1123
388.936 1128
388.950 1113
388.963 1100
388.976 1106
388.990 1115
389.003 1106
389.016 1090
389.030 1110
389.043 1104
389.056 1108
389.070 1085
389.083 1126
389.097 1078
389.110 1089
389.123 1108
389.137 1085
389.150 1106
389.163 1072
389.177 1080
389.190 1067
389.203 1088
389.217 1074
389.230 1065
389.243 1053
389.257 1051
389.270 1055
389.283 1068
389.297 1056
389.310 1057
389.323 1058
389.337 1042
389.350 1059
389.363 1036
389.377 1059
389.390 1064
389.403 1038
389.417 1061
389.430 1048
389.443 1034
389.457 1065
389.470 1063
389.483 1070
389.497 1051
389.510 1026
389.523 1074
389.537 1052
389.550 1040
389.563 1029
389.577 1037
389.590 1024
389.603 1007
389.617 1037
389.630 1010
389.643 995
389.657 996
389.670 1009
389.683 1014
389.697 984
389.710 1019
389.723 1022
389.737 1009
389.750 1018
389.763 1017
389.777 1001
389.790 1004
389.803 1001
389.817 962
389.830 991
389.843 961
389.857 955
389.870 981
389.883 941
389.897 969
389.910 946
389.923 968
389.937 962
389.950 961
389.963 955
389.977 966
389.990 954
390.003 951
390.017 974
390.030 949
390.043 961
390.057 928
390.070 929
390.083 943
390.096 927
390.110 937
390.123 951
390.136 923
390.150 923
390.163 938
390.176 910
390.190 911
390.203 910
390.216 901
390.230 892
390.243 881
390.256 905
390.270 867
390.283 886
390.296 887
390.310 873
390.323 874
390.336 893
390.349 876
390.363 898
390.376 875
390.389 894
390.403 878
390.416 850
390.429 866
390.443 875
390.456 851
390.469 855
390.483 842
390.496 833
390.509 841
390.522 836
390.536 833
390.549 847
390.562 822
390.576 829
390.589 836
390.602 833
390.616 815
390.629 823
390.642 825
390.655 832
390.669 822
390.682 812
390.695 799
390.709 807
390.722 813
390.735 794
390.749 795
390.762 793
390.775 802
390.788 811
390.802 797
390.815 790
390.828 789
390.842 788
390.855 769
390.868 786
390.882 791
390.895 770
390.908 769
390.921 769
390.935 770
390.948 771
390.961 787
390.975 785
390.988 766
391.001 769
391.014 756
391.028 765
391.041 768
391.054 782
391.068 765
391.081 757
391.094 769
391.107 758
391.121 756
391.134 760
391.147 741
391.161 742
391.174 754
391.187 753
391.200 730
391.214 752
391.227 746
391.240 736
391.254 741
391.267 751
391.280 732
391.293 739
391.307 753
391.320 730
391.333 743
391.347 737
391.360 735
391.373 718
391.386 740
391.400 718
391.413 734
391.426 740
391.440 724
391.453 729
391.466 734
391.479 724
391.493 716
391.506 719
391.519 737
391.532 729
391.546 730
391.559 721
391.572 731
391.586 719
391.599 729
391.612 723
391.625 718
391.639 723
391.652 728
391.665 724
391.678 722
391.692 731
391.705 721
391.718 722
391.732 718
391.745 717
391.758 718
391.771 698
391.785 703
391.798 725
391.811 706
391.824 723
391.838 710
391.851 698
391.864 710
391.877 708
391.891 713
391.904 722
391.917 711
391.931 717
391.944 721
391.957 703
391.970 711
391.984 712
391.997 710
392.010 704
392.023 718
392.037 715
392.050 705
392.063 707
392.076 706
392.090 711
392.103 720
392.116 699
392.129 702
392.143 695
392.156 719
392.169 706
392.182 698
392.196 708
392.209 717
392.222 699
392.235 702
392.249 713
392.262 697
392.275 700
392.288 700
392.302 708
392.315 698
392.328 675
392.341 703
392.355 690
392.368 700
392.381 693
392.394 701
392.408 693
392.421 697
392.434 690
392.447 707
392.461 714
392.474 695
392.487 694
392.500 692
392.514 696
392.527 698
392.540 696
392.553 688
392.567 692
392.580 696
392.593 694
392.606 688
392.620 690
392.633 689
392.646 682
392.659 699
392.673 696
392.686 691
392.699 684
392.712 686
392.726 689
392.739 687
392.752 694
392.765 682
392.778 676
392.792 692
392.805 700
392.818 690
392.831 693
392.845 693
392.858 693
392.871 676
392.884 693
392.898 685
392.911 681
392.924 683
392.937 704
392.951 676
392.964 688
392.977 692
392.990 692
393.003 697
393.017 688
393.030 677
393.043 695
393.056 681
393.070 692
393.083 689
393.096 684
393.109 688
393.122 682
393.136 688
393.149 689
393.162 683
393.175 684
393.189 676
393.202 674
393.215 688
393.228 674
393.242 694
393.255 678
393.268 677
393.281 683
393.294 682
393.308 676
393.321 688
393.334 678
393.347 676
393.360 691
393.374 679
393.387 677
393.400 668
393.413 679
393.427 676
393.440 682
393.453 678
393.466 684
393.479 685
393.493 673
393.506 664
393.519 671
393.532 680
393.546 682
393.559 676
393.572 668
393.585 684
393.598 675
393.612 672
393.625 679
393.638 680
393.651 680
393.664 671
393.678 672
393.691 680
393.704 684
393.717 662
393.730 674
393.744 678
393.757 682
393.770 677
393.783 670
393.796 680
393.810 668
393.823 678
393.836 674
393.849 661
393.863 670
393.876 668
393.889 669
393.902 669
393.915 677
393.929 667
