375.891 822
375.905 850
375.919 828
375.933 827
375.946 854
375.960 828
375.974 844
375.987 842
376.001 840
376.015 861
376.029 850
376.042 847
376.056 857
376.070 851
376.084 856
376.097 879
376.111 879
376.125 882
376.139 878
376.152 881
376.166 889
376.180 896
376.193 907
376.207 893
376.221 900
376.235 898
376.248 896
376.262 919
376.276 918
376.290 908
376.303 922
376.317 908
376.331 910
376.345 905
376.358 923
376.372 920
376.386 930
376.399 927
376.413 940
376.427 955
376.441 956
376.454 940
376.468 953
376.482 974
376.495 984
376.509 983
376.523 967
376.537 991
376.550 993
376.564 1018
376.578 1001
376.592 1013
376.605 1005
376.619 1016
376.633 1034
376.646 1026
376.660 1023
376.674 1048
376.688 1041
376.701 1027
376.715 1046
376.729 1043
376.742 1043
376.756 1070
376.770 1061
376.784 1061
376.797 1075
376.811 1093
376.825 1101
376.838 1100
376.852 1105
376.866 1113
376.880 1118
376.893 1123
376.907 1157
376.921 1122
376.934 1137
376.948 1138
376.962 1120
376.976 1141
376.989 1159
377.003 1141
377.017 1181
377.030 1180
377.044 1168
377.058 1190
377.071 1171
377.085 1174
377.099 1188
377.113 1215
377.126 1229
377.140 1219
377.154 1224
377.167 1246
377.181 1239
377.195 1234
377.208 1249
377.222 1239
377.236 1266
377.250 1266
377.263 1271
377.277 1264
377.291 1297
377.304 1315
377.318 1288
377.332 1319
377.345 1316
377.359 1314
377.373 1307
377.387 1331
377.400 1340
377.414 1319
377.428 1348
377.441 1346
377.455 1356
377.469 1340
377.482 1367
377.496 1363
377.510 1374
377.524 1407
377.537 1374
377.551 1424
377.565 1376
377.578 1377
377.592 1385
377.606 1398
377.619 1397
377.633 1410
377.647 1389
377.660 1424
377.674 1426
377.688 1384
377.701 1446
377.715 1441
377.729 1446
377.743 1415
377.756 1462
377.770 1469
377.784 1416
377.797 1446
377.811 1468
377.825 1450
377.838 1470
377.852 1493
377.866 1491
377.879 1484
377.893 1507
377.907 1523
377.920 1486
377.934 1503
377.948 1496
377.961 1516
377.975 1476
377.989 1507
378.002 1524
378.016 1502
378.030 1516
378.044 1503
378.057 1526
378.071 1554
378.085 1517
378.098 1517
378.112 1583
378.126 1535
378.139 1532
378.153 1526
378.167 1570
378.180 1541
378.194 1544
378.208 1566
378.221 1584
378.235 1577
378.249 1580
378.262 1572
378.276 1575
378.290 1554
378.303 1577
378.317 1543
378.331 1563
378.344 1593
378.358 1603
378.372 1635
378.385 1591
378.399 1600
378.413 1593
378.426 1646
378.440 1634
378.454 1648
378.467 1639
378.481 1629
378.495 1626
378.508 1619
378.522 1633
378.536 1635
378.549 1662
378.563 1640
378.577 1692
378.590 1666
378.604 1689
378.618 1680
378.631 1676
378.645 1694
378.659 1722
378.672 1723
378.686 1744
378.700 1771
378.713 1776
378.727 1805
378.740 1730
378.754 1794
378.768 1763
378.781 1798
378.795 1786
378.809 1798
378.822 1811
378.836 1750
378.850 1748
378.863 1745
378.877 1792
378.891 1796
378.904 1817
378.918 1803
378.932 1824
378.945 1807
378.959 1814
378.973 1797
378.986 1826
379.000 1790
379.014 1757
379.027 1856
379.041 1851
379.054 1844
379.068 1839
379.082 1828
379.095 1841
379.109 1869
379.123 1866
379.136 1869
379.150 1874
379.164 1886
379.177 1894
379.191 1915
379.205 1937
379.218 1904
379.232 1961
379.245 1995
379.259 1997
379.273 1991
379.286 2003
379.300 2004
379.314 2007
379.327 1994
379.341 2000
379.355 2068
379.368 2045
379.382 2066
379.396 2097
379.409 2090
379.423 2125
379.436 2110
379.450 2109
379.464 2093
379.477 2156
379.491 2162
379.505 2188
379.518 2183
379.532 2255
379.546 2221
379.559 2249
379.573 2268
379.586 2219
379.600 2293
379.614 2346
379.627 2388
379.641 2369
379.655 2390
379.668 2364
379.682 2411
379.695 2398
379.709 2460
379.723 2403
379.736 2494
379.750 2612
379.764 2649
379.777 2723
379.791 2705
379.804 2715
379.818 2730
379.832 2700
379.845 2638
379.859 2666
379.873 2664
379.886 2690
379.900 2759
379.913 2798
379.927 2867
379.941 2852
379.954 2973
379.968 2978
379.982 3011
379.995 3000
380.009 3043
380.022 3104
380.036 3079
380.050 3189
380.063 3254
380.077 3375
380.090 3423
380.104 3467
380.118 3538
380.131 3560
380.145 3567
380.159 3573
380.172 3660
380.186 3710
380.199 3717
380.213 3817
380.227 3940
380.240 3941
380.254 3891
380.267 3870
380.281 3954
380.295 4026
380.308 3969
380.322 4107
380.336 4112
380.349 4238
380.363 4270
380.376 4322
380.390 4326
380.404 4453
380.417 4496
380.431 4512
380.444 4611
380.458 4687
380.472 4658
380.485 4811
380.499 4809
380.512 4860
380.526 4952
380.540 5036
380.553 5049
380.567 5126
380.580 5137
380.594 5306
380.608 5424
380.621 5649
380.635 5611
380.648 5758
380.662 5712
380.676 5794
380.689 5924
380.703 5911
380.716 6019
380.730 6109
380.744 6156
380.757 6289
380.771 6355
380.784 6551
380.798 6525
380.812 6653
380.825 6703
380.839 6814
380.852 6917
380.866 7152
380.880 7228
380.893 7129
380.907 7121
380.920 7271
380.934 7348
380.948 7494
380.961 7429
380.975 7565
380.988 7698
381.002 7543
381.015 7764
381.029 7829
381.043 7992
381.056 8028
381.070 8139
381.083 8091
381.097 8313
381.111 8273
381.124 8528
381.138 8590
381.151 8604
381.165 8661
381.179 8818
381.192 8781
381.206 8809
381.219 8773
381.233 8873
381.246 8869
381.260 9149
381.274 9152
381.287 9257
381.301 9282
381.314 9419
381.328 9522
381.341 9443
381.355 9562
381.369 9706
381.382 9674
381.396 9793
381.409 9858
381.423 10149
381.437 10214
381.450 10342
381.464 10441
381.477 10498
381.491 10678
381.504 10589
381.518 10699
381.532 10810
381.545 11072
381.559 11305
381.572 11268
381.586 11199
381.599 11357
381.613 11476
381.627 11581
381.640 11605
381.654 11769
381.667 11819
381.681 11765
381.694 11836
381.708 11623
381.722 11620
381.735 11731
381.749 11676
381.762 11836
381.776 11907
381.789 11950
381.803 11967
381.817 12065
381.830 12202
381.844 12263
381.857 12415
381.871 12532
381.884 12549
381.898 12402
381.911 12610
381.925 12650
381.939 12666
381.952 12828
381.966 12855
381.979 12936
381.993 13230
382.006 13473
382.020 13652
382.034 13790
382.047 13441
382.061 13411
382.074 13498
382.088 13466
382.101 13597
382.115 13698
382.128 13753
382.142 13996
382.156 14727
382.169 14533
382.183 14620
382.196 14447
382.210 14720
382.223 14557
382.237 14719
382.250 14734
382.264 15042
382.278 15083
382.291 15075
382.305 15536
382.318 15471
382.332 15794
382.345 15134
382.359 15012
382.372 15269
382.386 15381
382.399 15396
382.413 15447
382.427 15533
382.440 15621
382.454 15898
382.467 16045
382.481 16256
382.494 16594
382.508 17016
382.521 17040
382.535 16707
382.548 16823
382.562 16964
382.576 16982
382.589 17011
382.603 17205
382.616 17402
382.630 17411
382.643 17718
382.657 17902
382.670 17910
382.684 18078
382.697 17915
382.711 17979
382.724 18217
382.738 18116
382.752 18351
382.765 18337
382.779 18643
382.792 18772
382.806 18876
382.819 19069
382.833 19175
382.846 19365
382.860 19620
382.873 19583
382.887 19742
382.900 19946
382.914 19956
382.928 20254
382.941 20497
382.955 20583
382.968 20835
382.982 21069
382.995 21004
383.009 21122
383.022 21278
383.036 21477
383.049 21544
383.063 21699
383.076 21774
383.090 21944
383.103 21879
383.117 21883
383.130 21976
383.144 22308
383.158 22404
383.171 22656
383.185 22760
383.198 22985
383.212 23334
383.225 23530
383.239 24012
383.252 24195
383.266 23988
383.279 24257
383.293 24314
383.306 24603
383.320 24875
383.333 25380
383.347 25422
383.360 25492
383.374 25154
383.387 25447
383.401 25593
383.414 25672
383.428 25546
383.441 25426
383.455 25527
383.468 25653
383.482 25684
383.496 26453
383.509 26680
383.523 26610
383.536 26526
383.550 26640
383.563 26551
383.577 26924
383.590 27111
383.604 26926
383.617 26785
383.631 26802
383.644 26346
383.658 26296
383.671 26226
383.685 26469
383.698 26708
383.712 26843
383.725 26890
383.739 26541
383.752 26402
383.766 26387
383.779 26501
383.793 26646
383.806 26557
383.820 27214
383.833 26981
383.847 27025
383.860 27184
383.874 27180
383.887 26332
383.901 26362
383.914 26687
383.928 26704
383.941 26565
383.955 26033
383.968 25879
383.982 26031
383.995 25738
384.009 26085
384.022 25801
384.036 25615
384.049 25733
384.063 25626
384.076 26125
384.090 26158
384.103 26409
384.117 26592
384.130 25942
384.144 25086
384.157 24891
384.171 24353
384.184 24042
384.198 24126
384.211 23758
384.225 23607
384.238 23945
384.252 23823
384.265 23221
384.279 23255
384.292 22893
384.306 22669
384.319 22334
384.333 21613
384.346 21095
384.360 20730
384.373 20368
384.387 20124
384.400 20037
384.414 19369
384.427 19093
384.441 18832
384.454 18205
384.468 17778
384.481 17467
384.495 17149
384.508 16715
384.522 16325
384.535 16051
384.549 15532
384.562 15097
384.575 14732
384.589 14501
384.602 14385
384.616 14173
384.629 13674
384.643 13216
384.656 13047
384.670 12511
384.683 12010
384.697 11641
384.710 11312
384.724 10892
384.737 10645
384.751 10339
384.764 10037
384.778 9722
384.791 9613
384.805 9315
384.818 9133
384.832 8823
384.845 8453
384.859 8211
384.872 8016
384.885 7854
384.899 7408
384.912 7283
384.926 7126
384.939 6983
384.953 6723
384.966 6526
384.980 6404
384.993 6295
385.007 6201
385.020 5989
385.034 5879
385.047 5751
385.061 5554
385.074 5468
385.088 5391
385.101 5326
385.114 5212
385.128 5052
385.141 5060
385.155 4940
385.168 4945
385.182 4878
385.195 4807
385.209 4820
385.222 4676
385.236 4540
385.249 4549
385.263 4375
385.276 4354
385.290 4262
385.303 4177
385.316 4082
385.330 4150
385.343 4035
385.357 4016
385.370 3925
385.384 3830
385.397 3890
385.411 3703
385.424 3692
385.438 3693
385.451 3701
385.464 3663
385.478 3592
385.491 3616
385.505 3522
385.518 3576
385.532 3455
385.545 3496
385.559 3325
385.572 3363
385.586 3252
385.599 3344
385.612 3251
385.626 3333
385.639 3216
385.653 3303
385.666 3359
385.680 3221
385.693 3160
385.707 3218
385.720 3144
385.734 3108
385.747 2975
385.760 3001
385.774 2985
385.787 2927
385.801 2971
385.814 2876
385.828 2777
385.841 2848
385.855 2850
385.868 2775
385.881 2774
385.895 2797
385.908 2769
385.922 2700
385.935 2716
385.949 2626
385.962 2644
385.976 2642
385.989 2649
386.002 2642
386.016 2711
386.029 2681
386.043 2612
386.056 2586
386.070 2483
386.083 2489
386.097 2583
386.110 2538
386.123 2490
386.137 2534
386.150 2455
386.164 2457
386.177 2484
386.191 2456
386.204 2415
386.217 2377
386.231 2450
386.244 2380
386.258 2388
386.271 2399
386.285 2391
386.298 2368
386.311 2331
386.325 2328
386.338 2286
386.352 2271
386.365 2321
386.379 2237
386.392 2229
386.405 2266
386.419 2189
386.432 2288
386.446 2230
386.459 2231
386.473 2270
386.486 2158
386.499 2140
386.513 2208
386.526 2178
386.540 2113
386.553 2078
386.567 2052
386.580 2110
386.593 2133
386.607 2114
386.620 2103
386.634 2113
386.647 2115
386.661 2099
386.674 2083
386.687 2086
386.701 2024
386.714 2005
386.728 2012
386.741 2006
386.754 1994
386.768 1995
386.781 1958
386.795 1952
386.808 1938
386.822 1898
386.835 1896
386.848 1905
386.862 1894
386.875 1877
386.889 1895
386.902 1813
386.915 1908
386.929 1886
386.942 1857
386.956 1849
386.969 1819
386.983 1763
386.996 1799
387.009 1807
387.023 1770
387.036 1807
387.050 1821
387.063 1824
387.076 1756
387.090 1755
387.103 1743
387.117 1730
387.130 1744
387.143 1772
387.157 1760
387.170 1716
387.184 1688
387.197 1753
387.210 1726
387.224 1709
387.237 1669
387.251 1641
387.264 1642
387.278 1663
387.291 1629
387.304 1637
387.318 1628
387.331 1629
387.345 1629
387.358 1613
387.371 1589
387.385 1591
387.398 1600
387.412 1577
387.425 1532
387.438 1533
387.452 1498
387.465 1471
387.478 1502
387.492 1508
387.505 1509
387.519 1492
387.532 1511
387.545 1518
387.559 1493
387.572 1508
387.586 1455
387.599 1471
387.612 1495
387.626 1501
387.639 1450
387.653 1457
387.666 1423
387.679 1393
387.693 1395
387.706 1371
387.720 1401
387.733 1395
387.746 1394
387.760 1376
387.773 1377
387.787 1362
387.800 1383
387.813 1363
387.827 1365
387.840 1331
387.853 1316
387.867 1314
387.880 1315
387.894 1346
387.907 1321
387.920 1312
387.934 1328
387.947 1315
387.961 1301
387.974 1267
387.987 1278
388.001 1274
388.014 1254
388.027 1269
388.041 1281
388.054 1282
388.068 1274
388.081 1267
388.094 1249
388.108 1251
388.121 1241
388.134 1234
388.148 1227
388.161 1191
388.175 1215
388.188 1183
388.201 1193
388.215 1199
388.228 1173
388.241 1194
388.255 1209
388.268 1179
388.282 1199
388.295 1179
388.308 1194
388.322 1170
388.335 1159
388.348 1156
388.362 1150
388.375 1175
388.389 1179
388.402 1184
388.415 1144
388.429 1185
388.442 1182
388.455 1182
388.469 1177
388.482 1177
388.495 1186
388.509 1206
388.522 1222
388.536 1195
388.549 1136
388.562 1146
388.576 1135
388.589 1155
388.602 1144
388.616 1134
388.629 1153
388.642 1147
388.656 1122
388.669 1130
388.683 1128
388.696 1120
388.709 1132
388.723 1133
388.736 1137
388.749 1113
388.763 1116
388.776 1109
388.789 1112
388.803 1129
388.816 1111
388.829 1086
388.843 1131
388.856 1132
388.870 1103
388.883 1109
388.896 1111
388.910 1124
388.923 1113
388.936 1120
388.950 1149
388.963 1139
388.976 1128
388.990 1096
389.003 1123
389.016 1123
389.030 1113
389.043 1113
389.056 1139
389.070 1105
389.083 1102
389.097 1085
389.110 1122
389.123 1072
389.137 1112
389.150 1094
389.163 1098
389.177 1104
389.190 1061
389.203 1071
389.217 1084
389.230 1074
389.243 1076
389.257 1050
389.270 1072
389.283 1054
389.297 1060
389.310 1052
389.323 1065
389.337 1060
389.350 1046
389.363 1046
389.377 1078
389.390 1058
389.403 1056
389.417 1067
389.430 1068
389.443 1039
389.457 1047
389.470 1063
389.483 1048
389.497 1053
389.510 1058
389.523 1032
389.537 1051
389.550 1043
389.563 1039
389.577 1053
389.590 1034
389.603 1019
389.617 1018
389.630 1024
389.643 1039
389.657 1030
389.670 1000
389.683 1002
389.697 1013
389.710 1013
389.723 1002
389.737 1023
389.750 1042
389.763 1021
389.777 987
389.790 1012
389.803 1005
389.817 1000
389.830 1009
389.843 973
389.857 965
389.870 960
389.883 976
389.897 981
389.910 974
389.923 988
389.937 944
389.950 978
389.963 948
389.977 978
389.990 941
390.003 967
390.017 969
390.030 957
390.043 952
390.057 960
390.070 945
390.083 932
390.096 931
390.110 949
390.123 937
390.136 926
390.150 920
390.163 925
390.176 923
390.190 924
390.203 918
390.216 917
390.230 930
390.243 910
390.256 886
390.270 890
390.283 906
390.296 903
390.310 894
390.323 884
390.336 885
390.349 896
390.363 883
390.376 872
390.389 891
390.403 878
390.416 883
390.429 856
390.443 871
390.456 862
390.469 868
390.483 836
390.496 843
390.509 846
390.522 837
390.536 843
390.549 845
390.562 843
390.576 832
390.589 840
390.602 843
390.616 827
390.629 812
390.642 834
390.655 814
390.669 823
390.682 817
390.695 832
390.709 819
390.722 789
390.735 810
390.749 794
390.762 815
390.775 807
390.788 793
390.802 785
390.815 804
390.828 802
390.842 792
390.855 798
390.868 788
390.882 794
390.895 775
390.908 772
390.921 770
390.935 786
390.948 771
390.961 777
390.975 766
390.988 780
391.001 771
391.014 741
391.028 769
391.041 769
391.054 761
391.068 772
391.081 774
391.094 770
391.107 753
391.121 755
391.134 753
391.147 753
391.161 741
391.174 748
391.187 755
391.200 752
391.214 754
391.227 758
391.240 731
391.254 760
391.267 733
391.280 733
391.293 742
391.307 730
391.320 743
391.333 731
391.347 723
391.360 750
391.373 739
391.386 738
391.400 727
391.413 737
391.426 734
391.440 732
391.453 729
391.466 730
391.479 738
391.493 738
391.506 741
391.519 727
391.532 737
391.546 729
391.559 732
391.572 723
391.586 732
391.599 729
391.612 705
391.625 720
391.639 723
391.652 723
391.665 715
391.678 727
391.692 709
391.705 729
391.718 715
391.732 706
391.745 729
391.758 713
391.771 722
391.785 716
391.798 723
391.811 710
391.824 708
391.838 719
391.851 721
391.864 721
391.877 709
391.891 700
391.904 710
391.917 715
391.931 715
391.944 720
391.957 715
391.970 708
391.984 711
391.997 712
392.010 712
392.023 705
392.037 713
392.050 703
392.063 705
392.076 700
392.090 700
392.103 702
392.116 705
392.129 716
392.143 704
392.156 718
392.169 706
392.182 699
392.196 704
392.209 706
392.222 700
392.235 702
392.249 699
392.262 693
392.275 703
392.288 693
392.302 699
392.315 693
392.328 708
392.341 706
392.355 703
392.368 692
392.381 687
392.394 692
392.408 701
392.421 692
392.434 687
392.447 702
392.461 698
392.474 699
392.487 697
392.500 697
392.514 688
392.527 700
392.540 706
392.553 690
392.567 700
392.580 698
392.593 698
392.606 695
392.620 690
392.633 692
392.646 687
392.659 702
392.673 697
392.686 691
392.699 679
392.712 696
392.726 667
392.739 681
392.752 679
392.765 690
392.778 695
392.792 679
392.805 692
392.818 682
392.831 690
392.845 712
392.858 694
392.871 692
392.884 683
392.898 691
392.911 689
392.924 689
392.937 689
392.951 694
392.964 694
392.977 689
392.990 694
393.003 681
393.017 685
393.030 700
393.043 665
393.056 693
393.070 690
393.083 688
393.096 685
393.109 681
393.122 693
393.136 680
393.149 675
393.162 685
393.175 692
393.189 686
393.202 687
393.215 690
393.228 686
393.242 688
393.255 677
393.268 666
393.281 690
393.294 674
393.308 691
393.321 695
393.334 689
393.347 687
393.360 681
393.374 680
393.387 681
393.400 676
393.413 673
393.427 683
393.440 683
393.453 674
393.466 666
393.479 677
393.493 681
393.506 676
393.519 676
393.532 675
393.546 672
393.559 672
393.572 682
393.585 686
393.598 680
393.612 682
393.625 666
393.638 673
393.651 673
393.664 682
393.678 672
393.691 688
393.704 682
393.717 660
393.730 669
393.744 676
393.757 672
393.770 672
393.783 668
393.796 667
393.810 671
393.823 676
393.836 671
393.849 670
393.863 667
393.876 676
393.889 675
393.902 672
393.915 669
393.929 679
