375.891 806
375.905 814
375.919 809
375.933 809
375.946 814
375.960 811
375.974 831
375.987 838
376.001 823
376.015 818
376.029 834
376.042 832
376.056 846
376.070 856
376.084 848
376.097 836
376.111 856
376.125 851
376.139 854
376.152 868
376.166 885
376.180 883
376.193 882
376.207 868
376.221 863
376.235 884
376.248 888
376.262 888
376.276 888
376.290 896
376.303 874
376.317 887
376.331 895
376.345 921
376.358 899
376.372 902
376.386 913
376.399 910
376.413 903
376.427 931
376.441 951
376.454 923
376.468 925
376.482 938
376.495 941
376.509 941
376.523 965
376.537 962
376.550 962
376.564 990
376.578 980
376.592 973
376.605 983
376.619 996
376.633 980
376.646 951
376.660 1006
376.674 968
376.688 981
376.701 985
376.715 1000
376.729 1003
376.742 1038
376.756 1024
376.770 1025
376.784 1037
376.797 1054
376.811 1048
376.825 1031
376.838 1053
376.852 1078
376.866 1068
376.880 1096
376.893 1060
376.907 1067
376.921 1065
376.934 1086
376.948 1099
376.962 1091
376.976 1112
376.989 1111
377.003 1124
377.017 1154
377.030 1148
377.044 1152
377.058 1170
377.071 1173
377.085 1161
377.099 1140
377.113 1133
377.126 1159
377.140 1158
377.154 1180
377.167 1166
377.181 1181
377.195 1170
377.208 1181
377.222 1191
377.236 1189
377.250 1216
377.263 1216
377.277 1233
377.291 1255
377.304 1235
377.318 1235
377.332 1268
377.345 1221
377.359 1239
377.373 1226
377.387 1274
377.400 1258
377.414 1270
377.428 1271
377.441 1216
377.455 1298
377.469 1291
377.482 1346
377.496 1343
377.510 1320
377.524 1311
377.537 1334
377.551 1299
377.565 1342
377.578 1315
377.592 1353
377.606 1334
377.619 1307
377.633 1323
377.647 1330
377.660 1355
377.674 1355
377.688 1331
377.701 1342
377.715 1355
377.729 1384
377.743 1378
377.756 1390
377.770 1367
377.784 1386
377.797 1380
377.811 1391
377.825 1386
377.838 1383
377.852 1387
377.866 1421
377.879 1442
377.893 1424
377.907 1433
377.920 1410
377.934 1431
377.948 1445
377.961 1452
377.975 1434
377.989 1429
378.002 1398
378.016 1418
378.030 1455
378.044 1439
378.057 1450
378.071 1462
378.085 1497
378.098 1491
378.112 1473
378.126 1486
378.139 1472
378.153 1468
378.167 1441
378.180 1481
378.194 1496
378.208 1514
378.221 1491
378.235 1508
378.249 1497
378.262 1479
378.276 1504
378.290 1528
378.303 1505
378.317 1484
378.331 1495
378.344 1513
378.358 1517
378.372 1533
378.385 1555
378.399 1541
378.413 1550
378.426 1544
378.440 1541
378.454 1548
378.467 1555
378.481 1556
378.495 1551
378.508 1560
378.522 1558
378.536 1541
378.549 1540
378.563 1549
378.577 1572
378.590 1572
378.604 1609
378.618 1604
378.631 1609
378.645 1632
378.659 1583
378.672 1656
378.686 1645
378.700 1680
378.713 1691
378.727 1670
378.740 1656
378.754 1691
378.768 1668
378.781 1727
378.795 1690
378.809 1703
378.822 1698
378.836 1682
378.850 1653
378.863 1693
378.877 1708
378.891 1668
378.904 1677
378.918 1738
378.932 1705
378.945 1672
378.959 1719
378.973 1689
378.986 1706
379.000 1680
379.014 1752
379.027 1697
379.041 1717
379.054 1760
379.068 1735
379.082 1768
379.095 1765
379.109 1783
379.123 1817
379.136 1788
379.150 1787
379.164 1796
379.177 1806
379.191 1769
379.205 1785
379.218 1819
379.232 1813
379.245 1834
379.259 1865
379.273 1852
379.286 1915
379.300 1858
379.314 1898
379.327 1907
379.341 1859
379.355 1921
379.368 1921
379.382 1931
379.396 1958
379.409 1973
379.423 1980
379.436 1975
379.450 1996
379.464 1941
379.477 2012
379.491 2064
379.505 2023
379.518 2034
379.532 2095
379.546 2133
379.559 2116
379.573 2115
379.586 2124
379.600 2144
379.614 2174
379.627 2272
379.641 2242
379.655 2213
379.668 2254
379.682 2224
379.695 2259
379.709 2244
379.723 2375
379.736 2403
379.750 2426
379.764 2512
379.777 2499
379.791 2534
379.804 2593
379.818 2535
379.832 2516
379.845 2482
379.859 2530
379.873 2520
379.886 2557
379.900 2626
379.913 2604
379.927 2675
379.941 2679
379.954 2749
379.968 2821
379.982 2802
379.995 2781
380.009 2804
380.022 2880
380.036 2862
380.050 2913
380.063 3025
380.077 3119
380.090 3143
380.104 3207
380.118 3178
380.131 3279
380.145 3327
380.159 3333
380.172 3357
380.186 3413
380.199 3479
380.213 3482
380.227 3642
380.240 3680
380.254 3584
380.267 3564
380.281 3606
380.295 3755
380.308 3701
380.322 3852
380.336 3838
380.349 3908
380.363 3982
380.376 4012
380.390 4085
380.404 4139
380.417 4109
380.431 4162
380.444 4338
380.458 4324
380.472 4405
380.485 4423
380.499 4443
380.512 4586
380.526 4674
380.540 4754
380.553 4685
380.567 4801
380.580 4779
380.594 4962
380.608 5100
380.621 5246
380.635 5306
380.648 5232
380.662 5301
380.676 5456
380.689 5481
380.703 5490
380.716 5587
380.730 5734
380.744 5783
380.757 5923
380.771 5974
380.784 6036
380.798 6140
380.812 6116
380.825 6198
380.839 6415
380.852 6452
380.866 6533
380.880 6792
380.893 6753
380.907 6642
380.920 6646
380.934 6985
380.948 6921
380.961 6997
380.975 7126
380.988 7123
381.002 7172
381.015 7120
381.029 7243
381.043 7390
381.056 7540
381.070 7511
381.083 7558
381.097 7707
381.111 7840
381.124 7904
381.138 8072
381.151 8116
381.165 8112
381.179 8127
381.192 8242
381.206 8174
381.219 8289
381.233 8230
381.246 8470
381.260 8437
381.274 8617
381.287 8588
381.301 8674
381.314 8797
381.328 8887
381.341 8947
381.355 9062
381.369 9113
381.382 9050
381.396 9220
381.409 9364
381.423 9466
381.437 9735
381.450 9682
381.464 9736
381.477 9872
381.491 10146
381.504 9877
381.518 9997
381.532 10129
381.545 10370
381.559 10516
381.572 10690
381.586 10817
381.599 10650
381.613 10818
381.627 10873
381.640 10851
381.654 11031
381.667 11061
381.681 11093
381.694 11177
381.708 10890
381.722 10910
381.735 10925
381.749 11022
381.762 11137
381.776 11167
381.789 11233
381.803 11313
381.817 11341
381.830 11396
381.844 11346
381.857 11685
381.871 11797
381.884 11905
381.898 11784
381.911 11818
381.925 11940
381.939 12109
381.952 12194
381.966 12124
381.979 12399
381.993 12521
382.006 12832
382.020 12838
382.034 12815
382.047 12871
382.061 12730
382.074 12726
382.088 12844
382.101 12833
382.115 13001
382.128 13042
382.142 13522
382.156 13834
382.169 13846
382.183 13948
382.196 13758
382.210 13746
382.223 13777
382.237 13890
382.250 13931
382.264 14076
382.278 14229
382.291 14538
382.305 14538
382.318 14783
382.332 14912
382.345 14506
382.359 14259
382.372 14615
382.386 14585
382.399 14618
382.413 14650
382.427 14845
382.440 14915
382.454 14895
382.467 15219
382.481 15519
382.494 15916
382.508 16115
382.521 16061
382.535 16084
382.548 15953
382.562 15940
382.576 16117
382.589 16205
382.603 16294
382.616 16389
382.630 16898
382.643 16828
382.657 17058
382.670 17218
382.684 17118
382.697 17085
382.711 17138
382.724 17504
382.738 17567
382.752 17583
382.765 17602
382.779 17584
382.792 18018
382.806 18223
382.819 18240
382.833 18349
382.846 18574
382.860 18608
382.873 18889
382.887 18968
382.900 18973
382.914 19184
382.928 19449
382.941 19526
382.955 19943
382.968 20040
382.982 20279
382.995 20397
383.009 20434
383.022 20560
383.036 20769
383.049 20683
383.063 20880
383.076 20995
383.090 21008
383.103 21096
383.117 21261
383.130 21431
383.144 21451
383.158 21713
383.171 22009
383.185 22204
383.198 22409
383.212 22610
383.225 22641
383.239 23031
383.252 23327
383.266 23469
383.279 23535
383.293 23718
383.306 23666
383.320 24022
383.333 24604
383.347 24966
383.360 24679
383.374 24677
383.387 24738
383.401 24820
383.414 24873
383.428 24664
383.441 24861
383.455 25073
383.468 24987
383.482 25191
383.496 25952
383.509 26038
383.523 25920
383.536 26094
383.550 26136
383.563 26373
383.577 26466
383.590 26742
383.604 26619
383.617 26518
383.631 26230
383.644 25951
383.658 26066
383.671 26145
383.685 25970
383.698 26433
383.712 26666
383.725 26779
383.739 26560
383.752 26328
383.766 26206
383.779 26333
383.793 26454
383.806 26637
383.820 27287
383.833 27267
383.847 27072
383.860 27211
383.874 27330
383.887 26530
383.901 26531
383.914 26890
383.928 27086
383.941 26760
383.955 26582
383.968 26314
383.982 26320
383.995 26193
384.009 26179
384.022 26249
384.036 26018
384.049 25817
384.063 25929
384.076 26457
384.090 26757
384.103 27053
384.117 26951
384.130 26352
384.144 25643
384.157 25399
384.171 25129
384.184 24799
384.198 24649
384.211 24606
384.225 24290
384.238 24830
384.252 24483
384.265 24459
384.279 24094
384.292 23678
384.306 23618
384.319 23086
384.333 22541
384.346 22008
384.360 21842
384.373 21355
384.387 21194
384.400 20830
384.414 20356
384.427 20167
384.441 19633
384.454 19086
384.468 18861
384.481 18350
384.495 18121
384.508 17578
384.522 17141
384.535 16708
384.549 16263
384.562 15747
384.575 15375
384.589 15163
384.602 15110
384.616 14838
384.629 14270
384.643 13829
384.656 13466
384.670 12977
384.683 12502
384.697 12188
384.710 11582
384.724 11430
384.737 11023
384.751 10725
384.764 10344
384.778 10056
384.791 9802
384.805 9593
384.818 9351
384.832 8964
384.845 8710
384.859 8400
384.872 8239
384.885 7811
384.899 7649
384.912 7412
384.926 7271
384.939 7034
384.953 6893
384.966 6714
384.980 6621
384.993 6435
385.007 6290
385.020 6110
385.034 6135
385.047 5861
385.061 5757
385.074 5640
385.088 5429
385.101 5435
385.114 5323
385.128 5198
385.141 5126
385.155 5055
385.168 5054
385.182 5126
385.195 4904
385.209 4890
385.222 4773
385.236 4751
385.249 4663
385.263 4566
385.276 4466
385.290 4417
385.303 4342
385.316 4258
385.330 4235
385.343 4163
385.357 4153
385.370 4026
385.384 3952
385.397 3991
385.411 3909
385.424 3839
385.438 3783
385.451 3762
385.464 3734
385.478 3748
385.491 3707
385.505 3696
385.518 3675
385.532 3573
385.545 3514
385.559 3466
385.572 3431
385.586 3430
385.599 3437
385.612 3464
385.626 3403
385.639 3371
385.653 3381
385.666 3386
385.680 3323
385.693 3293
385.707 3275
385.720 3274
385.734 3160
385.747 3140
385.760 3104
385.774 3134
385.787 3131
385.801 3052
385.814 2964
385.828 2913
385.841 2895
385.855 2918
385.868 2884
385.881 2831
385.895 2794
385.908 2849
385.922 2728
385.935 2812
385.949 2739
385.962 2715
385.976 2741
385.989 2693
386.002 2736
386.016 2741
386.029 2643
386.043 2704
386.056 2627
386.070 2568
386.083 2640
386.097 2567
386.110 2633
386.123 2598
386.137 2590
386.150 2545
386.164 2521
386.177 2541
386.191 2528
386.204 2502
386.217 2471
386.231 2436
386.244 2464
386.258 2447
386.271 2444
386.285 2460
386.298 2430
386.311 2460
386.325 2409
386.338 2364
386.352 2330
386.365 2340
386.379 2319
386.392 2246
386.405 2268
386.419 2295
386.432 2243
386.446 2284
386.459 2252
386.473 2235
386.486 2208
386.499 2202
386.513 2189
386.526 2194
386.540 2155
386.553 2176
386.567 2121
386.580 2160
386.593 2211
386.607 2188
386.620 2162
386.634 2228
386.647 2158
386.661 2165
386.674 2093
386.687 2080
386.701 2063
386.714 2044
386.728 2069
386.741 2049
386.754 2022
386.768 2033
386.781 2001
386.795 2029
386.808 1984
386.822 1943
386.835 1963
386.848 1938
386.862 1938
386.875 1889
386.889 1897
386.902 1859
386.915 1899
386.929 1869
386.942 1838
386.956 1845
386.969 1864
386.983 1829
386.996 1801
387.009 1822
387.023 1813
387.036 1806
387.050 1855
387.063 1836
387.076 1760
387.090 1782
387.103 1790
387.117 1790
387.130 1812
387.143 1782
387.157 1801
387.170 1747
387.184 1770
387.197 1730
387.210 1733
387.224 1748
387.237 1706
387.251 1677
387.264 1713
387.278 1650
387.291 1696
387.304 1678
387.318 1650
387.331 1608
387.345 1656
387.358 1679
387.371 1640
387.385 1619
387.398 1625
387.412 1591
387.425 1579
387.438 1554
387.452 1515
387.465 1541
387.478 1535
387.492 1518
387.505 1488
387.519 1507
387.532 1545
387.545 1557
387.559 1532
387.572 1482
387.586 1496
387.599 1475
387.612 1474
387.626 1506
387.639 1473
387.653 1451
387.666 1433
387.679 1407
387.693 1403
387.706 1386
387.720 1435
387.733 1386
387.746 1421
387.760 1410
387.773 1429
387.787 1411
387.800 1394
387.813 1360
387.827 1357
387.840 1344
387.853 1358
387.867 1341
387.880 1402
387.894 1372
387.907 1392
387.920 1337
387.934 1306
387.947 1323
387.961 1347
387.974 1323
387.987 1316
388.001 1287
388.014 1285
388.027 1299
388.041 1298
388.054 1235
388.068 1280
388.081 1235
388.094 1271
388.108 1269
388.121 1253
388.134 1256
388.148 1252
388.161 1214
388.175 1208
388.188 1231
388.201 1190
388.215 1215
388.228 1207
388.241 1203
388.255 1196
388.268 1199
388.282 1162
388.295 1192
388.308 1206
388.322 1195
388.335 1158
388.348 1161
388.362 1148
388.375 1185
388.389 1167
388.402 1178
388.415 1182
388.429 1186
388.442 1189
388.455 1202
388.469 1209
388.482 1155
388.495 1185
388.509 1204
388.522 1178
388.536 1188
388.549 1177
388.562 1121
388.576 1141
388.589 1156
388.602 1161
388.616 1180
388.629 1142
388.642 1145
388.656 1159
388.669 1157
388.683 1141
388.696 1159
388.709 1155
388.723 1142
388.736 1150
388.749 1114
388.763 1158
388.776 1128
388.789 1148
388.803 1119
388.816 1117
388.829 1141
388.843 1119
388.856 1126
388.870 1120
388.883 1107
388.896 1100
388.910 1108
388.923 1125
388.936 1121
388.950 1113
388.963 1135
388.976 1135
388.990 1121
389.003 1109
389.016 1110
389.030 1134
389.043 1100
389.056 1126
389.070 1120
389.083 1119
389.097 1091
389.110 1111
389.123 1097
389.137 1077
389.150 1103
389.163 1102
389.177 1085
389.190 1104
389.203 1085
389.217 1089
389.230 1084
389.243 1069
389.257 1077
389.270 1093
389.283 1077
389.297 1080
389.310 1080
389.323 1053
389.337 1063
389.350 1042
389.363 1062
389.377 1069
389.390 1053
389.403 1061
389.417 1060
389.430 1087
389.443 1064
389.457 1059
389.470 1069
389.483 1087
389.497 1082
389.510 1070
389.523 1068
389.537 1052
389.550 1060
389.563 1052
389.577 1044
389.590 1039
389.603 1021
389.617 1036
389.630 1028
389.643 1021
389.657 1020
389.670 1035
389.683 1013
389.697 1002
389.710 1015
389.723 1028
389.737 1019
389.750 1027
389.763 1027
389.777 1026
389.790 1033
389.803 1005
389.817 1009
389.830 1026
389.843 1004
389.857 968
389.870 975
389.883 975
389.897 965
389.910 991
389.923 989
389.937 999
389.950 967
389.963 988
389.977 961
389.990 995
390.003 979
390.017 963
390.030 967
390.043 972
390.057 953
390.070 943
390.083 931
390.096 945
390.110 941
390.123 963
390.136 949
390.150 951
390.163 949
390.176 940
390.190 928
390.203 909
390.216 920
390.230 915
390.243 898
390.256 917
390.270 910
390.283 902
390.296 904
390.310 893
390.323 898
390.336 891
390.349 911
390.363 901
390.376 883
390.389 886
390.403 893
390.416 872
390.429 881
390.443 893
390.456 867
390.469 878
390.483 856
390.496 876
390.509 861
390.522 867
390.536 846
390.549 863
390.562 860
390.576 845
390.589 852
390.602 853
390.616 841
390.629 831
390.642 836
390.655 853
390.669 825
390.682 815
390.695 826
390.709 808
390.722 816
390.735 829
390.749 790
390.762 822
390.775 823
390.788 818
390.802 802
390.815 812
390.828 807
390.842 784
390.855 806
390.868 802
390.882 785
390.895 787
390.908 790
390.921 792
390.935 780
390.948 806
390.961 768
390.975 772
390.988 768
391.001 778
391.014 762
391.028 775
391.041 776
391.054 766
391.068 758
391.081 770
391.094 757
391.107 760
391.121 756
391.134 757
391.147 749
391.161 746
391.174 762
391.187 753
391.200 744
391.214 760
391.227 751
391.240 741
391.254 745
391.267 754
391.280 743
391.293 739
391.307 756
391.320 748
391.333 746
391.347 728
391.360 746
391.373 741
391.386 737
391.400 734
391.413 739
391.426 743
391.440 721
391.453 739
391.466 738
391.479 743
391.493 734
391.506 741
391.519 732
391.532 754
391.546 724
391.559 733
391.572 742
391.586 729
391.599 739
391.612 709
391.625 737
391.639 733
391.652 726
391.665 727
391.678 724
391.692 722
391.705 721
391.718 711
391.732 714
391.745 722
391.758 718
391.771 726
391.785 722
391.798 713
391.811 728
391.824 717
391.838 716
391.851 717
391.864 726
391.877 723
391.891 712
391.904 707
391.917 705
391.931 709
391.944 719
391.957 708
391.970 714
391.984 728
391.997 704
392.010 710
392.023 712
392.037 720
392.050 698
392.063 720
392.076 718
392.090 706
392.103 709
392.116 703
392.129 711
392.143 706
392.156 709
392.169 710
392.182 709
392.196 706
392.209 704
392.222 695
392.235 700
392.249 693
392.262 695
392.275 697
392.288 697
392.302 704
392.315 705
392.328 700
392.341 700
392.355 703
392.368 704
392.381 697
392.394 696
392.408 714
392.421 708
392.434 707
392.447 699
392.461 713
392.474 703
392.487 695
392.500 690
392.514 687
392.527 688
392.540 703
392.553 705
392.567 705
392.580 701
392.593 689
392.606 684
392.620 697
392.633 688
392.646 680
392.659 692
392.673 687
392.686 693
392.699 695
392.712 694
392.726 692
392.739 709
392.752 699
392.765 693
392.778 684
392.792 695
392.805 692
392.818 693
392.831 702
392.845 693
392.858 692
392.871 701
392.884 708
392.898 685
392.911 701
392.924 693
392.937 694
392.951 695
392.964 684
392.977 695
392.990 679
393.003 688
393.017 693
393.030 680
393.043 694
393.056 693
393.070 690
393.083 697
393.096 692
393.109 689
393.122 682
393.136 686
393.149 711
393.162 683
393.175 684
393.189 694
393.202 687
393.215 683
393.228 688
393.242 668
393.255 677
393.268 690
393.281 676
393.294 691
393.308 674
393.321 676
393.334 680
393.347 680
393.360 689
393.374 688
393.387 689
393.400 682
393.413 680
393.427 674
393.440 688
393.453 674
393.466 676
393.479 687
393.493 680
393.506 683
393.519 670
393.532 679
393.546 674
393.559 684
393.572 692
393.585 666
393.598 672
393.612 686
393.625 663
393.638 674
393.651 679
393.664 668
393.678 684
393.691 680
393.704 674
393.717 686
393.730 677
393.744 683
393.757 663
393.770 687
393.783 676
393.796 677
393.810 679
393.823 678
393.836 668
393.849 675
393.863 676
393.876 674
393.889 673
393.902 664
393.915 687
393.929 668
