375.891 793
375.905 802
375.919 785
375.933 822
375.946 800
375.960 812
375.974 806
375.987 808
376.001 840
376.015 822
376.029 832
376.042 821
376.056 843
376.070 812
376.084 850
376.097 838
376.111 832
376.125 864
376.139 852
376.152 852
376.166 849
376.180 856
376.193 875
376.207 855
376.221 868
376.235 877
376.248 867
376.262 882
376.276 878
376.290 877
376.303 866
376.317 892
376.331 882
376.345 890
376.358 903
376.372 883
376.386 904
376.399 917
376.413 914
376.427 915
376.441 930
376.454 919
376.468 923
376.482 912
376.495 933
376.509 947
376.523 939
376.537 924
376.550 1000
376.564 949
376.578 964
376.592 987
376.605 975
376.619 987
376.633 986
376.646 950
376.660 976
376.674 978
376.688 985
376.701 1003
376.715 983
376.729 996
376.742 1002
376.756 1018
376.770 1002
376.784 990
376.797 1014
376.811 1000
376.825 1048
376.838 1050
376.852 1029
376.866 1036
376.880 1050
376.893 1047
376.907 1064
376.921 1081
376.934 1045
376.948 1046
376.962 1071
376.976 1074
376.989 1080
377.003 1082
377.017 1102
377.030 1113
377.044 1119
377.058 1129
377.071 1121
377.085 1125
377.099 1145
377.113 1095
377.126 1145
377.140 1160
377.154 1155
377.167 1167
377.181 1182
377.195 1139
377.208 1154
377.222 1164
377.236 1210
377.250 1189
377.263 1187
377.277 1231
377.291 1176
377.304 1218
377.318 1226
377.332 1244
377.345 1227
377.359 1224
377.373 1224
377.387 1230
377.400 1222
377.414 1238
377.428 1250
377.441 1254
377.455 1258
377.469 1262
377.482 1293
377.496 1320
377.510 1268
377.524 1259
377.537 1296
377.551 1276
377.565 1294
377.578 1306
377.592 1333
377.606 1277
377.619 1295
377.633 1303
377.647 1310
377.660 1303
377.674 1369
377.688 1287
377.701 1337
377.715 1352
377.729 1363
377.743 1336
377.756 1348
377.770 1380
377.784 1354
377.797 1365
377.811 1360
377.825 1339
377.838 1342
377.852 1354
377.866 1363
377.879 1376
377.893 1403
377.907 1406
377.920 1464
377.934 1400
377.948 1381
377.961 1399
377.975 1385
377.989 1412
378.002 1400
378.016 1390
378.030 1403
378.044 1400
378.057 1446
378.071 1414
378.085 1411
378.098 1434
378.112 1444
378.126 1407
378.139 1450
378.153 1409
378.167 1450
378.180 1445
378.194 1486
378.208 1442
378.221 1486
378.235 1464
378.249 1447
378.262 1456
378.276 1484
378.290 1449
378.303 1453
378.317 1445
378.331 1449
378.344 1477
378.358 1456
378.372 1479
378.385 1515
378.399 1470
378.413 1490
378.426 1522
378.440 1497
378.454 1550
378.467 1568
378.481 1528
378.495 1521
378.508 1518
378.522 1506
378.536 1511
378.549 1498
378.563 1555
378.577 1551
378.590 1570
378.604 1533
378.618 1562
378.631 1561
378.645 1555
378.659 1565
378.672 1575
378.686 1582
378.700 1631
378.713 1627
378.727 1655
378.740 1665
378.754 1651
378.768 1620
378.781 1682
378.795 1669
378.809 1655
378.822 1698
378.836 1638
378.850 1626
378.863 1592
378.877 1660
378.891 1657
378.904 1615
378.918 1651
378.932 1698
378.945 1653
378.959 1687
378.973 1668
378.986 1681
379.000 1684
379.014 1647
379.027 1679
379.041 1720
379.054 1681
379.068 1736
379.082 1723
379.095 1685
379.109 1707
379.123 1694
379.136 1714
379.150 1724
379.164 1759
379.177 1755
379.191 1744
379.205 1750
379.218 1772
379.232 1790
379.245 1833
379.259 1826
379.273 1777
379.286 1762
379.300 1830
379.314 1830
379.327 1776
379.341 1872
379.355 1847
379.368 1883
379.382 1902
379.396 1879
379.409 1889
379.423 1910
379.436 1885
379.450 1959
379.464 1931
379.477 1968
379.491 1986
379.505 2025
379.518 1989
379.532 1990
379.546 2037
379.559 2061
379.573 2037
379.586 2043
379.600 2075
379.614 2159
379.627 2140
379.641 2167
379.655 2189
379.668 2159
379.682 2163
379.695 2140
379.709 2173
379.723 2205
379.736 2296
379.750 2427
379.764 2380
379.777 2407
379.791 2439
379.804 2398
379.818 2462
379.832 2393
379.845 2421
379.859 2420
379.873 2415
379.886 2476
379.900 2457
379.913 2571
379.927 2564
379.941 2575
379.954 2657
379.968 2678
379.982 2676
379.995 2709
380.009 2749
380.022 2784
380.036 2739
380.050 2790
380.063 2881
380.077 3016
380.090 3093
380.104 3112
380.118 3155
380.131 3089
380.145 3172
380.159 3133
380.172 3263
380.186 3281
380.199 3256
380.213 3386
380.227 3434
380.240 3564
380.254 3496
380.267 3482
380.281 3563
380.295 3594
380.308 3559
380.322 3623
380.336 3646
380.349 3614
380.363 3803
380.376 3795
380.390 3896
380.404 3960
380.417 4031
380.431 4026
380.444 4041
380.458 4155
380.472 4217
380.485 4297
380.499 4338
380.512 4393
380.526 4466
380.540 4485
380.553 4543
380.567 4574
380.580 4728
380.594 4657
380.608 4849
380.621 4953
380.635 5061
380.648 5022
380.662 5055
380.676 5196
380.689 5210
380.703 5276
380.716 5334
380.730 5451
380.744 5609
380.757 5591
380.771 5764
380.784 5884
380.798 5975
380.812 5901
380.825 5941
380.839 5996
380.852 6284
380.866 6307
380.880 6366
380.893 6427
380.907 6406
380.920 6444
380.934 6605
380.948 6651
380.961 6610
380.975 6831
380.988 6905
381.002 6861
381.015 6795
381.029 7004
381.043 7068
381.056 7189
381.070 7180
381.083 7265
381.097 7306
381.111 7403
381.124 7543
381.138 7666
381.151 7592
381.165 7763
381.179 7781
381.192 7954
381.206 7813
381.219 7982
381.233 8064
381.246 8067
381.260 8105
381.274 8250
381.287 8228
381.301 8435
381.314 8413
381.328 8435
381.341 8568
381.355 8751
381.369 8654
381.382 8765
381.396 8912
381.409 8927
381.423 9034
381.437 9335
381.450 9279
381.464 9340
381.477 9472
381.491 9593
381.504 9621
381.518 9620
381.532 9713
381.545 9934
381.559 10178
381.572 10200
381.586 10252
381.599 10149
381.613 10468
381.627 10341
381.640 10495
381.654 10578
381.667 10544
381.681 10836
381.694 10699
381.708 10503
381.722 10484
381.735 10468
381.749 10709
381.762 10670
381.776 10826
381.789 10884
381.803 10841
381.817 10970
381.830 11008
381.844 11003
381.857 11186
381.871 11354
381.884 11417
381.898 11264
381.911 11493
381.925 11526
381.939 11564
381.952 11607
381.966 11547
381.979 11805
381.993 12041
382.006 12414
382.020 12323
382.034 12428
382.047 12323
382.061 12308
382.074 12212
382.088 12183
382.101 12332
382.115 12319
382.128 12499
382.142 13047
382.156 13390
382.169 13448
382.183 13306
382.196 13417
382.210 13309
382.223 13474
382.237 13329
382.250 13472
382.264 13593
382.278 13706
382.291 13858
382.305 13932
382.318 14132
382.332 14248
382.345 13889
382.359 13809
382.372 14057
382.386 13956
382.399 14033
382.413 14110
382.427 14237
382.440 14335
382.454 14458
382.467 14561
382.481 14852
382.494 15135
382.508 15444
382.521 15527
382.535 15377
382.548 15370
382.562 15388
382.576 15641
382.589 15475
382.603 15623
382.616 15846
382.630 16139
382.643 16134
382.657 16322
382.670 16548
382.684 16541
382.697 16427
382.711 16516
382.724 16758
382.738 16906
382.752 16788
382.765 16953
382.779 17089
382.792 17335
382.806 17441
382.819 17503
382.833 17471
382.846 17778
382.860 17923
382.873 17984
382.887 18215
382.900 18346
382.914 18618
382.928 18667
382.941 18692
382.955 19009
382.968 19207
382.982 19397
382.995 19502
383.009 19418
383.022 19746
383.036 19717
383.049 20075
383.063 19936
383.076 20268
383.090 20297
383.103 20256
383.117 20473
383.130 20549
383.144 20746
383.158 20864
383.171 20982
383.185 21031
383.198 21358
383.212 21621
383.225 21940
383.239 22258
383.252 22437
383.266 22628
383.279 22701
383.293 22734
383.306 22882
383.320 23227
383.333 23754
383.347 23860
383.360 23640
383.374 23737
383.387 24016
383.401 24073
383.414 24124
383.428 23923
383.441 23998
383.455 24138
383.468 23986
383.482 24264
383.496 25193
383.509 25264
383.523 24986
383.536 24891
383.550 24978
383.563 25192
383.577 25373
383.590 25719
383.604 25638
383.617 25325
383.631 25362
383.644 25294
383.658 25281
383.671 25235
383.685 25367
383.698 25460
383.712 25775
383.725 25836
383.739 25585
383.752 25643
383.766 25445
383.779 25554
383.793 25605
383.806 25877
383.820 26370
383.833 26343
383.847 26327
383.860 26282
383.874 26245
383.887 25876
383.901 25599
383.914 26257
383.928 26100
383.941 26118
383.955 25538
383.968 25446
383.982 25536
383.995 25289
384.009 25561
384.022 25318
384.036 25411
384.049 25207
384.063 25302
384.076 25698
384.090 25894
384.103 26107
384.117 26092
384.130 25727
384.144 24921
384.157 24866
384.171 24340
384.184 24382
384.198 24132
384.211 23967
384.225 23654
384.238 24126
384.252 24045
384.265 23793
384.279 23494
384.292 23310
384.306 23054
384.319 22512
384.333 22080
384.346 21748
384.360 21392
384.373 21289
384.387 20840
384.400 20431
384.414 20093
384.427 19712
384.441 19336
384.454 18793
384.468 18507
384.481 17999
384.495 17501
384.508 17130
384.522 16745
384.535 16220
384.549 15809
384.562 15310
384.575 14688
384.589 14629
384.602 14484
384.616 14160
384.629 13659
384.643 13339
384.656 12836
384.670 12349
384.683 11992
384.697 11564
384.710 11103
384.724 10807
384.737 10570
384.751 10238
384.764 9822
384.778 9554
384.791 9378
384.805 9177
384.818 8930
384.832 8450
384.845 8501
384.859 8163
384.872 7871
384.885 7639
384.899 7409
384.912 7186
384.926 7018
384.939 6888
384.953 6775
384.966 6571
384.980 6486
384.993 6469
385.007 6247
385.020 6144
385.034 5925
385.047 5741
385.061 5561
385.074 5570
385.088 5497
385.101 5366
385.114 5288
385.128 5111
385.141 5058
385.155 5064
385.168 5041
385.182 4967
385.195 4921
385.209 4771
385.222 4737
385.236 4637
385.249 4483
385.263 4508
385.276 4383
385.290 4320
385.303 4304
385.316 4137
385.330 4233
385.343 4168
385.357 4039
385.370 3963
385.384 3892
385.397 3858
385.411 3837
385.424 3811
385.438 3754
385.451 3738
385.464 3765
385.478 3714
385.491 3624
385.505 3615
385.518 3590
385.532 3537
385.545 3410
385.559 3471
385.572 3365
385.586 3380
385.599 3346
385.612 3406
385.626 3355
385.639 3321
385.653 3402
385.666 3309
385.680 3263
385.693 3236
385.707 3177
385.720 3124
385.734 3206
385.747 3079
385.760 3118
385.774 3103
385.787 3042
385.801 2989
385.814 2887
385.828 2893
385.841 2855
385.855 2862
385.868 2844
385.881 2825
385.895 2823
385.908 2847
385.922 2786
385.935 2725
385.949 2710
385.962 2748
385.976 2659
385.989 2698
386.002 2749
386.016 2662
386.029 2679
386.043 2693
386.056 2546
386.070 2592
386.083 2558
386.097 2539
386.110 2552
386.123 2528
386.137 2553
386.150 2541
386.164 2502
386.177 2452
386.191 2539
386.204 2421
386.217 2504
386.231 2434
386.244 2431
386.258 2396
386.271 2421
386.285 2416
386.298 2438
386.311 2414
386.325 2348
386.338 2222
386.352 2308
386.365 2310
386.379 2307
386.392 2258
386.405 2286
386.419 2274
386.432 2227
386.446 2268
386.459 2258
386.473 2247
386.486 2213
386.499 2216
386.513 2200
386.526 2178
386.540 2110
386.553 2123
386.567 2121
386.580 2138
386.593 2161
386.607 2140
386.620 2164
386.634 2172
386.647 2148
386.661 2166
386.674 2113
386.687 2069
386.701 2066
386.714 2038
386.728 2052
386.741 2021
386.754 2007
386.768 2024
386.781 2054
386.795 2046
386.808 1944
386.822 1956
386.835 1947
386.848 1928
386.862 1914
386.875 1941
386.889 1915
386.902 1895
386.915 1893
386.929 1891
386.942 1901
386.956 1857
386.969 1822
386.983 1865
386.996 1814
387.009 1838
387.023 1810
387.036 1809
387.050 1820
387.063 1840
387.076 1794
387.090 1788
387.103 1797
387.117 1763
387.130 1811
387.143 1757
387.157 1748
387.170 1751
387.184 1710
387.197 1710
387.210 1731
387.224 1701
387.237 1704
387.251 1674
387.264 1682
387.278 1657
387.291 1661
387.304 1647
387.318 1633
387.331 1582
387.345 1654
387.358 1602
387.371 1629
387.385 1633
387.398 1615
387.412 1607
387.425 1570
387.438 1525
387.452 1558
387.465 1558
387.478 1528
387.492 1493
387.505 1508
387.519 1546
387.532 1547
387.545 1527
387.559 1535
387.572 1540
387.586 1477
387.599 1490
387.612 1495
387.626 1518
387.639 1478
387.653 1479
387.666 1461
387.679 1426
387.693 1429
387.706 1387
387.720 1417
387.733 1444
387.746 1444
387.760 1379
387.773 1385
387.787 1402
387.800 1399
387.813 1353
387.827 1391
387.840 1369
387.853 1344
387.867 1343
387.880 1376
387.894 1369
387.907 1354
387.920 1356
387.934 1352
387.947 1313
387.961 1320
387.974 1312
387.987 1293
388.001 1303
388.014 1274
388.027 1303
388.041 1268
388.054 1286
388.068 1273
388.081 1268
388.094 1252
388.108 1257
388.121 1262
388.134 1290
388.148 1225
388.161 1244
388.175 1194
388.188 1202
388.201 1219
388.215 1189
388.228 1192
388.241 1165
388.255 1190
388.268 1201
388.282 1210
388.295 1165
388.308 1218
388.322 1195
388.335 1201
388.348 1178
388.362 1186
388.375 1151
388.389 1167
388.402 1186
388.415 1175
388.429 1199
388.442 1186
388.455 1206
388.469 1157
388.482 1197
388.495 1195
388.509 1201
388.522 1193
388.536 1202
388.549 1167
388.562 1147
388.576 1150
388.589 1154
388.602 1180
388.616 1157
388.629 1174
388.642 1128
388.656 1147
388.669 1162
388.683 1135
388.696 1168
388.709 1153
388.723 1148
388.736 1158
388.749 1131
388.763 1153
388.776 1132
388.789 1145
388.803 1134
388.816 1100
388.829 1102
388.843 1137
388.856 1115
388.870 1102
388.883 1143
388.896 1102
388.910 1109
388.923 1125
388.936 1125
388.950 1136
388.963 1108
388.976 1152
388.990 1140
389.003 1095
389.016 1100
389.030 1120
389.043 1129
389.056 1104
389.070 1092
389.083 1124
389.097 1103
389.110 1104
389.123 1086
389.137 1068
389.150 1100
389.163 1078
389.177 1104
389.190 1111
389.203 1084
389.217 1094
389.230 1072
389.243 1061
389.257 1070
389.270 1094
389.283 1058
389.297 1104
389.310 1086
389.323 1087
389.337 1063
389.350 1076
389.363 1104
389.377 1061
389.390 1060
389.403 1066
389.417 1061
389.430 1042
389.443 1086
389.457 1060
389.470 1080
389.483 1092
389.497 1031
389.510 1050
389.523 1068
389.537 1057
389.550 1046
389.563 1067
389.577 1015
389.590 1026
389.603 1049
389.617 1034
389.630 1025
389.643 1017
389.657 1019
389.670 1028
389.683 1024
389.697 1026
389.710 1040
389.723 1029
389.737 1032
389.750 1035
389.763 1039
389.777 1023
389.790 1030
389.803 1013
389.817 1038
389.830 995
389.843 973
389.857 990
389.870 1003
389.883 962
389.897 968
389.910 988
389.923 981
389.937 979
389.950 1001
389.963 980
389.977 982
389.990 965
390.003 951
390.017 973
390.030 973
390.043 957
390.057 961
390.070 947
390.083 962
390.096 953
390.110 950
390.123 925
390.136 939
390.150 956
390.163 937
390.176 934
390.190 952
390.203 937
390.216 934
390.230 916
390.243 921
390.256 924
390.270 927
390.283 899
390.296 894
390.310 898
390.323 887
390.336 887
390.349 891
390.363 911
390.376 912
390.389 927
390.403 893
390.416 881
390.429 877
390.443 876
390.456 883
390.469 856
390.483 857
390.496 858
390.509 855
390.522 868
390.536 850
390.549 848
390.562 849
390.576 850
390.589 850
390.602 848
390.616 827
390.629 839
390.642 828
390.655 834
390.669 835
390.682 821
390.695 821
390.709 821
390.722 824
390.735 818
390.749 823
390.762 803
390.775 798
390.788 791
390.802 794
390.815 804
390.828 800
390.842 811
390.855 790
390.868 793
390.882 795
390.895 798
390.908 795
390.921 784
390.935 793
390.948 777
390.961 790
390.975 786
390.988 790
391.001 767
391.014 782
391.028 780
391.041 756
391.054 760
391.068 766
391.081 784
391.094 754
391.107 772
391.121 756
391.134 759
391.147 759
391.161 749
391.174 766
391.187 741
391.200 748
391.214 761
391.227 753
391.240 758
391.254 754
391.267 743
391.280 752
391.293 751
391.307 739
391.320 747
391.333 739
391.347 733
391.360 720
391.373 723
391.386 735
391.400 738
391.413 742
391.426 739
391.440 733
391.453 734
391.466 738
391.479 732
391.493 724
391.506 722
391.519 746
391.532 720
391.546 735
391.559 717
391.572 719
391.586 730
391.599 733
391.612 723
391.625 713
391.639 719
391.652 716
391.665 714
391.678 716
391.692 736
391.705 715
391.718 719
391.732 718
391.745 715
391.758 722
391.771 726
391.785 720
391.798 710
391.811 719
391.824 724
391.838 725
391.851 723
391.864 724
391.877 710
391.891 708
391.904 728
391.917 721
391.931 719
391.944 706
391.957 701
391.970 703
391.984 719
391.997 714
392.010 718
392.023 705
392.037 706
392.050 726
392.063 696
392.076 707
392.090 706
392.103 712
392.116 713
392.129 720
392.143 706
392.156 698
392.169 701
392.182 691
392.196 704
392.209 705
392.222 702
392.235 705
392.249 706
392.262 696
392.275 687
392.288 707
392.302 701
392.315 701
392.328 708
392.341 696
392.355 703
392.368 704
392.381 706
392.394 690
392.408 701
392.421 711
392.434 697
392.447 696
392.461 700
392.474 694
392.487 691
392.500 707
392.514 710
392.527 700
392.540 695
392.553 695
392.567 695
392.580 696
392.593 693
392.606 696
392.620 692
392.633 696
392.646 683
392.659 695
392.673 696
392.686 682
392.699 689
392.712 698
392.726 701
392.739 684
392.752 693
392.765 696
392.778 704
392.792 688
392.805 691
392.818 685
392.831 690
392.845 689
392.858 689
392.871 707
392.884 684
392.898 693
392.911 695
392.924 689
392.937 688
392.951 696
392.964 698
392.977 682
392.990 686
393.003 684
393.017 692
393.030 687
393.043 700
393.056 697
393.070 696
393.083 685
393.096 706
393.109 686
393.122 682
393.136 688
393.149 686
393.162 693
393.175 678
393.189 681
393.202 684
393.215 693
393.228 684
393.242 670
393.255 677
393.268 679
393.281 681
393.294 682
393.308 677
393.321 684
393.334 686
393.347 683
393.360 678
393.374 674
393.387 676
393.400 683
393.413 675
393.427 675
393.440 682
393.453 682
393.466 678
393.479 678
393.493 677
393.506 679
393.519 676
393.532 676
393.546 681
393.559 669
393.572 689
393.585 666
393.598 682
393.612 687
393.625 673
393.638 662
393.651 677
393.664 679
393.678 677
393.691 683
393.704 671
393.717 673
393.730 670
393.744 667
393.757 681
393.770 677
393.783 671
393.796 677
393.810 664
393.823 668
393.836 682
393.849 672
393.863 668
393.876 673
393.889 679
393.902 679
393.915 668
393.929 674
