375.891 835
375.905 842
375.919 829
375.933 837
375.946 839
375.960 829
375.974 852
375.987 852
376.001 847
376.015 865
376.029 870
376.042 854
376.056 860
376.070 875
376.084 867
376.097 887
376.111 873
376.125 885
376.139 891
376.152 900
376.166 905
376.180 906
376.193 882
376.207 911
376.221 923
376.235 899
376.248 914
376.262 912
376.276 926
376.290 922
376.303 937
376.317 939
376.331 932
376.345 915
376.358 929
376.372 954
376.386 944
376.399 963
376.413 966
376.427 967
376.441 946
376.454 962
376.468 955
376.482 966
376.495 982
376.509 1003
376.523 995
376.537 1005
376.550 993
376.564 1006
376.578 1029
376.592 1004
376.605 1021
376.619 1014
376.633 1026
376.646 1026
376.660 1019
376.674 1025
376.688 1035
376.701 1052
376.715 1035
376.729 1031
376.742 1069
376.756 1056
376.770 1057
376.784 1090
376.797 1094
376.811 1106
376.825 1114
376.838 1130
376.852 1124
376.866 1117
376.880 1127
376.893 1126
376.907 1121
376.921 1134
376.934 1147
376.948 1146
376.962 1152
376.976 1156
376.989 1152
377.003 1167
377.017 1152
377.030 1207
377.044 1197
377.058 1233
377.071 1233
377.085 1223
377.099 1212
377.113 1211
377.126 1221
377.140 1231
377.154 1247
377.167 1258
377.181 1272
377.195 1244
377.208 1271
377.222 1280
377.236 1267
377.250 1264
377.263 1277
377.277 1324
377.291 1315
377.304 1322
377.318 1308
377.332 1299
377.345 1296
377.359 1314
377.373 1338
377.387 1350
377.400 1362
377.414 1334
377.428 1347
377.441 1364
377.455 1348
377.469 1372
377.482 1340
377.496 1372
377.510 1363
377.524 1417
377.537 1450
377.551 1441
377.565 1392
377.578 1424
377.592 1428
377.606 1426
377.619 1444
377.633 1399
377.647 1422
377.660 1432
377.674 1418
377.688 1413
377.701 1423
377.715 1458
377.729 1458
377.743 1423
377.756 1464
377.770 1461
377.784 1465
377.797 1436
377.811 1483
377.825 1476
377.838 1443
377.852 1505
377.866 1492
377.879 1538
377.893 1540
377.907 1492
377.920 1508
377.934 1545
377.948 1510
377.961 1494
377.975 1525
377.989 1556
378.002 1531
378.016 1510
378.030 1544
378.044 1532
378.057 1532
378.071 1555
378.085 1563
378.098 1578
378.112 1533
378.126 1553
378.139 1560
378.153 1558
378.167 1540
378.180 1573
378.194 1563
378.208 1611
378.221 1588
378.235 1575
378.249 1621
378.262 1608
378.276 1596
378.290 1583
378.303 1572
378.317 1590
378.331 1635
378.344 1608
378.358 1623
378.372 1613
378.385 1606
378.399 1634
378.413 1627
378.426 1632
378.440 1639
378.454 1668
378.467 1674
378.481 1668
378.495 1673
378.508 1658
378.522 1673
378.536 1649
378.549 1663
378.563 1663
378.577 1706
378.590 1696
378.604 1703
378.618 1710
378.631 1728
378.645 1708
378.659 1667
378.672 1666
378.686 1740
378.700 1749
378.713 1782
378.727 1819
378.740 1756
378.754 1805
378.768 1783
378.781 1791
378.795 1793
378.809 1829
378.822 1822
378.836 1820
378.850 1784
378.863 1826
378.877 1823
378.891 1836
378.904 1828
378.918 1833
378.932 1862
378.945 1829
378.959 1786
378.973 1783
378.986 1853
379.000 1875
379.014 1872
379.027 1844
379.041 1858
379.054 1850
379.068 1862
379.082 1859
379.095 1913
379.109 1890
379.123 1894
379.136 1894
379.150 1894
379.164 1919
379.177 1930
379.191 1908
379.205 1952
379.218 1973
379.232 1953
379.245 1951
379.259 1993
379.273 2017
379.286 2036
379.300 2056
379.314 2039
379.327 2061
379.341 2023
379.355 2098
379.368 2085
379.382 2084
379.396 2085
379.409 2089
379.423 2111
379.436 2176
379.450 2133
379.464 2155
379.477 2212
379.491 2164
379.505 2192
379.518 2144
379.532 2268
379.546 2280
379.559 2309
379.573 2276
379.586 2258
379.600 2345
379.614 2430
379.627 2383
379.641 2410
379.655 2442
379.668 2364
379.682 2450
379.695 2454
379.709 2512
379.723 2474
379.736 2545
379.750 2617
379.764 2667
379.777 2714
379.791 2671
379.804 2738
379.818 2705
379.832 2789
379.845 2709
379.859 2705
379.873 2732
379.886 2738
379.900 2819
379.913 2827
379.927 2879
379.941 2935
379.954 2986
379.968 3061
379.982 3070
379.995 3058
380.009 3043
380.022 3137
380.036 3184
380.050 3221
380.063 3285
380.077 3403
380.090 3506
380.104 3493
380.118 3506
380.131 3531
380.145 3625
380.159 3619
380.172 3703
380.186 3726
380.199 3865
380.213 3852
380.227 3975
380.240 4037
380.254 3963
380.267 3966
380.281 3940
380.295 4087
380.308 4103
380.322 4118
380.336 4249
380.349 4229
380.363 4300
380.376 4394
380.390 4465
380.404 4502
380.417 4499
380.431 4606
380.444 4606
380.458 4680
380.472 4762
380.485 4834
380.499 4813
380.512 4929
380.526 5083
380.540 5086
380.553 5129
380.567 5161
380.580 5274
380.594 5399
380.608 5500
380.621 5643
380.635 5788
380.648 5848
380.662 5792
380.676 5843
380.689 5927
380.703 6017
380.716 6098
380.730 6140
380.744 6255
380.757 6404
380.771 6468
380.784 6582
380.798 6698
380.812 6706
380.825 6730
380.839 6869
380.852 7115
380.866 7252
380.880 7426
380.893 7204
380.907 7288
380.920 7408
380.934 7429
380.948 7550
380.961 7679
380.975 7770
380.988 7897
381.002 7762
381.015 7825
381.029 8011
381.043 8109
381.056 8251
381.070 8278
381.083 8213
381.097 8290
381.111 8499
381.124 8532
381.138 8708
381.151 8821
381.165 8820
381.179 8917
381.192 8923
381.206 8836
381.219 8854
381.233 9143
381.246 8969
381.260 9320
381.274 9322
381.287 9405
381.301 9500
381.314 9648
381.328 9670
381.341 9724
381.355 9747
381.369 9870
381.382 9878
381.396 9930
381.409 10160
381.423 10355
381.437 10291
381.450 10395
381.464 10729
381.477 10713
381.491 10930
381.504 10743
381.518 10854
381.532 10935
381.545 11190
381.559 11569
381.572 11595
381.586 11377
381.599 11796
381.613 11733
381.627 11686
381.640 11782
381.654 11782
381.667 12075
381.681 11992
381.694 12204
381.708 11836
381.722 11872
381.735 11809
381.749 11886
381.762 11993
381.776 11996
381.789 12123
381.803 12221
381.817 12274
381.830 12374
381.844 12452
381.857 12490
381.871 12678
381.884 12826
381.898 12708
381.911 12866
381.925 12903
381.939 13185
381.952 13154
381.966 13122
381.979 13297
381.993 13520
382.006 13675
382.020 13847
382.034 13816
382.047 13734
382.061 13887
382.074 13742
382.088 13781
382.101 13724
382.115 13748
382.128 14138
382.142 14464
382.156 14811
382.169 14926
382.183 14883
382.196 14944
382.210 15002
382.223 15033
382.237 14921
382.250 15113
382.264 15291
382.278 15369
382.291 15502
382.305 15819
382.318 15972
382.332 16083
382.345 15635
382.359 15586
382.372 15657
382.386 15677
382.399 15887
382.413 15993
382.427 15996
382.440 16280
382.454 16270
382.467 16271
382.481 16711
382.494 17247
382.508 17381
382.521 17464
382.535 17479
382.548 17459
382.562 17540
382.576 17417
382.589 17648
382.603 17755
382.616 18016
382.630 18022
382.643 18303
382.657 18602
382.670 18666
382.684 18639
382.697 18468
382.711 18541
382.724 18705
382.738 19044
382.752 19120
382.765 19198
382.779 19330
382.792 19383
382.806 19584
382.819 19631
382.833 19693
382.846 20034
382.860 20093
382.873 20264
382.887 20639
382.900 20596
382.914 20859
382.928 21137
382.941 21238
382.955 21272
382.968 21738
382.982 21977
382.995 21961
383.009 22050
383.022 22041
383.036 22179
383.049 22552
383.063 22672
383.076 22818
383.090 22808
383.103 22940
383.117 23023
383.130 22921
383.144 23381
383.158 23458
383.171 23556
383.185 23713
383.198 23903
383.212 24532
383.225 24702
383.239 24813
383.252 25430
383.266 25420
383.279 25614
383.293 25505
383.306 25716
383.320 26148
383.333 26566
383.347 26793
383.360 26559
383.374 26522
383.387 26649
383.401 27064
383.414 26923
383.428 27019
383.441 26780
383.455 26967
383.468 26759
383.482 27111
383.496 27517
383.509 27932
383.523 27705
383.536 27932
383.550 27537
383.563 28089
383.577 28214
383.590 28531
383.604 28493
383.617 28354
383.631 27821
383.644 27876
383.658 27577
383.671 27934
383.685 28050
383.698 28350
383.712 28631
383.725 28233
383.739 28332
383.752 27976
383.766 28067
383.779 27844
383.793 28191
383.806 28364
383.820 28849
383.833 28748
383.847 28492
383.860 28928
383.874 28885
383.887 28163
383.901 28195
383.914 28517
383.928 28538
383.941 28356
383.955 27908
383.968 27786
383.982 27852
383.995 27615
384.009 27429
384.022 27521
384.036 27544
384.049 27445
384.063 27731
384.076 27832
384.090 28168
384.103 28372
384.117 28302
384.130 27684
384.144 27051
384.157 26462
384.171 26267
384.184 26082
384.198 25815
384.211 25556
384.225 25568
384.238 25864
384.252 25812
384.265 25356
384.279 24913
384.292 24966
384.306 24817
384.319 24145
384.333 23625
384.346 22982
384.360 22684
384.373 22287
384.387 22086
384.400 21598
384.414 21219
384.427 20745
384.441 20476
384.454 20098
384.468 19657
384.481 19220
384.495 18777
384.508 18476
384.522 17997
384.535 17303
384.549 16840
384.562 16589
384.575 16188
384.589 16012
384.602 15674
384.616 15411
384.629 15239
384.643 14696
384.656 14375
384.670 13739
384.683 13282
384.697 12846
384.710 12485
384.724 12154
384.737 11749
384.751 11479
384.764 11129
384.778 10852
384.791 10666
384.805 10280
384.818 9901
384.832 9581
384.845 9361
384.859 9160
384.872 8783
384.885 8494
384.899 8276
384.912 8119
384.926 7781
384.939 7548
384.953 7579
384.966 7307
384.980 7146
384.993 6947
385.007 6922
385.020 6791
385.034 6587
385.047 6356
385.061 6213
385.074 6123
385.088 5895
385.101 5930
385.114 5728
385.128 5510
385.141 5607
385.155 5434
385.168 5425
385.182 5417
385.195 5337
385.209 5264
385.222 5001
385.236 4976
385.249 4961
385.263 4835
385.276 4756
385.290 4554
385.303 4477
385.316 4403
385.330 4363
385.343 4408
385.357 4311
385.370 4185
385.384 4134
385.397 4108
385.411 4008
385.424 4005
385.438 3988
385.451 3935
385.464 3908
385.478 3922
385.491 3815
385.505 3867
385.518 3843
385.532 3746
385.545 3678
385.559 3598
385.572 3603
385.586 3578
385.599 3595
385.612 3560
385.626 3541
385.639 3592
385.653 3449
385.666 3478
385.680 3472
385.693 3451
385.707 3397
385.720 3368
385.734 3296
385.747 3269
385.760 3239
385.774 3193
385.787 3102
385.801 3185
385.814 3089
385.828 3051
385.841 2948
385.855 2971
385.868 3044
385.881 2931
385.895 2935
385.908 2916
385.922 2874
385.935 2898
385.949 2816
385.962 2794
385.976 2787
385.989 2796
386.002 2831
386.016 2784
386.029 2744
386.043 2751
386.056 2716
386.070 2700
386.083 2707
386.097 2687
386.110 2647
386.123 2642
386.137 2636
386.150 2681
386.164 2591
386.177 2591
386.191 2626
386.204 2535
386.217 2495
386.231 2541
386.244 2510
386.258 2592
386.271 2558
386.285 2495
386.298 2490
386.311 2435
386.325 2450
386.338 2418
386.352 2442
386.365 2401
386.379 2456
386.392 2402
386.405 2322
386.419 2377
386.432 2376
386.446 2390
386.459 2367
386.473 2298
386.486 2291
386.499 2271
386.513 2277
386.526 2276
386.540 2240
386.553 2201
386.567 2245
386.580 2213
386.593 2286
386.607 2269
386.620 2245
386.634 2242
386.647 2187
386.661 2169
386.674 2168
386.687 2188
386.701 2116
386.714 2092
386.728 2108
386.741 2100
386.754 2094
386.768 2109
386.781 2073
386.795 2065
386.808 2016
386.822 1951
386.835 2007
386.848 1969
386.862 1968
386.875 1984
386.889 1975
386.902 1982
386.915 1965
386.929 1970
386.942 1923
386.956 1892
386.969 1940
386.983 1895
386.996 1846
387.009 1883
387.023 1880
387.036 1859
387.050 1884
387.063 1860
387.076 1840
387.090 1829
387.103 1782
387.117 1812
387.130 1829
387.143 1829
387.157 1816
387.170 1775
387.184 1820
387.197 1785
387.210 1781
387.224 1773
387.237 1808
387.251 1712
387.264 1735
387.278 1727
387.291 1748
387.304 1710
387.318 1661
387.331 1710
387.345 1692
387.358 1712
387.371 1613
387.385 1684
387.398 1678
387.412 1615
387.425 1627
387.438 1565
387.452 1560
387.465 1573
387.478 1554
387.492 1517
387.505 1535
387.519 1560
387.532 1568
387.545 1601
387.559 1582
387.572 1571
387.586 1548
387.599 1524
387.612 1509
387.626 1545
387.639 1510
387.653 1514
387.666 1485
387.679 1459
387.693 1488
387.706 1449
387.720 1462
387.733 1472
387.746 1456
387.760 1489
387.773 1451
387.787 1432
387.800 1449
387.813 1409
387.827 1428
387.840 1380
387.853 1371
387.867 1385
387.880 1411
387.894 1405
387.907 1431
387.920 1357
387.934 1348
387.947 1368
387.961 1362
387.974 1358
387.987 1349
388.001 1338
388.014 1322
388.027 1315
388.041 1315
388.054 1299
388.068 1306
388.081 1306
388.094 1267
388.108 1301
388.121 1305
388.134 1247
388.148 1275
388.161 1235
388.175 1238
388.188 1260
388.201 1223
388.215 1227
388.228 1218
388.241 1215
388.255 1227
388.268 1219
388.282 1229
388.295 1236
388.308 1229
388.322 1249
388.335 1195
388.348 1184
388.362 1197
388.375 1228
388.389 1235
388.402 1193
388.415 1218
388.429 1200
388.442 1248
388.455 1245
388.469 1179
388.482 1200
388.495 1237
388.509 1216
388.522 1205
388.536 1218
388.549 1189
388.562 1157
388.576 1187
388.589 1194
388.602 1185
388.616 1201
388.629 1171
388.642 1208
388.656 1180
388.669 1147
388.683 1191
388.696 1157
388.709 1180
388.723 1198
388.736 1183
388.749 1166
388.763 1150
388.776 1160
388.789 1161
388.803 1147
388.816 1141
388.829 1143
388.843 1158
388.856 1149
388.870 1157
388.883 1128
388.896 1142
388.910 1142
388.923 1167
388.936 1113
388.950 1137
388.963 1158
388.976 1119
388.990 1145
389.003 1149
389.016 1138
389.030 1140
389.043 1123
389.056 1170
389.070 1142
389.083 1134
389.097 1137
389.110 1123
389.123 1107
389.137 1105
389.150 1122
389.163 1100
389.177 1098
389.190 1099
389.203 1107
389.217 1101
389.230 1136
389.243 1106
389.257 1103
389.270 1095
389.283 1105
389.297 1094
389.310 1094
389.323 1095
389.337 1065
389.350 1097
389.363 1079
389.377 1060
389.390 1096
389.403 1088
389.417 1099
389.430 1082
389.443 1104
389.457 1052
389.470 1075
389.483 1064
389.497 1068
389.510 1086
389.523 1084
389.537 1081
389.550 1075
389.563 1070
389.577 1069
389.590 1066
389.603 1058
389.617 1049
389.630 1057
389.643 1017
389.657 1021
389.670 1034
389.683 1059
389.697 1058
389.710 1066
389.723 1056
389.737 1034
389.750 1031
389.763 1010
389.777 1025
389.790 1023
389.803 1024
389.817 1002
389.830 1015
389.843 1012
389.857 1006
389.870 996
389.883 984
389.897 990
389.910 994
389.923 992
389.937 1026
389.950 1001
389.963 989
389.977 992
389.990 961
390.003 1010
390.017 997
390.030 984
390.043 987
390.057 960
390.070 973
390.083 969
390.096 965
390.110 954
390.123 960
390.136 952
390.150 940
390.163 951
390.176 964
390.190 960
390.203 934
390.216 956
390.230 919
390.243 915
390.256 930
390.270 910
390.283 908
390.296 928
390.310 899
390.323 921
390.336 923
390.349 907
390.363 925
390.376 893
390.389 907
390.403 905
390.416 915
390.429 891
390.443 909
390.456 886
390.469 884
390.483 869
390.496 863
390.509 848
390.522 888
390.536 851
390.549 858
390.562 878
390.576 855
390.589 841
390.602 855
390.616 853
390.629 853
390.642 838
390.655 850
390.669 836
390.682 831
390.695 839
390.709 841
390.722 830
390.735 832
390.749 828
390.762 808
390.775 826
390.788 812
390.802 798
390.815 826
390.828 802
390.842 805
390.855 811
390.868 805
390.882 799
390.895 800
390.908 782
390.921 790
390.935 782
390.948 792
390.961 782
390.975 798
390.988 778
391.001 790
391.014 784
391.028 797
391.041 785
391.054 775
391.068 765
391.081 789
391.094 788
391.107 780
391.121 770
391.134 783
391.147 782
391.161 771
391.174 765
391.187 773
391.200 736
391.214 763
391.227 761
391.240 769
391.254 757
391.267 744
391.280 736
391.293 752
391.307 735
391.320 735
391.333 759
391.347 743
391.360 742
391.373 759
391.386 750
391.400 731
391.413 741
391.426 742
391.440 730
391.453 750
391.466 748
391.479 726
391.493 723
391.506 732
391.519 743
391.532 718
391.546 733
391.559 738
391.572 724
391.586 733
391.599 723
391.612 744
391.625 729
391.639 741
391.652 734
391.665 719
391.678 725
391.692 717
391.705 730
391.718 729
391.732 723
391.745 726
391.758 708
391.771 724
391.785 723
391.798 716
391.811 718
391.824 716
391.838 717
391.851 722
391.864 720
391.877 721
391.891 727
391.904 720
391.917 729
391.931 730
391.944 723
391.957 723
391.970 699
391.984 726
391.997 722
392.010 727
392.023 712
392.037 719
392.050 708
392.063 713
392.076 720
392.090 724
392.103 712
392.116 714
392.129 714
392.143 707
392.156 700
392.169 702
392.182 699
392.196 716
392.209 706
392.222 704
392.235 706
392.249 720
392.262 695
392.275 710
392.288 697
392.302 690
392.315 710
392.328 700
392.341 692
392.355 698
392.368 704
392.381 690
392.394 702
392.408 704
392.421 702
392.434 705
392.447 711
392.461 715
392.474 697
392.487 712
392.500 713
392.514 706
392.527 710
392.540 708
392.553 706
392.567 701
392.580 706
392.593 704
392.606 703
392.620 690
392.633 695
392.646 692
392.659 699
392.673 688
392.686 702
392.699 692
392.712 692
392.726 699
392.739 702
392.752 699
392.765 701
392.778 685
392.792 700
392.805 680
392.818 692
392.831 701
392.845 687
392.858 700
392.871 690
392.884 703
392.898 708
392.911 687
392.924 703
392.937 690
392.951 700
392.964 709
392.977 697
392.990 684
393.003 693
393.017 676
393.030 691
393.043 695
393.056 678
393.070 696
393.083 687
393.096 699
393.109 689
393.122 690
393.136 680
393.149 688
393.162 683
393.175 692
393.189 695
393.202 681
393.215 695
393.228 691
393.242 677
393.255 683
393.268 681
393.281 686
393.294 669
393.308 678
393.321 686
393.334 680
393.347 688
393.360 680
393.374 680
393.387 682
393.400 691
393.413 674
393.427 680
393.440 693
393.453 683
393.466 674
393.479 687
393.493 680
393.506 686
393.519 682
393.532 691
393.546 682
393.559 686
393.572 668
393.585 680
393.598 686
393.612 684
393.625 679
393.638 693
393.651 679
393.664 681
393.678 683
393.691 682
393.704 674
393.717 682
393.730 681
393.744 669
393.757 680
393.770 687
393.783 690
393.796 691
393.810 667
393.823 666
393.836 676
393.849 674
393.863 676
393.876 675
393.889 673
393.902 688
393.915 680
393.929 666
