375.891 818
375.905 808
375.919 802
375.933 826
375.946 837
375.960 825
375.974 826
375.987 838
376.001 846
376.015 843
376.029 858
376.042 840
376.056 866
376.070 846
376.084 868
376.097 856
376.111 855
376.125 857
376.139 878
376.152 871
376.166 857
376.180 887
376.193 899
376.207 873
376.221 905
376.235 892
376.248 900
376.262 907
376.276 921
376.290 909
376.303 907
376.317 907
376.331 923
376.345 925
376.358 922
376.372 926
376.386 910
376.399 921
376.413 950
376.427 960
376.441 929
376.454 949
376.468 936
376.482 951
376.495 968
376.509 966
376.523 968
376.537 988
376.550 991
376.564 999
376.578 1001
376.592 1010
376.605 992
376.619 1019
376.633 1004
376.646 1001
376.660 993
376.674 1008
376.688 1007
376.701 997
376.715 1014
376.729 1026
376.742 1033
376.756 1070
376.770 1082
376.784 1034
376.797 1043
376.811 1074
376.825 1053
376.838 1081
376.852 1082
376.866 1086
376.880 1096
376.893 1108
376.907 1102
376.921 1114
376.934 1128
376.948 1110
376.962 1134
376.976 1129
376.989 1127
377.003 1149
377.017 1173
377.030 1152
377.044 1177
377.058 1181
377.071 1152
377.085 1203
377.099 1143
377.113 1163
377.126 1195
377.140 1165
377.154 1182
377.167 1232
377.181 1214
377.195 1220
377.208 1219
377.222 1249
377.236 1235
377.250 1228
377.263 1238
377.277 1276
377.291 1257
377.304 1299
377.318 1258
377.332 1290
377.345 1282
377.359 1280
377.373 1281
377.387 1299
377.400 1308
377.414 1282
377.428 1295
377.441 1330
377.455 1287
377.469 1306
377.482 1336
377.496 1340
377.510 1378
377.524 1346
377.537 1379
377.551 1378
377.565 1342
377.578 1390
377.592 1363
377.606 1340
377.619 1314
377.633 1373
377.647 1356
377.660 1354
377.674 1354
377.688 1371
377.701 1391
377.715 1395
377.729 1373
377.743 1408
377.756 1425
377.770 1419
377.784 1437
377.797 1467
377.811 1418
377.825 1446
377.838 1400
377.852 1433
377.866 1453
377.879 1472
377.893 1458
377.907 1474
377.920 1479
377.934 1459
377.948 1469
377.961 1465
377.975 1478
377.989 1479
378.002 1499
378.016 1471
378.030 1477
378.044 1489
378.057 1513
378.071 1504
378.085 1522
378.098 1525
378.112 1481
378.126 1516
378.139 1508
378.153 1502
378.167 1502
378.180 1506
378.194 1543
378.208 1563
378.221 1525
378.235 1517
378.249 1545
378.262 1559
378.276 1568
378.290 1520
378.303 1548
378.317 1536
378.331 1547
378.344 1541
378.358 1577
378.372 1584
378.385 1577
378.399 1534
378.413 1598
378.426 1594
378.440 1600
378.454 1604
378.467 1606
378.481 1596
378.495 1573
378.508 1607
378.522 1616
378.536 1610
378.549 1598
378.563 1598
378.577 1582
378.590 1574
378.604 1622
378.618 1638
378.631 1664
378.645 1612
378.659 1683
378.672 1612
378.686 1701
378.700 1726
378.713 1742
378.727 1729
378.740 1725
378.754 1751
378.768 1758
378.781 1746
378.795 1778
378.809 1762
378.822 1810
378.836 1726
378.850 1703
378.863 1748
378.877 1731
378.891 1779
378.904 1792
378.918 1790
378.932 1771
378.945 1772
378.959 1747
378.973 1803
378.986 1801
379.000 1791
379.014 1804
379.027 1794
379.041 1825
379.054 1802
379.068 1762
379.082 1821
379.095 1788
379.109 1826
379.123 1805
379.136 1849
379.150 1849
379.164 1887
379.177 1871
379.191 1922
379.205 1852
379.218 1903
379.232 1963
379.245 1900
379.259 1921
379.273 1937
379.286 1910
379.300 1951
379.314 1950
379.327 1986
379.341 1989
379.355 1998
379.368 2033
379.382 1994
379.396 2030
379.409 2036
379.423 2045
379.436 2080
379.450 2118
379.464 2099
379.477 2130
379.491 2129
379.505 2158
379.518 2173
379.532 2166
379.546 2169
379.559 2214
379.573 2233
379.586 2245
379.600 2247
379.614 2290
379.627 2295
379.641 2337
379.655 2369
379.668 2334
379.682 2331
379.695 2349
379.709 2388
379.723 2405
379.736 2491
379.750 2581
379.764 2624
379.777 2592
379.791 2644
379.804 2707
379.818 2623
379.832 2644
379.845 2545
379.859 2636
379.873 2654
379.886 2690
379.900 2771
379.913 2743
379.927 2873
379.941 2788
379.954 2906
379.968 2919
379.982 2924
379.995 2974
380.009 2969
380.022 3018
380.036 3078
380.050 3055
380.063 3178
380.077 3272
380.090 3347
380.104 3378
380.118 3420
380.131 3479
380.145 3489
380.159 3477
380.172 3595
380.186 3661
380.199 3718
380.213 3774
380.227 3813
380.240 3921
380.254 3778
380.267 3774
380.281 3847
380.295 3901
380.308 3975
380.322 4030
380.336 4053
380.349 4123
380.363 4182
380.376 4263
380.390 4300
380.404 4338
380.417 4446
380.431 4479
380.444 4450
380.458 4588
380.472 4585
380.485 4688
380.499 4688
380.512 4813
380.526 4886
380.540 4995
380.553 4977
380.567 5040
380.580 5121
380.594 5146
380.608 5377
380.621 5566
380.635 5599
380.648 5654
380.662 5625
380.676 5689
380.689 5743
380.703 5860
380.716 5889
380.730 6010
380.744 6087
380.757 6134
380.771 6396
380.784 6404
380.798 6489
380.812 6471
380.825 6495
380.839 6619
380.852 6833
380.866 7080
380.880 7100
380.893 6972
380.907 7059
380.920 7127
380.934 7261
380.948 7316
380.961 7371
380.975 7494
380.988 7545
381.002 7532
381.015 7541
381.029 7744
381.043 7805
381.056 7824
381.070 7909
381.083 7984
381.097 8013
381.111 8153
381.124 8309
381.138 8342
381.151 8401
381.165 8562
381.179 8566
381.192 8592
381.206 8553
381.219 8657
381.233 8788
381.246 8802
381.260 8970
381.274 9052
381.287 8874
381.301 9138
381.314 9230
381.328 9305
381.341 9348
381.355 9505
381.369 9534
381.382 9623
381.396 9774
381.409 9866
381.423 9916
381.437 10081
381.450 10171
381.464 10110
381.477 10391
381.491 10542
381.504 10610
381.518 10420
381.532 10622
381.545 10927
381.559 11168
381.572 11127
381.586 11086
381.599 11210
381.613 11323
381.627 11376
381.640 11278
381.654 11528
381.667 11542
381.681 11610
381.694 11560
381.708 11421
381.722 11453
381.735 11458
381.749 11568
381.762 11665
381.776 11764
381.789 11811
381.803 11834
381.817 11835
381.830 11901
381.844 12052
381.857 12104
381.871 12335
381.884 12330
381.898 12303
381.911 12394
381.925 12472
381.939 12483
381.952 12851
381.966 12742
381.979 12722
381.993 13103
382.006 13184
382.020 13371
382.034 13341
382.047 13310
382.061 13326
382.074 13245
382.088 13219
382.101 13435
382.115 13499
382.128 13557
382.142 13888
382.156 14537
382.169 14596
382.183 14333
382.196 14344
382.210 14380
382.223 14482
382.237 14527
382.250 14551
382.264 14699
382.278 14855
382.291 14947
382.305 15159
382.318 15485
382.332 15520
382.345 15004
382.359 15026
382.372 15140
382.386 15159
382.399 15260
382.413 15316
382.427 15397
382.440 15503
382.454 15607
382.467 15789
382.481 16030
382.494 16466
382.508 16718
382.521 16760
382.535 16616
382.548 16564
382.562 16582
382.576 16644
382.589 16775
382.603 16850
382.616 17127
382.630 17191
382.643 17293
382.657 17513
382.670 17696
382.684 17768
382.697 17721
382.711 17887
382.724 18128
382.738 17966
382.752 18104
382.765 18224
382.779 18365
382.792 18530
382.806 18515
382.819 18918
382.833 18823
382.846 19108
382.860 19148
382.873 19268
382.887 19473
382.900 19713
382.914 19899
382.928 20021
382.941 20113
382.955 20339
382.968 20446
382.982 20858
382.995 20731
383.009 20961
383.022 20993
383.036 21245
383.049 21395
383.063 21512
383.076 21648
383.090 21586
383.103 21884
383.117 21791
383.130 21930
383.144 22209
383.158 22501
383.171 22604
383.185 22563
383.198 22886
383.212 23050
383.225 23396
383.239 23514
383.252 23843
383.266 23849
383.279 23948
383.293 24252
383.306 24269
383.320 24725
383.333 25235
383.347 25379
383.360 25344
383.374 25229
383.387 25253
383.401 25611
383.414 25463
383.428 25256
383.441 25562
383.455 25340
383.468 25291
383.482 25644
383.496 26358
383.509 26626
383.523 26585
383.536 26277
383.550 26350
383.563 26710
383.577 26969
383.590 27282
383.604 27240
383.617 26845
383.631 26656
383.644 26416
383.658 26306
383.671 26422
383.685 26434
383.698 26718
383.712 26784
383.725 26742
383.739 26598
383.752 26380
383.766 26625
383.779 26513
383.793 26588
383.806 26709
383.820 27330
383.833 27256
383.847 27193
383.860 27376
383.874 27258
383.887 26486
383.901 26660
383.914 26995
383.928 26929
383.941 26847
383.955 26479
383.968 26178
383.982 26148
383.995 26144
384.009 26170
384.022 26182
384.036 25861
384.049 25711
384.063 25940
384.076 25926
384.090 26283
384.103 26639
384.117 26506
384.130 26012
384.144 25279
384.157 24850
384.171 24675
384.184 24562
384.198 24421
384.211 24117
384.225 23945
384.238 24059
384.252 24021
384.265 23702
384.279 23389
384.292 23233
384.306 22974
384.319 22424
384.333 21708
384.346 21537
384.360 20990
384.373 20574
384.387 20316
384.400 19988
384.414 19568
384.427 19342
384.441 18950
384.454 18254
384.468 17989
384.481 17442
384.495 17248
384.508 16967
384.522 16297
384.535 15983
384.549 15529
384.562 15108
384.575 14677
384.589 14435
384.602 14117
384.616 14137
384.629 13636
384.643 13193
384.656 12837
384.670 12400
384.683 12009
384.697 11615
384.710 11291
384.724 10807
384.737 10462
384.751 10071
384.764 9999
384.778 9690
384.791 9378
384.805 9157
384.818 8942
384.832 8561
384.845 8351
384.859 8176
384.872 7854
384.885 7601
384.899 7358
384.912 7184
384.926 6942
384.939 6737
384.953 6640
384.966 6471
384.980 6364
384.993 6216
385.007 6092
385.020 5953
385.034 5829
385.047 5673
385.061 5393
385.074 5439
385.088 5213
385.101 5209
385.114 5041
385.128 5003
385.141 4860
385.155 4866
385.168 4916
385.182 4816
385.195 4769
385.209 4691
385.222 4600
385.236 4433
385.249 4345
385.263 4226
385.276 4197
385.290 4144
385.303 4019
385.316 3983
385.330 3896
385.343 3911
385.357 3820
385.370 3747
385.384 3718
385.397 3669
385.411 3582
385.424 3549
385.438 3487
385.451 3468
385.464 3508
385.478 3467
385.491 3490
385.505 3433
385.518 3408
385.532 3332
385.545 3243
385.559 3233
385.572 3200
385.586 3164
385.599 3201
385.612 3227
385.626 3134
385.639 3115
385.653 3157
385.666 3157
385.680 3155
385.693 3046
385.707 3094
385.720 3022
385.734 2967
385.747 2952
385.760 2908
385.774 2934
385.787 2940
385.801 2856
385.814 2730
385.828 2748
385.841 2724
385.855 2733
385.868 2652
385.881 2654
385.895 2701
385.908 2543
385.922 2586
385.935 2593
385.949 2616
385.962 2584
385.976 2506
385.989 2554
386.002 2591
386.016 2572
386.029 2539
386.043 2560
386.056 2480
386.070 2453
386.083 2468
386.097 2466
386.110 2407
386.123 2452
386.137 2425
386.150 2366
386.164 2418
386.177 2336
386.191 2368
386.204 2309
386.217 2255
386.231 2274
386.244 2266
386.258 2314
386.271 2322
386.285 2326
386.298 2268
386.311 2312
386.325 2188
386.338 2196
386.352 2214
386.365 2161
386.379 2176
386.392 2189
386.405 2159
386.419 2128
386.432 2132
386.446 2154
386.459 2176
386.473 2093
386.486 2091
386.499 2046
386.513 2086
386.526 2032
386.540 1990
386.553 2021
386.567 2011
386.580 2025
386.593 2089
386.607 2080
386.620 2056
386.634 1994
386.647 2006
386.661 1973
386.674 2001
386.687 1993
386.701 1946
386.714 1962
386.728 1931
386.741 1917
386.754 1939
386.768 1907
386.781 1865
386.795 1890
386.808 1872
386.822 1854
386.835 1817
386.848 1849
386.862 1841
386.875 1827
386.889 1826
386.902 1762
386.915 1786
386.929 1778
386.942 1785
386.956 1734
386.969 1776
386.983 1712
386.996 1689
387.009 1732
387.023 1716
387.036 1721
387.050 1740
387.063 1663
387.076 1723
387.090 1730
387.103 1710
387.117 1685
387.130 1646
387.143 1710
387.157 1705
387.170 1696
387.184 1623
387.197 1723
387.210 1620
387.224 1613
387.237 1621
387.251 1598
387.264 1561
387.278 1578
387.291 1593
387.304 1601
387.318 1540
387.331 1541
387.345 1553
387.358 1563
387.371 1586
387.385 1530
387.398 1545
387.412 1508
387.425 1494
387.438 1484
387.452 1416
387.465 1452
387.478 1442
387.492 1381
387.505 1433
387.519 1443
387.532 1442
387.545 1478
387.559 1433
387.572 1482
387.586 1442
387.599 1459
387.612 1449
387.626 1417
387.639 1399
387.653 1405
387.666 1346
387.679 1356
387.693 1337
387.706 1313
387.720 1327
387.733 1357
387.746 1341
387.760 1322
387.773 1362
387.787 1319
387.800 1314
387.813 1316
387.827 1305
387.840 1278
387.853 1309
387.867 1259
387.880 1313
387.894 1317
387.907 1320
387.920 1301
387.934 1271
387.947 1267
387.961 1273
387.974 1242
387.987 1230
388.001 1248
388.014 1252
388.027 1240
388.041 1239
388.054 1216
388.068 1233
388.081 1211
388.094 1194
388.108 1226
388.121 1201
388.134 1201
388.148 1225
388.161 1194
388.175 1169
388.188 1139
388.201 1180
388.215 1168
388.228 1173
388.241 1134
388.255 1155
388.268 1153
388.282 1157
388.295 1133
388.308 1143
388.322 1138
388.335 1125
388.348 1122
388.362 1135
388.375 1136
388.389 1149
388.402 1148
388.415 1139
388.429 1141
388.442 1140
388.455 1136
388.469 1151
388.482 1150
388.495 1126
388.509 1111
388.522 1156
388.536 1139
388.549 1128
388.562 1116
388.576 1097
388.589 1127
388.602 1122
388.616 1100
388.629 1135
388.642 1106
388.656 1102
388.669 1109
388.683 1125
388.696 1093
388.709 1099
388.723 1108
388.736 1092
388.749 1086
388.763 1090
388.776 1094
388.789 1089
388.803 1071
388.816 1102
388.829 1075
388.843 1082
388.856 1064
388.870 1081
388.883 1084
388.896 1108
388.910 1052
388.923 1089
388.936 1091
388.950 1113
388.963 1078
388.976 1084
388.990 1084
389.003 1068
389.016 1062
389.030 1112
389.043 1084
389.056 1087
389.070 1110
389.083 1092
389.097 1069
389.110 1039
389.123 1052
389.137 1057
389.150 1043
389.163 1055
389.177 1085
389.190 1065
389.203 1060
389.217 1058
389.230 1031
389.243 1028
389.257 1044
389.270 1031
389.283 1049
389.297 1026
389.310 1045
389.323 1050
389.337 1045
389.350 1044
389.363 1003
389.377 1042
389.390 1067
389.403 1017
389.417 1028
389.430 1006
389.443 1059
389.457 1005
389.470 1041
389.483 1017
389.497 1037
389.510 1045
389.523 1027
389.537 1032
389.550 1023
389.563 1011
389.577 1009
389.590 1002
389.603 1003
389.617 1008
389.630 1003
389.643 983
389.657 1001
389.670 1015
389.683 998
389.697 967
389.710 983
389.723 966
389.737 992
389.750 989
389.763 991
389.777 981
389.790 983
389.803 993
389.817 968
389.830 978
389.843 987
389.857 937
389.870 933
389.883 959
389.897 941
389.910 979
389.923 956
389.937 954
389.950 953
389.963 943
389.977 951
389.990 931
390.003 944
390.017 948
390.030 917
390.043 915
390.057 940
390.070 910
390.083 931
390.096 931
390.110 928
390.123 910
390.136 906
390.150 930
390.163 902
390.176 913
390.190 913
390.203 909
390.216 894
390.230 889
390.243 865
390.256 869
390.270 889
390.283 867
390.296 878
390.310 863
390.323 875
390.336 871
390.349 838
390.363 886
390.376 862
390.389 875
390.403 867
390.416 860
390.429 851
390.443 858
390.456 859
390.469 847
390.483 861
390.496 822
390.509 844
390.522 829
390.536 837
390.549 831
390.562 827
390.576 824
390.589 822
390.602 828
390.616 818
390.629 802
390.642 802
390.655 812
390.669 796
390.682 815
390.695 783
390.709 814
390.722 793
390.735 797
390.749 787
390.762 811
390.775 780
390.788 797
390.802 794
390.815 798
390.828 784
390.842 789
390.855 770
390.868 772
390.882 780
390.895 777
390.908 766
390.921 780
390.935 778
390.948 770
390.961 781
390.975 772
390.988 761
391.001 758
391.014 749
391.028 758
391.041 747
391.054 742
391.068 754
391.081 751
391.094 754
391.107 751
391.121 740
391.134 738
391.147 733
391.161 738
391.174 740
391.187 747
391.200 741
391.214 747
391.227 740
391.240 739
391.254 719
391.267 758
391.280 732
391.293 732
391.307 729
391.320 732
391.333 731
391.347 728
391.360 722
391.373 727
391.386 723
391.400 733
391.413 734
391.426 717
391.440 723
391.453 732
391.466 718
391.479 723
391.493 717
391.506 725
391.519 726
391.532 721
391.546 729
391.559 731
391.572 719
391.586 729
391.599 706
391.612 712
391.625 723
391.639 704
391.652 726
391.665 722
391.678 725
391.692 722
391.705 706
391.718 708
391.732 726
391.745 700
391.758 712
391.771 700
391.785 709
391.798 707
391.811 707
391.824 713
391.838 722
391.851 709
391.864 700
391.877 709
391.891 698
391.904 698
391.917 707
391.931 694
391.944 706
391.957 723
391.970 696
391.984 696
391.997 708
392.010 694
392.023 699
392.037 697
392.050 698
392.063 698
392.076 704
392.090 698
392.103 707
392.116 703
392.129 708
392.143 698
392.156 687
392.169 705
392.182 693
392.196 702
392.209 708
392.222 699
392.235 701
392.249 697
392.262 686
392.275 689
392.288 697
392.302 683
392.315 690
392.328 693
392.341 693
392.355 690
392.368 692
392.381 693
392.394 693
392.408 690
392.421 695
392.434 700
392.447 691
392.461 693
392.474 686
392.487 680
392.500 682
392.514 697
392.527 681
392.540 679
392.553 700
392.567 696
392.580 702
392.593 687
392.606 687
392.620 691
392.633 691
392.646 689
392.659 679
392.673 683
392.686 694
392.699 680
392.712 690
392.726 692
392.739 682
392.752 689
392.765 686
392.778 678
392.792 677
392.805 687
392.818 690
392.831 686
392.845 694
392.858 677
392.871 675
392.884 670
392.898 686
392.911 689
392.924 685
392.937 680
392.951 686
392.964 678
392.977 686
392.990 679
393.003 685
393.017 682
393.030 691
393.043 676
393.056 677
393.070 686
393.083 686
393.096 685
393.109 683
393.122 683
393.136 680
393.149 686
393.162 676
393.175 673
393.189 688
393.202 681
393.215 664
393.228 664
393.242 687
393.255 669
393.268 673
393.281 684
393.294 676
393.308 681
393.321 677
393.334 662
393.347 685
393.360 674
393.374 674
393.387 673
393.400 668
393.413 677
393.427 678
393.440 672
393.453 669
393.466 661
393.479 679
393.493 674
393.506 671
393.519 660
393.532 672
393.546 674
393.559 678
393.572 670
393.585 676
393.598 668
393.612 662
393.625 675
393.638 668
393.651 673
393.664 673
393.678 666
393.691 674
393.704 677
393.717 673
393.730 670
393.744 663
393.757 671
393.770 668
393.783 655
393.796 679
393.810 661
393.823 658
393.836 667
393.849 658
393.863 674
393.876 677
393.889 672
393.902 658
393.915 667
393.929 664
