375.891 834
375.905 832
375.919 835
375.933 828
375.946 825
375.960 844
375.974 850
375.987 842
376.001 841
376.015 851
376.029 869
376.042 838
376.056 856
376.070 867
376.084 852
376.097 876
376.111 886
376.125 887
376.139 868
376.152 882
376.166 899
376.180 893
376.193 857
376.207 919
376.221 887
376.235 901
376.248 902
376.262 922
376.276 900
376.290 928
376.303 923
376.317 911
376.331 914
376.345 946
376.358 926
376.372 929
376.386 922
376.399 967
376.413 952
376.427 945
376.441 959
376.454 972
376.468 982
376.482 948
376.495 968
376.509 973
376.523 989
376.537 1004
376.550 998
376.564 1036
376.578 1001
376.592 1014
376.605 1025
376.619 1024
376.633 1005
376.646 1020
376.660 1010
376.674 1015
376.688 1028
376.701 1026
376.715 1038
376.729 1045
376.742 1066
376.756 1057
376.770 1037
376.784 1061
376.797 1031
376.811 1077
376.825 1104
376.838 1118
376.852 1102
376.866 1102
376.880 1112
376.893 1098
376.907 1130
376.921 1104
376.934 1125
376.948 1121
376.962 1145
376.976 1125
376.989 1139
377.003 1135
377.017 1167
377.030 1199
377.044 1195
377.058 1219
377.071 1178
377.085 1199
377.099 1201
377.113 1199
377.126 1223
377.140 1205
377.154 1238
377.167 1247
377.181 1229
377.195 1230
377.208 1245
377.222 1253
377.236 1265
377.250 1234
377.263 1278
377.277 1272
377.291 1298
377.304 1310
377.318 1299
377.332 1313
377.345 1298
377.359 1301
377.373 1289
377.387 1326
377.400 1337
377.414 1349
377.428 1312
377.441 1317
377.455 1375
377.469 1354
377.482 1386
377.496 1336
377.510 1368
377.524 1398
377.537 1394
377.551 1413
377.565 1393
377.578 1429
377.592 1387
377.606 1406
377.619 1413
377.633 1356
377.647 1399
377.660 1415
377.674 1417
377.688 1384
377.701 1451
377.715 1395
377.729 1437
377.743 1449
377.756 1457
377.770 1464
377.784 1431
377.797 1446
377.811 1463
377.825 1438
377.838 1418
377.852 1495
377.866 1470
377.879 1530
377.893 1499
377.907 1463
377.920 1465
377.934 1501
377.948 1479
377.961 1527
377.975 1517
377.989 1526
378.002 1517
378.016 1517
378.030 1531
378.044 1537
378.057 1539
378.071 1559
378.085 1545
378.098 1542
378.112 1564
378.126 1537
378.139 1541
378.153 1551
378.167 1563
378.180 1553
378.194 1594
378.208 1553
378.221 1545
378.235 1540
378.249 1616
378.262 1605
378.276 1564
378.290 1555
378.303 1559
378.317 1591
378.331 1586
378.344 1584
378.358 1602
378.372 1611
378.385 1606
378.399 1608
378.413 1633
378.426 1588
378.440 1653
378.454 1651
378.467 1660
378.481 1647
378.495 1652
378.508 1629
378.522 1650
378.536 1651
378.549 1648
378.563 1668
378.577 1640
378.590 1696
378.604 1696
378.618 1705
378.631 1697
378.645 1675
378.659 1683
378.672 1700
378.686 1714
378.700 1755
378.713 1762
378.727 1748
378.740 1755
378.754 1791
378.768 1781
378.781 1801
378.795 1775
378.809 1786
378.822 1781
378.836 1827
378.850 1776
378.863 1814
378.877 1808
378.891 1825
378.904 1813
378.918 1822
378.932 1822
378.945 1825
378.959 1806
378.973 1824
378.986 1833
379.000 1858
379.014 1846
379.027 1892
379.041 1846
379.054 1819
379.068 1847
379.082 1837
379.095 1867
379.109 1865
379.123 1876
379.136 1849
379.150 1923
379.164 1915
379.177 1880
379.191 1934
379.205 1940
379.218 1926
379.232 1997
379.245 1996
379.259 1997
379.273 2007
379.286 2010
379.300 2012
379.314 1992
379.327 2027
379.341 2043
379.355 2034
379.368 2088
379.382 2060
379.396 2121
379.409 2098
379.423 2116
379.436 2163
379.450 2152
379.464 2153
379.477 2144
379.491 2165
379.505 2197
379.518 2238
379.532 2274
379.546 2279
379.559 2298
379.573 2267
379.586 2282
379.600 2314
379.614 2327
379.627 2421
379.641 2365
379.655 2454
379.668 2386
379.682 2377
379.695 2440
379.709 2437
379.723 2478
379.736 2543
379.750 2650
379.764 2722
379.777 2697
379.791 2738
379.804 2728
379.818 2810
379.832 2738
379.845 2704
379.859 2731
379.873 2714
379.886 2738
379.900 2800
379.913 2851
379.927 2857
379.941 2960
379.954 2962
379.968 3015
379.982 3064
379.995 3061
380.009 3129
380.022 3067
380.036 3147
380.050 3168
380.063 3227
380.077 3444
380.090 3340
380.104 3498
380.118 3498
380.131 3579
380.145 3609
380.159 3566
380.172 3600
380.186 3755
380.199 3784
380.213 3862
380.227 3947
380.240 3951
380.254 3891
380.267 3944
380.281 3993
380.295 4069
380.308 4054
380.322 4090
380.336 4158
380.349 4317
380.363 4323
380.376 4342
380.390 4456
380.404 4453
380.417 4519
380.431 4518
380.444 4627
380.458 4771
380.472 4808
380.485 4816
380.499 4845
380.512 4885
380.526 5065
380.540 5091
380.553 5148
380.567 5099
380.580 5247
380.594 5393
380.608 5459
380.621 5659
380.635 5794
380.648 5817
380.662 5790
380.676 5983
380.689 5944
380.703 6010
380.716 6123
380.730 6107
380.744 6306
380.757 6322
380.771 6513
380.784 6650
380.798 6665
380.812 6710
380.825 6709
380.839 6867
380.852 7068
380.866 7295
380.880 7344
380.893 7272
380.907 7266
380.920 7299
380.934 7512
380.948 7678
380.961 7599
380.975 7686
380.988 7668
381.002 7755
381.015 7863
381.029 7948
381.043 7985
381.056 8116
381.070 8167
381.083 8316
381.097 8338
381.111 8354
381.124 8401
381.138 8658
381.151 8725
381.165 8793
381.179 8891
381.192 8853
381.206 8927
381.219 8743
381.233 8928
381.246 9107
381.260 9105
381.274 9154
381.287 9401
381.301 9378
381.314 9389
381.328 9586
381.341 9620
381.355 9716
381.369 9781
381.382 9841
381.396 9938
381.409 10094
381.423 10305
381.437 10446
381.450 10453
381.464 10410
381.477 10560
381.491 10666
381.504 10882
381.518 10872
381.532 10947
381.545 11097
381.559 11387
381.572 11418
381.586 11456
381.599 11490
381.613 11624
381.627 11641
381.640 11937
381.654 11840
381.667 11892
381.681 11935
381.694 12054
381.708 11790
381.722 11786
381.735 11872
381.749 11936
381.762 12056
381.776 12057
381.789 12236
381.803 12242
381.817 12288
381.830 12206
381.844 12347
381.857 12638
381.871 12788
381.884 12654
381.898 12645
381.911 12667
381.925 13004
381.939 12846
381.952 13035
381.966 13062
381.979 13220
381.993 13449
382.006 13572
382.020 13780
382.034 13845
382.047 13747
382.061 13659
382.074 13807
382.088 13715
382.101 13808
382.115 14068
382.128 13924
382.142 14200
382.156 14685
382.169 15051
382.183 14822
382.196 14782
382.210 15011
382.223 14991
382.237 15064
382.250 15022
382.264 15081
382.278 15080
382.291 15537
382.305 15684
382.318 15888
382.332 16041
382.345 15438
382.359 15461
382.372 15480
382.386 15569
382.399 15754
382.413 15771
382.427 15810
382.440 15917
382.454 16199
382.467 16215
382.481 16708
382.494 16919
382.508 17241
382.521 17469
382.535 17341
382.548 17236
382.562 17232
382.576 17374
382.589 17448
382.603 17471
382.616 17651
382.630 17895
382.643 18096
382.657 18236
382.670 18189
382.684 18255
382.697 18335
382.711 18521
382.724 18606
382.738 18761
382.752 18849
382.765 18872
382.779 19086
382.792 19215
382.806 19380
382.819 19474
382.833 19444
382.846 20024
382.860 20012
382.873 19920
382.887 20130
382.900 20369
382.914 20596
382.928 20610
382.941 21298
382.955 21185
382.968 21406
382.982 21575
382.995 21648
383.009 21802
383.022 21884
383.036 22090
383.049 22200
383.063 22297
383.076 22465
383.090 22496
383.103 22477
383.117 22640
383.130 22857
383.144 22817
383.158 23126
383.171 23211
383.185 23377
383.198 23685
383.212 24195
383.225 24242
383.239 24450
383.252 24797
383.266 24856
383.279 25010
383.293 25029
383.306 25211
383.320 25571
383.333 26027
383.347 26472
383.360 26339
383.374 26089
383.387 26213
383.401 26364
383.414 26533
383.428 26433
383.441 26592
383.455 26502
383.468 26558
383.482 26713
383.496 27499
383.509 27693
383.523 27386
383.536 27286
383.550 27383
383.563 27680
383.577 27664
383.590 28234
383.604 28071
383.617 27586
383.631 27817
383.644 27565
383.658 27425
383.671 27361
383.685 27349
383.698 27720
383.712 27953
383.725 27906
383.739 27724
383.752 27765
383.766 27318
383.779 27507
383.793 27407
383.806 27640
383.820 28213
383.833 28318
383.847 28063
383.860 28281
383.874 28324
383.887 27639
383.901 27362
383.914 27936
383.928 27929
383.941 27967
383.955 27450
383.968 27379
383.982 27128
383.995 27050
384.009 26965
384.022 27097
384.036 26870
384.049 26816
384.063 27321
384.076 27349
384.090 27481
384.103 27621
384.117 27855
384.130 27186
384.144 26489
384.157 26031
384.171 25600
384.184 25613
384.198 25070
384.211 25087
384.225 24924
384.238 24907
384.252 24931
384.265 24773
384.279 24515
384.292 24332
384.306 23789
384.319 23438
384.333 22950
384.346 22506
384.360 22123
384.373 21634
384.387 21250
384.400 20894
384.414 20647
384.427 20507
384.441 20137
384.454 19562
384.468 19220
384.481 18620
384.495 18370
384.508 17920
384.522 17627
384.535 17045
384.549 16696
384.562 16147
384.575 15885
384.589 15707
384.602 15574
384.616 15153
384.629 14843
384.643 14331
384.656 13733
384.670 13444
384.683 13004
384.697 12629
384.710 12211
384.724 11852
384.737 11450
384.751 11187
384.764 10831
384.778 10588
384.791 10327
384.805 9940
384.818 9743
384.832 9424
384.845 9130
384.859 8991
384.872 8541
384.885 8260
384.899 8064
384.912 7874
384.926 7696
384.939 7425
384.953 7237
384.966 7112
384.980 6943
384.993 6860
385.007 6623
385.020 6549
385.034 6383
385.047 6187
385.061 6028
385.074 5962
385.088 5856
385.101 5663
385.114 5614
385.128 5498
385.141 5472
385.155 5422
385.168 5407
385.182 5271
385.195 5177
385.209 5205
385.222 4995
385.236 4995
385.249 4856
385.263 4751
385.276 4696
385.290 4593
385.303 4503
385.316 4455
385.330 4469
385.343 4386
385.357 4318
385.370 4200
385.384 4110
385.397 4096
385.411 4099
385.424 4016
385.438 4008
385.451 3920
385.464 3942
385.478 3870
385.491 3835
385.505 3810
385.518 3791
385.532 3733
385.545 3590
385.559 3556
385.572 3702
385.586 3568
385.599 3539
385.612 3546
385.626 3547
385.639 3449
385.653 3506
385.666 3498
385.680 3451
385.693 3366
385.707 3385
385.720 3382
385.734 3356
385.747 3340
385.760 3230
385.774 3175
385.787 3276
385.801 3234
385.814 3062
385.828 2992
385.841 3032
385.855 3040
385.868 3013
385.881 2979
385.895 2894
385.908 2932
385.922 2927
385.935 2884
385.949 2879
385.962 2853
385.976 2847
385.989 2852
386.002 2841
386.016 2851
386.029 2806
386.043 2793
386.056 2806
386.070 2742
386.083 2694
386.097 2719
386.110 2641
386.123 2678
386.137 2628
386.150 2672
386.164 2628
386.177 2595
386.191 2585
386.204 2573
386.217 2502
386.231 2555
386.244 2562
386.258 2590
386.271 2532
386.285 2519
386.298 2558
386.311 2514
386.325 2450
386.338 2432
386.352 2447
386.365 2477
386.379 2416
386.392 2389
386.405 2348
386.419 2364
386.432 2338
386.446 2385
386.459 2324
386.473 2342
386.486 2322
386.499 2295
386.513 2289
386.526 2263
386.540 2201
386.553 2235
386.567 2287
386.580 2229
386.593 2257
386.607 2298
386.620 2271
386.634 2232
386.647 2240
386.661 2176
386.674 2175
386.687 2206
386.701 2212
386.714 2112
386.728 2082
386.741 2138
386.754 2145
386.768 2129
386.781 2096
386.795 2046
386.808 2056
386.822 2025
386.835 2058
386.848 2025
386.862 1991
386.875 1983
386.889 1991
386.902 1968
386.915 1923
386.929 1984
386.942 1952
386.956 1924
386.969 1953
386.983 1921
386.996 1895
387.009 1885
387.023 1894
387.036 1874
387.050 1858
387.063 1812
387.076 1870
387.090 1833
387.103 1857
387.117 1790
387.130 1825
387.143 1826
387.157 1846
387.170 1832
387.184 1831
387.197 1782
387.210 1769
387.224 1762
387.237 1750
387.251 1794
387.264 1705
387.278 1717
387.291 1763
387.304 1723
387.318 1692
387.331 1687
387.345 1731
387.358 1685
387.371 1698
387.385 1683
387.398 1644
387.412 1635
387.425 1616
387.438 1630
387.452 1603
387.465 1556
387.478 1538
387.492 1545
387.505 1565
387.519 1549
387.532 1637
387.545 1617
387.559 1577
387.572 1597
387.586 1562
387.599 1541
387.612 1557
387.626 1547
387.639 1535
387.653 1539
387.666 1466
387.679 1473
387.693 1426
387.706 1474
387.720 1447
387.733 1466
387.746 1438
387.760 1448
387.773 1453
387.787 1436
387.800 1477
387.813 1412
387.827 1432
387.840 1417
387.853 1392
387.867 1387
387.880 1440
387.894 1422
387.907 1427
387.920 1368
387.934 1378
387.947 1387
387.961 1358
387.974 1362
387.987 1335
388.001 1323
388.014 1355
388.027 1316
388.041 1320
388.054 1311
388.068 1298
388.081 1271
388.094 1312
388.108 1302
388.121 1286
388.134 1297
388.148 1266
388.161 1269
388.175 1260
388.188 1221
388.201 1220
388.215 1219
388.228 1232
388.241 1241
388.255 1233
388.268 1243
388.282 1236
388.295 1227
388.308 1247
388.322 1192
388.335 1248
388.348 1188
388.362 1212
388.375 1193
388.389 1207
388.402 1207
388.415 1213
388.429 1236
388.442 1245
388.455 1170
388.469 1214
388.482 1223
388.495 1192
388.509 1199
388.522 1243
388.536 1194
388.549 1186
388.562 1206
388.576 1201
388.589 1187
388.602 1200
388.616 1166
388.629 1183
388.642 1216
388.656 1211
388.669 1173
388.683 1179
388.696 1185
388.709 1190
388.723 1183
388.736 1170
388.749 1167
388.763 1153
388.776 1151
388.789 1144
388.803 1173
388.816 1149
388.829 1166
388.843 1131
388.856 1132
388.870 1156
388.883 1167
388.896 1153
388.910 1157
388.923 1154
388.936 1143
388.950 1155
388.963 1137
388.976 1149
388.990 1155
389.003 1146
389.016 1139
389.030 1145
389.043 1162
389.056 1165
389.070 1146
389.083 1119
389.097 1120
389.110 1111
389.123 1131
389.137 1113
389.150 1126
389.163 1123
389.177 1123
389.190 1105
389.203 1096
389.217 1112
389.230 1112
389.243 1091
389.257 1094
389.270 1113
389.283 1109
389.297 1071
389.310 1103
389.323 1080
389.337 1095
389.350 1095
389.363 1083
389.377 1083
389.390 1080
389.403 1063
389.417 1093
389.430 1092
389.443 1076
389.457 1076
389.470 1081
389.483 1071
389.497 1088
389.510 1089
389.523 1089
389.537 1091
389.550 1088
389.563 1065
389.577 1060
389.590 1057
389.603 1062
389.617 1061
389.630 1046
389.643 1038
389.657 1047
389.670 1045
389.683 1050
389.697 998
389.710 1048
389.723 1036
389.737 1058
389.750 1035
389.763 1024
389.777 1052
389.790 1030
389.803 1039
389.817 1019
389.830 1027
389.843 1004
389.857 1020
389.870 1002
389.883 1001
389.897 998
389.910 1013
389.923 986
389.937 1007
389.950 979
389.963 989
389.977 1003
389.990 973
390.003 1011
390.017 993
390.030 972
390.043 978
390.057 967
390.070 962
390.083 957
390.096 957
390.110 981
390.123 965
390.136 953
390.150 965
390.163 939
390.176 954
390.190 925
390.203 924
390.216 966
390.230 947
390.243 946
390.256 933
390.270 932
390.283 911
390.296 916
390.310 891
390.323 908
390.336 914
390.349 891
390.363 912
390.376 875
390.389 921
390.403 904
390.416 901
390.429 907
390.443 899
390.456 885
390.469 898
390.483 876
390.496 887
390.509 868
390.522 876
390.536 873
390.549 865
390.562 865
390.576 856
390.589 861
390.602 848
390.616 840
390.629 841
390.642 840
390.655 834
390.669 832
390.682 843
390.695 842
390.709 836
390.722 849
390.735 815
390.749 823
390.762 820
390.775 813
390.788 832
390.802 813
390.815 830
390.828 816
390.842 817
390.855 808
390.868 812
390.882 797
390.895 792
390.908 791
390.921 801
390.935 804
390.948 794
390.961 789
390.975 771
390.988 781
391.001 800
391.014 785
391.028 783
391.041 779
391.054 770
391.068 787
391.081 773
391.094 784
391.107 781
391.121 780
391.134 770
391.147 769
391.161 779
391.174 777
391.187 770
391.200 768
391.214 766
391.227 756
391.240 754
391.254 758
391.267 766
391.280 742
391.293 753
391.307 758
391.320 759
391.333 754
391.347 750
391.360 748
391.373 754
391.386 729
391.400 750
391.413 762
391.426 734
391.440 738
391.453 746
391.466 749
391.479 751
391.493 727
391.506 748
391.519 743
391.532 738
391.546 748
391.559 727
391.572 732
391.586 742
391.599 725
391.612 721
391.625 729
391.639 736
391.652 737
391.665 718
391.678 734
391.692 736
391.705 729
391.718 733
391.732 722
391.745 718
391.758 722
391.771 730
391.785 720
391.798 733
391.811 733
391.824 723
391.838 719
391.851 722
391.864 724
391.877 711
391.891 721
391.904 711
391.917 724
391.931 731
391.944 713
391.957 721
391.970 723
391.984 708
391.997 732
392.010 710
392.023 718
392.037 713
392.050 722
392.063 724
392.076 710
392.090 724
392.103 719
392.116 707
392.129 715
392.143 715
392.156 712
392.169 703
392.182 706
392.196 714
392.209 709
392.222 683
392.235 710
392.249 701
392.262 717
392.275 714
392.288 704
392.302 702
392.315 714
392.328 699
392.341 707
392.355 708
392.368 702
392.381 716
392.394 716
392.408 716
392.421 702
392.434 702
392.447 713
392.461 711
392.474 708
392.487 712
392.500 715
392.514 710
392.527 705
392.540 702
392.553 699
392.567 694
392.580 704
392.593 702
392.606 683
392.620 704
392.633 695
392.646 710
392.659 702
392.673 706
392.686 692
392.699 690
392.712 706
392.726 704
392.739 693
392.752 703
392.765 702
392.778 700
392.792 702
392.805 693
392.818 699
392.831 687
392.845 692
392.858 692
392.871 712
392.884 707
392.898 687
392.911 699
392.924 704
392.937 693
392.951 698
392.964 684
392.977 693
392.990 691
393.003 697
393.017 690
393.030 692
393.043 696
393.056 681
393.070 684
393.083 692
393.096 702
393.109 690
393.122 695
393.136 693
393.149 697
393.162 663
393.175 690
393.189 691
393.202 675
393.215 705
393.228 688
393.242 687
393.255 691
393.268 693
393.281 674
393.294 681
393.308 692
393.321 690
393.334 678
393.347 687
393.360 697
393.374 677
393.387 689
393.400 681
393.413 675
393.427 683
393.440 675
393.453 676
393.466 694
393.479 680
393.493 683
393.506 682
393.519 680
393.532 677
393.546 680
393.559 673
393.572 681
393.585 669
393.598 688
393.612 684
393.625 673
393.638 668
393.651 680
393.664 675
393.678 678
393.691 682
393.704 674
393.717 681
393.730 689
393.744 678
393.757 668
393.770 688
393.783 684
393.796 677
393.810 675
393.823 688
393.836 682
393.849 678
393.863 685
393.876 679
393.889 674
393.902 673
393.915 677
393.929 680
