375.891 849
375.905 869
375.919 862
375.933 867
375.946 857
375.960 872
375.974 881
375.987 906
376.001 870
376.015 880
376.029 885
376.042 869
376.056 891
376.070 867
376.084 900
376.097 880
376.111 896
376.125 887
376.139 930
376.152 931
376.166 931
376.180 928
376.193 937
376.207 947
376.221 908
376.235 945
376.248 944
376.262 978
376.276 949
376.290 969
376.303 956
376.317 955
376.331 957
376.345 958
376.358 929
376.372 976
376.386 977
376.399 991
376.413 1000
376.427 993
376.441 1014
376.454 1001
376.468 1010
376.482 1010
376.495 1041
376.509 1020
376.523 1029
376.537 1049
376.550 1061
376.564 1045
376.578 1039
376.592 1064
376.605 1075
376.619 1086
376.633 1052
376.646 1054
376.660 1065
376.674 1072
376.688 1052
376.701 1080
376.715 1065
376.729 1069
376.742 1114
376.756 1107
376.770 1130
376.784 1165
376.797 1144
376.811 1130
376.825 1169
376.838 1158
376.852 1176
376.866 1170
376.880 1179
376.893 1160
376.907 1159
376.921 1202
376.934 1191
376.948 1192
376.962 1193
376.976 1171
376.989 1223
377.003 1221
377.017 1194
377.030 1254
377.044 1263
377.058 1256
377.071 1287
377.085 1264
377.099 1258
377.113 1265
377.126 1275
377.140 1305
377.154 1300
377.167 1319
377.181 1349
377.195 1313
377.208 1296
377.222 1327
377.236 1386
377.250 1377
377.263 1347
377.277 1371
377.291 1378
377.304 1375
377.318 1443
377.332 1340
377.345 1363
377.359 1401
377.373 1362
377.387 1381
377.400 1394
377.414 1375
377.428 1432
377.441 1416
377.455 1427
377.469 1453
377.482 1459
377.496 1431
377.510 1483
377.524 1455
377.537 1495
377.551 1522
377.565 1461
377.578 1501
377.592 1494
377.606 1500
377.619 1488
377.633 1470
377.647 1495
377.660 1470
377.674 1475
377.688 1476
377.701 1522
377.715 1514
377.729 1520
377.743 1514
377.756 1516
377.770 1556
377.784 1501
377.797 1517
377.811 1545
377.825 1510
377.838 1549
377.852 1556
377.866 1554
377.879 1605
377.893 1603
377.907 1589
377.920 1608
377.934 1616
377.948 1591
377.961 1548
377.975 1624
377.989 1604
378.002 1603
378.016 1656
378.030 1612
378.044 1570
378.057 1618
378.071 1659
378.085 1629
378.098 1605
378.112 1668
378.126 1622
378.139 1642
378.153 1667
378.167 1700
378.180 1630
378.194 1648
378.208 1674
378.221 1648
378.235 1643
378.249 1684
378.262 1665
378.276 1707
378.290 1724
378.303 1681
378.317 1680
378.331 1678
378.344 1681
378.358 1739
378.372 1737
378.385 1725
378.399 1752
378.413 1692
378.426 1704
378.440 1711
378.454 1733
378.467 1762
378.481 1726
378.495 1700
378.508 1714
378.522 1729
378.536 1750
378.549 1791
378.563 1733
378.577 1769
378.590 1826
378.604 1808
378.618 1752
378.631 1801
378.645 1792
378.659 1776
378.672 1759
378.686 1840
378.700 1849
378.713 1871
378.727 1878
378.740 1860
378.754 1849
378.768 1871
378.781 1896
378.795 1897
378.809 1895
378.822 1919
378.836 1916
378.850 1853
378.863 1907
378.877 1906
378.891 1922
378.904 1920
378.918 1894
378.932 1952
378.945 1900
378.959 1928
378.973 1927
378.986 1986
379.000 1956
379.014 1920
379.027 1939
379.041 1928
379.054 1941
379.068 2038
379.082 1984
379.095 1981
379.109 1992
379.123 1991
379.136 2000
379.150 2041
379.164 2019
379.177 2041
379.191 2007
379.205 2046
379.218 2049
379.232 2085
379.245 2078
379.259 2075
379.273 2124
379.286 2126
379.300 2155
379.314 2185
379.327 2159
379.341 2137
379.355 2198
379.368 2195
379.382 2242
379.396 2208
379.409 2229
379.423 2236
379.436 2233
379.450 2317
379.464 2289
379.477 2299
379.491 2282
379.505 2299
379.518 2364
379.532 2350
379.546 2369
379.559 2436
379.573 2388
379.586 2380
379.600 2433
379.614 2444
379.627 2542
379.641 2507
379.655 2544
379.668 2570
379.682 2533
379.695 2544
379.709 2542
379.723 2564
379.736 2735
379.750 2746
379.764 2812
379.777 2811
379.791 2889
379.804 2889
379.818 2968
379.832 2863
379.845 2822
379.859 2890
379.873 2876
379.886 2963
379.900 2910
379.913 2995
379.927 3031
379.941 3178
379.954 3213
379.968 3174
379.982 3253
379.995 3280
380.009 3274
380.022 3314
380.036 3330
380.050 3358
380.063 3451
380.077 3542
380.090 3643
380.104 3668
380.118 3712
380.131 3699
380.145 3783
380.159 3767
380.172 3839
380.186 3948
380.199 4020
380.213 4118
380.227 4212
380.240 4169
380.254 4113
380.267 4181
380.281 4268
380.295 4210
380.308 4251
380.322 4409
380.336 4504
380.349 4513
380.363 4589
380.376 4635
380.390 4729
380.404 4883
380.417 4863
380.431 4894
380.444 4914
380.458 4943
380.472 5007
380.485 5094
380.499 5197
380.512 5345
380.526 5383
380.540 5426
380.553 5379
380.567 5528
380.580 5581
380.594 5748
380.608 5851
380.621 5925
380.635 6030
380.648 6154
380.662 6161
380.676 6141
380.689 6342
380.703 6363
380.716 6439
380.730 6551
380.744 6543
380.757 6728
380.771 6947
380.784 7054
380.798 6995
380.812 7038
380.825 7052
380.839 7237
380.852 7558
380.866 7645
380.880 7753
380.893 7619
380.907 7674
380.920 7893
380.934 7924
380.948 7937
380.961 8228
380.975 8181
380.988 8223
381.002 8231
381.015 8271
381.029 8479
381.043 8435
381.056 8715
381.070 8671
381.083 8679
381.097 8917
381.111 8932
381.124 9063
381.138 9145
381.151 9345
381.165 9429
381.179 9390
381.192 9412
381.206 9383
381.219 9570
381.233 9615
381.246 9704
381.260 9758
381.274 9876
381.287 9859
381.301 9961
381.314 10008
381.328 10175
381.341 10233
381.355 10284
381.369 10356
381.382 10470
381.396 10616
381.409 10693
381.423 10995
381.437 11017
381.450 11106
381.464 11207
381.477 11382
381.491 11582
381.504 11409
381.518 11554
381.532 11590
381.545 11870
381.559 12042
381.572 12041
381.586 12082
381.599 12292
381.613 12319
381.627 12443
381.640 12505
381.654 12483
381.667 12767
381.681 12678
381.694 12669
381.708 12467
381.722 12278
381.735 12468
381.749 12747
381.762 12581
381.776 12825
381.789 12635
381.803 12918
381.817 12803
381.830 13007
381.844 12919
381.857 13138
381.871 13476
381.884 13389
381.898 13398
381.911 13575
381.925 13540
381.939 13780
381.952 13874
381.966 13822
381.979 13868
381.993 14124
382.006 14386
382.020 14497
382.034 14500
382.047 14484
382.061 14489
382.074 14523
382.088 14605
382.101 14511
382.115 14625
382.128 14712
382.142 15221
382.156 15668
382.169 15515
382.183 15543
382.196 15488
382.210 15676
382.223 15645
382.237 15800
382.250 15888
382.264 15758
382.278 15915
382.291 16131
382.305 16503
382.318 16837
382.332 16819
382.345 16308
382.359 16236
382.372 16528
382.386 16420
382.399 16619
382.413 16677
382.427 17063
382.440 16691
382.454 16983
382.467 17189
382.481 17537
382.494 17852
382.508 18248
382.521 18164
382.535 18141
382.548 18213
382.562 18145
382.576 18245
382.589 18366
382.603 18537
382.616 18805
382.630 18831
382.643 18992
382.657 19247
382.670 19417
382.684 19269
382.697 19034
382.711 19220
382.724 19514
382.738 19569
382.752 19582
382.765 19823
382.779 19775
382.792 19881
382.806 20207
382.819 20177
382.833 20466
382.846 20489
382.860 20715
382.873 20854
382.887 20870
382.900 21376
382.914 21466
382.928 21542
382.941 21723
382.955 21921
382.968 21743
382.982 22231
382.995 22391
383.009 22314
383.022 22380
383.036 22606
383.049 22749
383.063 22888
383.076 23110
383.090 22990
383.103 22950
383.117 23283
383.130 23196
383.144 23402
383.158 23682
383.171 23618
383.185 24165
383.198 24254
383.212 24334
383.225 24663
383.239 24886
383.252 25236
383.266 25198
383.279 25350
383.293 25652
383.306 25733
383.320 25862
383.333 26537
383.347 26639
383.360 26515
383.374 26092
383.387 26222
383.401 26694
383.414 26453
383.428 26748
383.441 26706
383.455 26497
383.468 26057
383.482 26629
383.496 27083
383.509 27268
383.523 27095
383.536 27047
383.550 27056
383.563 27279
383.577 27279
383.590 27410
383.604 27458
383.617 27442
383.631 27052
383.644 27127
383.658 26775
383.671 26822
383.685 26962
383.698 27182
383.712 27404
383.725 27474
383.739 27205
383.752 26794
383.766 26702
383.779 26727
383.793 26784
383.806 27038
383.820 27181
383.833 27167
383.847 27194
383.860 27125
383.874 27060
383.887 26574
383.901 26594
383.914 26721
383.928 26501
383.941 26635
383.955 26218
383.968 25958
383.982 25940
383.995 25806
384.009 25930
384.022 25517
384.036 25422
384.049 25389
384.063 25374
384.076 25819
384.090 25965
384.103 25997
384.117 25941
384.130 25378
384.144 24685
384.157 24082
384.171 23914
384.184 23816
384.198 23654
384.211 23374
384.225 22972
384.238 23238
384.252 23305
384.265 22947
384.279 22724
384.292 22023
384.306 22187
384.319 21360
384.333 20861
384.346 20208
384.360 19743
384.373 19718
384.387 19244
384.400 18923
384.414 18550
384.427 18229
384.441 17633
384.454 17351
384.468 16796
384.481 16629
384.495 16187
384.508 15653
384.522 15260
384.535 15042
384.549 14631
384.562 14121
384.575 13585
384.589 13330
384.602 13218
384.616 13141
384.629 12825
384.643 12358
384.656 11934
384.670 11571
384.683 11134
384.697 10766
384.710 10494
384.724 10163
384.737 9902
384.751 9468
384.764 9230
384.778 9027
384.791 8878
384.805 8592
384.818 8367
384.832 8025
384.845 7810
384.859 7611
384.872 7317
384.885 7154
384.899 6962
384.912 6734
384.926 6604
384.939 6443
384.953 6346
384.966 6174
384.980 5876
384.993 5836
385.007 5784
385.020 5611
385.034 5508
385.047 5351
385.061 5254
385.074 5092
385.088 5083
385.101 4867
385.114 4918
385.128 4745
385.141 4738
385.155 4638
385.168 4643
385.182 4715
385.195 4620
385.209 4466
385.222 4393
385.236 4245
385.249 4286
385.263 4163
385.276 4041
385.290 4115
385.303 3960
385.316 3912
385.330 3882
385.343 3856
385.357 3844
385.370 3688
385.384 3682
385.397 3637
385.411 3509
385.424 3515
385.438 3464
385.451 3502
385.464 3461
385.478 3427
385.491 3412
385.505 3390
385.518 3412
385.532 3348
385.545 3243
385.559 3253
385.572 3203
385.586 3224
385.599 3150
385.612 3217
385.626 3224
385.639 3128
385.653 3132
385.666 3111
385.680 3088
385.693 3082
385.707 3027
385.720 3065
385.734 2951
385.747 2933
385.760 2903
385.774 2870
385.787 2874
385.801 2862
385.814 2734
385.828 2756
385.841 2747
385.855 2703
385.868 2693
385.881 2655
385.895 2701
385.908 2620
385.922 2637
385.935 2646
385.949 2624
385.962 2547
385.976 2559
385.989 2591
386.002 2529
386.016 2626
386.029 2508
386.043 2561
386.056 2468
386.070 2488
386.083 2536
386.097 2448
386.110 2419
386.123 2488
386.137 2420
386.150 2461
386.164 2410
386.177 2421
386.191 2370
386.204 2407
386.217 2334
386.231 2353
386.244 2304
386.258 2295
386.271 2365
386.285 2325
386.298 2316
386.311 2295
386.325 2262
386.338 2230
386.352 2192
386.365 2209
386.379 2203
386.392 2209
386.405 2121
386.419 2186
386.432 2136
386.446 2203
386.459 2124
386.473 2148
386.486 2137
386.499 2038
386.513 2072
386.526 2133
386.540 2041
386.553 2140
386.567 2027
386.580 2093
386.593 2101
386.607 2085
386.620 2054
386.634 2022
386.647 2030
386.661 2037
386.674 1989
386.687 1983
386.701 1973
386.714 2000
386.728 1943
386.741 1995
386.754 1943
386.768 1903
386.781 1961
386.795 1906
386.808 1844
386.822 1866
386.835 1862
386.848 1849
386.862 1864
386.875 1816
386.889 1816
386.902 1802
386.915 1746
386.929 1809
386.942 1796
386.956 1796
386.969 1851
386.983 1717
386.996 1786
387.009 1729
387.023 1772
387.036 1722
387.050 1697
387.063 1762
387.076 1722
387.090 1706
387.103 1749
387.117 1680
387.130 1703
387.143 1717
387.157 1728
387.170 1663
387.184 1684
387.197 1668
387.210 1672
387.224 1684
387.237 1641
387.251 1640
387.264 1592
387.278 1585
387.291 1623
387.304 1589
387.318 1563
387.331 1590
387.345 1574
387.358 1580
387.371 1586
387.385 1532
387.398 1529
387.412 1577
387.425 1516
387.438 1511
387.452 1471
387.465 1492
387.478 1428
387.492 1456
387.505 1464
387.519 1448
387.532 1506
387.545 1442
387.559 1419
387.572 1478
387.586 1482
387.599 1412
387.612 1449
387.626 1449
387.639 1436
387.653 1395
387.666 1382
387.679 1377
387.693 1392
387.706 1338
387.720 1376
387.733 1365
387.746 1394
387.760 1372
387.773 1378
387.787 1358
387.800 1375
387.813 1333
387.827 1390
387.840 1358
387.853 1289
387.867 1324
387.880 1326
387.894 1333
387.907 1306
387.920 1371
387.934 1307
387.947 1282
387.961 1310
387.974 1315
387.987 1274
388.001 1264
388.014 1287
388.027 1240
388.041 1265
388.054 1243
388.068 1259
388.081 1251
388.094 1248
388.108 1203
388.121 1239
388.134 1210
388.148 1214
388.161 1187
388.175 1182
388.188 1195
388.201 1168
388.215 1193
388.228 1171
388.241 1171
388.255 1172
388.268 1170
388.282 1156
388.295 1174
388.308 1164
388.322 1178
388.335 1145
388.348 1175
388.362 1150
388.375 1165
388.389 1172
388.402 1167
388.415 1157
388.429 1190
388.442 1182
388.455 1164
388.469 1172
388.482 1191
388.495 1161
388.509 1213
388.522 1185
388.536 1166
388.549 1152
388.562 1153
388.576 1157
388.589 1161
388.602 1161
388.616 1156
388.629 1143
388.642 1136
388.656 1113
388.669 1169
388.683 1127
388.696 1144
388.709 1124
388.723 1156
388.736 1127
388.749 1133
388.763 1119
388.776 1135
388.789 1133
388.803 1119
388.816 1132
388.829 1113
388.843 1126
388.856 1125
388.870 1118
388.883 1107
388.896 1104
388.910 1068
388.923 1109
388.936 1132
388.950 1133
388.963 1121
388.976 1099
388.990 1101
389.003 1094
389.016 1094
389.030 1077
389.043 1107
389.056 1113
389.070 1083
389.083 1102
389.097 1083
389.110 1044
389.123 1097
389.137 1072
389.150 1056
389.163 1068
389.177 1063
389.190 1085
389.203 1072
389.217 1061
389.230 1065
389.243 1044
389.257 1037
389.270 1041
389.283 1044
389.297 1074
389.310 1082
389.323 1022
389.337 1061
389.350 1069
389.363 1028
389.377 1033
389.390 1031
389.403 1080
389.417 1052
389.430 1028
389.443 1045
389.457 1043
389.470 1054
389.483 1026
389.497 1020
389.510 1057
389.523 1059
389.537 1027
389.550 1046
389.563 1019
389.577 1000
389.590 999
389.603 1006
389.617 1015
389.630 1014
389.643 1012
389.657 1030
389.670 1010
389.683 993
389.697 1003
389.710 992
389.723 1026
389.737 1022
389.750 1007
389.763 1005
389.777 984
389.790 1022
389.803 1001
389.817 963
389.830 977
389.843 953
389.857 960
389.870 978
389.883 956
389.897 965
389.910 952
389.923 965
389.937 972
389.950 963
389.963 960
389.977 948
389.990 988
390.003 933
390.017 976
390.030 944
390.043 952
390.057 903
390.070 929
390.083 938
390.096 925
390.110 909
390.123 921
390.136 929
390.150 921
390.163 932
390.176 917
390.190 917
390.203 901
390.216 909
390.230 882
390.243 878
390.256 883
390.270 869
390.283 888
390.296 871
390.310 873
390.323 886
390.336 889
390.349 855
390.363 874
390.376 890
390.389 873
390.403 875
390.416 865
390.429 884
390.443 847
390.456 857
390.469 844
390.483 850
390.496 828
390.509 837
390.522 856
390.536 832
390.549 837
390.562 820
390.576 835
390.589 841
390.602 845
390.616 806
390.629 828
390.642 826
390.655 812
390.669 812
390.682 820
390.695 819
390.709 821
390.722 819
390.735 804
390.749 786
390.762 808
390.775 807
390.788 802
390.802 773
390.815 797
390.828 779
390.842 789
390.855 781
390.868 783
390.882 788
390.895 794
390.908 787
390.921 762
390.935 781
390.948 769
390.961 778
390.975 767
390.988 760
391.001 774
391.014 765
391.028 789
391.041 750
391.054 759
391.068 752
391.081 755
391.094 759
391.107 767
391.121 747
391.134 752
391.147 761
391.161 760
391.174 749
391.187 747
391.200 761
391.214 747
391.227 758
391.240 734
391.254 738
391.267 747
391.280 748
391.293 748
391.307 737
391.320 736
391.333 743
391.347 737
391.360 730
391.373 744
391.386 739
391.400 725
391.413 746
391.426 740
391.440 738
391.453 745
391.466 729
391.479 732
391.493 746
391.506 739
391.519 734
391.532 720
391.546 734
391.559 718
391.572 719
391.586 722
391.599 719
391.612 724
391.625 718
391.639 725
391.652 721
391.665 713
391.678 717
391.692 726
391.705 726
391.718 724
391.732 723
391.745 730
391.758 719
391.771 721
391.785 720
391.798 720
391.811 707
391.824 720
391.838 711
391.851 709
391.864 711
391.877 716
391.891 711
391.904 722
391.917 715
391.931 707
391.944 704
391.957 708
391.970 717
391.984 703
391.997 722
392.010 711
392.023 720
392.037 700
392.050 699
392.063 723
392.076 700
392.090 702
392.103 709
392.116 706
392.129 694
392.143 713
392.156 699
392.169 704
392.182 701
392.196 701
392.209 708
392.222 698
392.235 715
392.249 687
392.262 695
392.275 700
392.288 702
392.302 705
392.315 719
392.328 709
392.341 701
392.355 699
392.368 700
392.381 698
392.394 687
392.408 715
392.421 690
392.434 696
392.447 705
392.461 693
392.474 695
392.487 710
392.500 698
392.514 701
392.527 699
392.540 693
392.553 693
392.567 694
392.580 705
392.593 689
392.606 699
392.620 698
392.633 695
392.646 703
392.659 699
392.673 706
392.686 696
392.699 703
392.712 686
392.726 686
392.739 697
392.752 686
392.765 682
392.778 693
392.792 704
392.805 695
392.818 696
392.831 680
392.845 688
392.858 679
392.871 706
392.884 681
392.898 709
392.911 702
392.924 692
392.937 680
392.951 697
392.964 697
392.977 688
392.990 692
393.003 676
393.017 681
393.030 693
393.043 683
393.056 679
393.070 691
393.083 690
393.096 682
393.109 685
393.122 688
393.136 689
393.149 682
393.162 693
393.175 684
393.189 676
393.202 687
393.215 686
393.228 686
393.242 668
393.255 691
393.268 692
393.281 668
393.294 687
393.308 686
393.321 675
393.334 680
393.347 691
393.360 672
393.374 678
393.387 692
393.400 675
393.413 674
393.427 686
393.440 682
393.453 677
393.466 665
393.479 681
393.493 666
393.506 683
393.519 683
393.532 686
393.546 682
393.559 680
393.572 681
393.585 676
393.598 679
393.612 684
393.625 681
393.638 675
393.651 676
393.664 677
393.678 672
393.691 681
393.704 678
393.717 661
393.730 676
393.744 674
393.757 679
393.770 670
393.783 673
393.796 670
393.810 682
393.823 678
393.836 672
393.849 672
393.863 676
393.876 663
393.889 681
393.902 678
393.915 682
393.929 664
