375.891 813
375.905 838
375.919 836
375.933 861
375.946 850
375.960 854
375.974 862
375.987 841
376.001 875
376.015 854
376.029 836
376.042 879
376.056 843
376.070 842
376.084 876
376.097 866
376.111 869
376.125 884
376.139 899
376.152 909
376.166 880
376.180 884
376.193 915
376.207 900
376.221 891
376.235 893
376.248 919
376.262 928
376.276 931
376.290 936
376.303 913
376.317 905
376.331 956
376.345 930
376.358 940
376.372 948
376.386 958
376.399 960
376.413 965
376.427 988
376.441 974
376.454 960
376.468 972
376.482 995
376.495 980
376.509 985
376.523 993
376.537 1012
376.550 1010
376.564 1007
376.578 1013
376.592 1028
376.605 1030
376.619 1028
376.633 1039
376.646 1033
376.660 1058
376.674 1018
376.688 1060
376.701 1058
376.715 1053
376.729 1066
376.742 1080
376.756 1079
376.770 1090
376.784 1084
376.797 1117
376.811 1096
376.825 1115
376.838 1101
376.852 1128
376.866 1136
376.880 1143
376.893 1126
376.907 1126
376.921 1148
376.934 1156
376.948 1154
376.962 1166
376.976 1184
376.989 1146
377.003 1175
377.017 1181
377.030 1193
377.044 1214
377.058 1235
377.071 1231
377.085 1240
377.099 1194
377.113 1210
377.126 1217
377.140 1205
377.154 1245
377.167 1244
377.181 1279
377.195 1241
377.208 1261
377.222 1265
377.236 1257
377.250 1268
377.263 1272
377.277 1309
377.291 1346
377.304 1305
377.318 1339
377.332 1343
377.345 1334
377.359 1324
377.373 1316
377.387 1341
377.400 1325
377.414 1355
377.428 1326
377.441 1359
377.455 1361
377.469 1413
377.482 1409
377.496 1412
377.510 1398
377.524 1421
377.537 1447
377.551 1433
377.565 1458
377.578 1431
377.592 1431
377.606 1428
377.619 1415
377.633 1435
377.647 1415
377.660 1431
377.674 1417
377.688 1440
377.701 1429
377.715 1460
377.729 1476
377.743 1456
377.756 1464
377.770 1488
377.784 1471
377.797 1494
377.811 1490
377.825 1496
377.838 1493
377.852 1508
377.866 1520
377.879 1541
377.893 1556
377.907 1566
377.920 1529
377.934 1560
377.948 1497
377.961 1506
377.975 1529
377.989 1497
378.002 1554
378.016 1553
378.030 1515
378.044 1564
378.057 1534
378.071 1523
378.085 1586
378.098 1587
378.112 1584
378.126 1612
378.139 1569
378.153 1568
378.167 1599
378.180 1582
378.194 1562
378.208 1577
378.221 1602
378.235 1542
378.249 1594
378.262 1615
378.276 1610
378.290 1627
378.303 1600
378.317 1595
378.331 1636
378.344 1599
378.358 1622
378.372 1634
378.385 1635
378.399 1644
378.413 1667
378.426 1646
378.440 1666
378.454 1697
378.467 1694
378.481 1690
378.495 1652
378.508 1676
378.522 1690
378.536 1664
378.549 1647
378.563 1699
378.577 1703
378.590 1667
378.604 1683
378.618 1728
378.631 1702
378.645 1721
378.659 1706
378.672 1718
378.686 1750
378.700 1774
378.713 1779
378.727 1786
378.740 1829
378.754 1813
378.768 1795
378.781 1835
378.795 1797
378.809 1832
378.822 1827
378.836 1799
378.850 1817
378.863 1781
378.877 1824
378.891 1860
378.904 1813
378.918 1830
378.932 1858
378.945 1803
378.959 1831
378.973 1895
378.986 1821
379.000 1815
379.014 1824
379.027 1862
379.041 1845
379.054 1858
379.068 1894
379.082 1895
379.095 1906
379.109 1903
379.123 1924
379.136 1889
379.150 1924
379.164 1895
379.177 1909
379.191 1949
379.205 1938
379.218 1963
379.232 1984
379.245 1932
379.259 2016
379.273 1997
379.286 1993
379.300 2020
379.314 2031
379.327 2060
379.341 2005
379.355 2044
379.368 2066
379.382 2077
379.396 2099
379.409 2125
379.423 2099
379.436 2164
379.450 2168
379.464 2108
379.477 2191
379.491 2185
379.505 2159
379.518 2191
379.532 2233
379.546 2245
379.559 2251
379.573 2282
379.586 2262
379.600 2320
379.614 2367
379.627 2383
379.641 2389
379.655 2422
379.668 2345
379.682 2359
379.695 2393
379.709 2415
379.723 2407
379.736 2528
379.750 2615
379.764 2644
379.777 2698
379.791 2672
379.804 2738
379.818 2766
379.832 2691
379.845 2631
379.859 2692
379.873 2743
379.886 2723
379.900 2805
379.913 2798
379.927 2877
379.941 2886
379.954 2970
379.968 3016
379.982 3029
379.995 3051
380.009 3082
380.022 3045
380.036 3070
380.050 3180
380.063 3188
380.077 3333
380.090 3367
380.104 3408
380.118 3387
380.131 3556
380.145 3515
380.159 3553
380.172 3600
380.186 3666
380.199 3723
380.213 3795
380.227 3899
380.240 3925
380.254 3920
380.267 3941
380.281 3934
380.295 4080
380.308 4014
380.322 4092
380.336 4143
380.349 4285
380.363 4319
380.376 4346
380.390 4414
380.404 4439
380.417 4559
380.431 4585
380.444 4580
380.458 4659
380.472 4727
380.485 4851
380.499 4894
380.512 4937
380.526 5026
380.540 5103
380.553 5122
380.567 5230
380.580 5257
380.594 5306
380.608 5482
380.621 5652
380.635 5734
380.648 5762
380.662 5600
380.676 5803
380.689 5865
380.703 5909
380.716 6044
380.730 6144
380.744 6209
380.757 6235
380.771 6494
380.784 6516
380.798 6544
380.812 6695
380.825 6780
380.839 6793
380.852 7020
380.866 7252
380.880 7284
380.893 7222
380.907 7260
380.920 7246
380.934 7524
380.948 7604
380.961 7667
380.975 7774
380.988 7842
381.002 7774
381.015 7876
381.029 8024
381.043 8017
381.056 8285
381.070 8263
381.083 8195
381.097 8415
381.111 8441
381.124 8582
381.138 8726
381.151 8875
381.165 8927
381.179 8958
381.192 9016
381.206 8972
381.219 9074
381.233 9091
381.246 9185
381.260 9226
381.274 9242
381.287 9389
381.301 9506
381.314 9465
381.328 9691
381.341 9730
381.355 9907
381.369 10022
381.382 10150
381.396 10156
381.409 10324
381.423 10248
381.437 10528
381.450 10636
381.464 10693
381.477 10821
381.491 11074
381.504 10954
381.518 10888
381.532 11134
381.545 11217
381.559 11677
381.572 11660
381.586 11589
381.599 11853
381.613 11893
381.627 11935
381.640 12013
381.654 12084
381.667 12239
381.681 12337
381.694 12134
381.708 12068
381.722 11956
381.735 12133
381.749 11937
381.762 12161
381.776 12367
381.789 12395
381.803 12475
381.817 12419
381.830 12605
381.844 12774
381.857 12762
381.871 13022
381.884 12892
381.898 12986
381.911 13078
381.925 13058
381.939 13316
381.952 13479
381.966 13382
381.979 13503
381.993 13615
382.006 13842
382.020 13949
382.034 14152
382.047 13998
382.061 13968
382.074 14027
382.088 13977
382.101 14149
382.115 14249
382.128 14295
382.142 14747
382.156 15073
382.169 15350
382.183 15076
382.196 15208
382.210 15072
382.223 15152
382.237 15376
382.250 15317
382.264 15503
382.278 15706
382.291 15736
382.305 16052
382.318 16192
382.332 16271
382.345 15785
382.359 15920
382.372 15943
382.386 16092
382.399 16191
382.413 16257
382.427 16442
382.440 16547
382.454 16567
382.467 16840
382.481 17060
382.494 17666
382.508 17842
382.521 17896
382.535 18090
382.548 17856
382.562 17793
382.576 17978
382.589 17945
382.603 18142
382.616 18467
382.630 18428
382.643 18635
382.657 18978
382.670 19201
382.684 19037
382.697 18805
382.711 19136
382.724 19264
382.738 19332
382.752 19315
382.765 19539
382.779 19675
382.792 19991
382.806 19934
382.819 20232
382.833 20368
382.846 20543
382.860 20540
382.873 20718
382.887 20914
382.900 21173
382.914 21345
382.928 21432
382.941 21794
382.955 22050
382.968 21919
382.982 22531
382.995 22762
383.009 22659
383.022 22638
383.036 22974
383.049 23037
383.063 23130
383.076 23185
383.090 23271
383.103 23682
383.117 23861
383.130 23702
383.144 23911
383.158 24282
383.171 24245
383.185 24715
383.198 24687
383.212 25259
383.225 25390
383.239 25792
383.252 26060
383.266 26241
383.279 26401
383.293 26510
383.306 26573
383.320 27040
383.333 27629
383.347 27927
383.360 27473
383.374 27363
383.387 27765
383.401 27847
383.414 28129
383.428 27777
383.441 27974
383.455 27824
383.468 27843
383.482 28003
383.496 28805
383.509 29202
383.523 28790
383.536 28751
383.550 29026
383.563 29141
383.577 29222
383.590 29604
383.604 29564
383.617 29243
383.631 29430
383.644 29040
383.658 29128
383.671 29187
383.685 29435
383.698 29666
383.712 29746
383.725 30031
383.739 29636
383.752 29840
383.766 29664
383.779 29530
383.793 29724
383.806 29804
383.820 30402
383.833 30194
383.847 30155
383.860 30470
383.874 30318
383.887 29765
383.901 29915
383.914 30074
383.928 30076
383.941 29922
383.955 29852
383.968 29484
383.982 29580
383.995 29532
384.009 29528
384.022 29359
384.036 29267
384.049 29297
384.063 29400
384.076 29824
384.090 30326
384.103 30494
384.117 30502
384.130 29912
384.144 28834
384.157 28662
384.171 28186
384.184 27985
384.198 27910
384.211 27846
384.225 27428
384.238 28125
384.252 27916
384.265 27622
384.279 27383
384.292 27140
384.306 27006
384.319 26355
384.333 25612
384.346 25248
384.360 24734
384.373 24513
384.387 24312
384.400 23861
384.414 23539
384.427 23233
384.441 22729
384.454 22164
384.468 21838
384.481 21514
384.495 20819
384.508 20476
384.522 20138
384.535 19612
384.549 19198
384.562 18649
384.575 18199
384.589 18009
384.602 17849
384.616 17539
384.629 16982
384.643 16598
384.656 16154
384.670 15511
384.683 15108
384.697 14402
384.710 14077
384.724 13637
384.737 13263
384.751 12898
384.764 12549
384.778 12167
384.791 11851
384.805 11450
384.818 11219
384.832 10774
384.845 10504
384.859 10091
384.872 9870
384.885 9547
384.899 9168
384.912 8972
384.926 8713
384.939 8504
384.953 8236
384.966 7999
384.980 7923
384.993 7695
385.007 7519
385.020 7202
385.034 7081
385.047 6898
385.061 6705
385.074 6569
385.088 6445
385.101 6318
385.114 6203
385.128 6081
385.141 5952
385.155 5837
385.168 5864
385.182 5825
385.195 5636
385.209 5608
385.222 5497
385.236 5328
385.249 5314
385.263 5190
385.276 5012
385.290 5017
385.303 4829
385.316 4726
385.330 4786
385.343 4650
385.357 4636
385.370 4538
385.384 4464
385.397 4322
385.411 4273
385.424 4321
385.438 4233
385.451 4155
385.464 4158
385.478 4108
385.491 4091
385.505 4081
385.518 4018
385.532 4007
385.545 3832
385.559 3781
385.572 3781
385.586 3761
385.599 3820
385.612 3775
385.626 3710
385.639 3688
385.653 3716
385.666 3647
385.680 3603
385.693 3569
385.707 3513
385.720 3527
385.734 3483
385.747 3408
385.760 3279
385.774 3343
385.787 3322
385.801 3254
385.814 3264
385.828 3218
385.841 3189
385.855 3172
385.868 3106
385.881 3043
385.895 3012
385.908 3040
385.922 3069
385.935 2971
385.949 3019
385.962 2951
385.976 2973
385.989 2947
386.002 2936
386.016 2989
386.029 2912
386.043 2898
386.056 2902
386.070 2838
386.083 2817
386.097 2834
386.110 2784
386.123 2788
386.137 2766
386.150 2792
386.164 2738
386.177 2708
386.191 2751
386.204 2706
386.217 2621
386.231 2657
386.244 2623
386.258 2621
386.271 2600
386.285 2617
386.298 2546
386.311 2578
386.325 2580
386.338 2476
386.352 2533
386.365 2508
386.379 2503
386.392 2499
386.405 2424
386.419 2434
386.432 2460
386.446 2455
386.459 2423
386.473 2433
386.486 2373
386.499 2374
386.513 2366
386.526 2358
386.540 2327
386.553 2319
386.567 2324
386.580 2334
386.593 2390
386.607 2346
386.620 2379
386.634 2327
386.647 2292
386.661 2323
386.674 2252
386.687 2221
386.701 2226
386.714 2215
386.728 2173
386.741 2188
386.754 2177
386.768 2146
386.781 2149
386.795 2173
386.808 2055
386.822 2104
386.835 2141
386.848 2053
386.862 2066
386.875 2037
386.889 2066
386.902 2062
386.915 2000
386.929 2064
386.942 2038
386.956 1978
386.969 2018
386.983 1978
386.996 1986
387.009 1972
387.023 1958
387.036 1911
387.050 1954
387.063 1963
387.076 1933
387.090 1898
387.103 1885
387.117 1894
387.130 1903
387.143 1938
387.157 1878
387.170 1906
387.184 1892
387.197 1866
387.210 1859
387.224 1826
387.237 1856
387.251 1809
387.264 1773
387.278 1808
387.291 1787
387.304 1792
387.318 1788
387.331 1761
387.345 1782
387.358 1795
387.371 1721
387.385 1764
387.398 1686
387.412 1668
387.425 1682
387.438 1636
387.452 1671
387.465 1632
387.478 1631
387.492 1605
387.505 1622
387.519 1621
387.532 1644
387.545 1662
387.559 1641
387.572 1660
387.586 1641
387.599 1615
387.612 1621
387.626 1605
387.639 1604
387.653 1595
387.666 1505
387.679 1517
387.693 1486
387.706 1461
387.720 1510
387.733 1505
387.746 1506
387.760 1528
387.773 1519
387.787 1491
387.800 1484
387.813 1493
387.827 1460
387.840 1449
387.853 1449
387.867 1437
387.880 1470
387.894 1490
387.907 1466
387.920 1458
387.934 1397
387.947 1396
387.961 1419
387.974 1391
387.987 1381
388.001 1396
388.014 1358
388.027 1365
388.041 1354
388.054 1345
388.068 1366
388.081 1341
388.094 1328
388.108 1348
388.121 1321
388.134 1321
388.148 1314
388.161 1284
388.175 1262
388.188 1289
388.201 1281
388.215 1231
388.228 1264
388.241 1269
388.255 1255
388.268 1253
388.282 1273
388.295 1239
388.308 1251
388.322 1261
388.335 1254
388.348 1228
388.362 1209
388.375 1247
388.389 1240
388.402 1272
388.415 1241
388.429 1233
388.442 1254
388.455 1273
388.469 1231
388.482 1243
388.495 1240
388.509 1251
388.522 1267
388.536 1249
388.549 1200
388.562 1187
388.576 1208
388.589 1244
388.602 1197
388.616 1207
388.629 1209
388.642 1196
388.656 1190
388.669 1195
388.683 1219
388.696 1204
388.709 1208
388.723 1223
388.736 1174
388.749 1202
388.763 1196
388.776 1202
388.789 1197
388.803 1186
388.816 1160
388.829 1175
388.843 1177
388.856 1183
388.870 1190
388.883 1165
388.896 1161
388.910 1152
388.923 1149
388.936 1172
388.950 1183
388.963 1190
388.976 1141
388.990 1158
389.003 1181
389.016 1160
389.030 1167
389.043 1162
389.056 1179
389.070 1163
389.083 1133
389.097 1135
389.110 1151
389.123 1150
389.137 1149
389.150 1133
389.163 1139
389.177 1129
389.190 1142
389.203 1124
389.217 1133
389.230 1143
389.243 1146
389.257 1147
389.270 1152
389.283 1119
389.297 1131
389.310 1114
389.323 1141
389.337 1089
389.350 1123
389.363 1114
389.377 1095
389.390 1102
389.403 1118
389.417 1110
389.430 1106
389.443 1098
389.457 1105
389.470 1097
389.483 1137
389.497 1103
389.510 1106
389.523 1106
389.537 1091
389.550 1106
389.563 1108
389.577 1093
389.590 1080
389.603 1079
389.617 1060
389.630 1073
389.643 1070
389.657 1088
389.670 1087
389.683 1068
389.697 1074
389.710 1063
389.723 1059
389.737 1065
389.750 1069
389.763 1066
389.777 1077
389.790 1067
389.803 1043
389.817 1040
389.830 1025
389.843 1020
389.857 1001
389.870 1015
389.883 1016
389.897 1002
389.910 1030
389.923 1020
389.937 1022
389.950 1026
389.963 1025
389.977 1023
389.990 1005
390.003 1015
390.017 999
390.030 995
390.043 1005
390.057 998
390.070 993
390.083 995
390.096 994
390.110 996
390.123 979
390.136 953
390.150 973
390.163 980
390.176 982
390.190 951
390.203 972
390.216 949
390.230 942
390.243 951
390.256 961
390.270 957
390.283 966
390.296 930
390.310 935
390.323 920
390.336 931
390.349 942
390.363 933
390.376 935
390.389 925
390.403 918
390.416 910
390.429 915
390.443 885
390.456 905
390.469 902
390.483 893
390.496 886
390.509 872
390.522 895
390.536 871
390.549 884
390.562 879
390.576 870
390.589 890
390.602 893
390.616 848
390.629 850
390.642 869
390.655 871
390.669 853
390.682 870
390.695 843
390.709 862
390.722 848
390.735 839
390.749 843
390.762 833
390.775 850
390.788 832
390.802 828
390.815 834
390.828 829
390.842 820
390.855 819
390.868 793
390.882 809
390.895 813
390.908 826
390.921 797
390.935 799
390.948 802
390.961 780
390.975 793
390.988 798
391.001 789
391.014 797
391.028 803
391.041 790
391.054 787
391.068 788
391.081 786
391.094 788
391.107 779
391.121 783
391.134 778
391.147 785
391.161 758
391.174 783
391.187 755
391.200 765
391.214 775
391.227 776
391.240 761
391.254 756
391.267 757
391.280 764
391.293 766
391.307 761
391.320 740
391.333 751
391.347 756
391.360 743
391.373 759
391.386 738
391.400 756
391.413 753
391.426 743
391.440 750
391.453 749
391.466 743
391.479 754
391.493 740
391.506 742
391.519 738
391.532 754
391.546 736
391.559 735
391.572 754
391.586 750
391.599 747
391.612 734
391.625 731
391.639 739
391.652 742
391.665 715
391.678 738
391.692 748
391.705 728
391.718 758
391.732 724
391.745 734
391.758 747
391.771 730
391.785 730
391.798 736
391.811 734
391.824 725
391.838 730
391.851 728
391.864 730
391.877 726
391.891 730
391.904 716
391.917 736
391.931 728
391.944 726
391.957 720
391.970 726
391.984 726
391.997 728
392.010 715
392.023 730
392.037 722
392.050 718
392.063 720
392.076 722
392.090 722
392.103 719
392.116 714
392.129 712
392.143 702
392.156 725
392.169 730
392.182 714
392.196 723
392.209 711
392.222 712
392.235 714
392.249 704
392.262 703
392.275 721
392.288 720
392.302 714
392.315 707
392.328 701
392.341 715
392.355 707
392.368 711
392.381 718
392.394 698
392.408 706
392.421 718
392.434 726
392.447 701
392.461 711
392.474 706
392.487 717
392.500 707
392.514 699
392.527 704
392.540 715
392.553 711
392.567 706
392.580 707
392.593 689
392.606 711
392.620 714
392.633 698
392.646 707
392.659 711
392.673 703
392.686 702
392.699 690
392.712 703
392.726 699
392.739 708
392.752 701
392.765 700
392.778 701
392.792 694
392.805 711
392.818 695
392.831 706
392.845 704
392.858 700
392.871 708
392.884 704
392.898 683
392.911 695
392.924 696
392.937 702
392.951 700
392.964 703
392.977 692
392.990 700
393.003 699
393.017 694
393.030 687
393.043 698
393.056 679
393.070 682
393.083 698
393.096 692
393.109 698
393.122 708
393.136 698
393.149 707
393.162 690
393.175 707
393.189 694
393.202 698
393.215 697
393.228 686
393.242 693
393.255 681
393.268 697
393.281 687
393.294 685
393.308 690
393.321 691
393.334 682
393.347 693
393.360 700
393.374 684
393.387 687
393.400 700
393.413 692
393.427 669
393.440 695
393.453 685
393.466 674
393.479 688
393.493 677
393.506 673
393.519 693
393.532 688
393.546 673
393.559 695
393.572 683
393.585 693
393.598 679
393.612 690
393.625 685
393.638 697
393.651 689
393.664 688
393.678 687
393.691 690
393.704 696
393.717 678
393.730 688
393.744 679
393.757 678
393.770 684
393.783 674
393.796 671
393.810 697
393.823 693
393.836 676
393.849 681
393.863 690
393.876 688
393.889 674
393.902 697
393.915 676
393.929 681
