375.891 818
375.905 825
375.919 831
375.933 845
375.946 833
375.960 843
375.974 841
375.987 836
376.001 838
376.015 851
376.029 848
376.042 858
376.056 874
376.070 870
376.084 842
376.097 863
376.111 901
376.125 867
376.139 898
376.152 883
376.166 883
376.180 900
376.193 912
376.207 889
376.221 889
376.235 894
376.248 904
376.262 891
376.276 898
376.290 919
376.303 917
376.317 927
376.331 921
376.345 918
376.358 938
376.372 925
376.386 935
376.399 933
376.413 955
376.427 965
376.441 945
376.454 956
376.468 968
376.482 975
376.495 962
376.509 970
376.523 998
376.537 1000
376.550 1016
376.564 970
376.578 1004
376.592 996
376.605 1038
376.619 1012
376.633 1015
376.646 1018
376.660 1044
376.674 998
376.688 1016
376.701 1038
376.715 1032
376.729 1055
376.742 1057
376.756 1058
376.770 1066
376.784 1088
376.797 1058
376.811 1078
376.825 1120
376.838 1109
376.852 1103
376.866 1106
376.880 1111
376.893 1104
376.907 1092
376.921 1098
376.934 1106
376.948 1093
376.962 1137
376.976 1134
376.989 1146
377.003 1194
377.017 1162
377.030 1200
377.044 1186
377.058 1206
377.071 1188
377.085 1202
377.099 1174
377.113 1200
377.126 1184
377.140 1179
377.154 1223
377.167 1246
377.181 1254
377.195 1243
377.208 1234
377.222 1264
377.236 1238
377.250 1268
377.263 1275
377.277 1252
377.291 1292
377.304 1317
377.318 1304
377.332 1297
377.345 1313
377.359 1332
377.373 1254
377.387 1326
377.400 1336
377.414 1333
377.428 1319
377.441 1336
377.455 1312
377.469 1345
377.482 1397
377.496 1374
377.510 1375
377.524 1366
377.537 1378
377.551 1370
377.565 1405
377.578 1399
377.592 1409
377.606 1397
377.619 1352
377.633 1374
377.647 1400
377.660 1383
377.674 1424
377.688 1424
377.701 1420
377.715 1435
377.729 1404
377.743 1420
377.756 1462
377.770 1440
377.784 1423
377.797 1448
377.811 1471
377.825 1430
377.838 1407
377.852 1476
377.866 1475
377.879 1485
377.893 1469
377.907 1456
377.920 1532
377.934 1487
377.948 1517
377.961 1446
377.975 1494
377.989 1518
378.002 1497
378.016 1503
378.030 1480
378.044 1502
378.057 1482
378.071 1478
378.085 1498
378.098 1510
378.112 1476
378.126 1488
378.139 1543
378.153 1520
378.167 1481
378.180 1543
378.194 1560
378.208 1590
378.221 1570
378.235 1550
378.249 1562
378.262 1584
378.276 1576
378.290 1583
378.303 1541
378.317 1510
378.331 1549
378.344 1568
378.358 1558
378.372 1578
378.385 1588
378.399 1597
378.413 1614
378.426 1613
378.440 1588
378.454 1610
378.467 1613
378.481 1672
378.495 1624
378.508 1662
378.522 1627
378.536 1648
378.549 1633
378.563 1634
378.577 1662
378.590 1666
378.604 1676
378.618 1662
378.631 1653
378.645 1692
378.659 1693
378.672 1711
378.686 1751
378.700 1734
378.713 1758
378.727 1790
378.740 1724
378.754 1755
378.768 1759
378.781 1758
378.795 1769
378.809 1785
378.822 1826
378.836 1744
378.850 1751
378.863 1753
378.877 1778
378.891 1795
378.904 1753
378.918 1827
378.932 1805
378.945 1797
378.959 1814
378.973 1820
378.986 1765
379.000 1772
379.014 1803
379.027 1835
379.041 1843
379.054 1816
379.068 1802
379.082 1820
379.095 1829
379.109 1888
379.123 1864
379.136 1847
379.150 1874
379.164 1885
379.177 1901
379.191 1876
379.205 1900
379.218 1938
379.232 1971
379.245 1967
379.259 1938
379.273 1956
379.286 1936
379.300 1995
379.314 1987
379.327 2010
379.341 2017
379.355 2036
379.368 1997
379.382 2085
379.396 2102
379.409 2050
379.423 2115
379.436 2098
379.450 2114
379.464 2092
379.477 2163
379.491 2113
379.505 2204
379.518 2191
379.532 2144
379.546 2213
379.559 2265
379.573 2223
379.586 2258
379.600 2261
379.614 2297
379.627 2323
379.641 2379
379.655 2389
379.668 2416
379.682 2388
379.695 2351
379.709 2411
379.723 2428
379.736 2545
379.750 2629
379.764 2574
379.777 2664
379.791 2633
379.804 2671
379.818 2732
379.832 2694
379.845 2604
379.859 2640
379.873 2688
379.886 2677
379.900 2764
379.913 2853
379.927 2783
379.941 2890
379.954 2907
379.968 2964
379.982 2995
379.995 3043
380.009 3048
380.022 3068
380.036 3096
380.050 3112
380.063 3182
380.077 3332
380.090 3418
380.104 3449
380.118 3431
380.131 3485
380.145 3487
380.159 3545
380.172 3638
380.186 3693
380.199 3709
380.213 3779
380.227 3924
380.240 3937
380.254 3859
380.267 3834
380.281 3948
380.295 3907
380.308 3992
380.322 4028
380.336 4089
380.349 4197
380.363 4278
380.376 4334
380.390 4388
380.404 4390
380.417 4464
380.431 4465
380.444 4544
380.458 4674
380.472 4661
380.485 4648
380.499 4729
380.512 4812
380.526 4948
380.540 4947
380.553 5009
380.567 5050
380.580 5183
380.594 5249
380.608 5423
380.621 5517
380.635 5564
380.648 5554
380.662 5680
380.676 5769
380.689 5741
380.703 5902
380.716 5960
380.730 6033
380.744 6105
380.757 6211
380.771 6400
380.784 6386
380.798 6500
380.812 6551
380.825 6520
380.839 6747
380.852 6962
380.866 7091
380.880 7160
380.893 7016
380.907 7065
380.920 7237
380.934 7256
380.948 7472
380.961 7417
380.975 7562
380.988 7633
381.002 7504
381.015 7717
381.029 7787
381.043 7919
381.056 8018
381.070 7996
381.083 7976
381.097 8169
381.111 8298
381.124 8452
381.138 8480
381.151 8540
381.165 8613
381.179 8628
381.192 8715
381.206 8597
381.219 8769
381.233 8919
381.246 9036
381.260 9021
381.274 9042
381.287 9154
381.301 9231
381.314 9335
381.328 9350
381.341 9452
381.355 9485
381.369 9552
381.382 9655
381.396 9734
381.409 9829
381.423 10153
381.437 10181
381.450 10284
381.464 10289
381.477 10482
381.491 10630
381.504 10673
381.518 10645
381.532 10723
381.545 11028
381.559 11204
381.572 11213
381.586 11264
381.599 11401
381.613 11372
381.627 11524
381.640 11558
381.654 11610
381.667 11689
381.681 11691
381.694 11792
381.708 11590
381.722 11501
381.735 11624
381.749 11656
381.762 11729
381.776 11785
381.789 11861
381.803 11996
381.817 11880
381.830 12196
381.844 12055
381.857 12211
381.871 12505
381.884 12558
381.898 12454
381.911 12482
381.925 12522
381.939 12735
381.952 12850
381.966 12850
381.979 12901
381.993 13254
382.006 13265
382.020 13462
382.034 13480
382.047 13575
382.061 13489
382.074 13387
382.088 13572
382.101 13558
382.115 13505
382.128 13682
382.142 14119
382.156 14503
382.169 14750
382.183 14607
382.196 14339
382.210 14525
382.223 14524
382.237 14608
382.250 14749
382.264 14823
382.278 15043
382.291 14999
382.305 15399
382.318 15599
382.332 15778
382.345 15304
382.359 15173
382.372 15077
382.386 15312
382.399 15328
382.413 15424
382.427 15477
382.440 15618
382.454 15813
382.467 15913
382.481 16209
382.494 16739
382.508 16925
382.521 16948
382.535 16812
382.548 16909
382.562 16900
382.576 16921
382.589 17051
382.603 17286
382.616 17519
382.630 17388
382.643 17720
382.657 17817
382.670 17924
382.684 18048
382.697 17880
382.711 17997
382.724 18083
382.738 18365
382.752 18267
382.765 18417
382.779 18620
382.792 18724
382.806 18920
382.819 19173
382.833 19303
382.846 19272
382.860 19416
382.873 19693
382.887 19740
382.900 20042
382.914 20091
382.928 20309
382.941 20568
382.955 20658
382.968 20736
382.982 21210
382.995 20983
383.009 21218
383.022 21327
383.036 21666
383.049 21676
383.063 21663
383.076 21791
383.090 21831
383.103 21876
383.117 21993
383.130 22004
383.144 22508
383.158 22512
383.171 22724
383.185 22890
383.198 22982
383.212 23527
383.225 23487
383.239 23906
383.252 24203
383.266 24431
383.279 24483
383.293 24119
383.306 24384
383.320 24974
383.333 25235
383.347 25620
383.360 25567
383.374 25252
383.387 25773
383.401 25752
383.414 25847
383.428 25530
383.441 25686
383.455 25515
383.468 25467
383.482 25883
383.496 26640
383.509 26814
383.523 26634
383.536 26562
383.550 26851
383.563 26857
383.577 27049
383.590 27508
383.604 27126
383.617 26718
383.631 26684
383.644 26348
383.658 26535
383.671 26449
383.685 26728
383.698 27076
383.712 26969
383.725 26915
383.739 27060
383.752 26717
383.766 26632
383.779 26683
383.793 26765
383.806 26978
383.820 27505
383.833 27163
383.847 27400
383.860 27541
383.874 27353
383.887 26576
383.901 26633
383.914 27057
383.928 27032
383.941 26749
383.955 26461
383.968 26215
383.982 26235
383.995 26052
384.009 25923
384.022 25720
384.036 25868
384.049 25957
384.063 25937
384.076 26289
384.090 26242
384.103 26792
384.117 26750
384.130 26082
384.144 25165
384.157 24934
384.171 24667
384.184 24729
384.198 24440
384.211 24193
384.225 24024
384.238 24318
384.252 23977
384.265 23752
384.279 23429
384.292 23221
384.306 23035
384.319 22313
384.333 21836
384.346 21623
384.360 21262
384.373 21086
384.387 20529
384.400 20051
384.414 19901
384.427 19630
384.441 19109
384.454 18576
384.468 18026
384.481 17834
384.495 17374
384.508 16792
384.522 16555
384.535 16175
384.549 15800
384.562 15472
384.575 14925
384.589 14879
384.602 14516
384.616 14257
384.629 13987
384.643 13587
384.656 13194
384.670 12727
384.683 12303
384.697 11727
384.710 11548
384.724 11210
384.737 10701
384.751 10532
384.764 10162
384.778 9981
384.791 9724
384.805 9365
384.818 9161
384.832 8835
384.845 8560
384.859 8348
384.872 8130
384.885 7823
384.899 7505
384.912 7383
384.926 7098
384.939 6944
384.953 6718
384.966 6586
384.980 6488
384.993 6283
385.007 6135
385.020 6015
385.034 5959
385.047 5754
385.061 5586
385.074 5610
385.088 5447
385.101 5316
385.114 5209
385.128 5184
385.141 5054
385.155 4910
385.168 5008
385.182 4988
385.195 4962
385.209 4805
385.222 4695
385.236 4615
385.249 4483
385.263 4521
385.276 4422
385.290 4243
385.303 4237
385.316 4196
385.330 4114
385.343 4060
385.357 4061
385.370 3998
385.384 3947
385.397 3924
385.411 3794
385.424 3720
385.438 3796
385.451 3713
385.464 3685
385.478 3715
385.491 3662
385.505 3611
385.518 3621
385.532 3580
385.545 3445
385.559 3404
385.572 3479
385.586 3341
385.599 3406
385.612 3447
385.626 3341
385.639 3336
385.653 3306
385.666 3394
385.680 3290
385.693 3211
385.707 3244
385.720 3215
385.734 3137
385.747 3114
385.760 3080
385.774 3083
385.787 3053
385.801 2988
385.814 2894
385.828 2895
385.841 2888
385.855 2831
385.868 2848
385.881 2809
385.895 2786
385.908 2790
385.922 2750
385.935 2741
385.949 2744
385.962 2758
385.976 2670
385.989 2720
386.002 2740
386.016 2710
386.029 2722
386.043 2669
386.056 2645
386.070 2561
386.083 2583
386.097 2603
386.110 2525
386.123 2562
386.137 2549
386.150 2536
386.164 2500
386.177 2508
386.191 2497
386.204 2475
386.217 2420
386.231 2439
386.244 2449
386.258 2443
386.271 2409
386.285 2382
386.298 2462
386.311 2386
386.325 2382
386.338 2350
386.352 2303
386.365 2329
386.379 2322
386.392 2308
386.405 2282
386.419 2238
386.432 2226
386.446 2297
386.459 2251
386.473 2249
386.486 2214
386.499 2177
386.513 2182
386.526 2162
386.540 2162
386.553 2148
386.567 2181
386.580 2174
386.593 2190
386.607 2198
386.620 2134
386.634 2133
386.647 2141
386.661 2120
386.674 2093
386.687 2124
386.701 2036
386.714 2040
386.728 2050
386.741 2002
386.754 2049
386.768 2034
386.781 2008
386.795 1969
386.808 1968
386.822 1953
386.835 1949
386.848 1911
386.862 1902
386.875 1910
386.889 1856
386.902 1883
386.915 1909
386.929 1904
386.942 1844
386.956 1853
386.969 1821
386.983 1831
386.996 1793
387.009 1848
387.023 1812
387.036 1839
387.050 1809
387.063 1824
387.076 1745
387.090 1782
387.103 1796
387.117 1783
387.130 1785
387.143 1767
387.157 1801
387.170 1738
387.184 1770
387.197 1744
387.210 1746
387.224 1717
387.237 1711
387.251 1726
387.264 1656
387.278 1616
387.291 1666
387.304 1641
387.318 1663
387.331 1648
387.345 1672
387.358 1625
387.371 1628
387.385 1602
387.398 1611
387.412 1598
387.425 1565
387.438 1542
387.452 1520
387.465 1535
387.478 1522
387.492 1513
387.505 1509
387.519 1520
387.532 1527
387.545 1547
387.559 1553
387.572 1501
387.586 1510
387.599 1495
387.612 1495
387.626 1485
387.639 1482
387.653 1429
387.666 1415
387.679 1394
387.693 1401
387.706 1361
387.720 1391
387.733 1396
387.746 1431
387.760 1440
387.773 1392
387.787 1394
387.800 1385
387.813 1386
387.827 1343
387.840 1345
387.853 1328
387.867 1343
387.880 1407
387.894 1354
387.907 1404
387.920 1352
387.934 1298
387.947 1314
387.961 1306
387.974 1321
387.987 1292
388.001 1286
388.014 1274
388.027 1273
388.041 1296
388.054 1278
388.068 1266
388.081 1230
388.094 1274
388.108 1259
388.121 1236
388.134 1234
388.148 1233
388.161 1206
388.175 1222
388.188 1190
388.201 1199
388.215 1226
388.228 1196
388.241 1197
388.255 1196
388.268 1208
388.282 1190
388.295 1175
388.308 1190
388.322 1209
388.335 1172
388.348 1182
388.362 1162
388.375 1185
388.389 1179
388.402 1177
388.415 1180
388.429 1203
388.442 1200
388.455 1168
388.469 1182
388.482 1177
388.495 1188
388.509 1225
388.522 1172
388.536 1202
388.549 1157
388.562 1161
388.576 1156
388.589 1167
388.602 1152
388.616 1165
388.629 1145
388.642 1151
388.656 1157
388.669 1136
388.683 1132
388.696 1155
388.709 1151
388.723 1170
388.736 1161
388.749 1125
388.763 1128
388.776 1158
388.789 1137
388.803 1095
388.816 1124
388.829 1138
388.843 1101
388.856 1143
388.870 1116
388.883 1120
388.896 1105
388.910 1118
388.923 1127
388.936 1129
388.950 1147
388.963 1120
388.976 1111
388.990 1118
389.003 1119
389.016 1102
389.030 1134
389.043 1108
389.056 1137
389.070 1120
389.083 1111
389.097 1108
389.110 1085
389.123 1110
389.137 1078
389.150 1094
389.163 1104
389.177 1088
389.190 1093
389.203 1083
389.217 1099
389.230 1063
389.243 1080
389.257 1084
389.270 1097
389.283 1094
389.297 1104
389.310 1067
389.323 1068
389.337 1061
389.350 1084
389.363 1053
389.377 1072
389.390 1061
389.403 1059
389.417 1064
389.430 1045
389.443 1073
389.457 1060
389.470 1069
389.483 1092
389.497 1069
389.510 1054
389.523 1060
389.537 1030
389.550 1054
389.563 1066
389.577 1016
389.590 1030
389.603 1039
389.617 1026
389.630 1007
389.643 1032
389.657 1040
389.670 1040
389.683 1041
389.697 1036
389.710 1022
389.723 1028
389.737 1021
389.750 1013
389.763 997
389.777 997
389.790 1027
389.803 1020
389.817 1006
389.830 978
389.843 1014
389.857 994
389.870 963
389.883 951
389.897 956
389.910 971
389.923 978
389.937 985
389.950 981
389.963 963
389.977 967
389.990 980
390.003 989
390.017 976
390.030 967
390.043 944
390.057 948
390.070 955
390.083 956
390.096 954
390.110 953
390.123 956
390.136 925
390.150 923
390.163 929
390.176 947
390.190 932
390.203 934
390.216 903
390.230 891
390.243 929
390.256 916
390.270 909
390.283 898
390.296 902
390.310 903
390.323 889
390.336 878
390.349 873
390.363 896
390.376 906
390.389 902
390.403 882
390.416 875
390.429 884
390.443 857
390.456 877
390.469 878
390.483 837
390.496 847
390.509 872
390.522 848
390.536 859
390.549 848
390.562 844
390.576 862
390.589 849
390.602 853
390.616 842
390.629 848
390.642 812
390.655 814
390.669 841
390.682 834
390.695 822
390.709 823
390.722 812
390.735 814
390.749 814
390.762 816
390.775 825
390.788 805
390.802 811
390.815 799
390.828 795
390.842 792
390.855 808
390.868 783
390.882 794
390.895 791
390.908 782
390.921 774
390.935 782
390.948 789
390.961 783
390.975 767
390.988 769
391.001 778
391.014 779
391.028 773
391.041 773
391.054 769
391.068 759
391.081 767
391.094 765
391.107 765
391.121 761
391.134 761
391.147 770
391.161 755
391.174 758
391.187 738
391.200 761
391.214 753
391.227 740
391.240 743
391.254 738
391.267 740
391.280 766
391.293 740
391.307 736
391.320 743
391.333 752
391.347 722
391.360 750
391.373 739
391.386 720
391.400 739
391.413 742
391.426 730
391.440 745
391.453 724
391.466 730
391.479 733
391.493 742
391.506 744
391.519 730
391.532 736
391.546 740
391.559 721
391.572 733
391.586 724
391.599 728
391.612 732
391.625 726
391.639 726
391.652 738
391.665 741
391.678 724
391.692 714
391.705 721
391.718 730
391.732 718
391.745 727
391.758 705
391.771 720
391.785 721
391.798 716
391.811 723
391.824 707
391.838 727
391.851 733
391.864 712
391.877 725
391.891 725
391.904 707
391.917 717
391.931 726
391.944 703
391.957 716
391.970 709
391.984 708
391.997 714
392.010 716
392.023 715
392.037 708
392.050 718
392.063 716
392.076 710
392.090 710
392.103 715
392.116 698
392.129 707
392.143 714
392.156 703
392.169 709
392.182 710
392.196 700
392.209 696
392.222 705
392.235 707
392.249 707
392.262 702
392.275 711
392.288 701
392.302 709
392.315 696
392.328 698
392.341 710
392.355 706
392.368 717
392.381 705
392.394 694
392.408 697
392.421 700
392.434 696
392.447 723
392.461 692
392.474 709
392.487 713
392.500 701
392.514 704
392.527 690
392.540 682
392.553 713
392.567 694
392.580 701
392.593 682
392.606 699
392.620 708
392.633 696
392.646 694
392.659 707
392.673 681
392.686 701
392.699 688
392.712 690
392.726 704
392.739 693
392.752 697
392.765 684
392.778 693
392.792 700
392.805 677
392.818 686
392.831 688
392.845 687
392.858 694
392.871 698
392.884 694
392.898 695
392.911 698
392.924 694
392.937 684
392.951 694
392.964 697
392.977 687
392.990 676
393.003 696
393.017 685
393.030 688
393.043 686
393.056 690
393.070 697
393.083 695
393.096 686
393.109 677
393.122 696
393.136 681
393.149 678
393.162 683
393.175 695
393.189 691
393.202 684
393.215 680
393.228 681
393.242 678
393.255 692
393.268 683
393.281 681
393.294 682
393.308 681
393.321 690
393.334 689
393.347 693
393.360 673
393.374 677
393.387 684
393.400 681
393.413 668
393.427 671
393.440 681
393.453 672
393.466 679
393.479 684
393.493 661
393.506 683
393.519 688
393.532 682
393.546 683
393.559 670
393.572 687
393.585 688
393.598 685
393.612 682
393.625 681
393.638 692
393.651 681
393.664 655
393.678 686
393.691 686
393.704 681
393.717 682
393.730 671
393.744 683
393.757 674
393.770 680
393.783 668
393.796 679
393.810 678
393.823 678
393.836 661
393.849 672
393.863 678
393.876 672
393.889 677
393.902 676
393.915 662
393.929 681
