375.891 809
375.905 832
375.919 840
375.933 831
375.946 831
375.960 838
375.974 843
375.987 847
376.001 852
376.015 862
376.029 857
376.042 865
376.056 859
376.070 892
376.084 857
376.097 862
376.111 874
376.125 877
376.139 874
376.152 896
376.166 900
376.180 893
376.193 895
376.207 900
376.221 910
376.235 927
376.248 901
376.262 917
376.276 917
376.290 921
376.303 931
376.317 936
376.331 936
376.345 910
376.358 916
376.372 924
376.386 949
376.399 954
376.413 947
376.427 963
376.441 970
376.454 954
376.468 979
376.482 967
376.495 975
376.509 994
376.523 997
376.537 996
376.550 1022
376.564 999
376.578 1012
376.592 1007
376.605 1015
376.619 1029
376.633 984
376.646 1014
376.660 1026
376.674 1021
376.688 1023
376.701 1041
376.715 1042
376.729 1047
376.742 1070
376.756 1050
376.770 1056
376.784 1068
376.797 1080
376.811 1077
376.825 1110
376.838 1118
376.852 1103
376.866 1102
376.880 1084
376.893 1122
376.907 1097
376.921 1091
376.934 1144
376.948 1148
376.962 1152
376.976 1136
376.989 1126
377.003 1173
377.017 1180
377.030 1176
377.044 1206
377.058 1195
377.071 1213
377.085 1189
377.099 1210
377.113 1195
377.126 1212
377.140 1232
377.154 1202
377.167 1223
377.181 1217
377.195 1206
377.208 1253
377.222 1251
377.236 1246
377.250 1234
377.263 1253
377.277 1311
377.291 1266
377.304 1315
377.318 1302
377.332 1303
377.345 1319
377.359 1332
377.373 1311
377.387 1285
377.400 1318
377.414 1331
377.428 1312
377.441 1336
377.455 1342
377.469 1346
377.482 1359
377.496 1368
377.510 1389
377.524 1387
377.537 1399
377.551 1394
377.565 1398
377.578 1432
377.592 1400
377.606 1376
377.619 1361
377.633 1377
377.647 1388
377.660 1410
377.674 1424
377.688 1402
377.701 1426
377.715 1423
377.729 1417
377.743 1434
377.756 1438
377.770 1390
377.784 1442
377.797 1424
377.811 1478
377.825 1461
377.838 1436
377.852 1466
377.866 1488
377.879 1470
377.893 1498
377.907 1508
377.920 1487
377.934 1495
377.948 1487
377.961 1492
377.975 1499
377.989 1478
378.002 1517
378.016 1535
378.030 1531
378.044 1510
378.057 1529
378.071 1498
378.085 1525
378.098 1550
378.112 1519
378.126 1503
378.139 1506
378.153 1544
378.167 1522
378.180 1535
378.194 1549
378.208 1541
378.221 1556
378.235 1561
378.249 1534
378.262 1570
378.276 1548
378.290 1555
378.303 1592
378.317 1594
378.331 1592
378.344 1553
378.358 1570
378.372 1586
378.385 1624
378.399 1590
378.413 1670
378.426 1628
378.440 1644
378.454 1636
378.467 1631
378.481 1609
378.495 1622
378.508 1644
378.522 1640
378.536 1626
378.549 1644
378.563 1617
378.577 1679
378.590 1648
378.604 1720
378.618 1730
378.631 1696
378.645 1706
378.659 1684
378.672 1686
378.686 1708
378.700 1682
378.713 1706
378.727 1792
378.740 1759
378.754 1781
378.768 1739
378.781 1772
378.795 1778
378.809 1714
378.822 1789
378.836 1763
378.850 1755
378.863 1718
378.877 1746
378.891 1816
378.904 1767
378.918 1765
378.932 1805
378.945 1755
378.959 1781
378.973 1808
378.986 1844
379.000 1850
379.014 1849
379.027 1802
379.041 1822
379.054 1820
379.068 1805
379.082 1828
379.095 1852
379.109 1828
379.123 1860
379.136 1849
379.150 1910
379.164 1893
379.177 1892
379.191 1891
379.205 1917
379.218 1923
379.232 1945
379.245 1951
379.259 1969
379.273 1916
379.286 1990
379.300 2005
379.314 1988
379.327 1989
379.341 1989
379.355 2007
379.368 2032
379.382 2024
379.396 2043
379.409 2080
379.423 2062
379.436 2139
379.450 2095
379.464 2088
379.477 2136
379.491 2117
379.505 2195
379.518 2194
379.532 2159
379.546 2223
379.559 2251
379.573 2226
379.586 2245
379.600 2233
379.614 2313
379.627 2330
379.641 2432
379.655 2403
379.668 2352
379.682 2379
379.695 2389
379.709 2413
379.723 2481
379.736 2523
379.750 2550
379.764 2621
379.777 2650
379.791 2690
379.804 2745
379.818 2720
379.832 2677
379.845 2616
379.859 2617
379.873 2716
379.886 2725
379.900 2807
379.913 2784
379.927 2841
379.941 2821
379.954 2927
379.968 2964
379.982 2969
379.995 3033
380.009 2962
380.022 2971
380.036 3071
380.050 3124
380.063 3156
380.077 3257
380.090 3312
380.104 3423
380.118 3389
380.131 3465
380.145 3439
380.159 3540
380.172 3570
380.186 3667
380.199 3704
380.213 3771
380.227 3831
380.240 3892
380.254 3887
380.267 3849
380.281 3847
380.295 3910
380.308 3981
380.322 4071
380.336 4151
380.349 4157
380.363 4227
380.376 4274
380.390 4280
380.404 4377
380.417 4459
380.431 4586
380.444 4562
380.458 4550
380.472 4644
380.485 4654
380.499 4802
380.512 4842
380.526 4924
380.540 4975
380.553 4960
380.567 5056
380.580 5097
380.594 5235
380.608 5247
380.621 5574
380.635 5552
380.648 5605
380.662 5662
380.676 5602
380.689 5675
380.703 5847
380.716 5877
380.730 5967
380.744 6054
380.757 6128
380.771 6311
380.784 6386
380.798 6372
380.812 6530
380.825 6547
380.839 6689
380.852 6827
380.866 6991
380.880 7134
380.893 7003
380.907 7060
380.920 7221
380.934 7326
380.948 7333
380.961 7380
380.975 7537
380.988 7693
381.002 7565
381.015 7632
381.029 7760
381.043 7811
381.056 7901
381.070 7982
381.083 7903
381.097 8172
381.111 8162
381.124 8365
381.138 8457
381.151 8492
381.165 8604
381.179 8753
381.192 8489
381.206 8577
381.219 8662
381.233 8673
381.246 8888
381.260 8973
381.274 8964
381.287 9113
381.301 9145
381.314 9190
381.328 9368
381.341 9291
381.355 9435
381.369 9608
381.382 9611
381.396 9774
381.409 9785
381.423 10007
381.437 10013
381.450 10226
381.464 10291
381.477 10447
381.491 10529
381.504 10420
381.518 10484
381.532 10629
381.545 10788
381.559 10995
381.572 11207
381.586 11189
381.599 11310
381.613 11259
381.627 11398
381.640 11405
381.654 11496
381.667 11635
381.681 11575
381.694 11691
381.708 11370
381.722 11413
381.735 11566
381.749 11475
381.762 11818
381.776 11642
381.789 11727
381.803 11903
381.817 11840
381.830 11941
381.844 12010
381.857 12268
381.871 12325
381.884 12284
381.898 12317
381.911 12474
381.925 12555
381.939 12635
381.952 12619
381.966 12751
381.979 12876
381.993 13232
382.006 13124
382.020 13322
382.034 13392
382.047 13373
382.061 13426
382.074 13419
382.088 13319
382.101 13298
382.115 13492
382.128 13574
382.142 13857
382.156 14406
382.169 14378
382.183 14257
382.196 14299
382.210 14404
382.223 14424
382.237 14499
382.250 14637
382.264 14760
382.278 14853
382.291 14937
382.305 15124
382.318 15435
382.332 15483
382.345 15111
382.359 14994
382.372 15189
382.386 15196
382.399 15352
382.413 15456
382.427 15507
382.440 15429
382.454 15741
382.467 15839
382.481 16128
382.494 16429
382.508 16860
382.521 16950
382.535 16894
382.548 16746
382.562 16691
382.576 16972
382.589 17023
382.603 17169
382.616 17487
382.630 17572
382.643 17678
382.657 17781
382.670 17991
382.684 18039
382.697 17990
382.711 17995
382.724 18327
382.738 18095
382.752 18082
382.765 18676
382.779 18767
382.792 18808
382.806 18857
382.819 19109
382.833 19167
382.846 19298
382.860 19454
382.873 19604
382.887 19864
382.900 20072
382.914 20009
382.928 20294
382.941 20602
382.955 20735
382.968 20755
382.982 20976
382.995 21128
383.009 21138
383.022 21262
383.036 21396
383.049 21609
383.063 21812
383.076 21955
383.090 21954
383.103 21972
383.117 22138
383.130 22297
383.144 22428
383.158 22677
383.171 22818
383.185 22873
383.198 23432
383.212 23481
383.225 23766
383.239 24145
383.252 24292
383.266 24627
383.279 24587
383.293 24844
383.306 24790
383.320 25061
383.333 25519
383.347 25945
383.360 25677
383.374 25540
383.387 25658
383.401 25927
383.414 26025
383.428 25526
383.441 25735
383.455 25921
383.468 25884
383.482 26027
383.496 26582
383.509 26845
383.523 26613
383.536 26642
383.550 26460
383.563 26918
383.577 27067
383.590 27287
383.604 27414
383.617 27055
383.631 26854
383.644 26742
383.658 26944
383.671 26652
383.685 26863
383.698 27158
383.712 27271
383.725 27298
383.739 27175
383.752 26768
383.766 26851
383.779 26871
383.793 26995
383.806 27035
383.820 27378
383.833 27548
383.847 27447
383.860 27376
383.874 27502
383.887 27260
383.901 26778
383.914 27278
383.928 27042
383.941 26919
383.955 26746
383.968 26755
383.982 26498
383.995 26398
384.009 26499
384.022 26407
384.036 26317
384.049 26349
384.063 26354
384.076 26792
384.090 26925
384.103 27015
384.117 27071
384.130 26300
384.144 25831
384.157 25743
384.171 25087
384.184 24863
384.198 24773
384.211 24357
384.225 24456
384.238 24675
384.252 24427
384.265 24379
384.279 23909
384.292 23618
384.306 23488
384.319 23060
384.333 22290
384.346 21845
384.360 21678
384.373 21016
384.387 20986
384.400 20355
384.414 20359
384.427 19716
384.441 19492
384.454 18924
384.468 18534
384.481 18318
384.495 17764
384.508 17492
384.522 16929
384.535 16511
384.549 16167
384.562 15671
384.575 15472
384.589 15212
384.602 15030
384.616 14666
384.629 14338
384.643 13913
384.656 13414
384.670 13067
384.683 12645
384.697 12192
384.710 11800
384.724 11483
384.737 11173
384.751 10784
384.764 10520
384.778 10289
384.791 10096
384.805 9813
384.818 9467
384.832 9029
384.845 8860
384.859 8686
384.872 8361
384.885 8034
384.899 7870
384.912 7600
384.926 7523
384.939 7261
384.953 7041
384.966 6871
384.980 6729
384.993 6604
385.007 6485
385.020 6295
385.034 6155
385.047 6022
385.061 5880
385.074 5746
385.088 5598
385.101 5575
385.114 5314
385.128 5294
385.141 5145
385.155 5113
385.168 5134
385.182 5093
385.195 5048
385.209 4988
385.222 4818
385.236 4744
385.249 4607
385.263 4582
385.276 4463
385.290 4388
385.303 4323
385.316 4182
385.330 4218
385.343 4160
385.357 4107
385.370 4055
385.384 3935
385.397 3939
385.411 3799
385.424 3901
385.438 3784
385.451 3723
385.464 3743
385.478 3719
385.491 3726
385.505 3656
385.518 3625
385.532 3563
385.545 3536
385.559 3388
385.572 3450
385.586 3446
385.599 3332
385.612 3408
385.626 3418
385.639 3367
385.653 3286
385.666 3396
385.680 3261
385.693 3236
385.707 3231
385.720 3204
385.734 3181
385.747 3103
385.760 3081
385.774 3072
385.787 3092
385.801 3016
385.814 2875
385.828 2885
385.841 2948
385.855 2846
385.868 2885
385.881 2925
385.895 2885
385.908 2808
385.922 2770
385.935 2768
385.949 2758
385.962 2705
385.976 2661
385.989 2680
386.002 2742
386.016 2674
386.029 2674
386.043 2679
386.056 2634
386.070 2592
386.083 2607
386.097 2545
386.110 2575
386.123 2598
386.137 2557
386.150 2503
386.164 2558
386.177 2507
386.191 2551
386.204 2476
386.217 2465
386.231 2471
386.244 2436
386.258 2467
386.271 2450
386.285 2424
386.298 2426
386.311 2349
386.325 2326
386.338 2338
386.352 2358
386.365 2302
386.379 2313
386.392 2278
386.405 2273
386.419 2283
386.432 2258
386.446 2260
386.459 2260
386.473 2211
386.486 2240
386.499 2201
386.513 2198
386.526 2148
386.540 2177
386.553 2127
386.567 2183
386.580 2162
386.593 2177
386.607 2238
386.620 2203
386.634 2159
386.647 2179
386.661 2119
386.674 2115
386.687 2081
386.701 2073
386.714 2066
386.728 2043
386.741 2022
386.754 2033
386.768 2034
386.781 1966
386.795 2002
386.808 1923
386.822 1928
386.835 1864
386.848 1929
386.862 1887
386.875 1914
386.889 1906
386.902 1873
386.915 1905
386.929 1850
386.942 1917
386.956 1864
386.969 1813
386.983 1838
386.996 1773
387.009 1817
387.023 1794
387.036 1805
387.050 1821
387.063 1800
387.076 1788
387.090 1748
387.103 1778
387.117 1752
387.130 1778
387.143 1783
387.157 1788
387.170 1769
387.184 1727
387.197 1723
387.210 1767
387.224 1718
387.237 1700
387.251 1665
387.264 1658
387.278 1658
387.291 1679
387.304 1653
387.318 1644
387.331 1633
387.345 1630
387.358 1644
387.371 1606
387.385 1611
387.398 1570
387.412 1577
387.425 1522
387.438 1558
387.452 1530
387.465 1538
387.478 1521
387.492 1527
387.505 1499
387.519 1494
387.532 1550
387.545 1557
387.559 1542
387.572 1516
387.586 1510
387.599 1471
387.612 1508
387.626 1458
387.639 1490
387.653 1459
387.666 1409
387.679 1422
387.693 1417
387.706 1417
387.720 1400
387.733 1415
387.746 1441
387.760 1421
387.773 1397
387.787 1430
387.800 1390
387.813 1364
387.827 1390
387.840 1367
387.853 1340
387.867 1333
387.880 1351
387.894 1359
387.907 1331
387.920 1353
387.934 1335
387.947 1327
387.961 1345
387.974 1296
387.987 1315
388.001 1264
388.014 1279
388.027 1263
388.041 1270
388.054 1248
388.068 1289
388.081 1239
388.094 1269
388.108 1241
388.121 1251
388.134 1247
388.148 1242
388.161 1245
388.175 1217
388.188 1227
388.201 1220
388.215 1205
388.228 1206
388.241 1197
388.255 1220
388.268 1220
388.282 1208
388.295 1176
388.308 1210
388.322 1167
388.335 1167
388.348 1183
388.362 1150
388.375 1182
388.389 1160
388.402 1192
388.415 1216
388.429 1191
388.442 1210
388.455 1170
388.469 1203
388.482 1152
388.495 1173
388.509 1181
388.522 1190
388.536 1190
388.549 1168
388.562 1174
388.576 1138
388.589 1158
388.602 1170
388.616 1160
388.629 1160
388.642 1152
388.656 1145
388.669 1147
388.683 1136
388.696 1184
388.709 1155
388.723 1139
388.736 1129
388.749 1157
388.763 1156
388.776 1133
388.789 1128
388.803 1148
388.816 1129
388.829 1086
388.843 1126
388.856 1128
388.870 1131
388.883 1119
388.896 1098
388.910 1116
388.923 1104
388.936 1116
388.950 1086
388.963 1088
388.976 1103
388.990 1124
389.003 1113
389.016 1120
389.030 1115
389.043 1105
389.056 1117
389.070 1124
389.083 1088
389.097 1091
389.110 1133
389.123 1126
389.137 1104
389.150 1084
389.163 1076
389.177 1065
389.190 1090
389.203 1084
389.217 1086
389.230 1094
389.243 1084
389.257 1052
389.270 1088
389.283 1078
389.297 1086
389.310 1084
389.323 1051
389.337 1062
389.350 1085
389.363 1069
389.377 1064
389.390 1062
389.403 1064
389.417 1060
389.430 1064
389.443 1085
389.457 1045
389.470 1074
389.483 1094
389.497 1060
389.510 1068
389.523 1077
389.537 1061
389.550 1028
389.563 1047
389.577 1021
389.590 1023
389.603 1038
389.617 1044
389.630 1036
389.643 1023
389.657 1012
389.670 1020
389.683 1002
389.697 1020
389.710 1012
389.723 1011
389.737 1050
389.750 1012
389.763 1001
389.777 1025
389.790 993
389.803 1019
389.817 1003
389.830 1002
389.843 1004
389.857 980
389.870 975
389.883 960
389.897 976
389.910 972
389.923 982
389.937 976
389.950 992
389.963 973
389.977 979
389.990 974
390.003 981
390.017 982
390.030 971
390.043 959
390.057 950
390.070 951
390.083 926
390.096 932
390.110 942
390.123 928
390.136 934
390.150 925
390.163 939
390.176 942
390.190 937
390.203 919
390.216 901
390.230 932
390.243 894
390.256 906
390.270 892
390.283 889
390.296 924
390.310 898
390.323 908
390.336 900
390.349 896
390.363 885
390.376 912
390.389 906
390.403 891
390.416 872
390.429 889
390.443 872
390.456 887
390.469 866
390.483 865
390.496 865
390.509 861
390.522 868
390.536 843
390.549 858
390.562 858
390.576 863
390.589 846
390.602 839
390.616 841
390.629 833
390.642 837
390.655 835
390.669 811
390.682 823
390.695 828
390.709 819
390.722 817
390.735 820
390.749 820
390.762 820
390.775 806
390.788 798
390.802 822
390.815 792
390.828 793
390.842 805
390.855 804
390.868 778
390.882 762
390.895 799
390.908 778
390.921 795
390.935 776
390.948 792
390.961 789
390.975 778
390.988 774
391.001 763
391.014 756
391.028 782
391.041 749
391.054 776
391.068 781
391.081 772
391.094 773
391.107 775
391.121 753
391.134 772
391.147 764
391.161 767
391.174 759
391.187 750
391.200 753
391.214 743
391.227 742
391.240 758
391.254 747
391.267 738
391.280 752
391.293 743
391.307 742
391.320 749
391.333 735
391.347 732
391.360 736
391.373 737
391.386 722
391.400 726
391.413 748
391.426 734
391.440 742
391.453 726
391.466 726
391.479 737
391.493 740
391.506 739
391.519 738
391.532 735
391.546 740
391.559 720
391.572 738
391.586 733
391.599 715
391.612 730
391.625 735
391.639 722
391.652 724
391.665 724
391.678 729
391.692 717
391.705 713
391.718 719
391.732 712
391.745 715
391.758 712
391.771 708
391.785 711
391.798 708
391.811 712
391.824 713
391.838 715
391.851 717
391.864 713
391.877 700
391.891 705
391.904 706
391.917 707
391.931 714
391.944 701
391.957 722
391.970 725
391.984 714
391.997 713
392.010 705
392.023 715
392.037 699
392.050 701
392.063 703
392.076 703
392.090 716
392.103 715
392.116 724
392.129 708
392.143 703
392.156 701
392.169 703
392.182 699
392.196 708
392.209 701
392.222 707
392.235 702
392.249 694
392.262 711
392.275 702
392.288 703
392.302 693
392.315 713
392.328 684
392.341 699
392.355 694
392.368 700
392.381 713
392.394 693
392.408 701
392.421 701
392.434 710
392.447 708
392.461 695
392.474 710
392.487 704
392.500 694
392.514 692
392.527 695
392.540 710
392.553 717
392.567 693
392.580 707
392.593 698
392.606 691
392.620 700
392.633 698
392.646 694
392.659 695
392.673 698
392.686 700
392.699 700
392.712 693
392.726 691
392.739 704
392.752 695
392.765 684
392.778 688
392.792 705
392.805 688
392.818 680
392.831 688
392.845 692
392.858 692
392.871 686
392.884 696
392.898 692
392.911 690
392.924 689
392.937 691
392.951 685
392.964 698
392.977 691
392.990 688
393.003 690
393.017 688
393.030 679
393.043 690
393.056 687
393.070 677
393.083 693
393.096 689
393.109 687
393.122 679
393.136 690
393.149 687
393.162 690
393.175 687
393.189 663
393.202 691
393.215 680
393.228 683
393.242 686
393.255 677
393.268 685
393.281 684
393.294 679
393.308 683
393.321 680
393.334 669
393.347 678
393.360 679
393.374 679
393.387 672
393.400 677
393.413 679
393.427 684
393.440 688
393.453 665
393.466 672
393.479 675
393.493 674
393.506 683
393.519 680
393.532 673
393.546 683
393.559 689
393.572 684
393.585 672
393.598 671
393.612 686
393.625 684
393.638 681
393.651 674
393.664 682
393.678 670
393.691 688
393.704 655
393.717 677
393.730 680
393.744 664
393.757 672
393.770 682
393.783 669
393.796 668
393.810 673
393.823 658
393.836 676
393.849 678
393.863 677
393.876 679
393.889 676
393.902 676
393.915 658
393.929 665
