375.891 805
375.905 820
375.919 826
375.933 824
375.946 816
375.960 809
375.974 825
375.987 823
376.001 827
376.015 845
376.029 828
376.042 834
376.056 826
376.070 845
376.084 834
376.097 846
376.111 845
376.125 846
376.139 840
376.152 874
376.166 856
376.180 868
376.193 866
376.207 879
376.221 862
376.235 870
376.248 882
376.262 885
376.276 886
376.290 887
376.303 904
376.317 899
376.331 892
376.345 909
376.358 887
376.372 908
376.386 921
376.399 933
376.413 934
376.427 922
376.441 921
376.454 932
376.468 952
376.482 941
376.495 951
376.509 953
376.523 951
376.537 950
376.550 975
376.564 982
376.578 992
376.592 974
376.605 1008
376.619 969
376.633 994
376.646 983
376.660 965
376.674 980
376.688 987
376.701 983
376.715 996
376.729 987
376.742 1011
376.756 1016
376.770 1040
376.784 1027
376.797 1023
376.811 1028
376.825 1061
376.838 1020
376.852 1054
376.866 1053
376.880 1042
376.893 1069
376.907 1065
376.921 1082
376.934 1081
376.948 1077
376.962 1129
376.976 1090
376.989 1094
377.003 1121
377.017 1100
377.030 1135
377.044 1160
377.058 1141
377.071 1166
377.085 1156
377.099 1154
377.113 1140
377.126 1152
377.140 1148
377.154 1154
377.167 1162
377.181 1194
377.195 1160
377.208 1218
377.222 1197
377.236 1208
377.250 1211
377.263 1196
377.277 1234
377.291 1247
377.304 1214
377.318 1223
377.332 1233
377.345 1243
377.359 1241
377.373 1254
377.387 1272
377.400 1242
377.414 1257
377.428 1248
377.441 1246
377.455 1276
377.469 1303
377.482 1290
377.496 1301
377.510 1315
377.524 1349
377.537 1327
377.551 1361
377.565 1353
377.578 1315
377.592 1332
377.606 1352
377.619 1311
377.633 1325
377.647 1328
377.660 1331
377.674 1316
377.688 1343
377.701 1326
377.715 1387
377.729 1366
377.743 1344
377.756 1370
377.770 1366
377.784 1398
377.797 1378
377.811 1367
377.825 1406
377.838 1397
377.852 1377
377.866 1383
377.879 1427
377.893 1462
377.907 1399
377.920 1394
377.934 1434
377.948 1416
377.961 1411
377.975 1408
377.989 1433
378.002 1418
378.016 1448
378.030 1413
378.044 1446
378.057 1452
378.071 1431
378.085 1457
378.098 1444
378.112 1437
378.126 1463
378.139 1442
378.153 1460
378.167 1446
378.180 1455
378.194 1482
378.208 1492
378.221 1487
378.235 1514
378.249 1492
378.262 1499
378.276 1471
378.290 1482
378.303 1491
378.317 1514
378.331 1494
378.344 1483
378.358 1486
378.372 1530
378.385 1486
378.399 1493
378.413 1535
378.426 1554
378.440 1544
378.454 1514
378.467 1536
378.481 1568
378.495 1532
378.508 1560
378.522 1536
378.536 1558
378.549 1546
378.563 1555
378.577 1558
378.590 1550
378.604 1578
378.618 1594
378.631 1588
378.645 1624
378.659 1562
378.672 1604
378.686 1606
378.700 1641
378.713 1638
378.727 1673
378.740 1688
378.754 1624
378.768 1692
378.781 1634
378.795 1666
378.809 1697
378.822 1700
378.836 1664
378.850 1652
378.863 1670
378.877 1654
378.891 1701
378.904 1689
378.918 1718
378.932 1669
378.945 1700
378.959 1691
378.973 1700
378.986 1724
379.000 1683
379.014 1726
379.027 1765
379.041 1737
379.054 1716
379.068 1705
379.082 1713
379.095 1744
379.109 1729
379.123 1774
379.136 1766
379.150 1777
379.164 1747
379.177 1799
379.191 1792
379.205 1797
379.218 1814
379.232 1824
379.245 1830
379.259 1824
379.273 1815
379.286 1804
379.300 1869
379.314 1893
379.327 1882
379.341 1858
379.355 1895
379.368 1890
379.382 1884
379.396 1946
379.409 1938
379.423 1956
379.436 1935
379.450 1965
379.464 1945
379.477 1999
379.491 1996
379.505 1997
379.518 2068
379.532 2060
379.546 2036
379.559 2068
379.573 2084
379.586 2100
379.600 2094
379.614 2105
379.627 2218
379.641 2202
379.655 2169
379.668 2202
379.682 2215
379.695 2222
379.709 2232
379.723 2226
379.736 2340
379.750 2390
379.764 2384
379.777 2439
379.791 2463
379.804 2454
379.818 2480
379.832 2495
379.845 2426
379.859 2441
379.873 2472
379.886 2508
379.900 2527
379.913 2592
379.927 2635
379.941 2644
379.954 2658
379.968 2747
379.982 2751
379.995 2712
380.009 2772
380.022 2813
380.036 2789
380.050 2898
380.063 2906
380.077 3061
380.090 3053
380.104 3121
380.118 3166
380.131 3151
380.145 3171
380.159 3277
380.172 3267
380.186 3375
380.199 3415
380.213 3439
380.227 3533
380.240 3548
380.254 3489
380.267 3451
380.281 3549
380.295 3644
380.308 3631
380.322 3662
380.336 3722
380.349 3737
380.363 3867
380.376 3890
380.390 3995
380.404 3973
380.417 4052
380.431 4035
380.444 4130
380.458 4159
380.472 4232
380.485 4344
380.499 4305
380.512 4441
380.526 4389
380.540 4477
380.553 4517
380.567 4628
380.580 4717
380.594 4718
380.608 4915
380.621 5051
380.635 5051
380.648 5099
380.662 5117
380.676 5164
380.689 5210
380.703 5285
380.716 5320
380.730 5429
380.744 5564
380.757 5527
380.771 5706
380.784 5771
380.798 5813
380.812 5963
380.825 5936
380.839 6046
380.852 6288
380.866 6447
380.880 6466
380.893 6429
380.907 6380
380.920 6546
380.934 6497
380.948 6719
380.961 6694
380.975 6769
380.988 6896
381.002 6790
381.015 6901
381.029 6926
381.043 7124
381.056 7103
381.070 7145
381.083 7217
381.097 7352
381.111 7395
381.124 7576
381.138 7658
381.151 7697
381.165 7718
381.179 7846
381.192 7642
381.206 7815
381.219 7960
381.233 7950
381.246 7899
381.260 8020
381.274 8053
381.287 8194
381.301 8260
381.314 8305
381.328 8320
381.341 8407
381.355 8454
381.369 8550
381.382 8764
381.396 8726
381.409 8725
381.423 9003
381.437 9059
381.450 9112
381.464 9185
381.477 9332
381.491 9475
381.504 9346
381.518 9378
381.532 9479
381.545 9826
381.559 9872
381.572 9966
381.586 10084
381.599 10156
381.613 10174
381.627 10250
381.640 10278
381.654 10371
381.667 10440
381.681 10392
381.694 10431
381.708 10241
381.722 10220
381.735 10294
381.749 10317
381.762 10399
381.776 10418
381.789 10589
381.803 10528
381.817 10621
381.830 10684
381.844 10784
381.857 10898
381.871 11002
381.884 10994
381.898 11021
381.911 11034
381.925 11246
381.939 11201
381.952 11377
381.966 11321
381.979 11351
381.993 11544
382.006 11720
382.020 11806
382.034 12058
382.047 11980
382.061 11862
382.074 11892
382.088 11923
382.101 11979
382.115 11998
382.128 12146
382.142 12444
382.156 12884
382.169 12875
382.183 12804
382.196 12864
382.210 12939
382.223 12853
382.237 13033
382.250 12887
382.264 13064
382.278 13277
382.291 13219
382.305 13720
382.318 13812
382.332 13760
382.345 13560
382.359 13399
382.372 13529
382.386 13582
382.399 13636
382.413 13608
382.427 13884
382.440 13811
382.454 14165
382.467 14200
382.481 14451
382.494 14836
382.508 15051
382.521 15056
382.535 15028
382.548 15069
382.562 15081
382.576 15324
382.589 15383
382.603 15517
382.616 15524
382.630 15636
382.643 15850
382.657 15947
382.670 16001
382.684 16134
382.697 16018
382.711 16049
382.724 16358
382.738 16361
382.752 16299
382.765 16441
382.779 16664
382.792 16687
382.806 16827
382.819 17050
382.833 17206
382.846 17284
382.860 17378
382.873 17703
382.887 17459
382.900 18044
382.914 18016
382.928 18332
382.941 18398
382.955 18484
382.968 18636
382.982 18852
382.995 18914
383.009 18976
383.022 19001
383.036 19340
383.049 19507
383.063 19626
383.076 19548
383.090 19823
383.103 19649
383.117 19865
383.130 20127
383.144 20371
383.158 20237
383.171 20579
383.185 20745
383.198 20763
383.212 21202
383.225 21380
383.239 21892
383.252 22074
383.266 21938
383.279 22056
383.293 22201
383.306 22371
383.320 22809
383.333 23118
383.347 23592
383.360 23478
383.374 23035
383.387 23307
383.401 23701
383.414 23511
383.428 23533
383.441 23490
383.455 23769
383.468 23339
383.482 23835
383.496 24261
383.509 24418
383.523 24210
383.536 24079
383.550 24332
383.563 24374
383.577 24624
383.590 24861
383.604 24791
383.617 24647
383.631 24467
383.644 24426
383.658 24536
383.671 24381
383.685 24532
383.698 24993
383.712 25292
383.725 25174
383.739 24845
383.752 24681
383.766 24763
383.779 24775
383.793 24896
383.806 24886
383.820 25341
383.833 25264
383.847 25226
383.860 25496
383.874 25496
383.887 24957
383.901 24910
383.914 24982
383.928 25236
383.941 25000
383.955 24764
383.968 24556
383.982 24599
383.995 24442
384.009 24455
384.022 24427
384.036 24323
384.049 24331
384.063 24422
384.076 24750
384.090 25024
384.103 25095
384.117 25338
384.130 24656
384.144 23966
384.157 23582
384.171 23191
384.184 22893
384.198 22887
384.211 22797
384.225 22699
384.238 22885
384.252 22863
384.265 22366
384.279 22143
384.292 21932
384.306 21782
384.319 21281
384.333 20674
384.346 20231
384.360 19769
384.373 19631
384.387 19457
384.400 18876
384.414 18664
384.427 18411
384.441 17952
384.454 17673
384.468 17057
384.481 16903
384.495 16563
384.508 16075
384.522 15757
384.535 15297
384.549 14902
384.562 14578
384.575 14075
384.589 14073
384.602 13984
384.616 13661
384.629 13332
384.643 12952
384.656 12525
384.670 12084
384.683 11675
384.697 11436
384.710 11060
384.724 10811
384.737 10168
384.751 10013
384.764 9752
384.778 9597
384.791 9351
384.805 9208
384.818 8827
384.832 8579
384.845 8320
384.859 8173
384.872 7776
384.885 7547
384.899 7396
384.912 7152
384.926 7016
384.939 6787
384.953 6631
384.966 6379
384.980 6336
384.993 6068
385.007 5968
385.020 5842
385.034 5679
385.047 5641
385.061 5395
385.074 5253
385.088 5193
385.101 5081
385.114 4954
385.128 4941
385.141 4754
385.155 4660
385.168 4651
385.182 4710
385.195 4613
385.209 4514
385.222 4366
385.236 4324
385.249 4267
385.263 4158
385.276 4094
385.290 4044
385.303 3914
385.316 3879
385.330 3858
385.343 3767
385.357 3707
385.370 3679
385.384 3658
385.397 3575
385.411 3487
385.424 3372
385.438 3388
385.451 3370
385.464 3337
385.478 3380
385.491 3349
385.505 3332
385.518 3225
385.532 3240
385.545 3124
385.559 3088
385.572 3112
385.586 3060
385.599 3061
385.612 3070
385.626 3044
385.639 3030
385.653 3031
385.666 3021
385.680 2949
385.693 2980
385.707 2909
385.720 2854
385.734 2891
385.747 2801
385.760 2789
385.774 2756
385.787 2786
385.801 2725
385.814 2601
385.828 2650
385.841 2633
385.855 2601
385.868 2578
385.881 2560
385.895 2537
385.908 2531
385.922 2468
385.935 2519
385.949 2495
385.962 2461
385.976 2501
385.989 2436
386.002 2420
386.016 2419
386.029 2442
386.043 2366
386.056 2321
386.070 2297
386.083 2363
386.097 2332
386.110 2295
386.123 2336
386.137 2331
386.150 2284
386.164 2279
386.177 2252
386.191 2218
386.204 2225
386.217 2207
386.231 2208
386.244 2182
386.258 2193
386.271 2175
386.285 2155
386.298 2208
386.311 2142
386.325 2143
386.338 2106
386.352 2131
386.365 2127
386.379 2080
386.392 2021
386.405 2018
386.419 2070
386.432 2043
386.446 2055
386.459 2040
386.473 2023
386.486 2037
386.499 2002
386.513 1991
386.526 1987
386.540 1952
386.553 1892
386.567 1941
386.580 1981
386.593 1982
386.607 1981
386.620 1961
386.634 1977
386.647 1935
386.661 1906
386.674 1891
386.687 1900
386.701 1865
386.714 1874
386.728 1806
386.741 1866
386.754 1839
386.768 1877
386.781 1835
386.795 1820
386.808 1772
386.822 1788
386.835 1751
386.848 1762
386.862 1732
386.875 1734
386.889 1710
386.902 1723
386.915 1703
386.929 1705
386.942 1714
386.956 1739
386.969 1693
386.983 1683
386.996 1667
387.009 1653
387.023 1653
387.036 1608
387.050 1649
387.063 1671
387.076 1627
387.090 1643
387.103 1646
387.117 1605
387.130 1632
387.143 1612
387.157 1627
387.170 1600
387.184 1606
387.197 1587
387.210 1616
387.224 1581
387.237 1593
387.251 1536
387.264 1539
387.278 1529
387.291 1532
387.304 1525
387.318 1479
387.331 1522
387.345 1512
387.358 1499
387.371 1490
387.385 1474
387.398 1485
387.412 1454
387.425 1443
387.438 1417
387.452 1403
387.465 1346
387.478 1414
387.492 1384
387.505 1392
387.519 1394
387.532 1420
387.545 1421
387.559 1415
387.572 1421
387.586 1393
387.599 1350
387.612 1355
387.626 1379
387.639 1390
387.653 1337
387.666 1319
387.679 1304
387.693 1312
387.706 1280
387.720 1298
387.733 1304
387.746 1306
387.760 1301
387.773 1323
387.787 1291
387.800 1307
387.813 1271
387.827 1272
387.840 1264
387.853 1240
387.867 1239
387.880 1272
387.894 1276
387.907 1243
387.920 1216
387.934 1213
387.947 1232
387.961 1241
387.974 1186
387.987 1209
388.001 1181
388.014 1216
388.027 1207
388.041 1202
388.054 1193
388.068 1156
388.081 1180
388.094 1177
388.108 1152
388.121 1140
388.134 1144
388.148 1140
388.161 1137
388.175 1124
388.188 1113
388.201 1108
388.215 1097
388.228 1110
388.241 1098
388.255 1114
388.268 1136
388.282 1127
388.295 1104
388.308 1119
388.322 1098
388.335 1069
388.348 1112
388.362 1115
388.375 1066
388.389 1117
388.402 1096
388.415 1103
388.429 1100
388.442 1082
388.455 1098
388.469 1093
388.482 1120
388.495 1097
388.509 1112
388.522 1088
388.536 1116
388.549 1086
388.562 1062
388.576 1067
388.589 1041
388.602 1061
388.616 1060
388.629 1080
388.642 1076
388.656 1063
388.669 1064
388.683 1068
388.696 1062
388.709 1073
388.723 1052
388.736 1057
388.749 1045
388.763 1044
388.776 1055
388.789 1053
388.803 1034
388.816 1051
388.829 1052
388.843 1036
388.856 1023
388.870 1051
388.883 1030
388.896 1042
388.910 1036
388.923 1063
388.936 1047
388.950 1046
388.963 1047
388.976 1036
388.990 1027
389.003 1044
389.016 1031
389.030 1024
389.043 1042
389.056 1044
389.070 1023
389.083 1021
389.097 1033
389.110 1029
389.123 1027
389.137 1011
389.150 1022
389.163 1000
389.177 1018
389.190 1024
389.203 997
389.217 991
389.230 1007
389.243 1005
389.257 1031
389.270 989
389.283 993
389.297 1016
389.310 1022
389.323 995
389.337 989
389.350 1004
389.363 968
389.377 1008
389.390 996
389.403 990
389.417 1002
389.430 982
389.443 971
389.457 985
389.470 983
389.483 1026
389.497 1018
389.510 979
389.523 989
389.537 987
389.550 1007
389.563 1006
389.577 976
389.590 954
389.603 972
389.617 977
389.630 946
389.643 951
389.657 962
389.670 966
389.683 971
389.697 959
389.710 959
389.723 967
389.737 980
389.750 960
389.763 943
389.777 946
389.790 945
389.803 959
389.817 967
389.830 924
389.843 950
389.857 939
389.870 917
389.883 908
389.897 920
389.910 918
389.923 931
389.937 939
389.950 919
389.963 923
389.977 905
389.990 882
390.003 940
390.017 914
390.030 933
390.043 912
390.057 893
390.070 919
390.083 921
390.096 898
390.110 915
390.123 912
390.136 890
390.150 894
390.163 875
390.176 893
390.190 895
390.203 897
390.216 850
390.230 862
390.243 877
390.256 862
390.270 867
390.283 880
390.296 851
390.310 830
390.323 861
390.336 850
390.349 860
390.363 855
390.376 850
390.389 845
390.403 846
390.416 843
390.429 831
390.443 842
390.456 834
390.469 834
390.483 821
390.496 825
390.509 821
390.522 793
390.536 813
390.549 818
390.562 819
390.576 820
390.589 796
390.602 809
390.616 817
390.629 817
390.642 798
390.655 780
390.669 807
390.682 799
390.695 782
390.709 800
390.722 789
390.735 786
390.749 767
390.762 795
390.775 780
390.788 777
390.802 777
390.815 762
390.828 793
390.842 754
390.855 759
390.868 766
390.882 762
390.895 758
390.908 768
390.921 767
390.935 740
390.948 769
390.961 767
390.975 745
390.988 739
391.001 756
391.014 764
391.028 744
391.041 754
391.054 742
391.068 753
391.081 749
391.094 731
391.107 744
391.121 737
391.134 740
391.147 744
391.161 716
391.174 743
391.187 729
391.200 730
391.214 718
391.227 728
391.240 714
391.254 727
391.267 728
391.280 720
391.293 723
391.307 714
391.320 716
391.333 717
391.347 710
391.360 727
391.373 723
391.386 705
391.400 720
391.413 720
391.426 716
391.440 713
391.453 715
391.466 713
391.479 710
391.493 711
391.506 705
391.519 706
391.532 725
391.546 713
391.559 702
391.572 714
391.586 719
391.599 705
391.612 699
391.625 707
391.639 706
391.652 701
391.665 706
391.678 709
391.692 715
391.705 711
391.718 697
391.732 712
391.745 703
391.758 701
391.771 717
391.785 698
391.798 694
391.811 684
391.824 706
391.838 695
391.851 708
391.864 689
391.877 700
391.891 692
391.904 699
391.917 704
391.931 697
391.944 698
391.957 707
391.970 700
391.984 695
391.997 698
392.010 695
392.023 703
392.037 694
392.050 706
392.063 695
392.076 695
392.090 702
392.103 688
392.116 686
392.129 688
392.143 687
392.156 690
392.169 693
392.182 696
392.196 685
392.209 692
392.222 686
392.235 693
392.249 690
392.262 677
392.275 679
392.288 690
392.302 689
392.315 677
392.328 681
392.341 688
392.355 674
392.368 696
392.381 693
392.394 679
392.408 684
392.421 685
392.434 692
392.447 681
392.461 688
392.474 680
392.487 682
392.500 687
392.514 685
392.527 680
392.540 684
392.553 680
392.567 674
392.580 675
392.593 688
392.606 679
392.620 678
392.633 681
392.646 686
392.659 680
392.673 686
392.686 667
392.699 678
392.712 680
392.726 670
392.739 675
392.752 686
392.765 679
392.778 681
392.792 669
392.805 667
392.818 678
392.831 678
392.845 671
392.858 677
392.871 668
392.884 686
392.898 671
392.911 682
392.924 672
392.937 675
392.951 679
392.964 679
392.977 671
392.990 688
393.003 676
393.017 674
393.030 674
393.043 668
393.056 682
393.070 668
393.083 674
393.096 676
393.109 682
393.122 683
393.136 666
393.149 676
393.162 675
393.175 681
393.189 681
393.202 680
393.215 675
393.228 665
393.242 661
393.255 673
393.268 659
393.281 684
393.294 676
393.308 671
393.321 678
393.334 668
393.347 675
393.360 667
393.374 663
393.387 664
393.400 671
393.413 660
393.427 671
393.440 681
393.453 669
393.466 679
393.479 654
393.493 672
393.506 673
393.519 664
393.532 664
393.546 666
393.559 664
393.572 665
393.585 668
393.598 660
393.612 681
393.625 667
393.638 663
393.651 667
393.664 673
393.678 674
393.691 666
393.704 681
393.717 659
393.730 661
393.744 653
393.757 668
393.770 658
393.783 670
393.796 662
393.810 660
393.823 660
393.836 667
393.849 658
393.863 653
393.876 666
393.889 669
393.902 656
393.915 655
393.929 657
