375.891 802
375.905 787
375.919 796
375.933 827
375.946 812
375.960 816
375.974 827
375.987 824
376.001 809
376.015 825
376.029 826
376.042 815
376.056 826
376.070 832
376.084 833
376.097 858
376.111 852
376.125 850
376.139 853
376.152 852
376.166 850
376.180 863
376.193 876
376.207 863
376.221 866
376.235 873
376.248 853
376.262 879
376.276 878
376.290 898
376.303 882
376.317 871
376.331 887
376.345 893
376.358 880
376.372 906
376.386 896
376.399 890
376.413 917
376.427 901
376.441 908
376.454 913
376.468 920
376.482 936
376.495 919
376.509 943
376.523 941
376.537 982
376.550 964
376.564 950
376.578 971
376.592 956
376.605 961
376.619 975
376.633 969
376.646 980
376.660 972
376.674 967
376.688 979
376.701 972
376.715 986
376.729 996
376.742 1005
376.756 1018
376.770 1005
376.784 985
376.797 1028
376.811 1017
376.825 1041
376.838 1040
376.852 1067
376.866 1045
376.880 1070
376.893 1026
376.907 1047
376.921 1045
376.934 1079
376.948 1052
376.962 1085
376.976 1078
376.989 1059
377.003 1096
377.017 1102
377.030 1130
377.044 1125
377.058 1123
377.071 1100
377.085 1089
377.099 1138
377.113 1125
377.126 1126
377.140 1128
377.154 1156
377.167 1140
377.181 1137
377.195 1166
377.208 1137
377.222 1197
377.236 1193
377.250 1178
377.263 1188
377.277 1207
377.291 1219
377.304 1211
377.318 1220
377.332 1216
377.345 1211
377.359 1217
377.373 1220
377.387 1222
377.400 1256
377.414 1206
377.428 1227
377.441 1254
377.455 1261
377.469 1239
377.482 1283
377.496 1257
377.510 1285
377.524 1333
377.537 1285
377.551 1299
377.565 1294
377.578 1311
377.592 1291
377.606 1292
377.619 1304
377.633 1308
377.647 1293
377.660 1307
377.674 1309
377.688 1286
377.701 1324
377.715 1292
377.729 1331
377.743 1320
377.756 1346
377.770 1338
377.784 1338
377.797 1364
377.811 1352
377.825 1335
377.838 1342
377.852 1316
377.866 1372
377.879 1397
377.893 1348
377.907 1370
377.920 1390
377.934 1376
377.948 1385
377.961 1370
377.975 1407
377.989 1425
378.002 1411
378.016 1378
378.030 1422
378.044 1397
378.057 1406
378.071 1419
378.085 1426
378.098 1406
378.112 1417
378.126 1420
378.139 1414
378.153 1412
378.167 1418
378.180 1400
378.194 1428
378.208 1397
378.221 1377
378.235 1440
378.249 1454
378.262 1465
378.276 1453
378.290 1452
378.303 1457
378.317 1479
378.331 1460
378.344 1447
378.358 1427
378.372 1458
378.385 1453
378.399 1458
378.413 1468
378.426 1474
378.440 1466
378.454 1508
378.467 1511
378.481 1497
378.495 1504
378.508 1475
378.522 1489
378.536 1481
378.549 1471
378.563 1504
378.577 1495
378.590 1532
378.604 1534
378.618 1529
378.631 1522
378.645 1529
378.659 1536
378.672 1505
378.686 1591
378.700 1609
378.713 1594
378.727 1635
378.740 1606
378.754 1611
378.768 1604
378.781 1635
378.795 1652
378.809 1637
378.822 1664
378.836 1652
378.850 1608
378.863 1614
378.877 1618
378.891 1641
378.904 1650
378.918 1656
378.932 1641
378.945 1662
378.959 1668
378.973 1650
378.986 1689
379.000 1672
379.014 1652
379.027 1657
379.041 1705
379.054 1681
379.068 1679
379.082 1675
379.095 1686
379.109 1678
379.123 1705
379.136 1733
379.150 1710
379.164 1761
379.177 1736
379.191 1673
379.205 1688
379.218 1726
379.232 1746
379.245 1811
379.259 1750
379.273 1744
379.286 1803
379.300 1801
379.314 1767
379.327 1812
379.341 1837
379.355 1869
379.368 1873
379.382 1897
379.396 1882
379.409 1875
379.423 1917
379.436 1924
379.450 1929
379.464 1911
379.477 1937
379.491 1952
379.505 1925
379.518 1988
379.532 1994
379.546 2023
379.559 2044
379.573 2026
379.586 2028
379.600 2067
379.614 2128
379.627 2116
379.641 2101
379.655 2182
379.668 2164
379.682 2136
379.695 2149
379.709 2209
379.723 2201
379.736 2276
379.750 2285
379.764 2304
379.777 2405
379.791 2381
379.804 2416
379.818 2455
379.832 2419
379.845 2375
379.859 2379
379.873 2405
379.886 2431
379.900 2483
379.913 2514
379.927 2498
379.941 2556
379.954 2638
379.968 2581
379.982 2658
379.995 2674
380.009 2685
380.022 2767
380.036 2772
380.050 2818
380.063 2883
380.077 2948
380.090 3012
380.104 2993
380.118 3072
380.131 3076
380.145 3148
380.159 3251
380.172 3166
380.186 3244
380.199 3290
380.213 3262
380.227 3488
380.240 3479
380.254 3386
380.267 3437
380.281 3478
380.295 3505
380.308 3574
380.322 3544
380.336 3644
380.349 3693
380.363 3715
380.376 3786
380.390 3829
380.404 3854
380.417 3939
380.431 3902
380.444 3978
380.458 4057
380.472 4057
380.485 4146
380.499 4180
380.512 4315
380.526 4304
380.540 4416
380.553 4397
380.567 4522
380.580 4559
380.594 4553
380.608 4751
380.621 4948
380.635 4895
380.648 4919
380.662 4927
380.676 5003
380.689 5030
380.703 5171
380.716 5151
380.730 5220
380.744 5350
380.757 5418
380.771 5492
380.784 5657
380.798 5660
380.812 5669
380.825 5742
380.839 5849
380.852 6133
380.866 6156
380.880 6300
380.893 6195
380.907 6197
380.920 6311
380.934 6358
380.948 6362
380.961 6517
380.975 6598
380.988 6655
381.002 6643
381.015 6642
381.029 6816
381.043 6912
381.056 6879
381.070 6916
381.083 6945
381.097 7128
381.111 7274
381.124 7344
381.138 7406
381.151 7294
381.165 7513
381.179 7617
381.192 7613
381.206 7618
381.219 7603
381.233 7666
381.246 7656
381.260 7756
381.274 7866
381.287 7871
381.301 7955
381.314 8101
381.328 8223
381.341 8201
381.355 8141
381.369 8284
381.382 8319
381.396 8516
381.409 8613
381.423 8651
381.437 8917
381.450 8692
381.464 8870
381.477 9090
381.491 9252
381.504 9142
381.518 9015
381.532 9222
381.545 9410
381.559 9643
381.572 9518
381.586 9661
381.599 9693
381.613 9772
381.627 9775
381.640 9888
381.654 9963
381.667 10031
381.681 10216
381.694 10114
381.708 9936
381.722 9884
381.735 10071
381.749 9927
381.762 10029
381.776 10125
381.789 10235
381.803 10203
381.817 10210
381.830 10298
381.844 10497
381.857 10502
381.871 10674
381.884 10708
381.898 10659
381.911 10615
381.925 10616
381.939 10824
381.952 10922
381.966 10877
381.979 11074
381.993 11245
382.006 11411
382.020 11535
382.034 11464
382.047 11468
382.061 11651
382.074 11467
382.088 11489
382.101 11653
382.115 11673
382.128 11529
382.142 12135
382.156 12543
382.169 12437
382.183 12572
382.196 12291
382.210 12425
382.223 12215
382.237 12426
382.250 12463
382.264 12701
382.278 12754
382.291 12786
382.305 13082
382.318 13207
382.332 13310
382.345 12779
382.359 12975
382.372 12870
382.386 13028
382.399 12967
382.413 13001
382.427 13205
382.440 13206
382.454 13425
382.467 13526
382.481 13731
382.494 14155
382.508 14282
382.521 14201
382.535 14093
382.548 14173
382.562 14173
382.576 14427
382.589 14471
382.603 14610
382.616 14685
382.630 14818
382.643 14887
382.657 15023
382.670 15205
382.684 15293
382.697 14991
382.711 15241
382.724 15305
382.738 15292
382.752 15686
382.765 15711
382.779 15720
382.792 15867
382.806 15995
382.819 16088
382.833 16055
382.846 16104
382.860 16441
382.873 16414
382.887 16684
382.900 16696
382.914 17061
382.928 17130
382.941 17263
382.955 17450
382.968 17525
382.982 17653
382.995 17757
383.009 17797
383.022 17752
383.036 18073
383.049 18287
383.063 18449
383.076 18491
383.090 18520
383.103 18576
383.117 18510
383.130 18655
383.144 18809
383.158 18961
383.171 19055
383.185 19240
383.198 19216
383.212 19697
383.225 19723
383.239 20138
383.252 20123
383.266 20088
383.279 20473
383.293 20404
383.306 20573
383.320 20985
383.333 21346
383.347 21612
383.360 21373
383.374 21028
383.387 21525
383.401 21658
383.414 21583
383.428 21475
383.441 21444
383.455 21320
383.468 21464
383.482 21578
383.496 22356
383.509 22350
383.523 22254
383.536 22151
383.550 22319
383.563 22551
383.577 22502
383.590 22756
383.604 22621
383.617 22439
383.631 22242
383.644 21999
383.658 22236
383.671 22224
383.685 22065
383.698 22442
383.712 22587
383.725 22634
383.739 22311
383.752 22180
383.766 22261
383.779 22278
383.793 22052
383.806 22489
383.820 22972
383.833 22678
383.847 22651
383.860 22764
383.874 22629
383.887 22276
383.901 22013
383.914 22413
383.928 22380
383.941 22365
383.955 21924
383.968 21979
383.982 21659
383.995 21619
384.009 21498
384.022 21598
384.036 21482
384.049 21399
384.063 21430
384.076 21597
384.090 21874
384.103 21957
384.117 22166
384.130 21592
384.144 20883
384.157 20764
384.171 20148
384.184 20209
384.198 20164
384.211 19670
384.225 19677
384.238 19732
384.252 19855
384.265 19360
384.279 19418
384.292 18993
384.306 18729
384.319 18343
384.333 17995
384.346 17609
384.360 17150
384.373 17006
384.387 16820
384.400 16418
384.414 16091
384.427 15807
384.441 15545
384.454 15241
384.468 14704
384.481 14413
384.495 14174
384.508 13919
384.522 13476
384.535 13086
384.549 12925
384.562 12450
384.575 12119
384.589 12100
384.602 11907
384.616 11712
384.629 11312
384.643 11001
384.656 10706
384.670 10412
384.683 9932
384.697 9594
384.710 9406
384.724 9093
384.737 8783
384.751 8639
384.764 8316
384.778 8100
384.791 8013
384.805 7747
384.818 7590
384.832 7189
384.845 7067
384.859 6833
384.872 6540
384.885 6382
384.899 6246
384.912 6014
384.926 5834
384.939 5762
384.953 5704
384.966 5544
384.980 5411
384.993 5234
385.007 5080
385.020 5087
385.034 4886
385.047 4815
385.061 4740
385.074 4590
385.088 4535
385.101 4397
385.114 4424
385.128 4279
385.141 4237
385.155 4136
385.168 4234
385.182 4192
385.195 4085
385.209 4082
385.222 3958
385.236 3919
385.249 3789
385.263 3728
385.276 3678
385.290 3623
385.303 3558
385.316 3512
385.330 3530
385.343 3371
385.357 3472
385.370 3332
385.384 3278
385.397 3225
385.411 3282
385.424 3207
385.438 3146
385.451 3151
385.464 3134
385.478 3190
385.491 3092
385.505 3096
385.518 3092
385.532 2989
385.545 2921
385.559 2909
385.572 2920
385.586 2843
385.599 2852
385.612 2843
385.626 2862
385.639 2854
385.653 2838
385.666 2828
385.680 2831
385.693 2804
385.707 2811
385.720 2739
385.734 2685
385.747 2649
385.760 2643
385.774 2642
385.787 2586
385.801 2587
385.814 2544
385.828 2540
385.841 2500
385.855 2425
385.868 2465
385.881 2468
385.895 2421
385.908 2392
385.922 2380
385.935 2368
385.949 2390
385.962 2378
385.976 2316
385.989 2304
386.002 2317
386.016 2312
386.029 2299
386.043 2277
386.056 2278
386.070 2204
386.083 2202
386.097 2297
386.110 2251
386.123 2172
386.137 2180
386.150 2262
386.164 2157
386.177 2156
386.191 2192
386.204 2113
386.217 2106
386.231 2092
386.244 2085
386.258 2143
386.271 2101
386.285 2095
386.298 2077
386.311 2066
386.325 2058
386.338 1999
386.352 2046
386.365 2032
386.379 1971
386.392 1989
386.405 1980
386.419 2000
386.432 1944
386.446 1970
386.459 1981
386.473 1995
386.486 1983
386.499 1903
386.513 1853
386.526 1921
386.540 1873
386.553 1864
386.567 1890
386.580 1888
386.593 1894
386.607 1920
386.620 1904
386.634 1884
386.647 1873
386.661 1832
386.674 1869
386.687 1840
386.701 1797
386.714 1770
386.728 1793
386.741 1776
386.754 1798
386.768 1782
386.781 1790
386.795 1725
386.808 1724
386.822 1737
386.835 1672
386.848 1710
386.862 1707
386.875 1685
386.889 1651
386.902 1670
386.915 1695
386.929 1679
386.942 1647
386.956 1647
386.969 1642
386.983 1583
386.996 1634
387.009 1631
387.023 1634
387.036 1556
387.050 1576
387.063 1583
387.076 1562
387.090 1549
387.103 1559
387.117 1580
387.130 1563
387.143 1586
387.157 1598
387.170 1589
387.184 1539
387.197 1515
387.210 1548
387.224 1526
387.237 1497
387.251 1512
387.264 1489
387.278 1489
387.291 1486
387.304 1512
387.318 1467
387.331 1454
387.345 1439
387.358 1464
387.371 1461
387.385 1413
387.398 1398
387.412 1400
387.425 1378
387.438 1391
387.452 1356
387.465 1344
387.478 1377
387.492 1340
387.505 1363
387.519 1353
387.532 1367
387.545 1384
387.559 1362
387.572 1359
387.586 1323
387.599 1308
387.612 1300
387.626 1373
387.639 1321
387.653 1337
387.666 1312
387.679 1275
387.693 1270
387.706 1251
387.720 1276
387.733 1275
387.746 1278
387.760 1256
387.773 1265
387.787 1257
387.800 1266
387.813 1245
387.827 1217
387.840 1222
387.853 1228
387.867 1234
387.880 1265
387.894 1239
387.907 1254
387.920 1206
387.934 1211
387.947 1200
387.961 1197
387.974 1182
387.987 1187
388.001 1220
388.014 1180
388.027 1204
388.041 1140
388.054 1138
388.068 1157
388.081 1179
388.094 1163
388.108 1144
388.121 1163
388.134 1145
388.148 1128
388.161 1120
388.175 1105
388.188 1121
388.201 1100
388.215 1110
388.228 1115
388.241 1113
388.255 1110
388.268 1092
388.282 1091
388.295 1083
388.308 1110
388.322 1093
388.335 1090
388.348 1083
388.362 1065
388.375 1095
388.389 1080
388.402 1088
388.415 1061
388.429 1114
388.442 1101
388.455 1104
388.469 1079
388.482 1109
388.495 1084
388.509 1096
388.522 1088
388.536 1096
388.549 1056
388.562 1072
388.576 1062
388.589 1071
388.602 1071
388.616 1064
388.629 1076
388.642 1046
388.656 1060
388.669 1058
388.683 1070
388.696 1056
388.709 1089
388.723 1073
388.736 1063
388.749 1062
388.763 1043
388.776 1061
388.789 1052
388.803 1046
388.816 1018
388.829 1034
388.843 1031
388.856 1044
388.870 1035
388.883 1039
388.896 1022
388.910 1062
388.923 1054
388.936 1054
388.950 1063
388.963 1051
388.976 1045
388.990 1058
389.003 1012
389.016 1028
389.030 997
389.043 1048
389.056 1046
389.070 1026
389.083 1022
389.097 1013
389.110 1025
389.123 1021
389.137 1030
389.150 1011
389.163 1016
389.177 1007
389.190 1009
389.203 1004
389.217 1010
389.230 1002
389.243 997
389.257 995
389.270 998
389.283 1005
389.297 985
389.310 1022
389.323 995
389.337 991
389.350 991
389.363 977
389.377 989
389.390 1004
389.403 973
389.417 980
389.430 956
389.443 985
389.457 950
389.470 982
389.483 955
389.497 992
389.510 973
389.523 982
389.537 967
389.550 1004
389.563 965
389.577 976
389.590 944
389.603 904
389.617 981
389.630 966
389.643 972
389.657 949
389.670 950
389.683 946
389.697 964
389.710 932
389.723 958
389.737 964
389.750 958
389.763 945
389.777 953
389.790 930
389.803 956
389.817 941
389.830 957
389.843 921
389.857 920
389.870 905
389.883 919
389.897 915
389.910 919
389.923 910
389.937 935
389.950 917
389.963 906
389.977 927
389.990 916
390.003 931
390.017 913
390.030 914
390.043 886
390.057 891
390.070 905
390.083 887
390.096 877
390.110 881
390.123 900
390.136 872
390.150 863
390.163 890
390.176 869
390.190 878
390.203 881
390.216 867
390.230 853
390.243 856
390.256 844
390.270 853
390.283 845
390.296 842
390.310 845
390.323 840
390.336 843
390.349 845
390.363 860
390.376 846
390.389 842
390.403 847
390.416 849
390.429 837
390.443 830
390.456 831
390.469 827
390.483 824
390.496 801
390.509 799
390.522 806
390.536 811
390.549 797
390.562 810
390.576 814
390.589 814
390.602 809
390.616 796
390.629 782
390.642 806
390.655 799
390.669 786
390.682 789
390.695 785
390.709 776
390.722 788
390.735 775
390.749 774
390.762 771
390.775 784
390.788 781
390.802 782
390.815 774
390.828 760
390.842 783
390.855 780
390.868 763
390.882 746
390.895 758
390.908 763
390.921 755
390.935 767
390.948 736
390.961 758
390.975 745
390.988 743
391.001 755
391.014 749
391.028 746
391.041 728
391.054 735
391.068 749
391.081 725
391.094 722
391.107 757
391.121 725
391.134 728
391.147 724
391.161 750
391.174 736
391.187 726
391.200 736
391.214 719
391.227 734
391.240 723
391.254 745
391.267 720
391.280 722
391.293 703
391.307 718
391.320 732
391.333 732
391.347 731
391.360 723
391.373 719
391.386 718
391.400 709
391.413 713
391.426 720
391.440 718
391.453 718
391.466 712
391.479 714
391.493 719
391.506 718
391.519 704
391.532 711
391.546 704
391.559 700
391.572 705
391.586 709
391.599 715
391.612 706
391.625 717
391.639 701
391.652 711
391.665 696
391.678 705
391.692 695
391.705 697
391.718 695
391.732 696
391.745 704
391.758 711
391.771 703
391.785 701
391.798 711
391.811 704
391.824 699
391.838 701
391.851 694
391.864 696
391.877 699
391.891 698
391.904 703
391.917 692
391.931 696
391.944 686
391.957 700
391.970 700
391.984 693
391.997 700
392.010 696
392.023 696
392.037 691
392.050 693
392.063 693
392.076 688
392.090 707
392.103 693
392.116 697
392.129 677
392.143 698
392.156 690
392.169 693
392.182 696
392.196 702
392.209 676
392.222 696
392.235 689
392.249 688
392.262 702
392.275 680
392.288 690
392.302 686
392.315 682
392.328 677
392.341 688
392.355 696
392.368 691
392.381 692
392.394 694
392.408 702
392.421 684
392.434 684
392.447 676
392.461 690
392.474 693
392.487 684
392.500 688
392.514 680
392.527 695
392.540 686
392.553 678
392.567 689
392.580 686
392.593 687
392.606 680
392.620 688
392.633 671
392.646 686
392.659 695
392.673 685
392.686 683
392.699 688
392.712 689
392.726 665
392.739 690
392.752 679
392.765 682
392.778 668
392.792 687
392.805 671
392.818 685
392.831 678
392.845 682
392.858 679
392.871 680
392.884 677
392.898 672
392.911 684
392.924 675
392.937 662
392.951 683
392.964 682
392.977 674
392.990 670
393.003 676
393.017 688
393.030 673
393.043 674
393.056 671
393.070 664
393.083 670
393.096 688
393.109 677
393.122 680
393.136 661
393.149 668
393.162 668
393.175 682
393.189 672
393.202 674
393.215 677
393.228 670
393.242 671
393.255 672
393.268 677
393.281 657
393.294 673
393.308 671
393.321 662
393.334 670
393.347 675
393.360 671
393.374 672
393.387 682
393.400 677
393.413 661
393.427 676
393.440 663
393.453 668
393.466 665
393.479 669
393.493 663
393.506 673
393.519 658
393.532 668
393.546 666
393.559 672
393.572 672
393.585 663
393.598 673
393.612 674
393.625 670
393.638 671
393.651 673
393.664 670
393.678 669
393.691 669
393.704 667
393.717 667
393.730 667
393.744 680
393.757 661
393.770 666
393.783 673
393.796 660
393.810 660
393.823 672
393.836 653
393.849 666
393.863 662
393.876 664
393.889 671
393.902 668
393.915 659
393.929 668
