375.891 794
375.905 838
375.919 813
375.933 819
375.946 836
375.960 823
375.974 839
375.987 836
376.001 846
376.015 846
376.029 855
376.042 841
376.056 821
376.070 850
376.084 853
376.097 857
376.111 869
376.125 866
376.139 855
376.152 864
376.166 859
376.180 889
376.193 887
376.207 874
376.221 863
376.235 885
376.248 876
376.262 906
376.276 895
376.290 898
376.303 897
376.317 889
376.331 908
376.345 913
376.358 925
376.372 909
376.386 923
376.399 916
376.413 940
376.427 916
376.441 949
376.454 931
376.468 919
376.482 942
376.495 947
376.509 967
376.523 976
376.537 959
376.550 985
376.564 996
376.578 981
376.592 977
376.605 992
376.619 992
376.633 990
376.646 989
376.660 980
376.674 975
376.688 1000
376.701 1010
376.715 1013
376.729 1011
376.742 1031
376.756 1018
376.770 1017
376.784 1052
376.797 1047
376.811 1052
376.825 1084
376.838 1075
376.852 1066
376.866 1091
376.880 1096
376.893 1069
376.907 1094
376.921 1087
376.934 1094
376.948 1078
376.962 1116
376.976 1103
376.989 1125
377.003 1133
377.017 1115
377.030 1135
377.044 1139
377.058 1134
377.071 1169
377.085 1149
377.099 1156
377.113 1150
377.126 1165
377.140 1159
377.154 1169
377.167 1188
377.181 1198
377.195 1206
377.208 1184
377.222 1179
377.236 1248
377.250 1203
377.263 1203
377.277 1242
377.291 1241
377.304 1243
377.318 1254
377.332 1245
377.345 1263
377.359 1265
377.373 1291
377.387 1253
377.400 1257
377.414 1286
377.428 1258
377.441 1263
377.455 1306
377.469 1252
377.482 1276
377.496 1301
377.510 1339
377.524 1326
377.537 1328
377.551 1353
377.565 1330
377.578 1358
377.592 1347
377.606 1315
377.619 1344
377.633 1345
377.647 1328
377.660 1338
377.674 1349
377.688 1361
377.701 1383
377.715 1368
377.729 1413
377.743 1378
377.756 1389
377.770 1400
377.784 1381
377.797 1376
377.811 1387
377.825 1391
377.838 1385
377.852 1378
377.866 1398
377.879 1430
377.893 1413
377.907 1433
377.920 1436
377.934 1447
377.948 1435
377.961 1417
377.975 1458
377.989 1450
378.002 1474
378.016 1438
378.030 1422
378.044 1426
378.057 1462
378.071 1470
378.085 1476
378.098 1442
378.112 1421
378.126 1484
378.139 1439
378.153 1461
378.167 1481
378.180 1493
378.194 1499
378.208 1492
378.221 1487
378.235 1532
378.249 1512
378.262 1525
378.276 1512
378.290 1528
378.303 1502
378.317 1499
378.331 1538
378.344 1507
378.358 1561
378.372 1534
378.385 1534
378.399 1551
378.413 1563
378.426 1526
378.440 1568
378.454 1550
378.467 1553
378.481 1560
378.495 1546
378.508 1546
378.522 1566
378.536 1591
378.549 1570
378.563 1571
378.577 1607
378.590 1586
378.604 1618
378.618 1625
378.631 1577
378.645 1630
378.659 1588
378.672 1627
378.686 1637
378.700 1651
378.713 1695
378.727 1711
378.740 1687
378.754 1674
378.768 1709
378.781 1673
378.795 1697
378.809 1738
378.822 1746
378.836 1732
378.850 1666
378.863 1667
378.877 1710
378.891 1715
378.904 1713
378.918 1713
378.932 1758
378.945 1736
378.959 1727
378.973 1750
378.986 1766
379.000 1725
379.014 1735
379.027 1750
379.041 1747
379.054 1784
379.068 1755
379.082 1765
379.095 1818
379.109 1759
379.123 1802
379.136 1780
379.150 1799
379.164 1777
379.177 1813
379.191 1789
379.205 1810
379.218 1857
379.232 1890
379.245 1898
379.259 1876
379.273 1891
379.286 1901
379.300 1905
379.314 1913
379.327 1914
379.341 1923
379.355 1952
379.368 1948
379.382 1963
379.396 1962
379.409 1958
379.423 2058
379.436 2024
379.450 2036
379.464 2033
379.477 2053
379.491 2046
379.505 2063
379.518 2100
379.532 2153
379.546 2114
379.559 2122
379.573 2161
379.586 2167
379.600 2124
379.614 2224
379.627 2232
379.641 2295
379.655 2278
379.668 2249
379.682 2318
379.695 2303
379.709 2292
379.723 2286
379.736 2448
379.750 2559
379.764 2522
379.777 2551
379.791 2566
379.804 2596
379.818 2585
379.832 2517
379.845 2530
379.859 2558
379.873 2588
379.886 2588
379.900 2645
379.913 2681
379.927 2751
379.941 2791
379.954 2795
379.968 2847
379.982 2868
379.995 2960
380.009 2843
380.022 2892
380.036 2940
380.050 2888
380.063 3020
380.077 3177
380.090 3237
380.104 3288
380.118 3320
380.131 3315
380.145 3318
380.159 3426
380.172 3430
380.186 3506
380.199 3582
380.213 3649
380.227 3727
380.240 3765
380.254 3631
380.267 3617
380.281 3707
380.295 3745
380.308 3840
380.322 3838
380.336 3939
380.349 3952
380.363 4094
380.376 4061
380.390 4141
380.404 4258
380.417 4235
380.431 4284
380.444 4340
380.458 4377
380.472 4462
380.485 4517
380.499 4499
380.512 4580
380.526 4681
380.540 4712
380.553 4764
380.567 4823
380.580 4908
380.594 5025
380.608 5175
380.621 5383
380.635 5411
380.648 5347
380.662 5417
380.676 5429
380.689 5474
380.703 5672
380.716 5677
380.730 5746
380.744 5801
380.757 5945
380.771 5965
380.784 6198
380.798 6151
380.812 6236
380.825 6329
380.839 6427
380.852 6654
380.866 6696
380.880 6780
380.893 6675
380.907 6736
380.920 6910
380.934 6985
380.948 7085
380.961 7100
380.975 7192
380.988 7254
381.002 7159
381.015 7278
381.029 7364
381.043 7472
381.056 7523
381.070 7677
381.083 7646
381.097 7623
381.111 7859
381.124 7945
381.138 8089
381.151 8202
381.165 8128
381.179 8302
381.192 8124
381.206 8126
381.219 8284
381.233 8388
381.246 8582
381.260 8602
381.274 8528
381.287 8761
381.301 8832
381.314 8742
381.328 8938
381.341 9017
381.355 9038
381.369 9085
381.382 9193
381.396 9231
381.409 9447
381.423 9677
381.437 9624
381.450 9718
381.464 9737
381.477 9967
381.491 10132
381.504 10082
381.518 10166
381.532 10166
381.545 10394
381.559 10708
381.572 10657
381.586 10695
381.599 10676
381.613 10747
381.627 10781
381.640 10955
381.654 11027
381.667 11191
381.681 11235
381.694 11140
381.708 10876
381.722 10921
381.735 11035
381.749 10973
381.762 11173
381.776 11205
381.789 11293
381.803 11269
381.817 11276
381.830 11483
381.844 11444
381.857 11522
381.871 11733
381.884 11888
381.898 11789
381.911 11713
381.925 11941
381.939 12005
381.952 12132
381.966 12120
381.979 12194
381.993 12437
382.006 12878
382.020 12813
382.034 12635
382.047 12761
382.061 12761
382.074 12735
382.088 12634
382.101 12841
382.115 12826
382.128 12815
382.142 13374
382.156 13961
382.169 13975
382.183 13749
382.196 13666
382.210 13688
382.223 13828
382.237 13819
382.250 13766
382.264 14073
382.278 14159
382.291 14150
382.305 14515
382.318 14852
382.332 14677
382.345 14342
382.359 14258
382.372 14280
382.386 14553
382.399 14472
382.413 14636
382.427 14645
382.440 14809
382.454 14815
382.467 15000
382.481 15416
382.494 15671
382.508 15728
382.521 16002
382.535 15823
382.548 15862
382.562 15862
382.576 15847
382.589 16069
382.603 16192
382.616 16275
382.630 16356
382.643 16526
382.657 16777
382.670 16839
382.684 16706
382.697 16715
382.711 17047
382.724 17097
382.738 17241
382.752 17045
382.765 17449
382.779 17514
382.792 17744
382.806 17680
382.819 17817
382.833 18244
382.846 18249
382.860 18335
382.873 18566
382.887 18359
382.900 18689
382.914 18904
382.928 19000
382.941 19307
382.955 19393
382.968 19529
382.982 19782
382.995 19914
383.009 19799
383.022 20110
383.036 20189
383.049 20330
383.063 20458
383.076 20213
383.090 20438
383.103 20684
383.117 20729
383.130 20787
383.144 20968
383.158 21234
383.171 21267
383.185 21532
383.198 21701
383.212 22020
383.225 22244
383.239 22349
383.252 22505
383.266 22772
383.279 22802
383.293 22846
383.306 23047
383.320 23132
383.333 23825
383.347 23923
383.360 23746
383.374 23639
383.387 24064
383.401 24233
383.414 24008
383.428 23931
383.441 24073
383.455 23994
383.468 23912
383.482 24341
383.496 25013
383.509 25162
383.523 25002
383.536 25147
383.550 24911
383.563 25269
383.577 25194
383.590 25715
383.604 25623
383.617 25149
383.631 25030
383.644 24807
383.658 24973
383.671 24799
383.685 24870
383.698 25083
383.712 25265
383.725 25104
383.739 24850
383.752 24811
383.766 24871
383.779 24804
383.793 24988
383.806 25134
383.820 25679
383.833 25328
383.847 25638
383.860 25579
383.874 25565
383.887 24780
383.901 24878
383.914 25249
383.928 25159
383.941 25072
383.955 24376
383.968 24441
383.982 24589
383.995 24281
384.009 24313
384.022 24311
384.036 23996
384.049 24052
384.063 24080
384.076 24381
384.090 24561
384.103 24571
384.117 24668
384.130 24319
384.144 23407
384.157 23085
384.171 22676
384.184 22714
384.198 22409
384.211 22258
384.225 22036
384.238 22243
384.252 22222
384.265 22084
384.279 21507
384.292 21496
384.306 21370
384.319 20843
384.333 20349
384.346 19962
384.360 19575
384.373 19163
384.387 19030
384.400 18635
384.414 18192
384.427 17995
384.441 17493
384.454 17197
384.468 16829
384.481 16195
384.495 15995
384.508 15652
384.522 15094
384.535 14750
384.549 14477
384.562 14114
384.575 13781
384.589 13515
384.602 13314
384.616 12969
384.629 12785
384.643 12328
384.656 11854
384.670 11617
384.683 11216
384.697 10782
384.710 10487
384.724 10046
384.737 9880
384.751 9639
384.764 9300
384.778 9063
384.791 8916
384.805 8629
384.818 8432
384.832 8148
384.845 7864
384.859 7600
384.872 7464
384.885 7108
384.899 6964
384.912 6742
384.926 6499
384.939 6409
384.953 6334
384.966 6116
384.980 6034
384.993 5824
385.007 5688
385.020 5669
385.034 5498
385.047 5378
385.061 5215
385.074 5140
385.088 5072
385.101 4943
385.114 4890
385.128 4775
385.141 4658
385.155 4681
385.168 4730
385.182 4638
385.195 4537
385.209 4501
385.222 4454
385.236 4374
385.249 4252
385.263 4163
385.276 4081
385.290 3934
385.303 3943
385.316 3918
385.330 3924
385.343 3879
385.357 3829
385.370 3692
385.384 3679
385.397 3640
385.411 3533
385.424 3508
385.438 3485
385.451 3431
385.464 3524
385.478 3451
385.491 3469
385.505 3420
385.518 3433
385.532 3326
385.545 3270
385.559 3174
385.572 3200
385.586 3156
385.599 3207
385.612 3199
385.626 3159
385.639 3114
385.653 3120
385.666 3155
385.680 3107
385.693 3050
385.707 3089
385.720 2997
385.734 3014
385.747 3002
385.760 2913
385.774 2841
385.787 2907
385.801 2826
385.814 2721
385.828 2740
385.841 2751
385.855 2662
385.868 2723
385.881 2615
385.895 2667
385.908 2611
385.922 2613
385.935 2586
385.949 2594
385.962 2546
385.976 2523
385.989 2537
386.002 2536
386.016 2522
386.029 2556
386.043 2543
386.056 2479
386.070 2464
386.083 2431
386.097 2425
386.110 2430
386.123 2440
386.137 2361
386.150 2409
386.164 2422
386.177 2343
386.191 2375
386.204 2320
386.217 2320
386.231 2302
386.244 2297
386.258 2248
386.271 2331
386.285 2299
386.298 2294
386.311 2273
386.325 2223
386.338 2186
386.352 2184
386.365 2203
386.379 2138
386.392 2138
386.405 2153
386.419 2112
386.432 2164
386.446 2136
386.459 2127
386.473 2138
386.486 2097
386.499 2063
386.513 2091
386.526 2046
386.540 1998
386.553 1975
386.567 2049
386.580 2075
386.593 2119
386.607 2083
386.620 2069
386.634 2008
386.647 2059
386.661 1979
386.674 1957
386.687 1955
386.701 1979
386.714 1923
386.728 1938
386.741 1921
386.754 1951
386.768 1914
386.781 1911
386.795 1856
386.808 1854
386.822 1817
386.835 1862
386.848 1838
386.862 1811
386.875 1785
386.889 1822
386.902 1776
386.915 1776
386.929 1800
386.942 1743
386.956 1765
386.969 1745
386.983 1755
386.996 1732
387.009 1750
387.023 1706
387.036 1719
387.050 1686
387.063 1728
387.076 1727
387.090 1673
387.103 1716
387.117 1673
387.130 1662
387.143 1716
387.157 1698
387.170 1687
387.184 1641
387.197 1674
387.210 1643
387.224 1649
387.237 1635
387.251 1636
387.264 1596
387.278 1579
387.291 1625
387.304 1589
387.318 1558
387.331 1568
387.345 1573
387.358 1588
387.371 1538
387.385 1529
387.398 1530
387.412 1509
387.425 1474
387.438 1474
387.452 1458
387.465 1446
387.478 1434
387.492 1484
387.505 1429
387.519 1446
387.532 1468
387.545 1489
387.559 1455
387.572 1466
387.586 1430
387.599 1414
387.612 1439
387.626 1396
387.639 1432
387.653 1423
387.666 1377
387.679 1372
387.693 1364
387.706 1350
387.720 1333
387.733 1365
387.746 1356
387.760 1340
387.773 1341
387.787 1353
387.800 1340
387.813 1346
387.827 1314
387.840 1308
387.853 1283
387.867 1318
387.880 1310
387.894 1332
387.907 1303
387.920 1303
387.934 1289
387.947 1254
387.961 1276
387.974 1231
387.987 1270
388.001 1232
388.014 1221
388.027 1249
388.041 1227
388.054 1239
388.068 1219
388.081 1228
388.094 1218
388.108 1206
388.121 1209
388.134 1188
388.148 1183
388.161 1185
388.175 1152
388.188 1168
388.201 1168
388.215 1173
388.228 1155
388.241 1178
388.255 1179
388.268 1168
388.282 1175
388.295 1172
388.308 1180
388.322 1166
388.335 1154
388.348 1139
388.362 1148
388.375 1146
388.389 1129
388.402 1137
388.415 1123
388.429 1152
388.442 1164
388.455 1149
388.469 1179
388.482 1153
388.495 1150
388.509 1148
388.522 1153
388.536 1147
388.549 1135
388.562 1134
388.576 1096
388.589 1118
388.602 1116
388.616 1113
388.629 1115
388.642 1108
388.656 1117
388.669 1124
388.683 1113
388.696 1124
388.709 1138
388.723 1120
388.736 1110
388.749 1104
388.763 1112
388.776 1096
388.789 1110
388.803 1089
388.816 1040
388.829 1102
388.843 1104
388.856 1088
388.870 1099
388.883 1082
388.896 1090
388.910 1071
388.923 1099
388.936 1101
388.950 1095
388.963 1089
388.976 1085
388.990 1050
389.003 1081
389.016 1093
389.030 1098
389.043 1083
389.056 1083
389.070 1074
389.083 1092
389.097 1068
389.110 1085
389.123 1077
389.137 1078
389.150 1043
389.163 1038
389.177 1066
389.190 1068
389.203 1046
389.217 1049
389.230 1071
389.243 1030
389.257 1060
389.270 1037
389.283 1011
389.297 987
389.310 1043
389.323 1037
389.337 1024
389.350 1035
389.363 1043
389.377 1020
389.390 1035
389.403 1023
389.417 1042
389.430 1049
389.443 1027
389.457 1029
389.470 1039
389.483 1023
389.497 1042
389.510 1011
389.523 1004
389.537 1022
389.550 1029
389.563 1007
389.577 1001
389.590 1028
389.603 982
389.617 993
389.630 1007
389.643 997
389.657 1015
389.670 996
389.683 977
389.697 1000
389.710 985
389.723 979
389.737 1012
389.750 1002
389.763 1015
389.777 1004
389.790 962
389.803 995
389.817 993
389.830 990
389.843 963
389.857 952
389.870 952
389.883 949
389.897 959
389.910 968
389.923 950
389.937 950
389.950 961
389.963 957
389.977 964
389.990 954
390.003 927
390.017 940
390.030 913
390.043 941
390.057 923
390.070 925
390.083 915
390.096 933
390.110 892
390.123 925
390.136 898
390.150 903
390.163 898
390.176 899
390.190 916
390.203 900
390.216 894
390.230 898
390.243 889
390.256 887
390.270 862
390.283 874
390.296 876
390.310 883
390.323 864
390.336 862
390.349 859
390.363 876
390.376 888
390.389 858
390.403 862
390.416 840
390.429 843
390.443 870
390.456 837
390.469 858
390.483 856
390.496 828
390.509 852
390.522 829
390.536 830
390.549 828
390.562 826
390.576 821
390.589 821
390.602 820
390.616 819
390.629 821
390.642 817
390.655 814
390.669 814
390.682 796
390.695 798
390.709 796
390.722 789
390.735 783
390.749 821
390.762 805
390.775 795
390.788 801
390.802 770
390.815 801
390.828 798
390.842 782
390.855 775
390.868 776
390.882 767
390.895 786
390.908 767
390.921 759
390.935 778
390.948 768
390.961 761
390.975 759
390.988 772
391.001 753
391.014 753
391.028 766
391.041 754
391.054 752
391.068 770
391.081 751
391.094 756
391.107 761
391.121 747
391.134 744
391.147 743
391.161 751
391.174 739
391.187 736
391.200 738
391.214 728
391.227 737
391.240 736
391.254 733
391.267 727
391.280 737
391.293 722
391.307 733
391.320 720
391.333 737
391.347 731
391.360 725
391.373 730
391.386 732
391.400 713
391.413 730
391.426 725
391.440 737
391.453 732
391.466 713
391.479 719
391.493 718
391.506 727
391.519 733
391.532 724
391.546 724
391.559 707
391.572 727
391.586 709
391.599 710
391.612 713
391.625 717
391.639 708
391.652 716
391.665 713
391.678 709
391.692 717
391.705 714
391.718 723
391.732 710
391.745 710
391.758 702
391.771 714
391.785 700
391.798 710
391.811 702
391.824 710
391.838 715
391.851 713
391.864 709
391.877 698
391.891 706
391.904 705
391.917 712
391.931 696
391.944 708
391.957 711
391.970 702
391.984 707
391.997 701
392.010 706
392.023 711
392.037 695
392.050 688
392.063 697
392.076 707
392.090 683
392.103 709
392.116 705
392.129 695
392.143 693
392.156 692
392.169 691
392.182 694
392.196 693
392.209 690
392.222 696
392.235 694
392.249 691
392.262 686
392.275 692
392.288 695
392.302 696
392.315 698
392.328 699
392.341 702
392.355 693
392.368 696
392.381 691
392.394 688
392.408 696
392.421 707
392.434 702
392.447 695
392.461 696
392.474 699
392.487 709
392.500 695
392.514 688
392.527 688
392.540 679
392.553 682
392.567 693
392.580 700
392.593 698
392.606 691
392.620 696
392.633 695
392.646 682
392.659 690
392.673 683
392.686 697
392.699 689
392.712 674
392.726 687
392.739 674
392.752 686
392.765 682
392.778 698
392.792 688
392.805 688
392.818 681
392.831 693
392.845 690
392.858 694
392.871 700
392.884 682
392.898 694
392.911 681
392.924 685
392.937 685
392.951 687
392.964 688
392.977 704
392.990 681
393.003 678
393.017 674
393.030 681
393.043 689
393.056 665
393.070 681
393.083 686
393.096 683
393.109 680
393.122 681
393.136 675
393.149 689
393.162 684
393.175 687
393.189 681
393.202 679
393.215 680
393.228 678
393.242 687
393.255 675
393.268 675
393.281 684
393.294 670
393.308 683
393.321 682
393.334 664
393.347 671
393.360 679
393.374 670
393.387 675
393.400 679
393.413 675
393.427 678
393.440 665
393.453 682
393.466 672
393.479 675
393.493 670
393.506 665
393.519 690
393.532 678
393.546 665
393.559 667
393.572 675
393.585 661
393.598 682
393.612 672
393.625 666
393.638 671
393.651 672
393.664 669
393.678 666
393.691 680
393.704 676
393.717 660
393.730 672
393.744 675
393.757 670
393.770 678
393.783 669
393.796 667
393.810 668
393.823 672
393.836 675
393.849 664
393.863 674
393.876 672
393.889 661
393.902 659
393.915 672
393.929 656
