375.891 823
375.905 840
375.919 844
375.933 843
375.946 838
375.960 826
375.974 851
375.987 848
376.001 830
376.015 855
376.029 871
376.042 851
376.056 879
376.070 868
376.084 881
376.097 865
376.111 876
376.125 887
376.139 888
376.152 868
376.166 880
376.180 892
376.193 926
376.207 909
376.221 910
376.235 905
376.248 897
376.262 925
376.276 925
376.290 918
376.303 929
376.317 920
376.331 925
376.345 912
376.358 928
376.372 939
376.386 950
376.399 948
376.413 967
376.427 943
376.441 977
376.454 972
376.468 978
376.482 985
376.495 972
376.509 994
376.523 993
376.537 1004
376.550 1019
376.564 1003
376.578 1008
376.592 1001
376.605 1031
376.619 1026
376.633 1025
376.646 1011
376.660 1013
376.674 1029
376.688 1038
376.701 1029
376.715 1061
376.729 1059
376.742 1034
376.756 1054
376.770 1060
376.784 1066
376.797 1081
376.811 1103
376.825 1090
376.838 1125
376.852 1082
376.866 1113
376.880 1122
376.893 1125
376.907 1109
376.921 1123
376.934 1152
376.948 1152
376.962 1146
376.976 1139
376.989 1133
377.003 1181
377.017 1180
377.030 1212
377.044 1210
377.058 1206
377.071 1224
377.085 1183
377.099 1209
377.113 1204
377.126 1221
377.140 1226
377.154 1231
377.167 1222
377.181 1232
377.195 1237
377.208 1236
377.222 1252
377.236 1270
377.250 1227
377.263 1285
377.277 1293
377.291 1321
377.304 1292
377.318 1308
377.332 1319
377.345 1285
377.359 1301
377.373 1311
377.387 1305
377.400 1324
377.414 1309
377.428 1319
377.441 1366
377.455 1345
377.469 1383
377.482 1361
377.496 1376
377.510 1380
377.524 1397
377.537 1399
377.551 1400
377.565 1418
377.578 1403
377.592 1418
377.606 1402
377.619 1396
377.633 1412
377.647 1389
377.660 1426
377.674 1437
377.688 1415
377.701 1429
377.715 1462
377.729 1435
377.743 1449
377.756 1419
377.770 1466
377.784 1457
377.797 1440
377.811 1466
377.825 1458
377.838 1424
377.852 1486
377.866 1514
377.879 1506
377.893 1481
377.907 1520
377.920 1526
377.934 1527
377.948 1501
377.961 1506
377.975 1526
377.989 1508
378.002 1563
378.016 1519
378.030 1504
378.044 1577
378.057 1561
378.071 1526
378.085 1580
378.098 1559
378.112 1530
378.126 1559
378.139 1534
378.153 1568
378.167 1516
378.180 1553
378.194 1578
378.208 1566
378.221 1559
378.235 1544
378.249 1594
378.262 1592
378.276 1615
378.290 1591
378.303 1576
378.317 1602
378.331 1584
378.344 1612
378.358 1608
378.372 1612
378.385 1595
378.399 1614
378.413 1622
378.426 1591
378.440 1663
378.454 1665
378.467 1627
378.481 1652
378.495 1632
378.508 1673
378.522 1668
378.536 1620
378.549 1602
378.563 1663
378.577 1671
378.590 1690
378.604 1708
378.618 1714
378.631 1729
378.645 1694
378.659 1712
378.672 1700
378.686 1740
378.700 1780
378.713 1812
378.727 1810
378.740 1800
378.754 1776
378.768 1796
378.781 1796
378.795 1813
378.809 1794
378.822 1826
378.836 1840
378.850 1766
378.863 1745
378.877 1803
378.891 1787
378.904 1812
378.918 1823
378.932 1806
378.945 1766
378.959 1795
378.973 1796
378.986 1843
379.000 1842
379.014 1850
379.027 1861
379.041 1870
379.054 1839
379.068 1863
379.082 1843
379.095 1870
379.109 1883
379.123 1897
379.136 1900
379.150 1883
379.164 1936
379.177 1969
379.191 1924
379.205 1879
379.218 1942
379.232 1976
379.245 1996
379.259 1962
379.273 1970
379.286 2008
379.300 2027
379.314 1980
379.327 2002
379.341 2025
379.355 2084
379.368 2062
379.382 2065
379.396 2082
379.409 2137
379.423 2098
379.436 2120
379.450 2125
379.464 2150
379.477 2135
379.491 2187
379.505 2155
379.518 2201
379.532 2228
379.546 2280
379.559 2310
379.573 2263
379.586 2231
379.600 2326
379.614 2350
379.627 2443
379.641 2395
379.655 2422
379.668 2405
379.682 2397
379.695 2440
379.709 2421
379.723 2490
379.736 2559
379.750 2589
379.764 2644
379.777 2660
379.791 2737
379.804 2703
379.818 2805
379.832 2693
379.845 2626
379.859 2698
379.873 2726
379.886 2766
379.900 2794
379.913 2866
379.927 2863
379.941 2962
379.954 2953
379.968 3008
379.982 2996
379.995 3019
380.009 3011
380.022 3114
380.036 3105
380.050 3126
380.063 3193
380.077 3367
380.090 3457
380.104 3471
380.118 3451
380.131 3543
380.145 3583
380.159 3536
380.172 3607
380.186 3695
380.199 3791
380.213 3805
380.227 3938
380.240 3916
380.254 3895
380.267 3850
380.281 3935
380.295 3958
380.308 4054
380.322 4108
380.336 4179
380.349 4288
380.363 4252
380.376 4318
380.390 4388
380.404 4503
380.417 4524
380.431 4556
380.444 4606
380.458 4636
380.472 4817
380.485 4829
380.499 4895
380.512 4882
380.526 4927
380.540 5091
380.553 5077
380.567 5189
380.580 5208
380.594 5364
380.608 5426
380.621 5615
380.635 5664
380.648 5675
380.662 5742
380.676 5840
380.689 5860
380.703 5933
380.716 6019
380.730 6153
380.744 6148
380.757 6275
380.771 6422
380.784 6503
380.798 6620
380.812 6617
380.825 6780
380.839 6875
380.852 7023
380.866 7202
380.880 7219
380.893 7150
380.907 7213
380.920 7356
380.934 7461
380.948 7429
380.961 7571
380.975 7612
380.988 7680
381.002 7721
381.015 7696
381.029 7806
381.043 7962
381.056 8069
381.070 8084
381.083 8124
381.097 8160
381.111 8305
381.124 8498
381.138 8523
381.151 8603
381.165 8656
381.179 8802
381.192 8826
381.206 8754
381.219 8852
381.233 8874
381.246 8938
381.260 9137
381.274 9209
381.287 9231
381.301 9253
381.314 9370
381.328 9439
381.341 9500
381.355 9492
381.369 9708
381.382 9740
381.396 9895
381.409 9954
381.423 10101
381.437 10168
381.450 10206
381.464 10242
381.477 10406
381.491 10756
381.504 10651
381.518 10731
381.532 10790
381.545 10957
381.559 11357
381.572 11279
381.586 11229
381.599 11302
381.613 11417
381.627 11500
381.640 11611
381.654 11702
381.667 11704
381.681 11743
381.694 11822
381.708 11634
381.722 11378
381.735 11469
381.749 11662
381.762 11705
381.776 11773
381.789 11856
381.803 11832
381.817 11821
381.830 11906
381.844 11915
381.857 12227
381.871 12229
381.884 12313
381.898 12352
381.911 12490
381.925 12400
381.939 12701
381.952 12807
381.966 12667
381.979 12789
381.993 13121
382.006 13211
382.020 13250
382.034 13481
382.047 13398
382.061 13508
382.074 13280
382.088 13466
382.101 13310
382.115 13497
382.128 13522
382.142 13918
382.156 14420
382.169 14424
382.183 14452
382.196 14341
382.210 14479
382.223 14387
382.237 14622
382.250 14541
382.264 14667
382.278 14696
382.291 14769
382.305 15100
382.318 15516
382.332 15503
382.345 14987
382.359 14810
382.372 15143
382.386 15112
382.399 15174
382.413 15267
382.427 15381
382.440 15362
382.454 15686
382.467 15753
382.481 16044
382.494 16472
382.508 16804
382.521 16735
382.535 16690
382.548 16813
382.562 16812
382.576 16948
382.589 16983
382.603 16996
382.616 17028
382.630 17269
382.643 17415
382.657 17509
382.670 18006
382.684 17936
382.697 17639
382.711 17801
382.724 17972
382.738 18019
382.752 18134
382.765 18420
382.779 18509
382.792 18698
382.806 18902
382.819 18892
382.833 18900
382.846 19168
382.860 19320
382.873 19357
382.887 19576
382.900 19803
382.914 19914
382.928 20062
382.941 20368
382.955 20492
382.968 20503
382.982 20912
382.995 20902
383.009 20971
383.022 21243
383.036 21322
383.049 21485
383.063 21483
383.076 21584
383.090 21846
383.103 21945
383.117 21970
383.130 22110
383.144 22221
383.158 22187
383.171 22490
383.185 22689
383.198 22966
383.212 23228
383.225 23577
383.239 23857
383.252 24361
383.266 24068
383.279 24428
383.293 24465
383.306 24356
383.320 24633
383.333 25332
383.347 25666
383.360 25358
383.374 25240
383.387 25293
383.401 25837
383.414 25606
383.428 25582
383.441 25597
383.455 25740
383.468 25698
383.482 25928
383.496 26590
383.509 26687
383.523 26576
383.536 26628
383.550 26687
383.563 26867
383.577 27036
383.590 27129
383.604 27294
383.617 26909
383.631 26748
383.644 26670
383.658 26584
383.671 26671
383.685 26852
383.698 27042
383.712 27362
383.725 27296
383.739 27104
383.752 26940
383.766 26768
383.779 27065
383.793 26920
383.806 27179
383.820 27457
383.833 27496
383.847 27438
383.860 27523
383.874 27581
383.887 26829
383.901 26931
383.914 27204
383.928 27163
383.941 27066
383.955 26666
383.968 26480
383.982 26631
383.995 26313
384.009 26317
384.022 26530
384.036 26373
384.049 26053
384.063 26464
384.076 26594
384.090 26857
384.103 27057
384.117 26882
384.130 26359
384.144 25527
384.157 25288
384.171 25066
384.184 24703
384.198 24686
384.211 24309
384.225 24320
384.238 24473
384.252 24321
384.265 23980
384.279 23569
384.292 23513
384.306 22979
384.319 22595
384.333 22119
384.346 21592
384.360 21115
384.373 20892
384.387 20521
384.400 20070
384.414 19701
384.427 19465
384.441 18878
384.454 18663
384.468 18201
384.481 17601
384.495 17333
384.508 16837
384.522 16353
384.535 15990
384.549 15568
384.562 15217
384.575 14769
384.589 14414
384.602 14371
384.616 14009
384.629 13685
384.643 13248
384.656 12948
384.670 12418
384.683 11854
384.697 11538
384.710 11178
384.724 10803
384.737 10373
384.751 10230
384.764 9870
384.778 9633
384.791 9318
384.805 9101
384.818 8768
384.832 8586
384.845 8301
384.859 8047
384.872 7781
384.885 7527
384.899 7360
384.912 7126
384.926 6859
384.939 6759
384.953 6656
384.966 6483
384.980 6258
384.993 6062
385.007 6055
385.020 5924
385.034 5706
385.047 5625
385.061 5449
385.074 5369
385.088 5287
385.101 5152
385.114 5107
385.128 5018
385.141 4902
385.155 4773
385.168 4838
385.182 4790
385.195 4729
385.209 4687
385.222 4510
385.236 4382
385.249 4353
385.263 4290
385.276 4204
385.290 4142
385.303 4094
385.316 4063
385.330 4010
385.343 3973
385.357 3892
385.370 3845
385.384 3781
385.397 3770
385.411 3745
385.424 3667
385.438 3617
385.451 3554
385.464 3588
385.478 3576
385.491 3461
385.505 3454
385.518 3455
385.532 3476
385.545 3318
385.559 3234
385.572 3196
385.586 3278
385.599 3261
385.612 3288
385.626 3203
385.639 3198
385.653 3181
385.666 3217
385.680 3145
385.693 3148
385.707 3112
385.720 3082
385.734 3012
385.747 3020
385.760 2997
385.774 2954
385.787 2971
385.801 2888
385.814 2802
385.828 2782
385.841 2825
385.855 2791
385.868 2726
385.881 2782
385.895 2754
385.908 2700
385.922 2645
385.935 2663
385.949 2615
385.962 2607
385.976 2584
385.989 2598
386.002 2591
386.016 2636
386.029 2584
386.043 2585
386.056 2550
386.070 2480
386.083 2509
386.097 2509
386.110 2463
386.123 2448
386.137 2479
386.150 2423
386.164 2426
386.177 2438
386.191 2405
386.204 2366
386.217 2385
386.231 2355
386.244 2312
386.258 2367
386.271 2351
386.285 2362
386.298 2313
386.311 2269
386.325 2274
386.338 2251
386.352 2217
386.365 2259
386.379 2233
386.392 2204
386.405 2163
386.419 2156
386.432 2158
386.446 2191
386.459 2203
386.473 2164
386.486 2160
386.499 2129
386.513 2080
386.526 2071
386.540 2047
386.553 2068
386.567 2089
386.580 2063
386.593 2118
386.607 2101
386.620 2094
386.634 2107
386.647 2068
386.661 2018
386.674 2025
386.687 1982
386.701 1996
386.714 1972
386.728 1960
386.741 1956
386.754 1997
386.768 1944
386.781 1956
386.795 1927
386.808 1906
386.822 1882
386.835 1944
386.848 1861
386.862 1857
386.875 1831
386.889 1849
386.902 1838
386.915 1812
386.929 1810
386.942 1754
386.956 1781
386.969 1765
386.983 1748
386.996 1763
387.009 1732
387.023 1738
387.036 1768
387.050 1749
387.063 1761
387.076 1741
387.090 1725
387.103 1724
387.117 1732
387.130 1716
387.143 1698
387.157 1670
387.170 1723
387.184 1698
387.197 1686
387.210 1689
387.224 1684
387.237 1643
387.251 1638
387.264 1618
387.278 1617
387.291 1610
387.304 1612
387.318 1614
387.331 1575
387.345 1593
387.358 1579
387.371 1573
387.385 1530
387.398 1532
387.412 1524
387.425 1546
387.438 1504
387.452 1477
387.465 1440
387.478 1492
387.492 1475
387.505 1458
387.519 1447
387.532 1500
387.545 1496
387.559 1466
387.572 1457
387.586 1467
387.599 1463
387.612 1414
387.626 1442
387.639 1453
387.653 1430
387.666 1374
387.679 1357
387.693 1352
387.706 1350
387.720 1350
387.733 1388
387.746 1385
387.760 1383
387.773 1365
387.787 1364
387.800 1333
387.813 1302
387.827 1318
387.840 1298
387.853 1290
387.867 1326
387.880 1323
387.894 1308
387.907 1318
387.920 1302
387.934 1304
387.947 1324
387.961 1276
387.974 1279
387.987 1282
388.001 1270
388.014 1250
388.027 1218
388.041 1243
388.054 1209
388.068 1218
388.081 1206
388.094 1202
388.108 1236
388.121 1227
388.134 1173
388.148 1178
388.161 1180
388.175 1180
388.188 1159
388.201 1170
388.215 1184
388.228 1175
388.241 1162
388.255 1170
388.268 1191
388.282 1157
388.295 1154
388.308 1140
388.322 1160
388.335 1132
388.348 1152
388.362 1141
388.375 1156
388.389 1166
388.402 1159
388.415 1153
388.429 1150
388.442 1182
388.455 1152
388.469 1143
388.482 1163
388.495 1173
388.509 1146
388.522 1166
388.536 1157
388.549 1145
388.562 1133
388.576 1147
388.589 1155
388.602 1130
388.616 1118
388.629 1114
388.642 1144
388.656 1109
388.669 1135
388.683 1147
388.696 1128
388.709 1144
388.723 1142
388.736 1143
388.749 1106
388.763 1116
388.776 1106
388.789 1116
388.803 1102
388.816 1096
388.829 1098
388.843 1102
388.856 1104
388.870 1095
388.883 1091
388.896 1094
388.910 1088
388.923 1076
388.936 1121
388.950 1106
388.963 1107
388.976 1107
388.990 1079
389.003 1103
389.016 1082
389.030 1094
389.043 1090
389.056 1096
389.070 1052
389.083 1072
389.097 1091
389.110 1069
389.123 1082
389.137 1064
389.150 1070
389.163 1075
389.177 1088
389.190 1060
389.203 1055
389.217 1070
389.230 1070
389.243 1065
389.257 1064
389.270 1035
389.283 1043
389.297 1052
389.310 1042
389.323 1048
389.337 1046
389.350 1025
389.363 1042
389.377 1036
389.390 1019
389.403 1028
389.417 1054
389.430 1032
389.443 1036
389.457 1044
389.470 1028
389.483 1016
389.497 1034
389.510 1044
389.523 1047
389.537 1042
389.550 1009
389.563 1014
389.577 997
389.590 1022
389.603 1028
389.617 993
389.630 1013
389.643 986
389.657 994
389.670 1014
389.683 1006
389.697 1005
389.710 1014
389.723 981
389.737 1002
389.750 995
389.763 990
389.777 1000
389.790 966
389.803 994
389.817 997
389.830 996
389.843 958
389.857 977
389.870 962
389.883 952
389.897 951
389.910 955
389.923 981
389.937 957
389.950 964
389.963 959
389.977 942
389.990 958
390.003 942
390.017 966
390.030 944
390.043 931
390.057 936
390.070 947
390.083 917
390.096 935
390.110 948
390.123 933
390.136 922
390.150 900
390.163 926
390.176 896
390.190 910
390.203 893
390.216 908
390.230 901
390.243 896
390.256 877
390.270 899
390.283 892
390.296 882
390.310 874
390.323 878
390.336 884
390.349 879
390.363 865
390.376 866
390.389 872
390.403 864
390.416 869
390.429 837
390.443 863
390.456 883
390.469 850
390.483 854
390.496 846
390.509 857
390.522 843
390.536 852
390.549 835
390.562 841
390.576 832
390.589 845
390.602 825
390.616 812
390.629 811
390.642 804
390.655 816
390.669 816
390.682 795
390.695 814
390.709 813
390.722 824
390.735 791
390.749 792
390.762 806
390.775 776
390.788 793
390.802 795
390.815 791
390.828 796
390.842 767
390.855 771
390.868 784
390.882 778
390.895 780
390.908 787
390.921 785
390.935 770
390.948 768
390.961 766
390.975 769
390.988 776
391.001 774
391.014 782
391.028 750
391.041 756
391.054 753
391.068 751
391.081 765
391.094 764
391.107 769
391.121 754
391.134 752
391.147 746
391.161 758
391.174 742
391.187 736
391.200 743
391.214 739
391.227 750
391.240 742
391.254 739
391.267 746
391.280 735
391.293 727
391.307 746
391.320 742
391.333 729
391.347 727
391.360 723
391.373 741
391.386 723
391.400 726
391.413 730
391.426 748
391.440 745
391.453 717
391.466 721
391.479 719
391.493 722
391.506 731
391.519 726
391.532 735
391.546 727
391.559 712
391.572 725
391.586 704
391.599 718
391.612 714
391.625 729
391.639 708
391.652 713
391.665 721
391.678 715
391.692 723
391.705 726
391.718 718
391.732 719
391.745 721
391.758 708
391.771 707
391.785 720
391.798 712
391.811 699
391.824 723
391.838 710
391.851 689
391.864 714
391.877 706
391.891 706
391.904 710
391.917 703
391.931 713
391.944 707
391.957 719
391.970 700
391.984 700
391.997 703
392.010 719
392.023 681
392.037 701
392.050 703
392.063 700
392.076 716
392.090 698
392.103 714
392.116 696
392.129 715
392.143 709
392.156 695
392.169 696
392.182 705
392.196 702
392.209 697
392.222 698
392.235 695
392.249 702
392.262 697
392.275 692
392.288 697
392.302 704
392.315 688
392.328 704
392.341 697
392.355 692
392.368 691
392.381 697
392.394 709
392.408 694
392.421 698
392.434 695
392.447 706
392.461 697
392.474 702
392.487 699
392.500 696
392.514 701
392.527 690
392.540 700
392.553 695
392.567 702
392.580 694
392.593 690
392.606 690
392.620 690
392.633 697
392.646 694
392.659 695
392.673 696
392.686 700
392.699 688
392.712 681
392.726 684
392.739 690
392.752 674
392.765 691
392.778 688
392.792 672
392.805 694
392.818 691
392.831 693
392.845 687
392.858 691
392.871 678
392.884 682
392.898 689
392.911 683
392.924 673
392.937 694
392.951 688
392.964 685
392.977 686
392.990 684
393.003 680
393.017 686
393.030 685
393.043 690
393.056 684
393.070 698
393.083 677
393.096 683
393.109 693
393.122 687
393.136 678
393.149 692
393.162 687
393.175 669
393.189 688
393.202 692
393.215 680
393.228 684
393.242 677
393.255 688
393.268 671
393.281 677
393.294 678
393.308 678
393.321 682
393.334 677
393.347 669
393.360 663
393.374 676
393.387 673
393.400 677
393.413 670
393.427 673
393.440 680
393.453 672
393.466 667
393.479 679
393.493 660
393.506 690
393.519 676
393.532 667
393.546 674
393.559 669
393.572 675
393.585 668
393.598 674
393.612 666
393.625 683
393.638 672
393.651 665
393.664 681
393.678 662
393.691 675
393.704 676
393.717 680
393.730 672
393.744 674
393.757 677
393.770 662
393.783 672
393.796 674
393.810 659
393.823 659
393.836 681
393.849 673
393.863 667
393.876 667
393.889 675
393.902 671
393.915 668
393.929 681
