375.891 801
375.905 821
375.919 816
375.933 831
375.946 811
375.960 818
375.974 826
375.987 835
376.001 830
376.015 821
376.029 845
376.042 833
376.056 857
376.070 837
376.084 823
376.097 850
376.111 841
376.125 860
376.139 864
376.152 873
376.166 869
376.180 863
376.193 859
376.207 877
376.221 864
376.235 860
376.248 891
376.262 876
376.276 892
376.290 893
376.303 896
376.317 889
376.331 894
376.345 911
376.358 913
376.372 893
376.386 922
376.399 917
376.413 930
376.427 939
376.441 935
376.454 915
376.468 932
376.482 921
376.495 918
376.509 927
376.523 962
376.537 973
376.550 951
376.564 976
376.578 975
376.592 980
376.605 982
376.619 985
376.633 953
376.646 995
376.660 946
376.674 988
376.688 994
376.701 982
376.715 1001
376.729 995
376.742 1005
376.756 992
376.770 1044
376.784 1030
376.797 1008
376.811 1028
376.825 1060
376.838 1031
376.852 1077
376.866 1068
376.880 1047
376.893 1067
376.907 1065
376.921 1051
376.934 1070
376.948 1087
376.962 1112
376.976 1116
376.989 1110
377.003 1091
377.017 1115
377.030 1128
377.044 1127
377.058 1154
377.071 1159
377.085 1114
377.099 1137
377.113 1143
377.126 1122
377.140 1151
377.154 1128
377.167 1215
377.181 1182
377.195 1147
377.208 1154
377.222 1216
377.236 1161
377.250 1215
377.263 1210
377.277 1204
377.291 1191
377.304 1250
377.318 1259
377.332 1231
377.345 1237
377.359 1215
377.373 1225
377.387 1218
377.400 1282
377.414 1245
377.428 1236
377.441 1261
377.455 1258
377.469 1264
377.482 1238
377.496 1281
377.510 1264
377.524 1275
377.537 1333
377.551 1307
377.565 1305
377.578 1286
377.592 1305
377.606 1275
377.619 1324
377.633 1301
377.647 1300
377.660 1306
377.674 1340
377.688 1342
377.701 1333
377.715 1348
377.729 1336
377.743 1376
377.756 1386
377.770 1340
377.784 1387
377.797 1355
377.811 1363
377.825 1330
377.838 1383
377.852 1378
377.866 1372
377.879 1373
377.893 1361
377.907 1412
377.920 1397
377.934 1399
377.948 1391
377.961 1369
377.975 1384
377.989 1420
378.002 1433
378.016 1383
378.030 1439
378.044 1392
378.057 1416
378.071 1410
378.085 1425
378.098 1466
378.112 1413
378.126 1399
378.139 1412
378.153 1472
378.167 1464
378.180 1397
378.194 1463
378.208 1464
378.221 1463
378.235 1474
378.249 1513
378.262 1461
378.276 1464
378.290 1520
378.303 1453
378.317 1486
378.331 1479
378.344 1501
378.358 1501
378.372 1493
378.385 1464
378.399 1515
378.413 1515
378.426 1535
378.440 1547
378.454 1534
378.467 1534
378.481 1540
378.495 1547
378.508 1535
378.522 1543
378.536 1541
378.549 1506
378.563 1552
378.577 1528
378.590 1537
378.604 1547
378.618 1531
378.631 1591
378.645 1571
378.659 1560
378.672 1551
378.686 1615
378.700 1631
378.713 1662
378.727 1661
378.740 1676
378.754 1632
378.768 1638
378.781 1676
378.795 1662
378.809 1678
378.822 1662
378.836 1659
378.850 1622
378.863 1678
378.877 1641
378.891 1653
378.904 1669
378.918 1669
378.932 1721
378.945 1661
378.959 1671
378.973 1734
378.986 1726
379.000 1697
379.014 1680
379.027 1672
379.041 1763
379.054 1698
379.068 1727
379.082 1735
379.095 1739
379.109 1726
379.123 1717
379.136 1773
379.150 1744
379.164 1785
379.177 1767
379.191 1718
379.205 1799
379.218 1832
379.232 1813
379.245 1801
379.259 1858
379.273 1824
379.286 1831
379.300 1854
379.314 1879
379.327 1866
379.341 1855
379.355 1925
379.368 1902
379.382 1902
379.396 1918
379.409 1956
379.423 1927
379.436 1962
379.450 1990
379.464 1988
379.477 2034
379.491 2046
379.505 2007
379.518 2039
379.532 2096
379.546 2091
379.559 2097
379.573 2084
379.586 2148
379.600 2141
379.614 2136
379.627 2204
379.641 2208
379.655 2198
379.668 2146
379.682 2215
379.695 2241
379.709 2229
379.723 2267
379.736 2335
379.750 2423
379.764 2492
379.777 2450
379.791 2485
379.804 2496
379.818 2540
379.832 2516
379.845 2441
379.859 2490
379.873 2472
379.886 2593
379.900 2543
379.913 2654
379.927 2649
379.941 2681
379.954 2719
379.968 2701
379.982 2731
379.995 2777
380.009 2752
380.022 2864
380.036 2881
380.050 2883
380.063 2974
380.077 3149
380.090 3195
380.104 3112
380.118 3150
380.131 3313
380.145 3203
380.159 3320
380.172 3387
380.186 3425
380.199 3429
380.213 3495
380.227 3600
380.240 3606
380.254 3508
380.267 3598
380.281 3627
380.295 3696
380.308 3627
380.322 3701
380.336 3810
380.349 3883
380.363 3983
380.376 3951
380.390 4048
380.404 4078
380.417 4066
380.431 4145
380.444 4221
380.458 4287
380.472 4338
380.485 4378
380.499 4471
380.512 4486
380.526 4532
380.540 4580
380.553 4620
380.567 4725
380.580 4685
380.594 4857
380.608 5007
380.621 5204
380.635 5174
380.648 5292
380.662 5185
380.676 5318
380.689 5352
380.703 5480
380.716 5522
380.730 5517
380.744 5780
380.757 5862
380.771 5935
380.784 6045
380.798 6012
380.812 6053
380.825 6147
380.839 6221
380.852 6341
380.866 6562
380.880 6625
380.893 6566
380.907 6513
380.920 6642
380.934 6689
380.948 6873
380.961 6917
380.975 6935
380.988 7070
381.002 6908
381.015 7002
381.029 7129
381.043 7397
381.056 7346
381.070 7326
381.083 7442
381.097 7459
381.111 7644
381.124 7683
381.138 7865
381.151 7766
381.165 7985
381.179 7844
381.192 7970
381.206 8015
381.219 8040
381.233 8157
381.246 8158
381.260 8181
381.274 8387
381.287 8382
381.301 8427
381.314 8594
381.328 8675
381.341 8646
381.355 8780
381.369 8908
381.382 8937
381.396 9015
381.409 9152
381.423 9218
381.437 9208
381.450 9290
381.464 9492
381.477 9688
381.491 9736
381.504 9828
381.518 9747
381.532 9866
381.545 10131
381.559 10301
381.572 10380
381.586 10484
381.599 10495
381.613 10563
381.627 10564
381.640 10656
381.654 10689
381.667 10741
381.681 10820
381.694 10874
381.708 10658
381.722 10562
381.735 10497
381.749 10716
381.762 10759
381.776 10779
381.789 10940
381.803 10973
381.817 11034
381.830 11082
381.844 11102
381.857 11320
381.871 11350
381.884 11491
381.898 11415
381.911 11394
381.925 11593
381.939 11500
381.952 11770
381.966 11663
381.979 11909
381.993 12141
382.006 12297
382.020 12487
382.034 12414
382.047 12378
382.061 12344
382.074 12427
382.088 12367
382.101 12448
382.115 12443
382.128 12473
382.142 12986
382.156 13328
382.169 13358
382.183 13346
382.196 13360
382.210 13454
382.223 13202
382.237 13364
382.250 13390
382.264 13708
382.278 13627
382.291 13922
382.305 14106
382.318 14387
382.332 14233
382.345 13952
382.359 13808
382.372 13928
382.386 13968
382.399 14032
382.413 14162
382.427 14320
382.440 14260
382.454 14463
382.467 14537
382.481 14918
382.494 15172
382.508 15288
382.521 15358
382.535 15305
382.548 15249
382.562 15333
382.576 15456
382.589 15443
382.603 15505
382.616 15771
382.630 15863
382.643 15919
382.657 16161
382.670 16246
382.684 16300
382.697 16237
382.711 16261
382.724 16368
382.738 16703
382.752 16723
382.765 16887
382.779 16970
382.792 17004
382.806 17285
382.819 17419
382.833 17415
382.846 17678
382.860 17581
382.873 17759
382.887 17914
382.900 17989
382.914 18270
382.928 18355
382.941 18623
382.955 18811
382.968 18780
382.982 19150
382.995 19358
383.009 19053
383.022 19419
383.036 19456
383.049 19700
383.063 19636
383.076 19703
383.090 19855
383.103 19922
383.117 20037
383.130 19883
383.144 20269
383.158 20578
383.171 20699
383.185 20799
383.198 20937
383.212 21177
383.225 21385
383.239 21616
383.252 21835
383.266 21991
383.279 21902
383.293 22101
383.306 22210
383.320 22426
383.333 22947
383.347 23300
383.360 23022
383.374 23008
383.387 22997
383.401 23226
383.414 23252
383.428 23014
383.441 23105
383.455 23115
383.468 23187
383.482 23486
383.496 24236
383.509 24088
383.523 24038
383.536 24000
383.550 24078
383.563 24357
383.577 24578
383.590 24838
383.604 24852
383.617 24491
383.631 24298
383.644 23959
383.658 23890
383.671 23987
383.685 24203
383.698 24349
383.712 24199
383.725 24444
383.739 24299
383.752 24188
383.766 24097
383.779 24071
383.793 24056
383.806 24147
383.820 24820
383.833 24593
383.847 24570
383.860 24804
383.874 24765
383.887 23898
383.901 24004
383.914 24341
383.928 24390
383.941 24533
383.955 23857
383.968 23786
383.982 23572
383.995 23516
384.009 23336
384.022 23462
384.036 23360
384.049 23403
384.063 23150
384.076 23656
384.090 23598
384.103 23809
384.117 24020
384.130 23519
384.144 22655
384.157 22341
384.171 21954
384.184 22056
384.198 21856
384.211 21539
384.225 21474
384.238 21462
384.252 21487
384.265 21362
384.279 20937
384.292 20677
384.306 20629
384.319 20048
384.333 19623
384.346 19242
384.360 19047
384.373 18523
384.387 18255
384.400 17749
384.414 17799
384.427 17234
384.441 16911
384.454 16498
384.468 15927
384.481 15826
384.495 15387
384.508 15139
384.522 14542
384.535 14021
384.549 13876
384.562 13546
384.575 13070
384.589 12955
384.602 12783
384.616 12658
384.629 12288
384.643 11815
384.656 11427
384.670 10900
384.683 10731
384.697 10237
384.710 9937
384.724 9621
384.737 9344
384.751 9067
384.764 8792
384.778 8582
384.791 8474
384.805 8229
384.818 7910
384.832 7688
384.845 7468
384.859 7249
384.872 7055
384.885 6754
384.899 6569
384.912 6332
384.926 6243
384.939 6075
384.953 5905
384.966 5804
384.980 5724
384.993 5613
385.007 5465
385.020 5420
385.034 5179
385.047 5190
385.061 5010
385.074 4981
385.088 4867
385.101 4772
385.114 4739
385.128 4654
385.141 4535
385.155 4540
385.168 4538
385.182 4445
385.195 4468
385.209 4316
385.222 4259
385.236 4197
385.249 4082
385.263 4072
385.276 3992
385.290 3900
385.303 3848
385.316 3765
385.330 3783
385.343 3763
385.357 3652
385.370 3598
385.384 3546
385.397 3526
385.411 3506
385.424 3360
385.438 3408
385.451 3362
385.464 3307
385.478 3326
385.491 3248
385.505 3284
385.518 3239
385.532 3275
385.545 3076
385.559 3100
385.572 3046
385.586 3100
385.599 3098
385.612 3082
385.626 3083
385.639 2996
385.653 3008
385.666 3026
385.680 2949
385.693 2879
385.707 2935
385.720 2915
385.734 2909
385.747 2891
385.760 2804
385.774 2820
385.787 2771
385.801 2718
385.814 2655
385.828 2678
385.841 2662
385.855 2622
385.868 2643
385.881 2571
385.895 2632
385.908 2534
385.922 2537
385.935 2491
385.949 2491
385.962 2496
385.976 2486
385.989 2522
386.002 2560
386.016 2483
386.029 2491
386.043 2434
386.056 2495
386.070 2341
386.083 2355
386.097 2373
386.110 2362
386.123 2405
386.137 2382
386.150 2387
386.164 2294
386.177 2319
386.191 2298
386.204 2266
386.217 2278
386.231 2198
386.244 2251
386.258 2222
386.271 2249
386.285 2244
386.298 2174
386.311 2192
386.325 2204
386.338 2145
386.352 2128
386.365 2151
386.379 2146
386.392 2111
386.405 2083
386.419 2090
386.432 2102
386.446 2044
386.459 2075
386.473 2086
386.486 2084
386.499 1995
386.513 2025
386.526 1945
386.540 1976
386.553 1989
386.567 1970
386.580 1978
386.593 2037
386.607 2035
386.620 1975
386.634 1982
386.647 1960
386.661 1985
386.674 1934
386.687 1892
386.701 1891
386.714 1896
386.728 1906
386.741 1909
386.754 1845
386.768 1870
386.781 1890
386.795 1841
386.808 1835
386.822 1809
386.835 1804
386.848 1776
386.862 1747
386.875 1765
386.889 1744
386.902 1772
386.915 1751
386.929 1754
386.942 1718
386.956 1742
386.969 1698
386.983 1724
386.996 1713
387.009 1676
387.023 1704
387.036 1689
387.050 1669
387.063 1655
387.076 1673
387.090 1667
387.103 1629
387.117 1686
387.130 1641
387.143 1650
387.157 1647
387.170 1657
387.184 1606
387.197 1610
387.210 1628
387.224 1596
387.237 1571
387.251 1586
387.264 1534
387.278 1563
387.291 1562
387.304 1550
387.318 1536
387.331 1526
387.345 1524
387.358 1514
387.371 1513
387.385 1493
387.398 1462
387.412 1466
387.425 1461
387.438 1427
387.452 1425
387.465 1440
387.478 1424
387.492 1412
387.505 1427
387.519 1409
387.532 1442
387.545 1408
387.559 1472
387.572 1408
387.586 1400
387.599 1385
387.612 1395
387.626 1385
387.639 1380
387.653 1401
387.666 1323
387.679 1299
387.693 1327
387.706 1307
387.720 1330
387.733 1321
387.746 1335
387.760 1326
387.773 1279
387.787 1310
387.800 1305
387.813 1286
387.827 1292
387.840 1276
387.853 1248
387.867 1261
387.880 1291
387.894 1306
387.907 1259
387.920 1260
387.934 1234
387.947 1283
387.961 1229
387.974 1242
387.987 1237
388.001 1231
388.014 1241
388.027 1253
388.041 1225
388.054 1214
388.068 1212
388.081 1207
388.094 1206
388.108 1192
388.121 1183
388.134 1200
388.148 1179
388.161 1190
388.175 1138
388.188 1138
388.201 1169
388.215 1181
388.228 1135
388.241 1120
388.255 1136
388.268 1161
388.282 1133
388.295 1138
388.308 1158
388.322 1132
388.335 1156
388.348 1113
388.362 1123
388.375 1116
388.389 1138
388.402 1119
388.415 1117
388.429 1145
388.442 1139
388.455 1141
388.469 1123
388.482 1141
388.495 1126
388.509 1148
388.522 1148
388.536 1124
388.549 1109
388.562 1095
388.576 1087
388.589 1106
388.602 1126
388.616 1103
388.629 1074
388.642 1097
388.656 1111
388.669 1085
388.683 1107
388.696 1089
388.709 1065
388.723 1101
388.736 1099
388.749 1082
388.763 1083
388.776 1081
388.789 1106
388.803 1098
388.816 1077
388.829 1075
388.843 1084
388.856 1054
388.870 1084
388.883 1062
388.896 1087
388.910 1048
388.923 1092
388.936 1087
388.950 1061
388.963 1078
388.976 1072
388.990 1046
389.003 1027
389.016 1075
389.030 1045
389.043 1056
389.056 1085
389.070 1071
389.083 1061
389.097 1047
389.110 1048
389.123 1021
389.137 1073
389.150 1054
389.163 1040
389.177 1052
389.190 1033
389.203 1060
389.217 1027
389.230 1027
389.243 1029
389.257 1014
389.270 1033
389.283 1025
389.297 1010
389.310 1036
389.323 1037
389.337 1020
389.350 1010
389.363 1027
389.377 1013
389.390 1016
389.403 1020
389.417 1023
389.430 1000
389.443 999
389.457 1001
389.470 1012
389.483 1033
389.497 1033
389.510 1005
389.523 1031
389.537 1016
389.550 986
389.563 998
389.577 985
389.590 991
389.603 988
389.617 981
389.630 972
389.643 968
389.657 1002
389.670 993
389.683 954
389.697 973
389.710 983
389.723 955
389.737 964
389.750 982
389.763 979
389.777 997
389.790 975
389.803 955
389.817 964
389.830 937
389.843 939
389.857 955
389.870 935
389.883 928
389.897 941
389.910 950
389.923 949
389.937 938
389.950 920
389.963 948
389.977 939
389.990 960
390.003 956
390.017 924
390.030 937
390.043 932
390.057 901
390.070 929
390.083 938
390.096 924
390.110 912
390.123 901
390.136 906
390.150 917
390.163 901
390.176 880
390.190 905
390.203 888
390.216 905
390.230 888
390.243 889
390.256 891
390.270 876
390.283 891
390.296 864
390.310 870
390.323 876
390.336 859
390.349 855
390.363 853
390.376 847
390.389 881
390.403 841
390.416 853
390.429 840
390.443 840
390.456 828
390.469 842
390.483 837
390.496 833
390.509 822
390.522 838
390.536 828
390.549 836
390.562 825
390.576 827
390.589 819
390.602 827
390.616 804
390.629 810
390.642 811
390.655 801
390.669 796
390.682 804
390.695 806
390.709 799
390.722 802
390.735 800
390.749 795
390.762 808
390.775 770
390.788 780
390.802 770
390.815 778
390.828 780
390.842 773
390.855 770
390.868 753
390.882 777
390.895 767
390.908 753
390.921 757
390.935 763
390.948 766
390.961 750
390.975 746
390.988 756
391.001 757
391.014 758
391.028 761
391.041 746
391.054 744
391.068 755
391.081 756
391.094 754
391.107 756
391.121 752
391.134 756
391.147 743
391.161 742
391.174 742
391.187 736
391.200 733
391.214 727
391.227 742
391.240 737
391.254 739
391.267 750
391.280 739
391.293 711
391.307 726
391.320 727
391.333 736
391.347 722
391.360 715
391.373 728
391.386 726
391.400 737
391.413 722
391.426 728
391.440 731
391.453 726
391.466 727
391.479 722
391.493 712
391.506 730
391.519 728
391.532 716
391.546 721
391.559 728
391.572 718
391.586 708
391.599 706
391.612 718
391.625 718
391.639 713
391.652 720
391.665 716
391.678 706
391.692 700
391.705 707
391.718 714
391.732 713
391.745 725
391.758 711
391.771 707
391.785 708
391.798 716
391.811 701
391.824 708
391.838 706
391.851 692
391.864 695
391.877 707
391.891 690
391.904 706
391.917 711
391.931 711
391.944 688
391.957 708
391.970 704
391.984 703
391.997 697
392.010 691
392.023 702
392.037 705
392.050 698
392.063 693
392.076 698
392.090 707
392.103 705
392.116 712
392.129 704
392.143 700
392.156 697
392.169 700
392.182 699
392.196 699
392.209 702
392.222 682
392.235 706
392.249 677
392.262 703
392.275 693
392.288 698
392.302 691
392.315 689
392.328 698
392.341 690
392.355 687
392.368 698
392.381 695
392.394 690
392.408 692
392.421 681
392.434 678
392.447 704
392.461 689
392.474 700
392.487 693
392.500 685
392.514 692
392.527 695
392.540 675
392.553 704
392.567 694
392.580 693
392.593 698
392.606 686
392.620 681
392.633 685
392.646 689
392.659 677
392.673 684
392.686 691
392.699 697
392.712 692
392.726 693
392.739 684
392.752 686
392.765 679
392.778 680
392.792 695
392.805 683
392.818 683
392.831 681
392.845 690
392.858 673
392.871 690
392.884 695
392.898 682
392.911 684
392.924 674
392.937 692
392.951 683
392.964 688
392.977 685
392.990 689
393.003 689
393.017 675
393.030 675
393.043 686
393.056 679
393.070 678
393.083 688
393.096 670
393.109 685
393.122 676
393.136 692
393.149 676
393.162 668
393.175 684
393.189 671
393.202 683
393.215 679
393.228 671
393.242 676
393.255 680
393.268 668
393.281 678
393.294 672
393.308 676
393.321 674
393.334 673
393.347 687
393.360 664
393.374 672
393.387 683
393.400 670
393.413 677
393.427 681
393.440 669
393.453 674
393.466 675
393.479 680
393.493 687
393.506 666
393.519 672
393.532 680
393.546 681
393.559 669
393.572 682
393.585 684
393.598 675
393.612 670
393.625 674
393.638 672
393.651 676
393.664 678
393.678 674
393.691 676
393.704 671
393.717 676
393.730 673
393.744 667
393.757 675
393.770 659
393.783 670
393.796 670
393.810 654
393.823 666
393.836 666
393.849 674
393.863 666
393.876 676
393.889 663
393.902 671
393.915 665
393.929 676
