375.891 830
375.905 829
375.919 847
375.933 857
375.946 849
375.960 844
375.974 853
375.987 857
376.001 843
376.015 881
376.029 865
376.042 883
376.056 871
376.070 881
376.084 882
376.097 893
376.111 886
376.125 893
376.139 918
376.152 898
376.166 889
376.180 890
376.193 936
376.207 902
376.221 905
376.235 924
376.248 917
376.262 924
376.276 921
376.290 918
376.303 933
376.317 935
376.331 940
376.345 937
376.358 938
376.372 950
376.386 944
376.399 972
376.413 955
376.427 955
376.441 970
376.454 945
376.468 988
376.482 978
376.495 987
376.509 970
376.523 1011
376.537 1009
376.550 1032
376.564 1018
376.578 999
376.592 1026
376.605 1037
376.619 1044
376.633 1035
376.646 1027
376.660 1022
376.674 1016
376.688 1031
376.701 1025
376.715 1069
376.729 1051
376.742 1095
376.756 1054
376.770 1060
376.784 1104
376.797 1094
376.811 1081
376.825 1103
376.838 1124
376.852 1127
376.866 1138
376.880 1140
376.893 1130
376.907 1140
376.921 1144
376.934 1164
376.948 1172
376.962 1174
376.976 1172
376.989 1192
377.003 1199
377.017 1206
377.030 1201
377.044 1214
377.058 1233
377.071 1216
377.085 1235
377.099 1222
377.113 1217
377.126 1240
377.140 1255
377.154 1259
377.167 1265
377.181 1263
377.195 1268
377.208 1259
377.222 1275
377.236 1280
377.250 1282
377.263 1286
377.277 1323
377.291 1329
377.304 1358
377.318 1319
377.332 1335
377.345 1343
377.359 1354
377.373 1339
377.387 1329
377.400 1366
377.414 1365
377.428 1370
377.441 1399
377.455 1398
377.469 1396
377.482 1392
377.496 1387
377.510 1354
377.524 1390
377.537 1440
377.551 1426
377.565 1412
377.578 1431
377.592 1403
377.606 1439
377.619 1442
377.633 1444
377.647 1450
377.660 1443
377.674 1425
377.688 1423
377.701 1451
377.715 1447
377.729 1461
377.743 1474
377.756 1495
377.770 1506
377.784 1466
377.797 1475
377.811 1496
377.825 1502
377.838 1477
377.852 1492
377.866 1486
377.879 1496
377.893 1557
377.907 1520
377.920 1554
377.934 1562
377.948 1544
377.961 1552
377.975 1515
377.989 1501
378.002 1518
378.016 1543
378.030 1561
378.044 1557
378.057 1545
378.071 1560
378.085 1590
378.098 1559
378.112 1611
378.126 1591
378.139 1563
378.153 1546
378.167 1579
378.180 1583
378.194 1590
378.208 1629
378.221 1580
378.235 1594
378.249 1618
378.262 1623
378.276 1622
378.290 1627
378.303 1642
378.317 1634
378.331 1607
378.344 1596
378.358 1615
378.372 1628
378.385 1637
378.399 1666
378.413 1652
378.426 1658
378.440 1657
378.454 1692
378.467 1709
378.481 1639
378.495 1696
378.508 1682
378.522 1634
378.536 1682
378.549 1685
378.563 1664
378.577 1662
378.590 1711
378.604 1697
378.618 1690
378.631 1697
378.645 1717
378.659 1753
378.672 1714
378.686 1707
378.700 1776
378.713 1809
378.727 1771
378.740 1813
378.754 1758
378.768 1807
378.781 1773
378.795 1817
378.809 1795
378.822 1852
378.836 1781
378.850 1747
378.863 1796
378.877 1829
378.891 1832
378.904 1806
378.918 1848
378.932 1867
378.945 1830
378.959 1793
378.973 1831
378.986 1837
379.000 1825
379.014 1859
379.027 1829
379.041 1863
379.054 1832
379.068 1825
379.082 1915
379.095 1915
379.109 1882
379.123 1932
379.136 1903
379.150 1937
379.164 1927
379.177 1922
379.191 1882
379.205 1922
379.218 1953
379.232 1952
379.245 1998
379.259 1993
379.273 1967
379.286 2000
379.300 2035
379.314 1957
379.327 2011
379.341 2057
379.355 2072
379.368 2086
379.382 2123
379.396 2104
379.409 2083
379.423 2072
379.436 2123
379.450 2141
379.464 2182
379.477 2190
379.491 2232
379.505 2172
379.518 2263
379.532 2249
379.546 2268
379.559 2256
379.573 2312
379.586 2314
379.600 2339
379.614 2343
379.627 2370
379.641 2389
379.655 2420
379.668 2370
379.682 2308
379.695 2435
379.709 2461
379.723 2472
379.736 2549
379.750 2600
379.764 2606
379.777 2648
379.791 2715
379.804 2672
379.818 2742
379.832 2736
379.845 2644
379.859 2585
379.873 2645
379.886 2768
379.900 2804
379.913 2851
379.927 2893
379.941 2908
379.954 2966
379.968 2998
379.982 2983
379.995 2951
380.009 3048
380.022 3051
380.036 3109
380.050 3184
380.063 3170
380.077 3307
380.090 3450
380.104 3423
380.118 3404
380.131 3456
380.145 3512
380.159 3608
380.172 3566
380.186 3689
380.199 3690
380.213 3820
380.227 3844
380.240 3886
380.254 3809
380.267 3851
380.281 3983
380.295 3908
380.308 4044
380.322 4095
380.336 4081
380.349 4247
380.363 4319
380.376 4407
380.390 4465
380.404 4475
380.417 4566
380.431 4576
380.444 4646
380.458 4698
380.472 4750
380.485 4779
380.499 4904
380.512 4925
380.526 4938
380.540 5060
380.553 5090
380.567 5133
380.580 5301
380.594 5283
380.608 5441
380.621 5613
380.635 5688
380.648 5710
380.662 5783
380.676 5773
380.689 5852
380.703 5963
380.716 5863
380.730 6090
380.744 6175
380.757 6240
380.771 6318
380.784 6491
380.798 6568
380.812 6603
380.825 6644
380.839 6762
380.852 7045
380.866 7144
380.880 7175
380.893 7236
380.907 7318
380.920 7336
380.934 7462
380.948 7508
380.961 7514
380.975 7660
380.988 7829
381.002 7738
381.015 7707
381.029 7904
381.043 8140
381.056 8227
381.070 8232
381.083 8200
381.097 8412
381.111 8427
381.124 8494
381.138 8709
381.151 8804
381.165 8913
381.179 8939
381.192 9066
381.206 8922
381.219 9063
381.233 9175
381.246 9227
381.260 9154
381.274 9326
381.287 9273
381.301 9490
381.314 9683
381.328 9619
381.341 9791
381.355 9919
381.369 9929
381.382 9955
381.396 10054
381.409 10171
381.423 10340
381.437 10482
381.450 10631
381.464 10665
381.477 10773
381.491 10940
381.504 10833
381.518 10857
381.532 11051
381.545 11306
381.559 11471
381.572 11639
381.586 11593
381.599 11605
381.613 11585
381.627 12070
381.640 11875
381.654 12109
381.667 12298
381.681 12195
381.694 12172
381.708 11956
381.722 11821
381.735 12117
381.749 12046
381.762 12163
381.776 12272
381.789 12205
381.803 12383
381.817 12447
381.830 12401
381.844 12450
381.857 12738
381.871 12910
381.884 12972
381.898 12993
381.911 13067
381.925 13157
381.939 13306
381.952 13353
381.966 13317
381.979 13531
381.993 13841
382.006 13852
382.020 13901
382.034 14261
382.047 13886
382.061 13895
382.074 14069
382.088 13948
382.101 14069
382.115 14232
382.128 14223
382.142 14587
382.156 14906
382.169 15093
382.183 15019
382.196 15177
382.210 15056
382.223 15071
382.237 15272
382.250 15337
382.264 15368
382.278 15529
382.291 15829
382.305 15934
382.318 15918
382.332 16182
382.345 15852
382.359 15749
382.372 15824
382.386 15887
382.399 16177
382.413 16194
382.427 16271
382.440 16220
382.454 16681
382.467 16673
382.481 16950
382.494 17539
382.508 17662
382.521 17929
382.535 17927
382.548 17638
382.562 17894
382.576 17826
382.589 17950
382.603 17991
382.616 18308
382.630 18538
382.643 18614
382.657 18793
382.670 19131
382.684 19254
382.697 18846
382.711 18970
382.724 19222
382.738 19237
382.752 19303
382.765 19441
382.779 19507
382.792 20071
382.806 19963
382.819 20158
382.833 20138
382.846 20438
382.860 20762
382.873 20666
382.887 20756
382.900 21047
382.914 21417
382.928 21602
382.941 21972
382.955 21620
382.968 22005
382.982 22499
382.995 22484
383.009 22844
383.022 22713
383.036 22938
383.049 23061
383.063 23477
383.076 23358
383.090 23400
383.103 23452
383.117 23700
383.130 23789
383.144 23994
383.158 24170
383.171 24350
383.185 24416
383.198 25016
383.212 25248
383.225 25339
383.239 25906
383.252 26366
383.266 26463
383.279 26258
383.293 26484
383.306 26458
383.320 26977
383.333 27453
383.347 27787
383.360 27775
383.374 27538
383.387 27787
383.401 28099
383.414 27957
383.428 27824
383.441 27959
383.455 28187
383.468 27862
383.482 28208
383.496 28801
383.509 28756
383.523 28889
383.536 28835
383.550 28894
383.563 28855
383.577 29539
383.590 29503
383.604 29515
383.617 29563
383.631 29504
383.644 29391
383.658 29353
383.671 29415
383.685 29570
383.698 29735
383.712 30114
383.725 30004
383.739 29947
383.752 29704
383.766 29701
383.779 29546
383.793 29801
383.806 29863
383.820 30322
383.833 30446
383.847 30290
383.860 30484
383.874 30378
383.887 29854
383.901 30006
383.914 30223
383.928 30484
383.941 30018
383.955 29824
383.968 29550
383.982 29636
383.995 29660
384.009 29561
384.022 29577
384.036 29441
384.049 29319
384.063 29457
384.076 30216
384.090 30416
384.103 30750
384.117 30507
384.130 29928
384.144 29228
384.157 28855
384.171 28510
384.184 28399
384.198 28052
384.211 28042
384.225 27695
384.238 28343
384.252 28119
384.265 27968
384.279 27587
384.292 27431
384.306 27363
384.319 26717
384.333 25972
384.346 25504
384.360 25008
384.373 24600
384.387 24267
384.400 23917
384.414 23646
384.427 23391
384.441 22796
384.454 22310
384.468 21837
384.481 21580
384.495 21221
384.508 20647
384.522 20301
384.535 19897
384.549 19354
384.562 18834
384.575 18260
384.589 18060
384.602 17906
384.616 17677
384.629 17142
384.643 16661
384.656 16268
384.670 15553
384.683 15010
384.697 14507
384.710 14114
384.724 13753
384.737 13223
384.751 13032
384.764 12609
384.778 12226
384.791 11991
384.805 11677
384.818 11377
384.832 10887
384.845 10576
384.859 10276
384.872 9917
384.885 9478
384.899 9303
384.912 9096
384.926 8811
384.939 8550
384.953 8316
384.966 8057
384.980 7967
384.993 7783
385.007 7552
385.020 7325
385.034 7207
385.047 6923
385.061 6807
385.074 6713
385.088 6362
385.101 6316
385.114 6106
385.128 6117
385.141 5954
385.155 5864
385.168 5867
385.182 5838
385.195 5742
385.209 5673
385.222 5404
385.236 5275
385.249 5190
385.263 5103
385.276 5071
385.290 4999
385.303 4769
385.316 4797
385.330 4728
385.343 4697
385.357 4582
385.370 4463
385.384 4386
385.397 4272
385.411 4318
385.424 4227
385.438 4094
385.451 4155
385.464 4113
385.478 4086
385.491 4053
385.505 3908
385.518 3892
385.532 3946
385.545 3814
385.559 3692
385.572 3746
385.586 3777
385.599 3619
385.612 3742
385.626 3675
385.639 3609
385.653 3665
385.666 3638
385.680 3598
385.693 3559
385.707 3472
385.720 3462
385.734 3385
385.747 3375
385.760 3375
385.774 3309
385.787 3369
385.801 3192
385.814 3170
385.828 3191
385.841 3114
385.855 3107
385.868 3070
385.881 3089
385.895 3037
385.908 3037
385.922 2992
385.935 2971
385.949 2967
385.962 2878
385.976 2861
385.989 2857
386.002 2975
386.016 2912
386.029 2853
386.043 2924
386.056 2767
386.070 2778
386.083 2842
386.097 2807
386.110 2756
386.123 2793
386.137 2803
386.150 2796
386.164 2769
386.177 2625
386.191 2600
386.204 2660
386.217 2662
386.231 2626
386.244 2557
386.258 2580
386.271 2602
386.285 2605
386.298 2553
386.311 2522
386.325 2526
386.338 2453
386.352 2449
386.365 2499
386.379 2448
386.392 2471
386.405 2454
386.419 2423
386.432 2350
386.446 2433
386.459 2459
386.473 2411
386.486 2413
386.499 2418
386.513 2357
386.526 2385
386.540 2286
386.553 2294
386.567 2276
386.580 2320
386.593 2318
386.607 2336
386.620 2353
386.634 2288
386.647 2320
386.661 2289
386.674 2261
386.687 2264
386.701 2214
386.714 2206
386.728 2166
386.741 2176
386.754 2182
386.768 2142
386.781 2178
386.795 2132
386.808 2077
386.822 2079
386.835 2097
386.848 2021
386.862 2036
386.875 2025
386.889 2019
386.902 2031
386.915 2010
386.929 1993
386.942 2009
386.956 1974
386.969 1949
386.983 1945
386.996 1971
387.009 1961
387.023 1940
387.036 1972
387.050 1959
387.063 1893
387.076 1908
387.090 1896
387.103 1924
387.117 1857
387.130 1856
387.143 1875
387.157 1890
387.170 1878
387.184 1871
387.197 1862
387.210 1846
387.224 1838
387.237 1822
387.251 1802
387.264 1792
387.278 1785
387.291 1749
387.304 1729
387.318 1776
387.331 1731
387.345 1744
387.358 1778
387.371 1758
387.385 1706
387.398 1727
387.412 1677
387.425 1656
387.438 1673
387.452 1620
387.465 1621
387.478 1604
387.492 1619
387.505 1575
387.519 1626
387.532 1615
387.545 1616
387.559 1658
387.572 1636
387.586 1616
387.599 1596
387.612 1586
387.626 1619
387.639 1549
387.653 1583
387.666 1520
387.679 1498
387.693 1478
387.706 1484
387.720 1493
387.733 1487
387.746 1494
387.760 1510
387.773 1522
387.787 1501
387.800 1492
387.813 1488
387.827 1429
387.840 1407
387.853 1422
387.867 1460
387.880 1490
387.894 1439
387.907 1485
387.920 1422
387.934 1432
387.947 1385
387.961 1403
387.974 1371
387.987 1368
388.001 1370
388.014 1364
388.027 1355
388.041 1334
388.054 1354
388.068 1306
388.081 1317
388.094 1336
388.108 1308
388.121 1332
388.134 1294
388.148 1259
388.161 1300
388.175 1289
388.188 1286
388.201 1240
388.215 1229
388.228 1244
388.241 1248
388.255 1249
388.268 1246
388.282 1228
388.295 1261
388.308 1233
388.322 1249
388.335 1232
388.348 1228
388.362 1224
388.375 1217
388.389 1227
388.402 1251
388.415 1221
388.429 1211
388.442 1229
388.455 1248
388.469 1242
388.482 1226
388.495 1227
388.509 1258
388.522 1250
388.536 1182
388.549 1194
388.562 1205
388.576 1198
388.589 1199
388.602 1185
388.616 1237
388.629 1180
388.642 1190
388.656 1153
388.669 1196
388.683 1198
388.696 1218
388.709 1205
388.723 1218
388.736 1184
388.749 1190
388.763 1183
388.776 1159
388.789 1171
388.803 1170
388.816 1169
388.829 1180
388.843 1181
388.856 1160
388.870 1154
388.883 1174
388.896 1164
388.910 1161
388.923 1141
388.936 1200
388.950 1176
388.963 1162
388.976 1132
388.990 1134
389.003 1139
389.016 1148
389.030 1177
389.043 1178
389.056 1172
389.070 1140
389.083 1168
389.097 1135
389.110 1106
389.123 1140
389.137 1125
389.150 1154
389.163 1138
389.177 1110
389.190 1132
389.203 1128
389.217 1106
389.230 1113
389.243 1127
389.257 1112
389.270 1104
389.283 1083
389.297 1130
389.310 1135
389.323 1111
389.337 1107
389.350 1102
389.363 1102
389.377 1115
389.390 1109
389.403 1106
389.417 1109
389.430 1122
389.443 1091
389.457 1077
389.470 1110
389.483 1080
389.497 1135
389.510 1096
389.523 1117
389.537 1086
389.550 1084
389.563 1114
389.577 1077
389.590 1074
389.603 1046
389.617 1058
389.630 1064
389.643 1062
389.657 1066
389.670 1043
389.683 1071
389.697 1044
389.710 1060
389.723 1051
389.737 1063
389.750 1052
389.763 1060
389.777 1043
389.790 1065
389.803 1051
389.817 1026
389.830 1036
389.843 1011
389.857 1046
389.870 1012
389.883 1031
389.897 1002
389.910 1008
389.923 1038
389.937 1022
389.950 1005
389.963 1024
389.977 1033
389.990 1019
390.003 1013
390.017 985
390.030 1001
390.043 1024
390.057 982
390.070 975
390.083 966
390.096 960
390.110 981
390.123 986
390.136 965
390.150 954
390.163 972
390.176 976
390.190 937
390.203 958
390.216 946
390.230 954
390.243 934
390.256 940
390.270 939
390.283 934
390.296 932
390.310 946
390.323 921
390.336 917
390.349 918
390.363 917
390.376 918
390.389 937
390.403 931
390.416 927
390.429 920
390.443 904
390.456 903
390.469 908
390.483 894
390.496 884
390.509 892
390.522 881
390.536 891
390.549 885
390.562 873
390.576 853
390.589 881
390.602 863
390.616 863
390.629 864
390.642 866
390.655 852
390.669 853
390.682 851
390.695 848
390.709 844
390.722 845
390.735 835
390.749 839
390.762 859
390.775 818
390.788 820
390.802 827
390.815 818
390.828 815
390.842 827
390.855 811
390.868 796
390.882 826
390.895 803
390.908 802
390.921 801
390.935 804
390.948 810
390.961 802
390.975 789
390.988 785
391.001 785
391.014 807
391.028 790
391.041 795
391.054 790
391.068 774
391.081 787
391.094 784
391.107 793
391.121 786
391.134 767
391.147 765
391.161 773
391.174 780
391.187 758
391.200 763
391.214 767
391.227 752
391.240 770
391.254 758
391.267 749
391.280 770
391.293 764
391.307 756
391.320 745
391.333 757
391.347 742
391.360 757
391.373 746
391.386 743
391.400 751
391.413 752
391.426 747
391.440 743
391.453 753
391.466 741
391.479 732
391.493 743
391.506 750
391.519 746
391.532 740
391.546 737
391.559 733
391.572 737
391.586 748
391.599 745
391.612 738
391.625 738
391.639 732
391.652 724
391.665 724
391.678 743
391.692 726
391.705 728
391.718 720
391.732 733
391.745 722
391.758 737
391.771 740
391.785 730
391.798 726
391.811 716
391.824 733
391.838 713
391.851 742
391.864 714
391.877 715
391.891 711
391.904 717
391.917 726
391.931 723
391.944 741
391.957 720
391.970 736
391.984 717
391.997 727
392.010 724
392.023 720
392.037 721
392.050 707
392.063 699
392.076 699
392.090 719
392.103 721
392.116 713
392.129 712
392.143 723
392.156 721
392.169 706
392.182 712
392.196 713
392.209 703
392.222 711
392.235 713
392.249 725
392.262 716
392.275 703
392.288 719
392.302 717
392.315 713
392.328 710
392.341 704
392.355 704
392.368 705
392.381 712
392.394 704
392.408 716
392.421 727
392.434 715
392.447 705
392.461 697
392.474 715
392.487 699
392.500 714
392.514 699
392.527 700
392.540 716
392.553 707
392.567 694
392.580 712
392.593 704
392.606 701
392.620 696
392.633 695
392.646 704
392.659 697
392.673 702
392.686 706
392.699 697
392.712 707
392.726 692
392.739 701
392.752 704
392.765 681
392.778 705
392.792 694
392.805 702
392.818 697
392.831 705
392.845 696
392.858 700
392.871 712
392.884 684
392.898 694
392.911 698
392.924 697
392.937 691
392.951 698
392.964 709
392.977 715
392.990 695
393.003 702
393.017 701
393.030 690
393.043 692
393.056 708
393.070 700
393.083 686
393.096 707
393.109 684
393.122 687
393.136 694
393.149 695
393.162 683
393.175 684
393.189 686
393.202 699
393.215 693
393.228 691
393.242 693
393.255 681
393.268 705
393.281 682
393.294 686
393.308 683
393.321 691
393.334 690
393.347 692
393.360 690
393.374 673
393.387 691
393.400 692
393.413 681
393.427 678
393.440 684
393.453 677
393.466 676
393.479 700
393.493 688
393.506 693
393.519 685
393.532 675
393.546 679
393.559 691
393.572 686
393.585 682
393.598 693
393.612 687
393.625 681
393.638 689
393.651 703
393.664 682
393.678 694
393.691 679
393.704 684
393.717 684
393.730 693
393.744 684
393.757 683
393.770 678
393.783 672
393.796 681
393.810 681
393.823 674
393.836 678
393.849 666
393.863 673
393.876 677
393.889 677
393.902 679
393.915 685
393.929 677
