375.891 812
375.905 790
375.919 806
375.933 827
375.946 827
375.960 841
375.974 835
375.987 835
376.001 846
376.015 865
376.029 837
376.042 828
376.056 838
376.070 842
376.084 854
376.097 858
376.111 858
376.125 861
376.139 859
376.152 854
376.166 858
376.180 885
376.193 900
376.207 889
376.221 880
376.235 879
376.248 889
376.262 896
376.276 910
376.290 912
376.303 869
376.317 922
376.331 898
376.345 916
376.358 907
376.372 931
376.386 933
376.399 931
376.413 932
376.427 948
376.441 931
376.454 942
376.468 937
376.482 939
376.495 952
376.509 964
376.523 957
376.537 996
376.550 971
376.564 985
376.578 1000
376.592 984
376.605 993
376.619 1014
376.633 1005
376.646 981
376.660 975
376.674 998
376.688 1010
376.701 1019
376.715 1028
376.729 1003
376.742 1023
376.756 1053
376.770 1037
376.784 1053
376.797 1048
376.811 1039
376.825 1080
376.838 1067
376.852 1041
376.866 1097
376.880 1095
376.893 1086
376.907 1100
376.921 1095
376.934 1101
376.948 1104
376.962 1156
376.976 1130
376.989 1117
377.003 1136
377.017 1128
377.030 1151
377.044 1179
377.058 1176
377.071 1183
377.085 1146
377.099 1164
377.113 1183
377.126 1172
377.140 1194
377.154 1193
377.167 1215
377.181 1210
377.195 1238
377.208 1183
377.222 1202
377.236 1221
377.250 1215
377.263 1241
377.277 1259
377.291 1288
377.304 1267
377.318 1258
377.332 1266
377.345 1277
377.359 1283
377.373 1274
377.387 1323
377.400 1283
377.414 1295
377.428 1294
377.441 1294
377.455 1303
377.469 1314
377.482 1349
377.496 1374
377.510 1384
377.524 1390
377.537 1400
377.551 1381
377.565 1348
377.578 1346
377.592 1374
377.606 1373
377.619 1384
377.633 1404
377.647 1377
377.660 1388
377.674 1391
377.688 1387
377.701 1371
377.715 1383
377.729 1408
377.743 1413
377.756 1427
377.770 1426
377.784 1434
377.797 1433
377.811 1443
377.825 1421
377.838 1439
377.852 1445
377.866 1497
377.879 1482
377.893 1458
377.907 1501
377.920 1513
377.934 1503
377.948 1451
377.961 1494
377.975 1476
377.989 1463
378.002 1444
378.016 1495
378.030 1508
378.044 1497
378.057 1509
378.071 1468
378.085 1491
378.098 1451
378.112 1499
378.126 1521
378.139 1517
378.153 1492
378.167 1514
378.180 1490
378.194 1479
378.208 1534
378.221 1548
378.235 1557
378.249 1531
378.262 1543
378.276 1517
378.290 1532
378.303 1497
378.317 1523
378.331 1523
378.344 1574
378.358 1552
378.372 1602
378.385 1566
378.399 1566
378.413 1596
378.426 1567
378.440 1577
378.454 1571
378.467 1580
378.481 1575
378.495 1613
378.508 1576
378.522 1588
378.536 1637
378.549 1593
378.563 1606
378.577 1643
378.590 1614
378.604 1633
378.618 1630
378.631 1634
378.645 1652
378.659 1640
378.672 1628
378.686 1660
378.700 1686
378.713 1730
378.727 1702
378.740 1669
378.754 1707
378.768 1723
378.781 1698
378.795 1712
378.809 1736
378.822 1720
378.836 1715
378.850 1712
378.863 1697
378.877 1721
378.891 1744
378.904 1708
378.918 1757
378.932 1757
378.945 1753
378.959 1755
378.973 1753
378.986 1775
379.000 1789
379.014 1790
379.027 1799
379.041 1746
379.054 1783
379.068 1780
379.082 1791
379.095 1810
379.109 1824
379.123 1840
379.136 1812
379.150 1829
379.164 1862
379.177 1826
379.191 1878
379.205 1859
379.218 1845
379.232 1885
379.245 1873
379.259 1921
379.273 1920
379.286 1899
379.300 1939
379.314 1903
379.327 1949
379.341 1926
379.355 1921
379.368 1971
379.382 1969
379.396 1982
379.409 1975
379.423 1991
379.436 2004
379.450 2059
379.464 2082
379.477 2056
379.491 2039
379.505 2077
379.518 2110
379.532 2121
379.546 2150
379.559 2191
379.573 2157
379.586 2199
379.600 2235
379.614 2238
379.627 2269
379.641 2247
379.655 2279
379.668 2279
379.682 2306
379.695 2341
379.709 2313
379.723 2306
379.736 2431
379.750 2537
379.764 2540
379.777 2519
379.791 2543
379.804 2588
379.818 2591
379.832 2518
379.845 2523
379.859 2538
379.873 2572
379.886 2647
379.900 2624
379.913 2671
379.927 2722
379.941 2770
379.954 2836
379.968 2823
379.982 2838
379.995 2889
380.009 2889
380.022 2951
380.036 2992
380.050 3006
380.063 3092
380.077 3144
380.090 3252
380.104 3266
380.118 3349
380.131 3338
380.145 3429
380.159 3425
380.172 3450
380.186 3502
380.199 3648
380.213 3678
380.227 3635
380.240 3717
380.254 3693
380.267 3700
380.281 3751
380.295 3826
380.308 3820
380.322 3892
380.336 3938
380.349 4056
380.363 4053
380.376 4068
380.390 4134
380.404 4242
380.417 4274
380.431 4291
380.444 4329
380.458 4434
380.472 4546
380.485 4578
380.499 4561
380.512 4596
380.526 4766
380.540 4635
380.553 4758
380.567 4882
380.580 5013
380.594 4981
380.608 5179
380.621 5390
380.635 5367
380.648 5428
380.662 5459
380.676 5505
380.689 5624
380.703 5643
380.716 5589
380.730 5733
380.744 5936
380.757 5967
380.771 6028
380.784 6287
380.798 6285
380.812 6341
380.825 6375
380.839 6471
380.852 6618
380.866 6811
380.880 6864
380.893 6937
380.907 6886
380.920 6947
380.934 7025
380.948 7178
380.961 7177
380.975 7369
380.988 7301
381.002 7333
381.015 7364
381.029 7524
381.043 7588
381.056 7676
381.070 7688
381.083 7697
381.097 7869
381.111 7939
381.124 8064
381.138 8190
381.151 8250
381.165 8225
381.179 8302
381.192 8298
381.206 8241
381.219 8449
381.233 8431
381.246 8559
381.260 8704
381.274 8695
381.287 8762
381.301 8728
381.314 8923
381.328 9046
381.341 9076
381.355 9162
381.369 9162
381.382 9213
381.396 9254
381.409 9585
381.423 9539
381.437 9686
381.450 9746
381.464 9888
381.477 10101
381.491 10136
381.504 10046
381.518 10225
381.532 10214
381.545 10528
381.559 10662
381.572 10606
381.586 10774
381.599 10713
381.613 10749
381.627 10884
381.640 11085
381.654 10975
381.667 11162
381.681 11161
381.694 11031
381.708 10945
381.722 10934
381.735 10947
381.749 11109
381.762 11104
381.776 11141
381.789 11142
381.803 11245
381.817 11341
381.830 11543
381.844 11533
381.857 11578
381.871 11778
381.884 11789
381.898 11849
381.911 11854
381.925 12000
381.939 11848
381.952 12224
381.966 12057
381.979 12326
381.993 12535
382.006 12602
382.020 12833
382.034 12900
382.047 12650
382.061 12743
382.074 12674
382.088 12682
382.101 12824
382.115 12740
382.128 13028
382.142 13241
382.156 13823
382.169 13826
382.183 13721
382.196 13775
382.210 13715
382.223 13793
382.237 13771
382.250 13795
382.264 14045
382.278 14202
382.291 14294
382.305 14318
382.318 14646
382.332 14731
382.345 14304
382.359 14297
382.372 14475
382.386 14556
382.399 14516
382.413 14747
382.427 14855
382.440 14880
382.454 15016
382.467 15190
382.481 15519
382.494 15933
382.508 15974
382.521 16032
382.535 16100
382.548 16118
382.562 16102
382.576 16120
382.589 16256
382.603 16347
382.616 16600
382.630 16670
382.643 16899
382.657 17105
382.670 17135
382.684 17341
382.697 17026
382.711 17212
382.724 17748
382.738 17612
382.752 17563
382.765 17764
382.779 17905
382.792 18026
382.806 18146
382.819 18265
382.833 18403
382.846 18534
382.860 18727
382.873 18928
382.887 19111
382.900 19115
382.914 19387
382.928 19669
382.941 19768
382.955 19964
382.968 20186
382.982 20537
382.995 20372
383.009 20604
383.022 20483
383.036 20718
383.049 20961
383.063 21137
383.076 21326
383.090 21496
383.103 21490
383.117 21506
383.130 21744
383.144 22016
383.158 22022
383.171 22264
383.185 22243
383.198 22731
383.212 22964
383.225 23413
383.239 23682
383.252 24029
383.266 24047
383.279 23948
383.293 24254
383.306 24334
383.320 24620
383.333 25036
383.347 25439
383.360 25164
383.374 25381
383.387 25356
383.401 25624
383.414 25637
383.428 25555
383.441 25567
383.455 25724
383.468 25461
383.482 25841
383.496 26556
383.509 26693
383.523 26736
383.536 26595
383.550 26843
383.563 26897
383.577 27153
383.590 27140
383.604 27406
383.617 27117
383.631 26891
383.644 26715
383.658 26699
383.671 26992
383.685 26922
383.698 27101
383.712 27421
383.725 27395
383.739 27204
383.752 27039
383.766 26896
383.779 26979
383.793 26932
383.806 27329
383.820 27613
383.833 27870
383.847 27540
383.860 27888
383.874 27776
383.887 27276
383.901 27160
383.914 27451
383.928 27442
383.941 27439
383.955 26982
383.968 26600
383.982 26825
383.995 26746
384.009 26753
384.022 26550
384.036 26264
384.049 26368
384.063 26655
384.076 26854
384.090 27011
384.103 27363
384.117 27463
384.130 26930
384.144 25693
384.157 25606
384.171 25296
384.184 25093
384.198 24589
384.211 24682
384.225 24550
384.238 24694
384.252 24631
384.265 24259
384.279 23940
384.292 23676
384.306 23308
384.319 22838
384.333 22254
384.346 21845
384.360 21535
384.373 21161
384.387 20721
384.400 20360
384.414 19928
384.427 19663
384.441 19296
384.454 18702
384.468 18238
384.481 17979
384.495 17546
384.508 17027
384.522 16629
384.535 16201
384.549 15549
384.562 15364
384.575 14753
384.589 14560
384.602 14253
384.616 14106
384.629 13756
384.643 13334
384.656 12972
384.670 12423
384.683 11973
384.697 11480
384.710 11218
384.724 10932
384.737 10471
384.751 10184
384.764 9797
384.778 9504
384.791 9431
384.805 9095
384.818 8890
384.832 8502
384.845 8214
384.859 8013
384.872 7720
384.885 7462
384.899 7274
384.912 7156
384.926 6897
384.939 6750
384.953 6599
384.966 6377
384.980 6323
384.993 6146
385.007 5907
385.020 5865
385.034 5697
385.047 5586
385.061 5478
385.074 5245
385.088 5172
385.101 5051
385.114 4966
385.128 4924
385.141 4820
385.155 4708
385.168 4742
385.182 4751
385.195 4691
385.209 4581
385.222 4467
385.236 4506
385.249 4296
385.263 4259
385.276 4232
385.290 4051
385.303 3976
385.316 3912
385.330 3962
385.343 3892
385.357 3868
385.370 3842
385.384 3740
385.397 3709
385.411 3614
385.424 3579
385.438 3558
385.451 3573
385.464 3485
385.478 3549
385.491 3486
385.505 3463
385.518 3337
385.532 3376
385.545 3350
385.559 3241
385.572 3252
385.586 3193
385.599 3238
385.612 3228
385.626 3161
385.639 3137
385.653 3147
385.666 3194
385.680 3124
385.693 3124
385.707 3064
385.720 3038
385.734 3025
385.747 2950
385.760 2917
385.774 2920
385.787 2865
385.801 2852
385.814 2821
385.828 2757
385.841 2752
385.855 2726
385.868 2737
385.881 2693
385.895 2639
385.908 2679
385.922 2556
385.935 2641
385.949 2618
385.962 2578
385.976 2548
385.989 2577
386.002 2583
386.016 2569
386.029 2551
386.043 2507
386.056 2517
386.070 2466
386.083 2424
386.097 2495
386.110 2451
386.123 2446
386.137 2460
386.150 2439
386.164 2444
386.177 2384
386.191 2391
386.204 2370
386.217 2321
386.231 2309
386.244 2354
386.258 2324
386.271 2295
386.285 2281
386.298 2295
386.311 2242
386.325 2258
386.338 2222
386.352 2209
386.365 2176
386.379 2212
386.392 2185
386.405 2174
386.419 2128
386.432 2117
386.446 2161
386.459 2179
386.473 2160
386.486 2124
386.499 2066
386.513 2076
386.526 2083
386.540 2070
386.553 2021
386.567 2042
386.580 2074
386.593 2078
386.607 2096
386.620 2034
386.634 2048
386.647 2052
386.661 2059
386.674 2071
386.687 1974
386.701 1942
386.714 1944
386.728 1938
386.741 1931
386.754 1948
386.768 1892
386.781 1909
386.795 1895
386.808 1868
386.822 1842
386.835 1854
386.848 1833
386.862 1841
386.875 1846
386.889 1818
386.902 1818
386.915 1813
386.929 1787
386.942 1782
386.956 1748
386.969 1776
386.983 1730
386.996 1756
387.009 1704
387.023 1748
387.036 1742
387.050 1735
387.063 1714
387.076 1726
387.090 1697
387.103 1710
387.117 1696
387.130 1695
387.143 1686
387.157 1712
387.170 1670
387.184 1664
387.197 1621
387.210 1630
387.224 1621
387.237 1605
387.251 1599
387.264 1596
387.278 1573
387.291 1584
387.304 1592
387.318 1596
387.331 1577
387.345 1585
387.358 1563
387.371 1544
387.385 1533
387.398 1530
387.412 1499
387.425 1493
387.438 1492
387.452 1437
387.465 1486
387.478 1467
387.492 1453
387.505 1433
387.519 1441
387.532 1466
387.545 1479
387.559 1473
387.572 1435
387.586 1441
387.599 1440
387.612 1422
387.626 1404
387.639 1415
387.653 1395
387.666 1336
387.679 1316
387.693 1351
387.706 1310
387.720 1343
387.733 1351
387.746 1342
387.760 1340
387.773 1346
387.787 1358
387.800 1339
387.813 1309
387.827 1337
387.840 1303
387.853 1257
387.867 1303
387.880 1310
387.894 1296
387.907 1329
387.920 1287
387.934 1279
387.947 1273
387.961 1258
387.974 1242
387.987 1204
388.001 1231
388.014 1229
388.027 1220
388.041 1222
388.054 1189
388.068 1206
388.081 1211
388.094 1233
388.108 1192
388.121 1195
388.134 1198
388.148 1165
388.161 1162
388.175 1186
388.188 1158
388.201 1159
388.215 1163
388.228 1138
388.241 1164
388.255 1140
388.268 1156
388.282 1146
388.295 1176
388.308 1118
388.322 1133
388.335 1140
388.348 1125
388.362 1144
388.375 1135
388.389 1157
388.402 1141
388.415 1141
388.429 1159
388.442 1113
388.455 1152
388.469 1137
388.482 1163
388.495 1139
388.509 1159
388.522 1147
388.536 1109
388.549 1118
388.562 1109
388.576 1120
388.589 1133
388.602 1114
388.616 1134
388.629 1113
388.642 1124
388.656 1085
388.669 1105
388.683 1135
388.696 1105
388.709 1122
388.723 1118
388.736 1111
388.749 1086
388.763 1095
388.776 1074
388.789 1109
388.803 1092
388.816 1105
388.829 1078
388.843 1074
388.856 1061
388.870 1058
388.883 1103
388.896 1090
388.910 1071
388.923 1088
388.936 1115
388.950 1076
388.963 1096
388.976 1084
388.990 1081
389.003 1071
389.016 1079
389.030 1089
389.043 1064
389.056 1070
389.070 1099
389.083 1069
389.097 1061
389.110 1062
389.123 1069
389.137 1061
389.150 1048
389.163 1044
389.177 1059
389.190 1044
389.203 1062
389.217 1039
389.230 1066
389.243 1041
389.257 1025
389.270 1024
389.283 1031
389.297 999
389.310 1030
389.323 1067
389.337 1033
389.350 1033
389.363 1003
389.377 1009
389.390 1011
389.403 1029
389.417 1019
389.430 1035
389.443 1025
389.457 1028
389.470 1049
389.483 1029
389.497 1023
389.510 1027
389.523 1033
389.537 1043
389.550 1017
389.563 999
389.577 994
389.590 1027
389.603 1009
389.617 991
389.630 987
389.643 1004
389.657 1013
389.670 1000
389.683 1001
389.697 986
389.710 1000
389.723 998
389.737 994
389.750 1008
389.763 1001
389.777 995
389.790 988
389.803 988
389.817 963
389.830 986
389.843 991
389.857 963
389.870 921
389.883 957
389.897 964
389.910 970
389.923 956
389.937 959
389.950 947
389.963 949
389.977 950
389.990 945
390.003 962
390.017 968
390.030 951
390.043 938
390.057 950
390.070 929
390.083 902
390.096 902
390.110 924
390.123 895
390.136 929
390.150 898
390.163 909
390.176 916
390.190 901
390.203 904
390.216 904
390.230 893
390.243 903
390.256 880
390.270 876
390.283 879
390.296 881
390.310 863
390.323 892
390.336 854
390.349 876
390.363 854
390.376 853
390.389 874
390.403 855
390.416 855
390.429 846
390.443 851
390.456 839
390.469 837
390.483 833
390.496 847
390.509 854
390.522 822
390.536 827
390.549 834
390.562 830
390.576 822
390.589 825
390.602 827
390.616 810
390.629 825
390.642 821
390.655 821
390.669 814
390.682 797
390.695 799
390.709 779
390.722 801
390.735 787
390.749 798
390.762 799
390.775 787
390.788 777
390.802 797
390.815 770
390.828 783
390.842 784
390.855 768
390.868 767
390.882 786
390.895 753
390.908 782
390.921 770
390.935 774
390.948 772
390.961 765
390.975 758
390.988 764
391.001 764
391.014 766
391.028 764
391.041 732
391.054 747
391.068 768
391.081 756
391.094 768
391.107 731
391.121 757
391.134 747
391.147 753
391.161 721
391.174 743
391.187 751
391.200 732
391.214 731
391.227 737
391.240 740
391.254 738
391.267 733
391.280 727
391.293 742
391.307 729
391.320 725
391.333 728
391.347 733
391.360 729
391.373 733
391.386 710
391.400 732
391.413 724
391.426 718
391.440 731
391.453 714
391.466 725
391.479 722
391.493 728
391.506 723
391.519 716
391.532 730
391.546 702
391.559 730
391.572 716
391.586 708
391.599 717
391.612 712
391.625 697
391.639 707
391.652 714
391.665 720
391.678 703
391.692 717
391.705 725
391.718 693
391.732 698
391.745 709
391.758 707
391.771 707
391.785 708
391.798 705
391.811 696
391.824 704
391.838 702
391.851 700
391.864 700
391.877 699
391.891 718
391.904 692
391.917 718
391.931 707
391.944 692
391.957 712
391.970 704
391.984 712
391.997 708
392.010 700
392.023 706
392.037 697
392.050 690
392.063 696
392.076 692
392.090 705
392.103 693
392.116 699
392.129 690
392.143 702
392.156 701
392.169 702
392.182 688
392.196 700
392.209 693
392.222 700
392.235 694
392.249 693
392.262 695
392.275 701
392.288 689
392.302 696
392.315 694
392.328 692
392.341 697
392.355 699
392.368 688
392.381 696
392.394 687
392.408 702
392.421 698
392.434 687
392.447 692
392.461 680
392.474 700
392.487 690
392.500 709
392.514 694
392.527 694
392.540 698
392.553 698
392.567 683
392.580 693
392.593 697
392.606 696
392.620 682
392.633 677
392.646 691
392.659 684
392.673 692
392.686 688
392.699 687
392.712 681
392.726 683
392.739 695
392.752 676
392.765 674
392.778 672
392.792 679
392.805 678
392.818 686
392.831 668
392.845 680
392.858 690
392.871 682
392.884 687
392.898 673
392.911 696
392.924 691
392.937 686
392.951 695
392.964 679
392.977 690
392.990 686
393.003 682
393.017 679
393.030 676
393.043 679
393.056 680
393.070 673
393.083 691
393.096 685
393.109 674
393.122 684
393.136 677
393.149 677
393.162 673
393.175 686
393.189 669
393.202 673
393.215 672
393.228 677
393.242 677
393.255 672
393.268 682
393.281 672
393.294 681
393.308 671
393.321 672
393.334 678
393.347 672
393.360 663
393.374 673
393.387 683
393.400 669
393.413 682
393.427 669
393.440 676
393.453 669
393.466 671
393.479 681
393.493 676
393.506 670
393.519 664
393.532 677
393.546 675
393.559 671
393.572 675
393.585 675
393.598 672
393.612 681
393.625 679
393.638 668
393.651 681
393.664 680
393.678 667
393.691 665
393.704 664
393.717 663
393.730 670
393.744 675
393.757 668
393.770 667
393.783 668
393.796 661
393.810 661
393.823 674
393.836 668
393.849 668
393.863 668
393.876 674
393.889 650
393.902 669
393.915 663
393.929 677
