375.891 824
375.905 831
375.919 823
375.933 815
375.946 822
375.960 843
375.974 835
375.987 833
376.001 851
376.015 863
376.029 853
376.042 859
376.056 849
376.070 867
376.084 846
376.097 861
376.111 857
376.125 876
376.139 878
376.152 864
376.166 883
376.180 880
376.193 887
376.207 898
376.221 892
376.235 900
376.248 898
376.262 903
376.276 885
376.290 910
376.303 914
376.317 910
376.331 920
376.345 914
376.358 913
376.372 916
376.386 939
376.399 958
376.413 912
376.427 946
376.441 919
376.454 953
376.468 956
376.482 977
376.495 948
376.509 951
376.523 956
376.537 987
376.550 989
376.564 995
376.578 1010
376.592 1027
376.605 1011
376.619 1029
376.633 1001
376.646 995
376.660 1027
376.674 1013
376.688 1004
376.701 1038
376.715 1015
376.729 1033
376.742 1026
376.756 1051
376.770 1062
376.784 1054
376.797 1052
376.811 1074
376.825 1077
376.838 1105
376.852 1090
376.866 1085
376.880 1101
376.893 1090
376.907 1111
376.921 1087
376.934 1118
376.948 1101
376.962 1109
376.976 1142
376.989 1142
377.003 1137
377.017 1164
377.030 1174
377.044 1184
377.058 1176
377.071 1201
377.085 1175
377.099 1170
377.113 1212
377.126 1207
377.140 1192
377.154 1219
377.167 1221
377.181 1200
377.195 1217
377.208 1202
377.222 1228
377.236 1255
377.250 1265
377.263 1266
377.277 1246
377.291 1268
377.304 1268
377.318 1273
377.332 1278
377.345 1267
377.359 1271
377.373 1280
377.387 1298
377.400 1307
377.414 1316
377.428 1297
377.441 1318
377.455 1296
377.469 1334
377.482 1347
377.496 1300
377.510 1361
377.524 1353
377.537 1381
377.551 1362
377.565 1376
377.578 1376
377.592 1372
377.606 1356
377.619 1397
377.633 1359
377.647 1378
377.660 1389
377.674 1410
377.688 1404
377.701 1368
377.715 1393
377.729 1420
377.743 1412
377.756 1425
377.770 1412
377.784 1395
377.797 1443
377.811 1449
377.825 1395
377.838 1441
377.852 1441
377.866 1482
377.879 1482
377.893 1466
377.907 1481
377.920 1476
377.934 1480
377.948 1480
377.961 1470
377.975 1504
377.989 1490
378.002 1468
378.016 1482
378.030 1486
378.044 1449
378.057 1455
378.071 1468
378.085 1494
378.098 1501
378.112 1484
378.126 1524
378.139 1516
378.153 1517
378.167 1500
378.180 1515
378.194 1500
378.208 1538
378.221 1525
378.235 1542
378.249 1529
378.262 1560
378.276 1499
378.290 1535
378.303 1554
378.317 1545
378.331 1555
378.344 1528
378.358 1579
378.372 1567
378.385 1583
378.399 1558
378.413 1590
378.426 1591
378.440 1593
378.454 1632
378.467 1596
378.481 1621
378.495 1598
378.508 1634
378.522 1614
378.536 1586
378.549 1613
378.563 1645
378.577 1627
378.590 1651
378.604 1623
378.618 1661
378.631 1668
378.645 1651
378.659 1662
378.672 1657
378.686 1711
378.700 1748
378.713 1778
378.727 1748
378.740 1720
378.754 1759
378.768 1728
378.781 1725
378.795 1794
378.809 1772
378.822 1767
378.836 1778
378.850 1718
378.863 1746
378.877 1743
378.891 1749
378.904 1756
378.918 1813
378.932 1769
378.945 1813
378.959 1749
378.973 1795
378.986 1769
379.000 1739
379.014 1802
379.027 1811
379.041 1824
379.054 1849
379.068 1803
379.082 1814
379.095 1834
379.109 1880
379.123 1826
379.136 1875
379.150 1853
379.164 1904
379.177 1866
379.191 1845
379.205 1875
379.218 1940
379.232 1947
379.245 1939
379.259 1947
379.273 1964
379.286 1940
379.300 1952
379.314 1968
379.327 1964
379.341 1978
379.355 2026
379.368 1975
379.382 2041
379.396 2038
379.409 2064
379.423 2111
379.436 2073
379.450 2084
379.464 2077
379.477 2139
379.491 2129
379.505 2130
379.518 2172
379.532 2199
379.546 2236
379.559 2286
379.573 2232
379.586 2279
379.600 2281
379.614 2378
379.627 2308
379.641 2305
379.655 2405
379.668 2313
379.682 2362
379.695 2354
379.709 2395
379.723 2433
379.736 2546
379.750 2630
379.764 2612
379.777 2594
379.791 2679
379.804 2708
379.818 2694
379.832 2702
379.845 2585
379.859 2585
379.873 2659
379.886 2737
379.900 2715
379.913 2815
379.927 2754
379.941 2821
379.954 2924
379.968 2928
379.982 2960
379.995 2922
380.009 2998
380.022 3066
380.036 3046
380.050 3129
380.063 3142
380.077 3301
380.090 3412
380.104 3417
380.118 3511
380.131 3494
380.145 3557
380.159 3469
380.172 3576
380.186 3628
380.199 3760
380.213 3806
380.227 3877
380.240 3919
380.254 3886
380.267 3781
380.281 3869
380.295 3875
380.308 4019
380.322 4004
380.336 4021
380.349 4149
380.363 4169
380.376 4263
380.390 4332
380.404 4453
380.417 4407
380.431 4492
380.444 4485
380.458 4629
380.472 4631
380.485 4652
380.499 4766
380.512 4870
380.526 4842
380.540 4956
380.553 5046
380.567 5054
380.580 5152
380.594 5261
380.608 5378
380.621 5554
380.635 5577
380.648 5622
380.662 5674
380.676 5697
380.689 5833
380.703 5889
380.716 5934
380.730 6066
380.744 6123
380.757 6281
380.771 6381
380.784 6475
380.798 6562
380.812 6631
380.825 6738
380.839 6677
380.852 6987
380.866 7062
380.880 7179
380.893 7119
380.907 7101
380.920 7105
380.934 7214
380.948 7384
380.961 7383
380.975 7592
380.988 7655
381.002 7615
381.015 7618
381.029 7778
381.043 7934
381.056 7924
381.070 8103
381.083 8020
381.097 8091
381.111 8262
381.124 8313
381.138 8496
381.151 8421
381.165 8616
381.179 8659
381.192 8801
381.206 8624
381.219 8640
381.233 8925
381.246 8935
381.260 9023
381.274 9079
381.287 9169
381.301 9265
381.314 9396
381.328 9368
381.341 9496
381.355 9492
381.369 9611
381.382 9634
381.396 9774
381.409 9987
381.423 10224
381.437 10113
381.450 10168
381.464 10350
381.477 10560
381.491 10609
381.504 10569
381.518 10588
381.532 10752
381.545 11053
381.559 11244
381.572 11212
381.586 11200
381.599 11349
381.613 11470
381.627 11504
381.640 11601
381.654 11592
381.667 11688
381.681 11752
381.694 11788
381.708 11496
381.722 11491
381.735 11584
381.749 11612
381.762 11663
381.776 11814
381.789 11930
381.803 11806
381.817 11933
381.830 12058
381.844 12154
381.857 12295
381.871 12452
381.884 12518
381.898 12434
381.911 12568
381.925 12672
381.939 12693
381.952 12921
381.966 12771
381.979 13090
381.993 13315
382.006 13515
382.020 13422
382.034 13653
382.047 13321
382.061 13464
382.074 13391
382.088 13461
382.101 13525
382.115 13514
382.128 13750
382.142 14248
382.156 14750
382.169 14831
382.183 14551
382.196 14662
382.210 14579
382.223 14553
382.237 14760
382.250 14629
382.264 14827
382.278 15072
382.291 15207
382.305 15499
382.318 15598
382.332 15759
382.345 15186
382.359 14983
382.372 15169
382.386 15250
382.399 15362
382.413 15469
382.427 15643
382.440 15680
382.454 15785
382.467 16024
382.481 16315
382.494 16615
382.508 16792
382.521 16961
382.535 16830
382.548 16823
382.562 16852
382.576 16809
382.589 16966
382.603 17121
382.616 17350
382.630 17534
382.643 17668
382.657 17746
382.670 17916
382.684 17898
382.697 17830
382.711 17989
382.724 17997
382.738 18236
382.752 18244
382.765 18442
382.779 18578
382.792 18677
382.806 18785
382.819 18984
382.833 19271
382.846 19354
382.860 19418
382.873 19522
382.887 19641
382.900 19801
382.914 20035
382.928 20389
382.941 20534
382.955 20496
382.968 20646
382.982 20997
382.995 21037
383.009 21097
383.022 21143
383.036 21260
383.049 21582
383.063 21670
383.076 21778
383.090 21870
383.103 21888
383.117 21772
383.130 22126
383.144 22301
383.158 22310
383.171 22552
383.185 22781
383.198 22904
383.212 23113
383.225 23491
383.239 23581
383.252 23897
383.266 23973
383.279 23991
383.293 24192
383.306 24445
383.320 24828
383.333 25251
383.347 25314
383.360 25397
383.374 25294
383.387 25456
383.401 25485
383.414 25589
383.428 25458
383.441 25445
383.455 25271
383.468 25356
383.482 25695
383.496 26508
383.509 26488
383.523 26442
383.536 26340
383.550 26448
383.563 26555
383.577 26900
383.590 27082
383.604 26945
383.617 26680
383.631 26884
383.644 26394
383.658 26273
383.671 26400
383.685 26287
383.698 26619
383.712 26617
383.725 26849
383.739 26466
383.752 26422
383.766 26343
383.779 26297
383.793 26355
383.806 26578
383.820 27085
383.833 27154
383.847 26825
383.860 27365
383.874 27156
383.887 26297
383.901 26391
383.914 26717
383.928 26761
383.941 26540
383.955 25967
383.968 26049
383.982 26010
383.995 25686
384.009 25631
384.022 25412
384.036 25665
384.049 25426
384.063 25776
384.076 25707
384.090 26073
384.103 26038
384.117 26170
384.130 25377
384.144 24768
384.157 24678
384.171 24288
384.184 24091
384.198 23803
384.211 23570
384.225 23491
384.238 23483
384.252 23529
384.265 23086
384.279 22889
384.292 22542
384.306 22352
384.319 21633
384.333 21438
384.346 20838
384.360 20492
384.373 20039
384.387 19721
384.400 19451
384.414 18833
384.427 18572
384.441 18192
384.454 17835
384.468 17360
384.481 16791
384.495 16473
384.508 16208
384.522 15701
384.535 15183
384.549 14856
384.562 14383
384.575 14076
384.589 13878
384.602 13592
384.616 13233
384.629 12986
384.643 12640
384.656 12262
384.670 11791
384.683 11450
384.697 10975
384.710 10647
384.724 10357
384.737 10054
384.751 9616
384.764 9575
384.778 9273
384.791 8928
384.805 8718
384.818 8442
384.832 8220
384.845 7956
384.859 7693
384.872 7458
384.885 7114
384.899 6886
384.912 6843
384.926 6626
384.939 6441
384.953 6286
384.966 6231
384.980 6012
384.993 5889
385.007 5825
385.020 5726
385.034 5589
385.047 5495
385.061 5324
385.074 5343
385.088 5125
385.101 5175
385.114 4970
385.128 4798
385.141 4840
385.155 4662
385.168 4787
385.182 4796
385.195 4767
385.209 4631
385.222 4565
385.236 4439
385.249 4414
385.263 4335
385.276 4132
385.290 4132
385.303 4073
385.316 4026
385.330 4029
385.343 4032
385.357 3926
385.370 3873
385.384 3714
385.397 3707
385.411 3763
385.424 3631
385.438 3601
385.451 3616
385.464 3636
385.478 3526
385.491 3528
385.505 3482
385.518 3401
385.532 3459
385.545 3434
385.559 3334
385.572 3303
385.586 3335
385.599 3203
385.612 3281
385.626 3218
385.639 3149
385.653 3243
385.666 3260
385.680 3197
385.693 3154
385.707 3128
385.720 3139
385.734 3072
385.747 2994
385.760 2949
385.774 2984
385.787 2943
385.801 2921
385.814 2762
385.828 2808
385.841 2755
385.855 2768
385.868 2745
385.881 2722
385.895 2756
385.908 2723
385.922 2743
385.935 2643
385.949 2687
385.962 2635
385.976 2643
385.989 2590
386.002 2639
386.016 2611
386.029 2591
386.043 2607
386.056 2576
386.070 2505
386.083 2500
386.097 2489
386.110 2488
386.123 2490
386.137 2494
386.150 2450
386.164 2490
386.177 2442
386.191 2429
386.204 2391
386.217 2324
386.231 2326
386.244 2331
386.258 2366
386.271 2329
386.285 2385
386.298 2367
386.311 2340
386.325 2277
386.338 2280
386.352 2258
386.365 2251
386.379 2233
386.392 2189
386.405 2166
386.419 2213
386.432 2203
386.446 2181
386.459 2215
386.473 2198
386.486 2179
386.499 2138
386.513 2149
386.526 2124
386.540 2114
386.553 2065
386.567 2083
386.580 2147
386.593 2076
386.607 2130
386.620 2103
386.634 2064
386.647 2118
386.661 2069
386.674 2048
386.687 2024
386.701 1995
386.714 1975
386.728 1980
386.741 1927
386.754 1967
386.768 1971
386.781 1951
386.795 1919
386.808 1912
386.822 1901
386.835 1897
386.848 1881
386.862 1831
386.875 1856
386.889 1802
386.902 1832
386.915 1844
386.929 1803
386.942 1795
386.956 1744
386.969 1805
386.983 1783
386.996 1778
387.009 1777
387.023 1770
387.036 1757
387.050 1750
387.063 1771
387.076 1764
387.090 1730
387.103 1696
387.117 1716
387.130 1698
387.143 1691
387.157 1721
387.170 1686
387.184 1690
387.197 1701
387.210 1685
387.224 1688
387.237 1654
387.251 1622
387.264 1606
387.278 1613
387.291 1620
387.304 1660
387.318 1615
387.331 1609
387.345 1609
387.358 1564
387.371 1585
387.385 1558
387.398 1563
387.412 1531
387.425 1534
387.438 1520
387.452 1477
387.465 1484
387.478 1488
387.492 1471
387.505 1478
387.519 1470
387.532 1454
387.545 1497
387.559 1503
387.572 1488
387.586 1483
387.599 1473
387.612 1480
387.626 1465
387.639 1420
387.653 1431
387.666 1388
387.679 1406
387.693 1342
387.706 1368
387.720 1366
387.733 1343
387.746 1389
387.760 1392
387.773 1391
387.787 1390
387.800 1380
387.813 1339
387.827 1359
387.840 1302
387.853 1301
387.867 1317
387.880 1329
387.894 1362
387.907 1360
387.920 1312
387.934 1310
387.947 1293
387.961 1330
387.974 1282
387.987 1283
388.001 1285
388.014 1263
388.027 1257
388.041 1251
388.054 1230
388.068 1236
388.081 1220
388.094 1237
388.108 1241
388.121 1214
388.134 1225
388.148 1197
388.161 1211
388.175 1181
388.188 1173
388.201 1174
388.215 1187
388.228 1178
388.241 1176
388.255 1196
388.268 1140
388.282 1212
388.295 1163
388.308 1161
388.322 1155
388.335 1178
388.348 1172
388.362 1148
388.375 1165
388.389 1175
388.402 1156
388.415 1142
388.429 1180
388.442 1177
388.455 1170
388.469 1143
388.482 1155
388.495 1161
388.509 1163
388.522 1182
388.536 1163
388.549 1147
388.562 1148
388.576 1134
388.589 1151
388.602 1144
388.616 1139
388.629 1139
388.642 1163
388.656 1147
388.669 1125
388.683 1116
388.696 1162
388.709 1132
388.723 1143
388.736 1129
388.749 1127
388.763 1105
388.776 1125
388.789 1129
388.803 1132
388.816 1102
388.829 1101
388.843 1062
388.856 1121
388.870 1111
388.883 1113
388.896 1083
388.910 1121
388.923 1104
388.936 1112
388.950 1107
388.963 1109
388.976 1099
388.990 1128
389.003 1097
389.016 1112
389.030 1107
389.043 1119
389.056 1129
389.070 1087
389.083 1101
389.097 1093
389.110 1061
389.123 1086
389.137 1080
389.150 1074
389.163 1080
389.177 1088
389.190 1065
389.203 1069
389.217 1079
389.230 1065
389.243 1103
389.257 1051
389.270 1081
389.283 1064
389.297 1065
389.310 1060
389.323 1053
389.337 1050
389.350 1044
389.363 1030
389.377 1021
389.390 1026
389.403 1050
389.417 1059
389.430 1038
389.443 1037
389.457 1039
389.470 1071
389.483 1034
389.497 1060
389.510 1071
389.523 1043
389.537 1073
389.550 1036
389.563 1029
389.577 1009
389.590 1038
389.603 1005
389.617 1018
389.630 1016
389.643 1008
389.657 1000
389.670 1020
389.683 1013
389.697 988
389.710 992
389.723 991
389.737 1007
389.750 1004
389.763 1000
389.777 1003
389.790 993
389.803 992
389.817 992
389.830 992
389.843 1001
389.857 978
389.870 956
389.883 961
389.897 958
389.910 970
389.923 954
389.937 961
389.950 968
389.963 950
389.977 968
389.990 963
390.003 964
390.017 971
390.030 962
390.043 951
390.057 935
390.070 936
390.083 924
390.096 945
390.110 922
390.123 917
390.136 911
390.150 920
390.163 921
390.176 913
390.190 921
390.203 924
390.216 903
390.230 913
390.243 905
390.256 887
390.270 891
390.283 882
390.296 887
390.310 910
390.323 884
390.336 886
390.349 864
390.363 880
390.376 866
390.389 880
390.403 892
390.416 857
390.429 868
390.443 883
390.456 855
390.469 838
390.483 847
390.496 845
390.509 838
390.522 835
390.536 850
390.549 834
390.562 831
390.576 828
390.589 832
390.602 819
390.616 820
390.629 802
390.642 812
390.655 821
390.669 813
390.682 824
390.695 817
390.709 818
390.722 798
390.735 801
390.749 799
390.762 814
390.775 790
390.788 802
390.802 795
390.815 794
390.828 794
390.842 782
390.855 797
390.868 768
390.882 792
390.895 792
390.908 772
390.921 786
390.935 773
390.948 777
390.961 773
390.975 759
390.988 759
391.001 780
391.014 763
391.028 760
391.041 765
391.054 768
391.068 772
391.081 768
391.094 759
391.107 765
391.121 745
391.134 767
391.147 756
391.161 746
391.174 759
391.187 747
391.200 739
391.214 747
391.227 733
391.240 730
391.254 729
391.267 749
391.280 734
391.293 738
391.307 726
391.320 740
391.333 733
391.347 740
391.360 720
391.373 754
391.386 732
391.400 722
391.413 740
391.426 722
391.440 719
391.453 726
391.466 722
391.479 729
391.493 725
391.506 722
391.519 721
391.532 738
391.546 736
391.559 725
391.572 729
391.586 706
391.599 730
391.612 711
391.625 718
391.639 727
391.652 735
391.665 717
391.678 707
391.692 710
391.705 724
391.718 721
391.732 713
391.745 715
391.758 714
391.771 716
391.785 711
391.798 717
391.811 722
391.824 713
391.838 720
391.851 701
391.864 709
391.877 712
391.891 706
391.904 708
391.917 717
391.931 702
391.944 703
391.957 712
391.970 710
391.984 714
391.997 708
392.010 718
392.023 698
392.037 709
392.050 708
392.063 709
392.076 705
392.090 700
392.103 697
392.116 717
392.129 698
392.143 685
392.156 703
392.169 710
392.182 705
392.196 698
392.209 701
392.222 699
392.235 694
392.249 702
392.262 709
392.275 699
392.288 701
392.302 701
392.315 698
392.328 701
392.341 694
392.355 701
392.368 686
392.381 702
392.394 705
392.408 685
392.421 699
392.434 695
392.447 706
392.461 700
392.474 699
392.487 696
392.500 698
392.514 690
392.527 699
392.540 676
392.553 702
392.567 685
392.580 696
392.593 692
392.606 690
392.620 697
392.633 683
392.646 678
392.659 680
392.673 695
392.686 693
392.699 677
392.712 686
392.726 700
392.739 694
392.752 690
392.765 693
392.778 694
392.792 682
392.805 685
392.818 694
392.831 684
392.845 685
392.858 681
392.871 686
392.884 689
392.898 686
392.911 706
392.924 688
392.937 690
392.951 685
392.964 689
392.977 693
392.990 676
393.003 690
393.017 691
393.030 683
393.043 688
393.056 681
393.070 681
393.083 685
393.096 681
393.109 692
393.122 687
393.136 685
393.149 690
393.162 690
393.175 690
393.189 683
393.202 681
393.215 682
393.228 678
393.242 689
393.255 674
393.268 683
393.281 682
393.294 685
393.308 682
393.321 682
393.334 678
393.347 675
393.360 681
393.374 680
393.387 677
393.400 680
393.413 688
393.427 685
393.440 678
393.453 677
393.466 676
393.479 670
393.493 671
393.506 676
393.519 674
393.532 678
393.546 662
393.559 665
393.572 683
393.585 678
393.598 671
393.612 672
393.625 681
393.638 676
393.651 678
393.664 671
393.678 675
393.691 676
393.704 681
393.717 675
393.730 680
393.744 670
393.757 676
393.770 671
393.783 668
393.796 675
393.810 664
393.823 669
393.836 668
393.849 670
393.863 672
393.876 681
393.889 667
393.902 690
393.915 675
393.929 675
