375.891 818
375.905 818
375.919 815
375.933 832
375.946 836
375.960 834
375.974 824
375.987 828
376.001 835
376.015 835
376.029 838
376.042 843
376.056 839
376.070 846
376.084 842
376.097 849
376.111 870
376.125 859
376.139 863
376.152 870
376.166 862
376.180 879
376.193 859
376.207 872
376.221 881
376.235 876
376.248 878
376.262 893
376.276 903
376.290 895
376.303 904
376.317 907
376.331 903
376.345 891
376.358 896
376.372 892
376.386 938
376.399 916
376.413 930
376.427 914
376.441 939
376.454 923
376.468 924
376.482 931
376.495 939
376.509 953
376.523 962
376.537 963
376.550 961
376.564 992
376.578 977
376.592 978
376.605 966
376.619 989
376.633 972
376.646 976
376.660 980
376.674 962
376.688 988
376.701 987
376.715 1017
376.729 1003
376.742 1031
376.756 1019
376.770 1028
376.784 995
376.797 1041
376.811 1018
376.825 1051
376.838 1073
376.852 1060
376.866 1062
376.880 1047
376.893 1087
376.907 1052
376.921 1072
376.934 1075
376.948 1091
376.962 1101
376.976 1105
376.989 1089
377.003 1122
377.017 1122
377.030 1131
377.044 1155
377.058 1158
377.071 1175
377.085 1130
377.099 1149
377.113 1128
377.126 1120
377.140 1129
377.154 1164
377.167 1177
377.181 1206
377.195 1167
377.208 1167
377.222 1174
377.236 1214
377.250 1195
377.263 1230
377.277 1221
377.291 1227
377.304 1260
377.318 1266
377.332 1259
377.345 1235
377.359 1262
377.373 1235
377.387 1244
377.400 1254
377.414 1280
377.428 1244
377.441 1265
377.455 1274
377.469 1293
377.482 1311
377.496 1307
377.510 1308
377.524 1332
377.537 1356
377.551 1341
377.565 1312
377.578 1325
377.592 1369
377.606 1343
377.619 1302
377.633 1344
377.647 1321
377.660 1325
377.674 1344
377.688 1336
377.701 1339
377.715 1356
377.729 1374
377.743 1371
377.756 1375
377.770 1381
377.784 1375
377.797 1363
377.811 1377
377.825 1387
377.838 1379
377.852 1380
377.866 1425
377.879 1419
377.893 1431
377.907 1438
377.920 1431
377.934 1432
377.948 1416
377.961 1412
377.975 1440
377.989 1453
378.002 1436
378.016 1414
378.030 1453
378.044 1447
378.057 1417
378.071 1464
378.085 1465
378.098 1470
378.112 1436
378.126 1476
378.139 1442
378.153 1460
378.167 1450
378.180 1467
378.194 1463
378.208 1484
378.221 1487
378.235 1470
378.249 1520
378.262 1489
378.276 1475
378.290 1511
378.303 1518
378.317 1524
378.331 1517
378.344 1520
378.358 1528
378.372 1538
378.385 1553
378.399 1545
378.413 1504
378.426 1491
378.440 1582
378.454 1552
378.467 1548
378.481 1565
378.495 1543
378.508 1545
378.522 1543
378.536 1548
378.549 1568
378.563 1572
378.577 1540
378.590 1580
378.604 1626
378.618 1590
378.631 1561
378.645 1578
378.659 1586
378.672 1606
378.686 1637
378.700 1663
378.713 1690
378.727 1672
378.740 1656
378.754 1689
378.768 1632
378.781 1682
378.795 1737
378.809 1698
378.822 1677
378.836 1698
378.850 1658
378.863 1668
378.877 1697
378.891 1693
378.904 1725
378.918 1674
378.932 1746
378.945 1695
378.959 1692
378.973 1740
378.986 1690
379.000 1709
379.014 1730
379.027 1741
379.041 1746
379.054 1735
379.068 1728
379.082 1728
379.095 1769
379.109 1745
379.123 1778
379.136 1734
379.150 1799
379.164 1779
379.177 1745
379.191 1822
379.205 1763
379.218 1756
379.232 1863
379.245 1800
379.259 1845
379.273 1819
379.286 1841
379.300 1850
379.314 1855
379.327 1884
379.341 1858
379.355 1912
379.368 1917
379.382 1962
379.396 1938
379.409 2000
379.423 1979
379.436 1946
379.450 1971
379.464 1999
379.477 2053
379.491 2046
379.505 2038
379.518 2073
379.532 2046
379.546 2086
379.559 2138
379.573 2113
379.586 2144
379.600 2120
379.614 2158
379.627 2185
379.641 2192
379.655 2247
379.668 2215
379.682 2226
379.695 2250
379.709 2337
379.723 2295
379.736 2390
379.750 2401
379.764 2427
379.777 2476
379.791 2487
379.804 2504
379.818 2536
379.832 2475
379.845 2493
379.859 2491
379.873 2523
379.886 2569
379.900 2545
379.913 2615
379.927 2600
379.941 2679
379.954 2758
379.968 2784
379.982 2772
379.995 2797
380.009 2824
380.022 2864
380.036 2914
380.050 2898
380.063 2995
380.077 3089
380.090 3171
380.104 3113
380.118 3228
380.131 3223
380.145 3282
380.159 3257
380.172 3374
380.186 3359
380.199 3459
380.213 3581
380.227 3599
380.240 3606
380.254 3515
380.267 3569
380.281 3619
380.295 3692
380.308 3680
380.322 3725
380.336 3862
380.349 3864
380.363 3904
380.376 3940
380.390 3979
380.404 4125
380.417 4146
380.431 4189
380.444 4231
380.458 4282
380.472 4286
380.485 4358
380.499 4432
380.512 4500
380.526 4466
380.540 4602
380.553 4619
380.567 4663
380.580 4794
380.594 4927
380.608 4927
380.621 5134
380.635 5219
380.648 5137
380.662 5218
380.676 5289
380.689 5324
380.703 5392
380.716 5471
380.730 5559
380.744 5543
380.757 5737
380.771 5845
380.784 5917
380.798 5865
380.812 6114
380.825 6169
380.839 6167
380.852 6328
380.866 6478
380.880 6695
380.893 6584
380.907 6434
380.920 6590
380.934 6725
380.948 6781
380.961 6892
380.975 6916
380.988 6930
381.002 6903
381.015 6961
381.029 7173
381.043 7148
381.056 7314
381.070 7320
381.083 7447
381.097 7339
381.111 7534
381.124 7690
381.138 7862
381.151 7903
381.165 7943
381.179 7941
381.192 7927
381.206 7980
381.219 7993
381.233 8126
381.246 7990
381.260 8282
381.274 8206
381.287 8287
381.301 8391
381.314 8408
381.328 8499
381.341 8690
381.355 8715
381.369 8743
381.382 8852
381.396 8820
381.409 9041
381.423 9052
381.437 9204
381.450 9275
381.464 9401
381.477 9544
381.491 9772
381.504 9605
381.518 9524
381.532 9660
381.545 9894
381.559 10165
381.572 10238
381.586 10138
381.599 10310
381.613 10368
381.627 10444
381.640 10399
381.654 10576
381.667 10613
381.681 10631
381.694 10639
381.708 10421
381.722 10533
381.735 10450
381.749 10678
381.762 10648
381.776 10665
381.789 10859
381.803 10691
381.817 10674
381.830 10827
381.844 10989
381.857 11035
381.871 11190
381.884 11308
381.898 11259
381.911 11366
381.925 11381
381.939 11448
381.952 11551
381.966 11469
381.979 11692
381.993 11812
382.006 12080
382.020 12199
382.034 12200
382.047 12025
382.061 12191
382.074 11980
382.088 12099
382.101 12063
382.115 12339
382.128 12208
382.142 12499
382.156 13051
382.169 13116
382.183 13022
382.196 12988
382.210 12870
382.223 13031
382.237 13015
382.250 13297
382.264 13285
382.278 13326
382.291 13350
382.305 13676
382.318 13855
382.332 13833
382.345 13708
382.359 13522
382.372 13639
382.386 13728
382.399 13834
382.413 13709
382.427 13852
382.440 14119
382.454 14058
382.467 14263
382.481 14531
382.494 14969
382.508 14830
382.521 15081
382.535 14986
382.548 15059
382.562 14975
382.576 15119
382.589 15106
382.603 15510
382.616 15451
382.630 15586
382.643 15586
382.657 15971
382.670 15986
382.684 15872
382.697 15860
382.711 16206
382.724 16154
382.738 16240
382.752 16164
382.765 16367
382.779 16556
382.792 16824
382.806 16642
382.819 16746
382.833 16786
382.846 17099
382.860 17305
382.873 17343
382.887 17378
382.900 17499
382.914 17666
382.928 17965
382.941 18210
382.955 18128
382.968 18403
382.982 18577
382.995 18806
383.009 18782
383.022 18708
383.036 18946
383.049 18955
383.063 19151
383.076 19280
383.090 19203
383.103 19385
383.117 19471
383.130 19587
383.144 19769
383.158 19705
383.171 19951
383.185 20151
383.198 20362
383.212 20673
383.225 20749
383.239 21145
383.252 20979
383.266 21287
383.279 21234
383.293 21345
383.306 21619
383.320 21937
383.333 22303
383.347 22454
383.360 22403
383.374 22074
383.387 22421
383.401 22518
383.414 22667
383.428 22380
383.441 22542
383.455 22444
383.468 22324
383.482 22611
383.496 23047
383.509 23126
383.523 23266
383.536 23273
383.550 23202
383.563 23447
383.577 23551
383.590 23773
383.604 23684
383.617 23123
383.631 23410
383.644 23208
383.658 23180
383.671 23150
383.685 23131
383.698 23411
383.712 23604
383.725 23679
383.739 23340
383.752 23160
383.766 23278
383.779 23101
383.793 23137
383.806 23288
383.820 23558
383.833 23499
383.847 23562
383.860 23784
383.874 23516
383.887 23129
383.901 22942
383.914 23295
383.928 23343
383.941 23107
383.955 22891
383.968 22773
383.982 22680
383.995 22529
384.009 22413
384.022 22280
384.036 22460
384.049 22014
384.063 22398
384.076 22418
384.090 22657
384.103 22721
384.117 22960
384.130 22289
384.144 21597
384.157 21315
384.171 21020
384.184 21084
384.198 20633
384.211 20400
384.225 20200
384.238 20645
384.252 20439
384.265 20106
384.279 20069
384.292 19559
384.306 19517
384.319 18931
384.333 18531
384.346 18067
384.360 17848
384.373 17619
384.387 17284
384.400 16724
384.414 16611
384.427 16302
384.441 16122
384.454 15585
384.468 15289
384.481 14825
384.495 14712
384.508 14249
384.522 13805
384.535 13479
384.549 13091
384.562 12785
384.575 12436
384.589 12229
384.602 12085
384.616 11944
384.629 11602
384.643 11280
384.656 11060
384.670 10579
384.683 10200
384.697 9889
384.710 9710
384.724 9345
384.737 9052
384.751 8866
384.764 8649
384.778 8374
384.791 8221
384.805 8008
384.818 7692
384.832 7462
384.845 7212
384.859 7179
384.872 6814
384.885 6533
384.899 6459
384.912 6297
384.926 6127
384.939 6050
384.953 5834
384.966 5714
384.980 5606
384.993 5327
385.007 5276
385.020 5156
385.034 5159
385.047 5008
385.061 4957
385.074 4628
385.088 4654
385.101 4658
385.114 4580
385.128 4451
385.141 4292
385.155 4324
385.168 4259
385.182 4254
385.195 4178
385.209 4089
385.222 3986
385.236 3987
385.249 3813
385.263 3813
385.276 3734
385.290 3658
385.303 3614
385.316 3572
385.330 3553
385.343 3561
385.357 3455
385.370 3455
385.384 3327
385.397 3363
385.411 3272
385.424 3229
385.438 3264
385.451 3206
385.464 3188
385.478 3206
385.491 3166
385.505 3109
385.518 3072
385.532 3024
385.545 3025
385.559 2950
385.572 2936
385.586 2942
385.599 2953
385.612 2871
385.626 2916
385.639 2898
385.653 2887
385.666 2904
385.680 2821
385.693 2766
385.707 2803
385.720 2770
385.734 2721
385.747 2826
385.760 2634
385.774 2680
385.787 2589
385.801 2607
385.814 2519
385.828 2531
385.841 2552
385.855 2539
385.868 2482
385.881 2436
385.895 2435
385.908 2459
385.922 2387
385.935 2416
385.949 2405
385.962 2358
385.976 2361
385.989 2315
386.002 2336
386.016 2405
386.029 2320
386.043 2341
386.056 2317
386.070 2269
386.083 2263
386.097 2289
386.110 2284
386.123 2254
386.137 2283
386.150 2246
386.164 2156
386.177 2184
386.191 2237
386.204 2159
386.217 2127
386.231 2125
386.244 2079
386.258 2158
386.271 2097
386.285 2110
386.298 2138
386.311 2129
386.325 2103
386.338 2044
386.352 2014
386.365 2034
386.379 2030
386.392 2039
386.405 1996
386.419 1998
386.432 1994
386.446 2031
386.459 1950
386.473 2003
386.486 1952
386.499 1901
386.513 1992
386.526 1915
386.540 1957
386.553 1909
386.567 1852
386.580 1918
386.593 1914
386.607 1926
386.620 1927
386.634 1909
386.647 1911
386.661 1865
386.674 1906
386.687 1850
386.701 1763
386.714 1840
386.728 1776
386.741 1809
386.754 1809
386.768 1795
386.781 1788
386.795 1783
386.808 1724
386.822 1725
386.835 1734
386.848 1728
386.862 1722
386.875 1669
386.889 1735
386.902 1707
386.915 1659
386.929 1660
386.942 1643
386.956 1665
386.969 1649
386.983 1601
386.996 1659
387.009 1574
387.023 1650
387.036 1630
387.050 1642
387.063 1621
387.076 1617
387.090 1572
387.103 1559
387.117 1563
387.130 1579
387.143 1593
387.157 1610
387.170 1564
387.184 1548
387.197 1590
387.210 1549
387.224 1566
387.237 1556
387.251 1544
387.264 1535
387.278 1542
387.291 1543
387.304 1522
387.318 1526
387.331 1482
387.345 1474
387.358 1492
387.371 1471
387.385 1458
387.398 1423
387.412 1422
387.425 1412
387.438 1397
387.452 1384
387.465 1399
387.478 1417
387.492 1395
387.505 1353
387.519 1399
387.532 1421
387.545 1387
387.559 1417
387.572 1394
387.586 1393
387.599 1365
387.612 1350
387.626 1366
387.639 1361
387.653 1342
387.666 1331
387.679 1306
387.693 1286
387.706 1299
387.720 1277
387.733 1291
387.746 1323
387.760 1233
387.773 1323
387.787 1275
387.800 1304
387.813 1276
387.827 1257
387.840 1225
387.853 1230
387.867 1250
387.880 1265
387.894 1248
387.907 1264
387.920 1269
387.934 1237
387.947 1232
387.961 1206
387.974 1186
387.987 1168
388.001 1167
388.014 1192
388.027 1179
388.041 1177
388.054 1173
388.068 1171
388.081 1174
388.094 1203
388.108 1178
388.121 1173
388.134 1174
388.148 1153
388.161 1117
388.175 1117
388.188 1130
388.201 1112
388.215 1096
388.228 1133
388.241 1101
388.255 1150
388.268 1133
388.282 1088
388.295 1117
388.308 1137
388.322 1128
388.335 1127
388.348 1092
388.362 1113
388.375 1111
388.389 1108
388.402 1126
388.415 1112
388.429 1113
388.442 1127
388.455 1128
388.469 1122
388.482 1099
388.495 1095
388.509 1110
388.522 1126
388.536 1084
388.549 1111
388.562 1090
388.576 1093
388.589 1089
388.602 1085
388.616 1103
388.629 1059
388.642 1074
388.656 1082
388.669 1044
388.683 1068
388.696 1080
388.709 1092
388.723 1112
388.736 1048
388.749 1096
388.763 1079
388.776 1053
388.789 1085
388.803 1054
388.816 1067
388.829 1038
388.843 1054
388.856 1027
388.870 1047
388.883 1066
388.896 1076
388.910 1046
388.923 1055
388.936 1078
388.950 1066
388.963 1039
388.976 1036
388.990 1041
389.003 1034
389.016 1027
389.030 1049
389.043 1044
389.056 1059
389.070 1034
389.083 1043
389.097 1006
389.110 1028
389.123 1030
389.137 1018
389.150 1015
389.163 1012
389.177 1046
389.190 1007
389.203 1007
389.217 1044
389.230 1020
389.243 1019
389.257 996
389.270 1011
389.283 1010
389.297 1001
389.310 1038
389.323 1006
389.337 981
389.350 1006
389.363 1004
389.377 996
389.390 1016
389.403 988
389.417 989
389.430 962
389.443 994
389.457 985
389.470 1031
389.483 1000
389.497 1025
389.510 984
389.523 981
389.537 994
389.550 981
389.563 964
389.577 983
389.590 970
389.603 957
389.617 969
389.630 970
389.643 972
389.657 973
389.670 968
389.683 969
389.697 962
389.710 951
389.723 951
389.737 951
389.750 926
389.763 979
389.777 941
389.790 955
389.803 951
389.817 936
389.830 947
389.843 935
389.857 929
389.870 918
389.883 941
389.897 908
389.910 932
389.923 918
389.937 908
389.950 926
389.963 946
389.977 935
389.990 915
390.003 937
390.017 914
390.030 919
390.043 910
390.057 901
390.070 876
390.083 900
390.096 904
390.110 872
390.123 894
390.136 883
390.150 886
390.163 873
390.176 862
390.190 878
390.203 868
390.216 878
390.230 875
390.243 871
390.256 866
390.270 863
390.283 851
390.296 860
390.310 857
390.323 836
390.336 842
390.349 848
390.363 847
390.376 841
390.389 826
390.403 849
390.416 835
390.429 825
390.443 842
390.456 833
390.469 819
390.483 833
390.496 802
390.509 824
390.522 818
390.536 823
390.549 803
390.562 808
390.576 806
390.589 802
390.602 818
390.616 793
390.629 798
390.642 807
390.655 780
390.669 799
390.682 797
390.695 804
390.709 784
390.722 789
390.735 777
390.749 785
390.762 769
390.775 764
390.788 777
390.802 776
390.815 774
390.828 771
390.842 757
390.855 762
390.868 756
390.882 753
390.895 759
390.908 758
390.921 747
390.935 762
390.948 750
390.961 742
390.975 746
390.988 740
391.001 758
391.014 737
391.028 747
391.041 742
391.054 748
391.068 737
391.081 756
391.094 754
391.107 734
391.121 736
391.134 733
391.147 742
391.161 745
391.174 745
391.187 742
391.200 732
391.214 728
391.227 743
391.240 727
391.254 747
391.267 734
391.280 725
391.293 730
391.307 729
391.320 723
391.333 716
391.347 715
391.360 725
391.373 727
391.386 738
391.400 721
391.413 727
391.426 714
391.440 727
391.453 718
391.466 712
391.479 720
391.493 716
391.506 716
391.519 708
391.532 701
391.546 708
391.559 714
391.572 702
391.586 708
391.599 712
391.612 701
391.625 712
391.639 704
391.652 710
391.665 707
391.678 708
391.692 713
391.705 701
391.718 709
391.732 708
391.745 698
391.758 714
391.771 704
391.785 707
391.798 705
391.811 708
391.824 697
391.838 694
391.851 695
391.864 705
391.877 703
391.891 714
391.904 695
391.917 703
391.931 703
391.944 702
391.957 688
391.970 690
391.984 707
391.997 695
392.010 688
392.023 691
392.037 695
392.050 677
392.063 704
392.076 685
392.090 699
392.103 691
392.116 694
392.129 692
392.143 681
392.156 705
392.169 691
392.182 703
392.196 691
392.209 692
392.222 687
392.235 679
392.249 685
392.262 691
392.275 692
392.288 693
392.302 685
392.315 686
392.328 693
392.341 689
392.355 691
392.368 693
392.381 685
392.394 688
392.408 688
392.421 686
392.434 691
392.447 686
392.461 685
392.474 677
392.487 697
392.500 694
392.514 696
392.527 689
392.540 693
392.553 690
392.567 674
392.580 685
392.593 697
392.606 670
392.620 686
392.633 680
392.646 697
392.659 685
392.673 674
392.686 679
392.699 675
392.712 683
392.726 684
392.739 674
392.752 673
392.765 674
392.778 671
392.792 682
392.805 679
392.818 678
392.831 679
392.845 677
392.858 680
392.871 674
392.884 676
392.898 688
392.911 667
392.924 693
392.937 677
392.951 682
392.964 676
392.977 673
392.990 678
393.003 685
393.017 678
393.030 668
393.043 670
393.056 678
393.070 679
393.083 680
393.096 683
393.109 677
393.122 672
393.136 678
393.149 671
393.162 678
393.175 674
393.189 679
393.202 663
393.215 670
393.228 676
393.242 672
393.255 663
393.268 674
393.281 678
393.294 672
393.308 663
393.321 663
393.334 662
393.347 676
393.360 672
393.374 670
393.387 670
393.400 673
393.413 663
393.427 671
393.440 667
393.453 666
393.466 663
393.479 672
393.493 667
393.506 670
393.519 662
393.532 665
393.546 679
393.559 662
393.572 672
393.585 667
393.598 672
393.612 670
393.625 675
393.638 658
393.651 680
393.664 675
393.678 667
393.691 675
393.704 668
393.717 674
393.730 672
393.744 672
393.757 674
393.770 660
393.783 667
393.796 669
393.810 664
393.823 670
393.836 669
393.849 674
393.863 663
393.876 663
393.889 652
393.902 668
393.915 662
393.929 666
