375.891 784
375.905 781
375.919 795
375.933 805
375.946 802
375.960 814
375.974 807
375.987 803
376.001 810
376.015 794
376.029 821
376.042 795
376.056 823
376.070 814
376.084 801
376.097 827
376.111 816
376.125 836
376.139 830
376.152 842
376.166 860
376.180 839
376.193 834
376.207 871
376.221 844
376.235 822
376.248 863
376.262 858
376.276 885
376.290 853
376.303 868
376.317 849
376.331 891
376.345 857
376.358 867
376.372 896
376.386 870
376.399 897
376.413 886
376.427 906
376.441 879
376.454 881
376.468 893
376.482 897
376.495 884
376.509 918
376.523 936
376.537 919
376.550 960
376.564 944
376.578 935
376.592 946
376.605 944
376.619 946
376.633 962
376.646 959
376.660 945
376.674 947
376.688 949
376.701 955
376.715 943
376.729 977
376.742 980
376.756 987
376.770 1004
376.784 990
376.797 965
376.811 988
376.825 1009
376.838 1006
376.852 1021
376.866 1022
376.880 1025
376.893 1036
376.907 1036
376.921 1014
376.934 1011
376.948 1066
376.962 1063
376.976 1052
376.989 1048
377.003 1066
377.017 1065
377.030 1091
377.044 1093
377.058 1101
377.071 1089
377.085 1068
377.099 1104
377.113 1092
377.126 1135
377.140 1093
377.154 1106
377.167 1117
377.181 1134
377.195 1111
377.208 1109
377.222 1142
377.236 1140
377.250 1144
377.263 1150
377.277 1153
377.291 1198
377.304 1176
377.318 1178
377.332 1195
377.345 1210
377.359 1182
377.373 1187
377.387 1196
377.400 1214
377.414 1211
377.428 1219
377.441 1230
377.455 1222
377.469 1222
377.482 1245
377.496 1259
377.510 1238
377.524 1276
377.537 1302
377.551 1257
377.565 1266
377.578 1259
377.592 1247
377.606 1289
377.619 1290
377.633 1277
377.647 1276
377.660 1261
377.674 1264
377.688 1287
377.701 1302
377.715 1322
377.729 1303
377.743 1309
377.756 1286
377.770 1318
377.784 1311
377.797 1337
377.811 1308
377.825 1350
377.838 1307
377.852 1348
377.866 1341
377.879 1358
377.893 1366
377.907 1375
377.920 1379
377.934 1322
377.948 1341
377.961 1406
377.975 1355
377.989 1420
378.002 1348
378.016 1377
378.030 1365
378.044 1385
378.057 1370
378.071 1392
378.085 1414
378.098 1394
378.112 1407
378.126 1401
378.139 1404
378.153 1413
378.167 1404
378.180 1398
378.194 1418
378.208 1442
378.221 1422
378.235 1397
378.249 1463
378.262 1439
378.276 1433
378.290 1428
378.303 1449
378.317 1445
378.331 1465
378.344 1486
378.358 1432
378.372 1434
378.385 1482
378.399 1484
378.413 1486
378.426 1455
378.440 1468
378.454 1467
378.467 1465
378.481 1468
378.495 1480
378.508 1490
378.522 1522
378.536 1509
378.549 1471
378.563 1507
378.577 1499
378.590 1493
378.604 1484
378.618 1570
378.631 1535
378.645 1505
378.659 1547
378.672 1534
378.686 1550
378.700 1594
378.713 1584
378.727 1638
378.740 1572
378.754 1598
378.768 1595
378.781 1658
378.795 1666
378.809 1629
378.822 1648
378.836 1648
378.850 1619
378.863 1582
378.877 1613
378.891 1664
378.904 1624
378.918 1668
378.932 1638
378.945 1668
378.959 1605
378.973 1631
378.986 1661
379.000 1684
379.014 1649
379.027 1680
379.041 1647
379.054 1641
379.068 1690
379.082 1667
379.095 1720
379.109 1694
379.123 1724
379.136 1696
379.150 1690
379.164 1701
379.177 1701
379.191 1725
379.205 1755
379.218 1779
379.232 1777
379.245 1761
379.259 1745
379.273 1778
379.286 1769
379.300 1808
379.314 1795
379.327 1852
379.341 1845
379.355 1826
379.368 1854
379.382 1837
379.396 1873
379.409 1883
379.423 1894
379.436 1913
379.450 1892
379.464 1905
379.477 1964
379.491 1954
379.505 1974
379.518 1962
379.532 2014
379.546 1946
379.559 1988
379.573 2061
379.586 2046
379.600 2072
379.614 2100
379.627 2166
379.641 2109
379.655 2165
379.668 2144
379.682 2143
379.695 2160
379.709 2169
379.723 2234
379.736 2305
379.750 2325
379.764 2354
379.777 2386
379.791 2411
379.804 2370
379.818 2483
379.832 2382
379.845 2312
379.859 2393
379.873 2417
379.886 2439
379.900 2478
379.913 2530
379.927 2528
379.941 2609
379.954 2599
379.968 2631
379.982 2633
379.995 2618
380.009 2741
380.022 2682
380.036 2787
380.050 2826
380.063 2888
380.077 2952
380.090 3091
380.104 3071
380.118 3057
380.131 3061
380.145 3185
380.159 3163
380.172 3200
380.186 3300
380.199 3332
380.213 3354
380.227 3426
380.240 3464
380.254 3431
380.267 3382
380.281 3442
380.295 3444
380.308 3511
380.322 3558
380.336 3661
380.349 3633
380.363 3678
380.376 3837
380.390 3836
380.404 3965
380.417 3948
380.431 3880
380.444 4010
380.458 4042
380.472 4092
380.485 4137
380.499 4276
380.512 4285
380.526 4388
380.540 4323
380.553 4406
380.567 4491
380.580 4617
380.594 4584
380.608 4705
380.621 4842
380.635 4931
380.648 4989
380.662 4988
380.676 5049
380.689 5082
380.703 5184
380.716 5197
380.730 5251
380.744 5435
380.757 5547
380.771 5673
380.784 5664
380.798 5760
380.812 5865
380.825 5724
380.839 5926
380.852 5979
380.866 6150
380.880 6254
380.893 6218
380.907 6132
380.920 6191
380.934 6372
380.948 6472
380.961 6481
380.975 6700
380.988 6682
381.002 6760
381.015 6643
381.029 6775
381.043 6814
381.056 7066
381.070 6992
381.083 6943
381.097 7051
381.111 7140
381.124 7264
381.138 7368
381.151 7392
381.165 7405
381.179 7432
381.192 7545
381.206 7507
381.219 7601
381.233 7655
381.246 7892
381.260 7737
381.274 7861
381.287 7910
381.301 7983
381.314 8060
381.328 8030
381.341 8245
381.355 8211
381.369 8349
381.382 8441
381.396 8446
381.409 8581
381.423 8728
381.437 8700
381.450 8843
381.464 8915
381.477 8991
381.491 9217
381.504 9179
381.518 9195
381.532 9286
381.545 9452
381.559 9763
381.572 9776
381.586 9825
381.599 9738
381.613 9866
381.627 9858
381.640 9937
381.654 10027
381.667 10290
381.681 10110
381.694 10214
381.708 10097
381.722 10018
381.735 9897
381.749 10121
381.762 10122
381.776 10243
381.789 10215
381.803 10265
381.817 10212
381.830 10472
381.844 10484
381.857 10569
381.871 10710
381.884 10810
381.898 10633
381.911 10669
381.925 10923
381.939 10835
381.952 11006
381.966 11073
381.979 10980
381.993 11335
382.006 11496
382.020 11540
382.034 11534
382.047 11513
382.061 11509
382.074 11494
382.088 11554
382.101 11691
382.115 11688
382.128 11717
382.142 12024
382.156 12468
382.169 12543
382.183 12497
382.196 12500
382.210 12537
382.223 12509
382.237 12609
382.250 12616
382.264 12717
382.278 12798
382.291 12720
382.305 13099
382.318 13161
382.332 13503
382.345 12914
382.359 12898
382.372 13085
382.386 13025
382.399 13093
382.413 13187
382.427 13271
382.440 13314
382.454 13560
382.467 13489
382.481 13890
382.494 14108
382.508 14318
382.521 14537
382.535 14305
382.548 14181
382.562 14274
382.576 14307
382.589 14458
382.603 14684
382.616 14594
382.630 14896
382.643 14948
382.657 15178
382.670 15328
382.684 15276
382.697 15208
382.711 15245
382.724 15492
382.738 15586
382.752 15605
382.765 15721
382.779 15723
382.792 15689
382.806 15915
382.819 16185
382.833 16150
382.846 16298
382.860 16537
382.873 16521
382.887 16764
382.900 16727
382.914 17078
382.928 17161
382.941 17323
382.955 17439
382.968 17594
382.982 18108
382.995 17945
383.009 18046
383.022 17936
383.036 18047
383.049 18317
383.063 18151
383.076 18492
383.090 18358
383.103 18516
383.117 18680
383.130 18797
383.144 18932
383.158 19082
383.171 19335
383.185 19304
383.198 19535
383.212 19804
383.225 19868
383.239 20132
383.252 20151
383.266 20431
383.279 20400
383.293 20579
383.306 20646
383.320 20962
383.333 21302
383.347 21578
383.360 21460
383.374 21396
383.387 21733
383.401 21616
383.414 21548
383.428 21361
383.441 21738
383.455 21645
383.468 21652
383.482 21915
383.496 22487
383.509 22378
383.523 22400
383.536 22379
383.550 22420
383.563 22451
383.577 22828
383.590 23004
383.604 23060
383.617 22613
383.631 22740
383.644 22255
383.658 22255
383.671 22275
383.685 22277
383.698 22612
383.712 22826
383.725 22725
383.739 22498
383.752 22478
383.766 22292
383.779 22305
383.793 22421
383.806 22461
383.820 23104
383.833 23085
383.847 22876
383.860 22916
383.874 23230
383.887 22531
383.901 22525
383.914 22619
383.928 22771
383.941 22519
383.955 22246
383.968 21965
383.982 22080
383.995 21937
384.009 21988
384.022 21790
384.036 21737
384.049 21638
384.063 21689
384.076 21891
384.090 22098
384.103 22459
384.117 22290
384.130 21800
384.144 21072
384.157 20820
384.171 20830
384.184 20522
384.198 20268
384.211 20288
384.225 20043
384.238 20277
384.252 20026
384.265 19916
384.279 19670
384.292 19402
384.306 19475
384.319 18600
384.333 18324
384.346 18102
384.360 17823
384.373 17457
384.387 17082
384.400 16974
384.414 16681
384.427 16260
384.441 15931
384.454 15532
384.468 15312
384.481 14919
384.495 14600
384.508 14382
384.522 14177
384.535 13628
384.549 13314
384.562 13122
384.575 12708
384.589 12591
384.602 12417
384.616 12166
384.629 11904
384.643 11550
384.656 11190
384.670 10931
384.683 10397
384.697 10170
384.710 9738
384.724 9588
384.737 9193
384.751 8892
384.764 8795
384.778 8546
384.791 8464
384.805 8202
384.818 7909
384.832 7535
384.845 7506
384.859 7253
384.872 7035
384.885 6814
384.899 6618
384.912 6397
384.926 6331
384.939 6172
384.953 5989
384.966 5902
384.980 5974
384.993 5737
385.007 5643
385.020 5514
385.034 5375
385.047 5243
385.061 5167
385.074 4953
385.088 4948
385.101 4887
385.114 4717
385.128 4634
385.141 4631
385.155 4578
385.168 4593
385.182 4556
385.195 4580
385.209 4375
385.222 4355
385.236 4209
385.249 4089
385.263 4136
385.276 3979
385.290 3908
385.303 3815
385.316 3755
385.330 3744
385.343 3677
385.357 3638
385.370 3548
385.384 3482
385.397 3470
385.411 3469
385.424 3417
385.438 3390
385.451 3345
385.464 3333
385.478 3244
385.491 3234
385.505 3185
385.518 3217
385.532 3190
385.545 3088
385.559 3053
385.572 3009
385.586 3040
385.599 3027
385.612 3026
385.626 3004
385.639 2980
385.653 2951
385.666 2940
385.680 2949
385.693 2866
385.707 2870
385.720 2846
385.734 2858
385.747 2752
385.760 2780
385.774 2797
385.787 2801
385.801 2665
385.814 2540
385.828 2642
385.841 2608
385.855 2599
385.868 2516
385.881 2526
385.895 2494
385.908 2487
385.922 2506
385.935 2430
385.949 2418
385.962 2420
385.976 2370
385.989 2421
386.002 2472
386.016 2423
386.029 2381
386.043 2376
386.056 2390
386.070 2333
386.083 2296
386.097 2348
386.110 2303
386.123 2327
386.137 2288
386.150 2242
386.164 2299
386.177 2236
386.191 2263
386.204 2206
386.217 2212
386.231 2187
386.244 2165
386.258 2205
386.271 2188
386.285 2161
386.298 2167
386.311 2162
386.325 2178
386.338 2076
386.352 2039
386.365 2090
386.379 2059
386.392 2082
386.405 2005
386.419 1957
386.432 2050
386.446 1993
386.459 2067
386.473 2004
386.486 2009
386.499 1955
386.513 1939
386.526 1979
386.540 1986
386.553 1913
386.567 1931
386.580 2016
386.593 1960
386.607 1946
386.620 2018
386.634 1968
386.647 1942
386.661 1892
386.674 1884
386.687 1891
386.701 1865
386.714 1812
386.728 1846
386.741 1814
386.754 1840
386.768 1854
386.781 1824
386.795 1841
386.808 1793
386.822 1777
386.835 1763
386.848 1772
386.862 1781
386.875 1751
386.889 1704
386.902 1739
386.915 1732
386.929 1716
386.942 1692
386.956 1703
386.969 1716
386.983 1653
386.996 1683
387.009 1684
387.023 1648
387.036 1697
387.050 1672
387.063 1654
387.076 1663
387.090 1634
387.103 1632
387.117 1627
387.130 1603
387.143 1644
387.157 1631
387.170 1642
387.184 1617
387.197 1601
387.210 1563
387.224 1565
387.237 1571
387.251 1560
387.264 1568
387.278 1513
387.291 1533
387.304 1544
387.318 1536
387.331 1511
387.345 1518
387.358 1536
387.371 1477
387.385 1510
387.398 1484
387.412 1453
387.425 1460
387.438 1474
387.452 1421
387.465 1415
387.478 1445
387.492 1406
387.505 1423
387.519 1394
387.532 1411
387.545 1433
387.559 1449
387.572 1416
387.586 1419
387.599 1388
387.612 1404
387.626 1441
387.639 1421
387.653 1385
387.666 1370
387.679 1315
387.693 1356
387.706 1313
387.720 1340
387.733 1324
387.746 1344
387.760 1349
387.773 1342
387.787 1291
387.800 1329
387.813 1307
387.827 1315
387.840 1253
387.853 1277
387.867 1301
387.880 1313
387.894 1318
387.907 1288
387.920 1285
387.934 1249
387.947 1274
387.961 1247
387.974 1298
387.987 1247
388.001 1250
388.014 1264
388.027 1227
388.041 1197
388.054 1224
388.068 1223
388.081 1228
388.094 1247
388.108 1207
388.121 1193
388.134 1203
388.148 1199
388.161 1154
388.175 1162
388.188 1157
388.201 1170
388.215 1157
388.228 1109
388.241 1129
388.255 1150
388.268 1145
388.282 1139
388.295 1129
388.308 1127
388.322 1148
388.335 1122
388.348 1121
388.362 1134
388.375 1156
388.389 1136
388.402 1142
388.415 1129
388.429 1124
388.442 1142
388.455 1137
388.469 1141
388.482 1137
388.495 1141
388.509 1122
388.522 1131
388.536 1134
388.549 1116
388.562 1100
388.576 1083
388.589 1119
388.602 1115
388.616 1115
388.629 1103
388.642 1087
388.656 1097
388.669 1058
388.683 1106
388.696 1100
388.709 1101
388.723 1133
388.736 1107
388.749 1124
388.763 1090
388.776 1095
388.789 1088
388.803 1082
388.816 1058
388.829 1081
388.843 1081
388.856 1072
388.870 1034
388.883 1058
388.896 1095
388.910 1074
388.923 1090
388.936 1079
388.950 1108
388.963 1077
388.976 1078
388.990 1100
389.003 1082
389.016 1090
389.030 1095
389.043 1073
389.056 1075
389.070 1097
389.083 1072
389.097 1043
389.110 1057
389.123 1038
389.137 1056
389.150 1044
389.163 1031
389.177 1028
389.190 1064
389.203 1052
389.217 1049
389.230 1055
389.243 1043
389.257 1039
389.270 1054
389.283 1038
389.297 1024
389.310 1062
389.323 1033
389.337 1012
389.350 989
389.363 1036
389.377 1026
389.390 1004
389.403 1017
389.417 1009
389.430 1004
389.443 986
389.457 1020
389.470 1010
389.483 1013
389.497 997
389.510 1005
389.523 1009
389.537 1021
389.550 1016
389.563 998
389.577 991
389.590 990
389.603 978
389.617 991
389.630 1017
389.643 998
389.657 989
389.670 993
389.683 982
389.697 972
389.710 974
389.723 979
389.737 972
389.750 972
389.763 980
389.777 981
389.790 943
389.803 974
389.817 986
389.830 960
389.843 943
389.857 945
389.870 954
389.883 916
389.897 943
389.910 952
389.923 945
389.937 925
389.950 951
389.963 947
389.977 931
389.990 927
390.003 941
390.017 946
390.030 922
390.043 937
390.057 894
390.070 891
390.083 933
390.096 901
390.110 903
390.123 907
390.136 894
390.150 889
390.163 895
390.176 881
390.190 863
390.203 897
390.216 871
390.230 860
390.243 880
390.256 859
390.270 878
390.283 862
390.296 873
390.310 865
390.323 870
390.336 853
390.349 871
390.363 849
390.376 864
390.389 870
390.403 850
390.416 854
390.429 863
390.443 831
390.456 838
390.469 843
390.483 822
390.496 829
390.509 813
390.522 842
390.536 814
390.549 837
390.562 820
390.576 807
390.589 804
390.602 805
390.616 804
390.629 804
390.642 809
390.655 794
390.669 814
390.682 805
390.695 791
390.709 787
390.722 794
390.735 790
390.749 776
390.762 785
390.775 803
390.788 780
390.802 778
390.815 788
390.828 787
390.842 788
390.855 771
390.868 778
390.882 774
390.895 784
390.908 767
390.921 759
390.935 775
390.948 761
390.961 756
390.975 748
390.988 757
391.001 765
391.014 764
391.028 752
391.041 757
391.054 756
391.068 728
391.081 744
391.094 751
391.107 752
391.121 739
391.134 740
391.147 745
391.161 755
391.174 738
391.187 749
391.200 737
391.214 740
391.227 741
391.240 739
391.254 738
391.267 728
391.280 720
391.293 726
391.307 715
391.320 730
391.333 716
391.347 738
391.360 739
391.373 720
391.386 710
391.400 733
391.413 732
391.426 725
391.440 722
391.453 721
391.466 709
391.479 714
391.493 724
391.506 721
391.519 727
391.532 721
391.546 715
391.559 700
391.572 726
391.586 720
391.599 711
391.612 703
391.625 708
391.639 718
391.652 714
391.665 698
391.678 714
391.692 706
391.705 707
391.718 710
391.732 709
391.745 700
391.758 716
391.771 713
391.785 698
391.798 706
391.811 704
391.824 701
391.838 721
391.851 708
391.864 696
391.877 699
391.891 705
391.904 691
391.917 690
391.931 711
391.944 697
391.957 704
391.970 703
391.984 708
391.997 713
392.010 712
392.023 701
392.037 700
392.050 699
392.063 694
392.076 706
392.090 694
392.103 711
392.116 699
392.129 700
392.143 702
392.156 706
392.169 699
392.182 689
392.196 688
392.209 682
392.222 696
392.235 704
392.249 699
392.262 695
392.275 684
392.288 693
392.302 692
392.315 689
392.328 695
392.341 697
392.355 693
392.368 688
392.381 694
392.394 693
392.408 695
392.421 690
392.434 691
392.447 689
392.461 693
392.474 697
392.487 699
392.500 690
392.514 690
392.527 691
392.540 696
392.553 687
392.567 684
392.580 684
392.593 681
392.606 694
392.620 696
392.633 686
392.646 686
392.659 682
392.673 681
392.686 680
392.699 684
392.712 686
392.726 680
392.739 678
392.752 680
392.765 688
392.778 682
392.792 682
392.805 683
392.818 693
392.831 680
392.845 683
392.858 681
392.871 694
392.884 687
392.898 700
392.911 682
392.924 687
392.937 696
392.951 683
392.964 682
392.977 688
392.990 686
393.003 693
393.017 681
393.030 684
393.043 685
393.056 678
393.070 675
393.083 668
393.096 683
393.109 688
393.122 684
393.136 691
393.149 677
393.162 679
393.175 691
393.189 666
393.202 686
393.215 679
393.228 682
393.242 673
393.255 676
393.268 677
393.281 676
393.294 674
393.308 680
393.321 666
393.334 683
393.347 684
393.360 682
393.374 672
393.387 672
393.400 684
393.413 666
393.427 669
393.440 669
393.453 671
393.466 682
393.479 683
393.493 662
393.506 673
393.519 683
393.532 670
393.546 680
393.559 658
393.572 673
393.585 670
393.598 677
393.612 669
393.625 670
393.638 669
393.651 682
393.664 675
393.678 680
393.691 673
393.704 664
393.717 674
393.730 656
393.744 668
393.757 673
393.770 663
393.783 684
393.796 654
393.810 664
393.823 678
393.836 661
393.849 670
393.863 667
393.876 661
393.889 668
393.902 664
393.915 669
393.929 665
