375.891 833
375.905 830
375.919 845
375.933 852
375.946 848
375.960 846
375.974 856
375.987 858
376.001 843
376.015 856
376.029 860
376.042 880
376.056 853
376.070 875
376.084 852
376.097 880
376.111 890
376.125 889
376.139 893
376.152 900
376.166 889
376.180 907
376.193 911
376.207 909
376.221 929
376.235 893
376.248 908
376.262 926
376.276 925
376.290 947
376.303 940
376.317 927
376.331 948
376.345 950
376.358 942
376.372 947
376.386 967
376.399 958
376.413 959
376.427 992
376.441 986
376.454 982
376.468 976
376.482 987
376.495 981
376.509 981
376.523 1002
376.537 1001
376.550 1013
376.564 1036
376.578 1048
376.592 1036
376.605 1032
376.619 1043
376.633 1058
376.646 1025
376.660 1046
376.674 1049
376.688 1044
376.701 1056
376.715 1059
376.729 1073
376.742 1066
376.756 1099
376.770 1094
376.784 1088
376.797 1078
376.811 1114
376.825 1127
376.838 1130
376.852 1126
376.866 1154
376.880 1144
376.893 1120
376.907 1132
376.921 1124
376.934 1160
376.948 1156
376.962 1202
376.976 1168
376.989 1173
377.003 1194
377.017 1201
377.030 1227
377.044 1216
377.058 1221
377.071 1240
377.085 1228
377.099 1226
377.113 1229
377.126 1226
377.140 1220
377.154 1248
377.167 1249
377.181 1288
377.195 1276
377.208 1264
377.222 1269
377.236 1308
377.250 1291
377.263 1296
377.277 1341
377.291 1312
377.304 1340
377.318 1337
377.332 1367
377.345 1346
377.359 1333
377.373 1341
377.387 1374
377.400 1346
377.414 1349
377.428 1366
377.441 1355
377.455 1378
377.469 1357
377.482 1425
377.496 1407
377.510 1408
377.524 1435
377.537 1432
377.551 1434
377.565 1428
377.578 1420
377.592 1437
377.606 1417
377.619 1416
377.633 1446
377.647 1411
377.660 1445
377.674 1458
377.688 1472
377.701 1457
377.715 1455
377.729 1461
377.743 1481
377.756 1468
377.770 1461
377.784 1522
377.797 1493
377.811 1460
377.825 1489
377.838 1504
377.852 1459
377.866 1512
377.879 1532
377.893 1538
377.907 1554
377.920 1569
377.934 1585
377.948 1531
377.961 1522
377.975 1558
377.989 1570
378.002 1585
378.016 1551
378.030 1548
378.044 1570
378.057 1591
378.071 1591
378.085 1576
378.098 1579
378.112 1562
378.126 1573
378.139 1618
378.153 1568
378.167 1598
378.180 1566
378.194 1607
378.208 1588
378.221 1600
378.235 1604
378.249 1638
378.262 1609
378.276 1605
378.290 1621
378.303 1642
378.317 1629
378.331 1646
378.344 1653
378.358 1637
378.372 1635
378.385 1654
378.399 1652
378.413 1664
378.426 1664
378.440 1691
378.454 1700
378.467 1685
378.481 1679
378.495 1682
378.508 1688
378.522 1653
378.536 1699
378.549 1698
378.563 1703
378.577 1688
378.590 1733
378.604 1737
378.618 1752
378.631 1682
378.645 1719
378.659 1729
378.672 1750
378.686 1780
378.700 1794
378.713 1796
378.727 1839
378.740 1829
378.754 1815
378.768 1838
378.781 1814
378.795 1855
378.809 1801
378.822 1879
378.836 1832
378.850 1788
378.863 1834
378.877 1873
378.891 1829
378.904 1885
378.918 1863
378.932 1837
378.945 1882
378.959 1874
378.973 1896
378.986 1875
379.000 1922
379.014 1916
379.027 1903
379.041 1870
379.054 1894
379.068 1923
379.082 1874
379.095 1924
379.109 1920
379.123 1963
379.136 1938
379.150 1955
379.164 1969
379.177 1969
379.191 1967
379.205 1990
379.218 1989
379.232 2043
379.245 2054
379.259 2025
379.273 2036
379.286 2023
379.300 2066
379.314 2063
379.327 2072
379.341 2054
379.355 2106
379.368 2118
379.382 2123
379.396 2148
379.409 2147
379.423 2142
379.436 2219
379.450 2189
379.464 2255
379.477 2203
379.491 2215
379.505 2172
379.518 2254
379.532 2269
379.546 2314
379.559 2340
379.573 2373
379.586 2394
379.600 2349
379.614 2374
379.627 2408
379.641 2465
379.655 2503
379.668 2462
379.682 2485
379.695 2517
379.709 2493
379.723 2533
379.736 2594
379.750 2629
379.764 2680
379.777 2733
379.791 2789
379.804 2797
379.818 2789
379.832 2783
379.845 2702
379.859 2755
379.873 2806
379.886 2844
379.900 2849
379.913 2863
379.927 2962
379.941 2966
379.954 3066
379.968 3095
379.982 3080
379.995 3159
380.009 3173
380.022 3139
380.036 3211
380.050 3302
380.063 3298
380.077 3426
380.090 3467
380.104 3620
380.118 3537
380.131 3653
380.145 3611
380.159 3716
380.172 3764
380.186 3765
380.199 3849
380.213 3917
380.227 4021
380.240 3978
380.254 4042
380.267 4012
380.281 4096
380.295 4102
380.308 4194
380.322 4223
380.336 4276
380.349 4350
380.363 4408
380.376 4453
380.390 4599
380.404 4568
380.417 4646
380.431 4674
380.444 4744
380.458 4810
380.472 4893
380.485 4898
380.499 5016
380.512 5099
380.526 5055
380.540 5170
380.553 5212
380.567 5281
380.580 5424
380.594 5484
380.608 5626
380.621 5830
380.635 5848
380.648 5875
380.662 5907
380.676 5927
380.689 6015
380.703 6117
380.716 6172
380.730 6245
380.744 6384
380.757 6509
380.771 6617
380.784 6762
380.798 6804
380.812 6772
380.825 6843
380.839 6993
380.852 7157
380.866 7243
380.880 7556
380.893 7378
380.907 7428
380.920 7440
380.934 7626
380.948 7661
380.961 7805
380.975 7903
380.988 7970
381.002 7869
381.015 7947
381.029 8122
381.043 8238
381.056 8158
381.070 8396
381.083 8389
381.097 8519
381.111 8705
381.124 8768
381.138 9021
381.151 8918
381.165 8998
381.179 9026
381.192 9163
381.206 9034
381.219 9056
381.233 9249
381.246 9317
381.260 9323
381.274 9431
381.287 9451
381.301 9645
381.314 9711
381.328 9676
381.341 9859
381.355 9968
381.369 9970
381.382 10110
381.396 10120
381.409 10377
381.423 10507
381.437 10591
381.450 10638
381.464 10786
381.477 10920
381.491 11027
381.504 11103
381.518 11017
381.532 11150
381.545 11298
381.559 11683
381.572 11739
381.586 11786
381.599 11880
381.613 11797
381.627 11933
381.640 12112
381.654 12159
381.667 12284
381.681 12276
381.694 12216
381.708 12039
381.722 11951
381.735 12100
381.749 12195
381.762 12117
381.776 12357
381.789 12426
381.803 12432
381.817 12468
381.830 12576
381.844 12550
381.857 12769
381.871 12907
381.884 13050
381.898 13018
381.911 12943
381.925 13056
381.939 13386
381.952 13412
381.966 13255
381.979 13571
381.993 13874
382.006 13931
382.020 13923
382.034 13976
382.047 14010
382.061 14050
382.074 13893
382.088 14077
382.101 14221
382.115 14192
382.128 14305
382.142 14715
382.156 15098
382.169 15177
382.183 15269
382.196 15127
382.210 15069
382.223 15113
382.237 15254
382.250 15306
382.264 15370
382.278 15580
382.291 15802
382.305 15862
382.318 16182
382.332 16264
382.345 15811
382.359 15799
382.372 15900
382.386 16071
382.399 16062
382.413 16129
382.427 16250
382.440 16315
382.454 16542
382.467 16490
382.481 16945
382.494 17345
382.508 17644
382.521 17746
382.535 17596
382.548 17509
382.562 17666
382.576 17538
382.589 17854
382.603 17865
382.616 18061
382.630 18254
382.643 18438
382.657 18703
382.670 18836
382.684 18856
382.697 18651
382.711 18912
382.724 19021
382.738 19058
382.752 19116
382.765 19475
382.779 19497
382.792 19571
382.806 19853
382.819 20024
382.833 20217
382.846 20179
382.860 20311
382.873 20658
382.887 20707
382.900 21046
382.914 21058
382.928 21340
382.941 21491
382.955 21732
382.968 21814
382.982 22252
382.995 22303
383.009 22408
383.022 22227
383.036 22458
383.049 22844
383.063 22823
383.076 23207
383.090 22782
383.103 23181
383.117 23335
383.130 23356
383.144 23586
383.158 23837
383.171 23831
383.185 23915
383.198 24392
383.212 24677
383.225 24963
383.239 25351
383.252 25604
383.266 25694
383.279 25693
383.293 25903
383.306 25875
383.320 26365
383.333 26626
383.347 26906
383.360 27015
383.374 26860
383.387 27053
383.401 27236
383.414 27240
383.428 27095
383.441 27160
383.455 27278
383.468 27090
383.482 27402
383.496 28175
383.509 28422
383.523 28203
383.536 28097
383.550 28084
383.563 28208
383.577 28669
383.590 28936
383.604 28735
383.617 28482
383.631 28381
383.644 28186
383.658 28344
383.671 28212
383.685 28608
383.698 28517
383.712 28880
383.725 28734
383.739 28644
383.752 28569
383.766 28256
383.779 28440
383.793 28357
383.806 28867
383.820 29344
383.833 28972
383.847 28932
383.860 29295
383.874 29087
383.887 28502
383.901 28469
383.914 28781
383.928 28943
383.941 28866
383.955 28353
383.968 28172
383.982 28075
383.995 28049
384.009 27963
384.022 27846
384.036 28048
384.049 27678
384.063 27748
384.076 28283
384.090 28642
384.103 28601
384.117 28530
384.130 28238
384.144 27242
384.157 26720
384.171 26396
384.184 26485
384.198 26283
384.211 26081
384.225 25686
384.238 25942
384.252 26029
384.265 25751
384.279 25259
384.292 24864
384.306 24841
384.319 24033
384.333 23751
384.346 23182
384.360 22880
384.373 22362
384.387 22270
384.400 21688
384.414 21466
384.427 20997
384.441 20772
384.454 20150
384.468 19746
384.481 19223
384.495 18858
384.508 18280
384.522 18102
384.535 17552
384.549 17270
384.562 16766
384.575 16319
384.589 16239
384.602 15968
384.616 15644
384.629 15259
384.643 14858
384.656 14238
384.670 13897
384.683 13448
384.697 12963
384.710 12668
384.724 12353
384.737 11745
384.751 11499
384.764 11140
384.778 10907
384.791 10715
384.805 10514
384.818 10149
384.832 9669
384.845 9466
384.859 9203
384.872 8872
384.885 8565
384.899 8278
384.912 8095
384.926 7900
384.939 7724
384.953 7426
384.966 7251
384.980 7043
384.993 6955
385.007 6828
385.020 6580
385.034 6508
385.047 6309
385.061 6084
385.074 5966
385.088 5857
385.101 5778
385.114 5627
385.128 5448
385.141 5470
385.155 5343
385.168 5373
385.182 5361
385.195 5281
385.209 5132
385.222 5032
385.236 4904
385.249 4843
385.263 4712
385.276 4620
385.290 4546
385.303 4459
385.316 4424
385.330 4351
385.343 4292
385.357 4284
385.370 4174
385.384 4094
385.397 4123
385.411 4038
385.424 3906
385.438 3913
385.451 3841
385.464 3959
385.478 3831
385.491 3807
385.505 3764
385.518 3792
385.532 3645
385.545 3599
385.559 3571
385.572 3580
385.586 3537
385.599 3516
385.612 3508
385.626 3548
385.639 3454
385.653 3445
385.666 3465
385.680 3438
385.693 3340
385.707 3352
385.720 3358
385.734 3315
385.747 3244
385.760 3193
385.774 3187
385.787 3231
385.801 3118
385.814 3083
385.828 3017
385.841 3028
385.855 2957
385.868 2937
385.881 2925
385.895 2895
385.908 2872
385.922 2850
385.935 2892
385.949 2895
385.962 2826
385.976 2802
385.989 2762
386.002 2749
386.016 2842
386.029 2834
386.043 2744
386.056 2745
386.070 2706
386.083 2665
386.097 2661
386.110 2642
386.123 2638
386.137 2645
386.150 2664
386.164 2572
386.177 2594
386.191 2590
386.204 2542
386.217 2556
386.231 2510
386.244 2542
386.258 2516
386.271 2541
386.285 2473
386.298 2503
386.311 2498
386.325 2413
386.338 2421
386.352 2397
386.365 2429
386.379 2358
386.392 2357
386.405 2349
386.419 2299
386.432 2338
386.446 2370
386.459 2329
386.473 2327
386.486 2282
386.499 2270
386.513 2222
386.526 2297
386.540 2248
386.553 2238
386.567 2201
386.580 2244
386.593 2234
386.607 2249
386.620 2275
386.634 2269
386.647 2192
386.661 2217
386.674 2171
386.687 2172
386.701 2080
386.714 2123
386.728 2091
386.741 2135
386.754 2089
386.768 2117
386.781 2054
386.795 2093
386.808 2016
386.822 2039
386.835 2016
386.848 2029
386.862 1965
386.875 1988
386.889 1969
386.902 1959
386.915 1950
386.929 1946
386.942 1950
386.956 1888
386.969 1886
386.983 1887
386.996 1876
387.009 1902
387.023 1889
387.036 1879
387.050 1851
387.063 1852
387.076 1822
387.090 1867
387.103 1842
387.117 1870
387.130 1825
387.143 1827
387.157 1852
387.170 1845
387.184 1798
387.197 1756
387.210 1754
387.224 1759
387.237 1745
387.251 1759
387.264 1711
387.278 1714
387.291 1759
387.304 1732
387.318 1734
387.331 1721
387.345 1688
387.358 1698
387.371 1684
387.385 1660
387.398 1663
387.412 1609
387.425 1597
387.438 1572
387.452 1583
387.465 1570
387.478 1551
387.492 1549
387.505 1555
387.519 1550
387.532 1567
387.545 1574
387.559 1595
387.572 1546
387.586 1517
387.599 1535
387.612 1510
387.626 1556
387.639 1528
387.653 1522
387.666 1489
387.679 1452
387.693 1431
387.706 1451
387.720 1460
387.733 1452
387.746 1450
387.760 1474
387.773 1450
387.787 1438
387.800 1410
387.813 1412
387.827 1421
387.840 1383
387.853 1403
387.867 1348
387.880 1423
387.894 1383
387.907 1396
387.920 1380
387.934 1366
387.947 1372
387.961 1360
387.974 1349
387.987 1325
388.001 1348
388.014 1319
388.027 1332
388.041 1299
388.054 1295
388.068 1281
388.081 1291
388.094 1266
388.108 1273
388.121 1269
388.134 1280
388.148 1255
388.161 1255
388.175 1229
388.188 1250
388.201 1248
388.215 1212
388.228 1258
388.241 1216
388.255 1233
388.268 1265
388.282 1217
388.295 1225
388.308 1228
388.322 1218
388.335 1196
388.348 1218
388.362 1188
388.375 1173
388.389 1217
388.402 1223
388.415 1226
388.429 1237
388.442 1235
388.455 1234
388.469 1213
388.482 1228
388.495 1218
388.509 1222
388.522 1221
388.536 1196
388.549 1211
388.562 1170
388.576 1178
388.589 1151
388.602 1176
388.616 1175
388.629 1189
388.642 1166
388.656 1160
388.669 1173
388.683 1152
388.696 1208
388.709 1190
388.723 1178
388.736 1158
388.749 1148
388.763 1170
388.776 1145
388.789 1154
388.803 1152
388.816 1163
388.829 1163
388.843 1114
388.856 1133
388.870 1158
388.883 1119
388.896 1136
388.910 1128
388.923 1141
388.936 1167
388.950 1124
388.963 1156
388.976 1147
388.990 1137
389.003 1108
389.016 1125
389.030 1143
389.043 1151
389.056 1136
389.070 1141
389.083 1115
389.097 1110
389.110 1115
389.123 1133
389.137 1110
389.150 1124
389.163 1107
389.177 1119
389.190 1110
389.203 1100
389.217 1108
389.230 1096
389.243 1062
389.257 1115
389.270 1090
389.283 1098
389.297 1080
389.310 1082
389.323 1103
389.337 1103
389.350 1121
389.363 1075
389.377 1061
389.390 1062
389.403 1093
389.417 1101
389.430 1082
389.443 1060
389.457 1071
389.470 1094
389.483 1076
389.497 1087
389.510 1075
389.523 1086
389.537 1049
389.550 1061
389.563 1055
389.577 1048
389.590 1064
389.603 1026
389.617 1026
389.630 1055
389.643 1052
389.657 1046
389.670 1028
389.683 1021
389.697 1010
389.710 1035
389.723 1043
389.737 1013
389.750 1049
389.763 1026
389.777 1019
389.790 1026
389.803 1028
389.817 1021
389.830 1024
389.843 1025
389.857 994
389.870 1006
389.883 995
389.897 984
389.910 992
389.923 981
389.937 1008
389.950 979
389.963 977
389.977 1003
389.990 994
390.003 997
390.017 996
390.030 971
390.043 946
390.057 979
390.070 934
390.083 967
390.096 976
390.110 952
390.123 990
390.136 960
390.150 953
390.163 962
390.176 945
390.190 946
390.203 914
390.216 938
390.230 919
390.243 904
390.256 922
390.270 920
390.283 898
390.296 924
390.310 903
390.323 923
390.336 911
390.349 897
390.363 913
390.376 910
390.389 911
390.403 920
390.416 878
390.429 901
390.443 880
390.456 889
390.469 887
390.483 861
390.496 854
390.509 883
390.522 860
390.536 867
390.549 870
390.562 860
390.576 842
390.589 833
390.602 856
390.616 845
390.629 835
390.642 855
390.655 844
390.669 825
390.682 843
390.695 825
390.709 822
390.722 816
390.735 816
390.749 820
390.762 824
390.775 816
390.788 803
390.802 812
390.815 814
390.828 804
390.842 812
390.855 793
390.868 798
390.882 803
390.895 800
390.908 781
390.921 766
390.935 783
390.948 793
390.961 791
390.975 795
390.988 789
391.001 784
391.014 765
391.028 794
391.041 762
391.054 774
391.068 777
391.081 778
391.094 769
391.107 778
391.121 765
391.134 769
391.147 768
391.161 771
391.174 786
391.187 778
391.200 764
391.214 755
391.227 757
391.240 761
391.254 757
391.267 762
391.280 754
391.293 752
391.307 744
391.320 725
391.333 729
391.347 749
391.360 734
391.373 752
391.386 742
391.400 745
391.413 742
391.426 729
391.440 745
391.453 734
391.466 747
391.479 737
391.493 738
391.506 736
391.519 743
391.532 731
391.546 734
391.559 740
391.572 720
391.586 728
391.599 722
391.612 721
391.625 727
391.639 718
391.652 727
391.665 727
391.678 717
391.692 734
391.705 718
391.718 734
391.732 719
391.745 732
391.758 735
391.771 722
391.785 718
391.798 722
391.811 708
391.824 725
391.838 712
391.851 713
391.864 721
391.877 720
391.891 702
391.904 715
391.917 718
391.931 723
391.944 708
391.957 715
391.970 727
391.984 719
391.997 714
392.010 713
392.023 714
392.037 713
392.050 704
392.063 708
392.076 716
392.090 704
392.103 718
392.116 716
392.129 722
392.143 716
392.156 703
392.169 704
392.182 695
392.196 716
392.209 703
392.222 717
392.235 709
392.249 686
392.262 710
392.275 708
392.288 699
392.302 696
392.315 702
392.328 705
392.341 694
392.355 710
392.368 706
392.381 706
392.394 709
392.408 704
392.421 710
392.434 699
392.447 715
392.461 691
392.474 703
392.487 702
392.500 698
392.514 697
392.527 718
392.540 702
392.553 698
392.567 707
392.580 699
392.593 711
392.606 709
392.620 699
392.633 700
392.646 690
392.659 697
392.673 695
392.686 696
392.699 706
392.712 702
392.726 694
392.739 694
392.752 684
392.765 688
392.778 699
392.792 693
392.805 701
392.818 697
392.831 699
392.845 696
392.858 695
392.871 712
392.884 702
392.898 689
392.911 699
392.924 699
392.937 697
392.951 690
392.964 702
392.977 703
392.990 692
393.003 698
393.017 686
393.030 693
393.043 691
393.056 691
393.070 694
393.083 690
393.096 687
393.109 690
393.122 696
393.136 693
393.149 689
393.162 688
393.175 708
393.189 682
393.202 689
393.215 691
393.228 689
393.242 692
393.255 687
393.268 681
393.281 667
393.294 683
393.308 676
393.321 679
393.334 687
393.347 691
393.360 674
393.374 677
393.387 684
393.400 671
393.413 686
393.427 683
393.440 680
393.453 686
393.466 684
393.479 682
393.493 681
393.506 683
393.519 667
393.532 673
393.546 683
393.559 688
393.572 676
393.585 667
393.598 692
393.612 679
393.625 683
393.638 679
393.651 684
393.664 682
393.678 687
393.691 665
393.704 672
393.717 676
393.730 680
393.744 682
393.757 682
393.770 686
393.783 675
393.796 676
393.810 674
393.823 682
393.836 673
393.849 667
393.863 684
393.876 674
393.889 678
393.902 676
393.915 672
393.929 674
