375.891 837
375.905 819
375.919 827
375.933 846
375.946 837
375.960 819
375.974 850
375.987 851
376.001 854
376.015 850
376.029 882
376.042 882
376.056 862
376.070 863
376.084 847
376.097 874
376.111 886
376.125 895
376.139 883
376.152 888
376.166 893
376.180 891
376.193 892
376.207 888
376.221 909
376.235 915
376.248 909
376.262 933
376.276 920
376.290 917
376.303 929
376.317 938
376.331 941
376.345 935
376.358 948
376.372 947
376.386 943
376.399 955
376.413 965
376.427 952
376.441 952
376.454 949
376.468 961
376.482 934
376.495 959
376.509 986
376.523 990
376.537 994
376.550 1015
376.564 1014
376.578 1013
376.592 1033
376.605 1032
376.619 1026
376.633 1047
376.646 1024
376.660 1024
376.674 1016
376.688 1028
376.701 1061
376.715 1055
376.729 1055
376.742 1058
376.756 1097
376.770 1093
376.784 1084
376.797 1090
376.811 1091
376.825 1108
376.838 1129
376.852 1120
376.866 1141
376.880 1125
376.893 1138
376.907 1134
376.921 1134
376.934 1135
376.948 1163
376.962 1154
376.976 1150
376.989 1163
377.003 1183
377.017 1169
377.030 1181
377.044 1217
377.058 1192
377.071 1232
377.085 1196
377.099 1227
377.113 1217
377.126 1229
377.140 1233
377.154 1232
377.167 1267
377.181 1245
377.195 1216
377.208 1248
377.222 1251
377.236 1246
377.250 1256
377.263 1268
377.277 1308
377.291 1308
377.304 1319
377.318 1309
377.332 1321
377.345 1314
377.359 1314
377.373 1321
377.387 1337
377.400 1338
377.414 1368
377.428 1311
377.441 1344
377.455 1351
377.469 1369
377.482 1378
377.496 1361
377.510 1400
377.524 1419
377.537 1412
377.551 1388
377.565 1414
377.578 1399
377.592 1417
377.606 1408
377.619 1426
377.633 1384
377.647 1416
377.660 1434
377.674 1402
377.688 1445
377.701 1432
377.715 1459
377.729 1433
377.743 1451
377.756 1452
377.770 1483
377.784 1462
377.797 1472
377.811 1414
377.825 1480
377.838 1461
377.852 1494
377.866 1467
377.879 1509
377.893 1519
377.907 1519
377.920 1529
377.934 1479
377.948 1514
377.961 1506
377.975 1517
377.989 1503
378.002 1531
378.016 1505
378.030 1512
378.044 1512
378.057 1526
378.071 1538
378.085 1500
378.098 1538
378.112 1550
378.126 1561
378.139 1538
378.153 1552
378.167 1542
378.180 1581
378.194 1594
378.208 1553
378.221 1596
378.235 1592
378.249 1582
378.262 1582
378.276 1569
378.290 1571
378.303 1556
378.317 1613
378.331 1589
378.344 1606
378.358 1595
378.372 1640
378.385 1659
378.399 1623
378.413 1639
378.426 1666
378.440 1620
378.454 1661
378.467 1669
378.481 1635
378.495 1627
378.508 1644
378.522 1623
378.536 1686
378.549 1652
378.563 1657
378.577 1675
378.590 1656
378.604 1682
378.618 1679
378.631 1728
378.645 1650
378.659 1653
378.672 1714
378.686 1737
378.700 1771
378.713 1747
378.727 1745
378.740 1791
378.754 1785
378.768 1775
378.781 1810
378.795 1810
378.809 1805
378.822 1840
378.836 1742
378.850 1762
378.863 1776
378.877 1803
378.891 1760
378.904 1867
378.918 1856
378.932 1824
378.945 1832
378.959 1790
378.973 1810
378.986 1864
379.000 1854
379.014 1827
379.027 1820
379.041 1858
379.054 1850
379.068 1872
379.082 1849
379.095 1836
379.109 1852
379.123 1881
379.136 1859
379.150 1895
379.164 1922
379.177 1893
379.191 1921
379.205 1951
379.218 1950
379.232 1956
379.245 1977
379.259 1955
379.273 1937
379.286 1949
379.300 1970
379.314 2011
379.327 2030
379.341 2043
379.355 2002
379.368 2051
379.382 2061
379.396 2078
379.409 2045
379.423 2134
379.436 2127
379.450 2118
379.464 2121
379.477 2173
379.491 2172
379.505 2240
379.518 2217
379.532 2273
379.546 2253
379.559 2325
379.573 2263
379.586 2274
379.600 2265
379.614 2320
379.627 2350
379.641 2429
379.655 2407
379.668 2381
379.682 2398
379.695 2421
379.709 2390
379.723 2446
379.736 2471
379.750 2639
379.764 2652
379.777 2697
379.791 2696
379.804 2742
379.818 2703
379.832 2644
379.845 2679
379.859 2657
379.873 2698
379.886 2798
379.900 2778
379.913 2839
379.927 2833
379.941 2930
379.954 2901
379.968 3046
379.982 2969
379.995 2980
380.009 3061
380.022 3093
380.036 3139
380.050 3112
380.063 3272
380.077 3337
380.090 3441
380.104 3405
380.118 3473
380.131 3492
380.145 3506
380.159 3567
380.172 3658
380.186 3673
380.199 3794
380.213 3785
380.227 3829
380.240 3894
380.254 3873
380.267 3885
380.281 3890
380.295 3905
380.308 3991
380.322 4112
380.336 4110
380.349 4198
380.363 4277
380.376 4260
380.390 4327
380.404 4507
380.417 4447
380.431 4588
380.444 4594
380.458 4602
380.472 4670
380.485 4713
380.499 4802
380.512 4862
380.526 4855
380.540 4982
380.553 4989
380.567 5090
380.580 5217
380.594 5254
380.608 5383
380.621 5602
380.635 5711
380.648 5638
380.662 5621
380.676 5741
380.689 5777
380.703 5902
380.716 6005
380.730 5964
380.744 6031
380.757 6206
380.771 6320
380.784 6482
380.798 6474
380.812 6573
380.825 6560
380.839 6762
380.852 6999
380.866 7084
380.880 7077
380.893 7060
380.907 7152
380.920 7092
380.934 7437
380.948 7424
380.961 7520
380.975 7578
380.988 7614
381.002 7515
381.015 7652
381.029 7765
381.043 7915
381.056 7919
381.070 8037
381.083 7988
381.097 8158
381.111 8126
381.124 8443
381.138 8473
381.151 8583
381.165 8647
381.179 8782
381.192 8659
381.206 8720
381.219 8785
381.233 8774
381.246 8869
381.260 8979
381.274 9136
381.287 9081
381.301 9176
381.314 9376
381.328 9415
381.341 9437
381.355 9635
381.369 9648
381.382 9739
381.396 9679
381.409 9862
381.423 10100
381.437 10220
381.450 10300
381.464 10225
381.477 10490
381.491 10454
381.504 10496
381.518 10533
381.532 10664
381.545 10892
381.559 11148
381.572 11215
381.586 11163
381.599 11334
381.613 11349
381.627 11447
381.640 11522
381.654 11479
381.667 11624
381.681 11732
381.694 11760
381.708 11398
381.722 11524
381.735 11530
381.749 11594
381.762 11664
381.776 11757
381.789 11805
381.803 11945
381.817 11841
381.830 11862
381.844 12166
381.857 12311
381.871 12372
381.884 12452
381.898 12377
381.911 12466
381.925 12528
381.939 12686
381.952 12731
381.966 12786
381.979 12798
381.993 13094
382.006 13366
382.020 13202
382.034 13497
382.047 13297
382.061 13353
382.074 13315
382.088 13551
382.101 13524
382.115 13573
382.128 13658
382.142 14038
382.156 14386
382.169 14455
382.183 14464
382.196 14355
382.210 14411
382.223 14578
382.237 14518
382.250 14677
382.264 14639
382.278 14877
382.291 15031
382.305 15161
382.318 15550
382.332 15676
382.345 15279
382.359 14973
382.372 15140
382.386 15155
382.399 15224
382.413 15534
382.427 15365
382.440 15461
382.454 15862
382.467 16060
382.481 16173
382.494 16503
382.508 16940
382.521 16838
382.535 16959
382.548 16776
382.562 16791
382.576 17018
382.589 17146
382.603 17223
382.616 17381
382.630 17467
382.643 17779
382.657 17778
382.670 17971
382.684 18040
382.697 18128
382.711 17911
382.724 18268
382.738 18529
382.752 18408
382.765 18375
382.779 18664
382.792 18778
382.806 19162
382.819 19334
382.833 19211
382.846 19388
382.860 19549
382.873 19741
382.887 19854
382.900 20124
382.914 20406
382.928 20722
382.941 20683
382.955 20883
382.968 21235
382.982 21248
382.995 21405
383.009 21520
383.022 21589
383.036 21741
383.049 21845
383.063 22012
383.076 22091
383.090 22107
383.103 22471
383.117 22501
383.130 22698
383.144 22842
383.158 22874
383.171 23059
383.185 23307
383.198 23550
383.212 23877
383.225 23933
383.239 24503
383.252 24727
383.266 24651
383.279 25050
383.293 25145
383.306 25242
383.320 25567
383.333 26052
383.347 26373
383.360 26156
383.374 25975
383.387 26255
383.401 26486
383.414 26575
383.428 26330
383.441 26491
383.455 26556
383.468 26472
383.482 26555
383.496 27406
383.509 27564
383.523 27473
383.536 27401
383.550 27561
383.563 27659
383.577 27943
383.590 28126
383.604 28077
383.617 27775
383.631 27753
383.644 27596
383.658 27594
383.671 27722
383.685 27477
383.698 27623
383.712 28036
383.725 28134
383.739 27796
383.752 27779
383.766 27792
383.779 27658
383.793 27889
383.806 27956
383.820 28582
383.833 28354
383.847 28523
383.860 28563
383.874 28597
383.887 27589
383.901 27933
383.914 27934
383.928 28087
383.941 28072
383.955 27564
383.968 27535
383.982 27438
383.995 27330
384.009 27310
384.022 27080
384.036 27024
384.049 26994
384.063 26886
384.076 27408
384.090 27692
384.103 28016
384.117 28026
384.130 27263
384.144 26587
384.157 26007
384.171 25669
384.184 25538
384.198 25495
384.211 25102
384.225 25040
384.238 25132
384.252 25167
384.265 24965
384.279 24651
384.292 24426
384.306 24026
384.319 23491
384.333 22780
384.346 22424
384.360 21970
384.373 21895
384.387 21480
384.400 20980
384.414 20608
384.427 20474
384.441 19873
384.454 19543
384.468 18888
384.481 18614
384.495 18075
384.508 17615
384.522 17053
384.535 16943
384.549 16496
384.562 16078
384.575 15672
384.589 15634
384.602 15130
384.616 15012
384.629 14627
384.643 14164
384.656 13728
384.670 13356
384.683 12799
384.697 12504
384.710 11876
384.724 11695
384.737 11288
384.751 10993
384.764 10612
384.778 10364
384.791 10301
384.805 9852
384.818 9637
384.832 9117
384.845 8946
384.859 8825
384.872 8414
384.885 8069
384.899 7940
384.912 7573
384.926 7503
384.939 7214
384.953 7083
384.966 6867
384.980 6862
384.993 6643
385.007 6449
385.020 6256
385.034 6084
385.047 5970
385.061 5839
385.074 5676
385.088 5520
385.101 5450
385.114 5374
385.128 5251
385.141 5105
385.155 5065
385.168 5054
385.182 5070
385.195 4970
385.209 4895
385.222 4774
385.236 4595
385.249 4625
385.263 4393
385.276 4356
385.290 4327
385.303 4221
385.316 4070
385.330 4129
385.343 4039
385.357 4033
385.370 3967
385.384 3771
385.397 3758
385.411 3715
385.424 3670
385.438 3610
385.451 3609
385.464 3629
385.478 3570
385.491 3523
385.505 3440
385.518 3502
385.532 3439
385.545 3387
385.559 3232
385.572 3268
385.586 3267
385.599 3317
385.612 3302
385.626 3183
385.639 3147
385.653 3190
385.666 3216
385.680 3169
385.693 3120
385.707 3097
385.720 3035
385.734 3034
385.747 3037
385.760 2970
385.774 2870
385.787 2908
385.801 2863
385.814 2831
385.828 2778
385.841 2769
385.855 2747
385.868 2712
385.881 2717
385.895 2614
385.908 2666
385.922 2669
385.935 2669
385.949 2632
385.962 2574
385.976 2500
385.989 2570
386.002 2550
386.016 2572
386.029 2526
386.043 2533
386.056 2505
386.070 2441
386.083 2443
386.097 2453
386.110 2411
386.123 2448
386.137 2448
386.150 2411
386.164 2397
386.177 2401
386.191 2395
386.204 2367
386.217 2269
386.231 2333
386.244 2331
386.258 2346
386.271 2289
386.285 2289
386.298 2264
386.311 2243
386.325 2251
386.338 2190
386.352 2210
386.365 2178
386.379 2206
386.392 2183
386.405 2149
386.419 2177
386.432 2122
386.446 2151
386.459 2161
386.473 2146
386.486 2082
386.499 2103
386.513 2070
386.526 2058
386.540 2041
386.553 2018
386.567 2070
386.580 2065
386.593 2057
386.607 2057
386.620 2046
386.634 2034
386.647 2049
386.661 2037
386.674 2006
386.687 1969
386.701 1978
386.714 1923
386.728 1938
386.741 1921
386.754 1924
386.768 1928
386.781 1883
386.795 1860
386.808 1859
386.822 1892
386.835 1874
386.848 1842
386.862 1850
386.875 1813
386.889 1807
386.902 1802
386.915 1769
386.929 1772
386.942 1765
386.956 1797
386.969 1785
386.983 1732
386.996 1715
387.009 1717
387.023 1737
387.036 1686
387.050 1720
387.063 1720
387.076 1682
387.090 1726
387.103 1715
387.117 1685
387.130 1675
387.143 1676
387.157 1657
387.170 1689
387.184 1673
387.197 1659
387.210 1662
387.224 1665
387.237 1611
387.251 1575
387.264 1632
387.278 1577
387.291 1599
387.304 1580
387.318 1587
387.331 1556
387.345 1551
387.358 1533
387.371 1543
387.385 1566
387.398 1516
387.412 1502
387.425 1482
387.438 1452
387.452 1445
387.465 1440
387.478 1449
387.492 1437
387.505 1421
387.519 1451
387.532 1487
387.545 1484
387.559 1429
387.572 1465
387.586 1449
387.599 1460
387.612 1425
387.626 1420
387.639 1443
387.653 1386
387.666 1381
387.679 1380
387.693 1357
387.706 1353
387.720 1343
387.733 1372
387.746 1359
387.760 1327
387.773 1365
387.787 1324
387.800 1336
387.813 1315
387.827 1272
387.840 1280
387.853 1288
387.867 1304
387.880 1323
387.894 1328
387.907 1311
387.920 1277
387.934 1271
387.947 1271
387.961 1243
387.974 1282
387.987 1230
388.001 1216
388.014 1237
388.027 1243
388.041 1245
388.054 1222
388.068 1223
388.081 1236
388.094 1221
388.108 1224
388.121 1196
388.134 1196
388.148 1162
388.161 1177
388.175 1160
388.188 1177
388.201 1153
388.215 1166
388.228 1174
388.241 1125
388.255 1152
388.268 1171
388.282 1132
388.295 1148
388.308 1165
388.322 1145
388.335 1095
388.348 1130
388.362 1128
388.375 1136
388.389 1133
388.402 1144
388.415 1143
388.429 1156
388.442 1179
388.455 1139
388.469 1137
388.482 1128
388.495 1125
388.509 1155
388.522 1146
388.536 1101
388.549 1122
388.562 1127
388.576 1102
388.589 1117
388.602 1091
388.616 1106
388.629 1095
388.642 1094
388.656 1108
388.669 1114
388.683 1112
388.696 1113
388.709 1129
388.723 1124
388.736 1107
388.749 1106
388.763 1078
388.776 1109
388.789 1085
388.803 1090
388.816 1094
388.829 1082
388.843 1080
388.856 1086
388.870 1080
388.883 1070
388.896 1078
388.910 1088
388.923 1079
388.936 1081
388.950 1073
388.963 1066
388.976 1079
388.990 1033
389.003 1080
389.016 1072
389.030 1095
389.043 1074
389.056 1075
389.070 1076
389.083 1072
389.097 1056
389.110 1051
389.123 1088
389.137 1069
389.150 1046
389.163 1057
389.177 1062
389.190 1061
389.203 1056
389.217 1040
389.230 1031
389.243 1042
389.257 1019
389.270 1035
389.283 1014
389.297 1032
389.310 1030
389.323 1030
389.337 1030
389.350 1011
389.363 1018
389.377 1035
389.390 1026
389.403 1052
389.417 1029
389.430 994
389.443 1006
389.457 1017
389.470 1032
389.483 1031
389.497 1012
389.510 1051
389.523 1038
389.537 997
389.550 1014
389.563 1015
389.577 996
389.590 1003
389.603 998
389.617 1004
389.630 1010
389.643 1000
389.657 988
389.670 986
389.683 1003
389.697 992
389.710 1004
389.723 995
389.737 1006
389.750 990
389.763 978
389.777 968
389.790 960
389.803 976
389.817 973
389.830 979
389.843 962
389.857 950
389.870 930
389.883 941
389.897 941
389.910 951
389.923 961
389.937 955
389.950 941
389.963 940
389.977 930
389.990 938
390.003 969
390.017 948
390.030 948
390.043 927
390.057 930
390.070 940
390.083 914
390.096 946
390.110 938
390.123 917
390.136 909
390.150 912
390.163 918
390.176 907
390.190 893
390.203 912
390.216 908
390.230 882
390.243 891
390.256 873
390.270 875
390.283 899
390.296 874
390.310 871
390.323 862
390.336 855
390.349 869
390.363 851
390.376 866
390.389 861
390.403 872
390.416 879
390.429 852
390.443 850
390.456 855
390.469 836
390.483 832
390.496 830
390.509 844
390.522 843
390.536 839
390.549 831
390.562 839
390.576 819
390.589 837
390.602 825
390.616 812
390.629 805
390.642 811
390.655 805
390.669 807
390.682 820
390.695 813
390.709 788
390.722 820
390.735 792
390.749 791
390.762 804
390.775 786
390.788 797
390.802 789
390.815 778
390.828 790
390.842 768
390.855 787
390.868 797
390.882 768
390.895 777
390.908 761
390.921 764
390.935 769
390.948 766
390.961 775
390.975 761
390.988 750
391.001 771
391.014 766
391.028 752
391.041 771
391.054 757
391.068 744
391.081 765
391.094 745
391.107 755
391.121 744
391.134 763
391.147 732
391.161 755
391.174 731
391.187 739
391.200 738
391.214 742
391.227 762
391.240 741
391.254 727
391.267 726
391.280 738
391.293 726
391.307 726
391.320 723
391.333 720
391.347 719
391.360 730
391.373 724
391.386 722
391.400 726
391.413 722
391.426 728
391.440 725
391.453 735
391.466 726
391.479 724
391.493 728
391.506 736
391.519 715
391.532 709
391.546 719
391.559 708
391.572 706
391.586 725
391.599 712
391.612 706
391.625 728
391.639 720
391.652 711
391.665 714
391.678 721
391.692 714
391.705 722
391.718 707
391.732 718
391.745 700
391.758 714
391.771 706
391.785 707
391.798 706
391.811 700
391.824 712
391.838 720
391.851 717
391.864 715
391.877 705
391.891 708
391.904 710
391.917 703
391.931 703
391.944 713
391.957 702
391.970 695
391.984 684
391.997 709
392.010 704
392.023 701
392.037 704
392.050 698
392.063 685
392.076 702
392.090 695
392.103 710
392.116 694
392.129 695
392.143 702
392.156 692
392.169 690
392.182 701
392.196 696
392.209 692
392.222 699
392.235 691
392.249 686
392.262 692
392.275 695
392.288 693
392.302 701
392.315 702
392.328 702
392.341 684
392.355 703
392.368 684
392.381 693
392.394 686
392.408 703
392.421 700
392.434 694
392.447 690
392.461 693
392.474 679
392.487 702
392.500 700
392.514 695
392.527 688
392.540 691
392.553 689
392.567 696
392.580 695
392.593 690
392.606 682
392.620 694
392.633 679
392.646 681
392.659 685
392.673 692
392.686 690
392.699 692
392.712 679
392.726 686
392.739 686
392.752 685
392.765 684
392.778 681
392.792 672
392.805 684
392.818 677
392.831 682
392.845 694
392.858 675
392.871 682
392.884 681
392.898 683
392.911 691
392.924 673
392.937 679
392.951 701
392.964 675
392.977 676
392.990 676
393.003 687
393.017 677
393.030 673
393.043 681
393.056 684
393.070 675
393.083 688
393.096 677
393.109 681
393.122 682
393.136 675
393.149 683
393.162 683
393.175 680
393.189 683
393.202 677
393.215 686
393.228 674
393.242 676
393.255 682
393.268 681
393.281 675
393.294 683
393.308 666
393.321 668
393.334 682
393.347 679
393.360 673
393.374 670
393.387 686
393.400 672
393.413 683
393.427 670
393.440 680
393.453 678
393.466 674
393.479 665
393.493 660
393.506 668
393.519 654
393.532 674
393.546 672
393.559 679
393.572 676
393.585 680
393.598 678
393.612 663
393.625 663
393.638 667
393.651 674
393.664 675
393.678 677
393.691 667
393.704 659
393.717 673
393.730 668
393.744 668
393.757 668
393.770 672
393.783 671
393.796 672
393.810 672
393.823 672
393.836 674
393.849 678
393.863 676
393.876 658
393.889 678
393.902 673
393.915 670
393.929 671
