375.891 821
375.905 844
375.919 845
375.933 832
375.946 847
375.960 841
375.974 851
375.987 859
376.001 861
376.015 863
376.029 846
376.042 867
376.056 865
376.070 882
376.084 861
376.097 861
376.111 873
376.125 902
376.139 871
376.152 889
376.166 875
376.180 921
376.193 891
376.207 901
376.221 902
376.235 911
376.248 908
376.262 904
376.276 946
376.290 925
376.303 919
376.317 937
376.331 903
376.345 944
376.358 931
376.372 962
376.386 952
376.399 955
376.413 949
376.427 962
376.441 959
376.454 981
376.468 965
376.482 986
376.495 979
376.509 992
376.523 1011
376.537 1013
376.550 1008
376.564 1004
376.578 994
376.592 1029
376.605 1025
376.619 1034
376.633 1029
376.646 1015
376.660 1039
376.674 1037
376.688 1062
376.701 1044
376.715 1033
376.729 1065
376.742 1076
376.756 1070
376.770 1094
376.784 1076
376.797 1093
376.811 1091
376.825 1106
376.838 1120
376.852 1089
376.866 1122
376.880 1141
376.893 1126
376.907 1140
376.921 1127
376.934 1145
376.948 1149
376.962 1145
376.976 1145
376.989 1141
377.003 1132
377.017 1177
377.030 1194
377.044 1196
377.058 1220
377.071 1224
377.085 1219
377.099 1184
377.113 1227
377.126 1232
377.140 1221
377.154 1256
377.167 1249
377.181 1243
377.195 1255
377.208 1258
377.222 1238
377.236 1240
377.250 1274
377.263 1275
377.277 1306
377.291 1319
377.304 1331
377.318 1319
377.332 1310
377.345 1330
377.359 1293
377.373 1299
377.387 1328
377.400 1320
377.414 1327
377.428 1339
377.441 1301
377.455 1368
377.469 1358
377.482 1399
377.496 1387
377.510 1391
377.524 1439
377.537 1408
377.551 1409
377.565 1416
377.578 1410
377.592 1418
377.606 1401
377.619 1425
377.633 1419
377.647 1413
377.660 1418
377.674 1386
377.688 1419
377.701 1391
377.715 1452
377.729 1462
377.743 1439
377.756 1477
377.770 1438
377.784 1489
377.797 1469
377.811 1449
377.825 1453
377.838 1476
377.852 1474
377.866 1554
377.879 1524
377.893 1502
377.907 1481
377.920 1532
377.934 1476
377.948 1514
377.961 1516
377.975 1545
377.989 1552
378.002 1534
378.016 1495
378.030 1513
378.044 1532
378.057 1537
378.071 1552
378.085 1564
378.098 1543
378.112 1564
378.126 1565
378.139 1542
378.153 1556
378.167 1551
378.180 1549
378.194 1576
378.208 1588
378.221 1606
378.235 1597
378.249 1593
378.262 1591
378.276 1584
378.290 1574
378.303 1583
378.317 1591
378.331 1587
378.344 1599
378.358 1582
378.372 1579
378.385 1614
378.399 1646
378.413 1614
378.426 1651
378.440 1666
378.454 1664
378.467 1684
378.481 1635
378.495 1628
378.508 1653
378.522 1609
378.536 1651
378.549 1632
378.563 1642
378.577 1664
378.590 1713
378.604 1659
378.618 1689
378.631 1678
378.645 1708
378.659 1688
378.672 1722
378.686 1740
378.700 1786
378.713 1806
378.727 1771
378.740 1790
378.754 1773
378.768 1779
378.781 1809
378.795 1842
378.809 1838
378.822 1837
378.836 1791
378.850 1779
378.863 1795
378.877 1828
378.891 1827
378.904 1798
378.918 1826
378.932 1870
378.945 1847
378.959 1836
378.973 1819
378.986 1841
379.000 1812
379.014 1850
379.027 1868
379.041 1881
379.054 1860
379.068 1869
379.082 1885
379.095 1880
379.109 1860
379.123 1881
379.136 1900
379.150 1908
379.164 1935
379.177 1890
379.191 1922
379.205 1941
379.218 1964
379.232 1933
379.245 1984
379.259 1986
379.273 2005
379.286 1986
379.300 2026
379.314 2036
379.327 2018
379.341 2057
379.355 2036
379.368 2068
379.382 2105
379.396 2123
379.409 2126
379.423 2160
379.436 2129
379.450 2122
379.464 2145
379.477 2181
379.491 2172
379.505 2177
379.518 2187
379.532 2230
379.546 2263
379.559 2298
379.573 2295
379.586 2299
379.600 2290
379.614 2382
379.627 2400
379.641 2375
379.655 2395
379.668 2395
379.682 2449
379.695 2448
379.709 2459
379.723 2377
379.736 2608
379.750 2621
379.764 2650
379.777 2730
379.791 2711
379.804 2724
379.818 2743
379.832 2738
379.845 2675
379.859 2665
379.873 2739
379.886 2775
379.900 2791
379.913 2840
379.927 2876
379.941 2951
379.954 2963
379.968 3002
379.982 3076
379.995 3024
380.009 3041
380.022 3103
380.036 3170
380.050 3139
380.063 3230
380.077 3401
380.090 3461
380.104 3460
380.118 3505
380.131 3557
380.145 3526
380.159 3558
380.172 3641
380.186 3667
380.199 3805
380.213 3860
380.227 3938
380.240 3955
380.254 3933
380.267 3915
380.281 3960
380.295 3964
380.308 4076
380.322 4151
380.336 4215
380.349 4257
380.363 4299
380.376 4333
380.390 4377
380.404 4534
380.417 4549
380.431 4572
380.444 4666
380.458 4728
380.472 4776
380.485 4821
380.499 4857
380.512 4890
380.526 4977
380.540 5088
380.553 5107
380.567 5214
380.580 5268
380.594 5331
380.608 5526
380.621 5692
380.635 5746
380.648 5724
380.662 5756
380.676 5885
380.689 5941
380.703 6012
380.716 6072
380.730 6145
380.744 6188
380.757 6311
380.771 6542
380.784 6619
380.798 6619
380.812 6681
380.825 6767
380.839 6832
380.852 7084
380.866 7127
380.880 7322
380.893 7149
380.907 7191
380.920 7355
380.934 7479
380.948 7557
380.961 7509
380.975 7790
380.988 7763
381.002 7791
381.015 7763
381.029 7908
381.043 7902
381.056 8150
381.070 8153
381.083 8073
381.097 8330
381.111 8359
381.124 8445
381.138 8615
381.151 8635
381.165 8778
381.179 8889
381.192 8889
381.206 8807
381.219 8866
381.233 9004
381.246 9018
381.260 9084
381.274 9085
381.287 9292
381.301 9519
381.314 9486
381.328 9573
381.341 9657
381.355 9633
381.369 9724
381.382 9857
381.396 9892
381.409 10152
381.423 10341
381.437 10415
381.450 10350
381.464 10451
381.477 10720
381.491 10759
381.504 10740
381.518 10685
381.532 10871
381.545 11233
381.559 11399
381.572 11416
381.586 11448
381.599 11540
381.613 11636
381.627 11568
381.640 11812
381.654 11792
381.667 11854
381.681 11874
381.694 12092
381.708 11732
381.722 11695
381.735 11817
381.749 11837
381.762 11942
381.776 12021
381.789 12111
381.803 12143
381.817 12190
381.830 12187
381.844 12259
381.857 12415
381.871 12646
381.884 12693
381.898 12511
381.911 12582
381.925 12869
381.939 12938
381.952 13036
381.966 12954
381.979 12963
381.993 13245
382.006 13497
382.020 13712
382.034 13718
382.047 13625
382.061 13623
382.074 13739
382.088 13798
382.101 13732
382.115 13710
382.128 13768
382.142 14347
382.156 14846
382.169 14956
382.183 14854
382.196 14733
382.210 14770
382.223 14768
382.237 14798
382.250 14893
382.264 15026
382.278 15129
382.291 15246
382.305 15680
382.318 15893
382.332 15774
382.345 15458
382.359 15409
382.372 15402
382.386 15568
382.399 15833
382.413 15714
382.427 15788
382.440 15991
382.454 16145
382.467 16247
382.481 16480
382.494 17065
382.508 17191
382.521 17218
382.535 17097
382.548 17196
382.562 17106
382.576 17296
382.589 17292
382.603 17631
382.616 17397
382.630 17679
382.643 18083
382.657 18167
382.670 18426
382.684 18359
382.697 18208
382.711 18402
382.724 18640
382.738 18682
382.752 18827
382.765 18754
382.779 19029
382.792 19126
382.806 19202
382.819 19205
382.833 19552
382.846 19840
382.860 19775
382.873 19981
382.887 20215
382.900 20312
382.914 20600
382.928 20694
382.941 21011
382.955 21097
382.968 21311
382.982 21487
382.995 21474
383.009 21672
383.022 21659
383.036 22056
383.049 22163
383.063 22217
383.076 22157
383.090 22323
383.103 22542
383.117 22585
383.130 22634
383.144 22783
383.158 22921
383.171 23311
383.185 23368
383.198 23747
383.212 23875
383.225 24210
383.239 24461
383.252 24837
383.266 24780
383.279 24879
383.293 25159
383.306 25006
383.320 25371
383.333 26110
383.347 26365
383.360 26100
383.374 26134
383.387 26287
383.401 26458
383.414 26277
383.428 26458
383.441 26342
383.455 26486
383.468 26251
383.482 26562
383.496 27442
383.509 27529
383.523 27459
383.536 27506
383.550 27578
383.563 27678
383.577 27896
383.590 27939
383.604 27946
383.617 27659
383.631 27769
383.644 27468
383.658 27506
383.671 27397
383.685 27543
383.698 27682
383.712 28074
383.725 27933
383.739 27546
383.752 27600
383.766 27617
383.779 27674
383.793 27449
383.806 27643
383.820 28469
383.833 28316
383.847 28274
383.860 28456
383.874 28507
383.887 27730
383.901 27704
383.914 27813
383.928 28066
383.941 28064
383.955 27385
383.968 27257
383.982 27016
383.995 27083
384.009 27196
384.022 27017
384.036 26866
384.049 26882
384.063 26983
384.076 27331
384.090 27576
384.103 27666
384.117 27614
384.130 27244
384.144 26418
384.157 25977
384.171 25814
384.184 25525
384.198 25468
384.211 25134
384.225 25072
384.238 25329
384.252 25291
384.265 24878
384.279 24405
384.292 24223
384.306 23952
384.319 23467
384.333 23014
384.346 22512
384.360 22293
384.373 21611
384.387 21494
384.400 20924
384.414 20663
384.427 20231
384.441 19742
384.454 19303
384.468 19035
384.481 18490
384.495 18161
384.508 17828
384.522 17262
384.535 16874
384.549 16417
384.562 16203
384.575 15666
384.589 15439
384.602 15247
384.616 15042
384.629 14602
384.643 14063
384.656 13637
384.670 13314
384.683 12788
384.697 12214
384.710 11912
384.724 11686
384.737 11133
384.751 10847
384.764 10652
384.778 10412
384.791 10107
384.805 9792
384.818 9375
384.832 9080
384.845 8922
384.859 8615
384.872 8324
384.885 8153
384.899 7753
384.912 7578
384.926 7326
384.939 7200
384.953 6944
384.966 6589
384.980 6624
384.993 6479
385.007 6352
385.020 6137
385.034 5941
385.047 5771
385.061 5663
385.074 5526
385.088 5436
385.101 5345
385.114 5249
385.128 5162
385.141 4884
385.155 4853
385.168 4924
385.182 4934
385.195 4836
385.209 4670
385.222 4644
385.236 4568
385.249 4451
385.263 4311
385.276 4292
385.290 4203
385.303 4100
385.316 3989
385.330 4024
385.343 3908
385.357 3936
385.370 3871
385.384 3746
385.397 3666
385.411 3682
385.424 3633
385.438 3633
385.451 3569
385.464 3602
385.478 3526
385.491 3539
385.505 3479
385.518 3436
385.532 3380
385.545 3347
385.559 3218
385.572 3215
385.586 3216
385.599 3220
385.612 3213
385.626 3203
385.639 3092
385.653 3155
385.666 3201
385.680 3125
385.693 3090
385.707 2973
385.720 3026
385.734 3015
385.747 2956
385.760 2909
385.774 2906
385.787 2919
385.801 2862
385.814 2778
385.828 2702
385.841 2766
385.855 2715
385.868 2715
385.881 2590
385.895 2638
385.908 2672
385.922 2653
385.935 2600
385.949 2576
385.962 2550
385.976 2493
385.989 2575
386.002 2568
386.016 2526
386.029 2533
386.043 2522
386.056 2471
386.070 2456
386.083 2463
386.097 2402
386.110 2456
386.123 2417
386.137 2378
386.150 2384
386.164 2347
386.177 2346
386.191 2402
386.204 2314
386.217 2296
386.231 2256
386.244 2281
386.258 2272
386.271 2290
386.285 2304
386.298 2342
386.311 2200
386.325 2252
386.338 2196
386.352 2178
386.365 2185
386.379 2178
386.392 2122
386.405 2121
386.419 2078
386.432 2111
386.446 2148
386.459 2133
386.473 2142
386.486 2094
386.499 2108
386.513 2100
386.526 2103
386.540 2089
386.553 2014
386.567 1996
386.580 2066
386.593 2046
386.607 2041
386.620 2022
386.634 2049
386.647 1994
386.661 1959
386.674 1974
386.687 1947
386.701 1952
386.714 1933
386.728 1942
386.741 1935
386.754 1909
386.768 1923
386.781 1912
386.795 1836
386.808 1852
386.822 1864
386.835 1835
386.848 1835
386.862 1842
386.875 1774
386.889 1759
386.902 1773
386.915 1798
386.929 1804
386.942 1745
386.956 1766
386.969 1701
386.983 1780
386.996 1736
387.009 1710
387.023 1694
387.036 1730
387.050 1694
387.063 1714
387.076 1707
387.090 1672
387.103 1659
387.117 1666
387.130 1678
387.143 1681
387.157 1711
387.170 1698
387.184 1678
387.197 1668
387.210 1636
387.224 1657
387.237 1614
387.251 1602
387.264 1582
387.278 1557
387.291 1555
387.304 1583
387.318 1551
387.331 1546
387.345 1564
387.358 1565
387.371 1533
387.385 1546
387.398 1524
387.412 1527
387.425 1527
387.438 1430
387.452 1417
387.465 1477
387.478 1422
387.492 1446
387.505 1444
387.519 1442
387.532 1458
387.545 1456
387.559 1467
387.572 1444
387.586 1447
387.599 1408
387.612 1442
387.626 1372
387.639 1403
387.653 1409
387.666 1354
387.679 1333
387.693 1320
387.706 1328
387.720 1330
387.733 1333
387.746 1343
387.760 1319
387.773 1356
387.787 1325
387.800 1339
387.813 1325
387.827 1267
387.840 1288
387.853 1271
387.867 1300
387.880 1279
387.894 1279
387.907 1274
387.920 1266
387.934 1259
387.947 1248
387.961 1259
387.974 1254
387.987 1237
388.001 1254
388.014 1232
388.027 1237
388.041 1207
388.054 1186
388.068 1218
388.081 1223
388.094 1225
388.108 1187
388.121 1178
388.134 1190
388.148 1185
388.161 1179
388.175 1164
388.188 1154
388.201 1156
388.215 1156
388.228 1166
388.241 1142
388.255 1133
388.268 1147
388.282 1148
388.295 1180
388.308 1136
388.322 1147
388.335 1116
388.348 1135
388.362 1131
388.375 1150
388.389 1149
388.402 1154
388.415 1119
388.429 1161
388.442 1127
388.455 1133
388.469 1149
388.482 1143
388.495 1135
388.509 1134
388.522 1129
388.536 1113
388.549 1098
388.562 1124
388.576 1122
388.589 1083
388.602 1104
388.616 1111
388.629 1139
388.642 1088
388.656 1114
388.669 1100
388.683 1110
388.696 1090
388.709 1078
388.723 1133
388.736 1098
388.749 1076
388.763 1078
388.776 1105
388.789 1092
388.803 1091
388.816 1090
388.829 1095
388.843 1074
388.856 1054
388.870 1072
388.883 1082
388.896 1077
388.910 1055
388.923 1072
388.936 1115
388.950 1054
388.963 1062
388.976 1073
388.990 1067
389.003 1094
389.016 1082
389.030 1050
389.043 1081
389.056 1075
389.070 1087
389.083 1061
389.097 1055
389.110 1084
389.123 1043
389.137 1066
389.150 1025
389.163 1068
389.177 1055
389.190 1045
389.203 1047
389.217 1023
389.230 1032
389.243 1052
389.257 1034
389.270 1033
389.283 1044
389.297 1026
389.310 1031
389.323 1034
389.337 1041
389.350 1036
389.363 1021
389.377 1023
389.390 1015
389.403 1038
389.417 1003
389.430 1012
389.443 1012
389.457 1005
389.470 1033
389.483 1036
389.497 1038
389.510 1015
389.523 1033
389.537 1036
389.550 1033
389.563 987
389.577 1013
389.590 986
389.603 1006
389.617 987
389.630 998
389.643 1004
389.657 1004
389.670 991
389.683 980
389.697 971
389.710 979
389.723 987
389.737 997
389.750 999
389.763 1013
389.777 980
389.790 971
389.803 972
389.817 971
389.830 1003
389.843 954
389.857 956
389.870 942
389.883 962
389.897 947
389.910 944
389.923 960
389.937 955
389.950 938
389.963 943
389.977 952
389.990 937
390.003 925
390.017 945
390.030 937
390.043 951
390.057 927
390.070 933
390.083 916
390.096 907
390.110 906
390.123 919
390.136 919
390.150 932
390.163 909
390.176 887
390.190 891
390.203 887
390.216 897
390.230 872
390.243 868
390.256 884
390.270 891
390.283 884
390.296 880
390.310 874
390.323 874
390.336 851
390.349 875
390.363 878
390.376 881
390.389 854
390.403 855
390.416 855
390.429 868
390.443 848
390.456 845
390.469 827
390.483 838
390.496 844
390.509 826
390.522 840
390.536 815
390.549 824
390.562 835
390.576 814
390.589 804
390.602 832
390.616 824
390.629 817
390.642 816
390.655 806
390.669 820
390.682 788
390.695 802
390.709 811
390.722 811
390.735 802
390.749 775
390.762 782
390.775 788
390.788 800
390.802 778
390.815 796
390.828 782
390.842 773
390.855 767
390.868 770
390.882 794
390.895 778
390.908 773
390.921 777
390.935 788
390.948 767
390.961 774
390.975 762
390.988 770
391.001 764
391.014 763
391.028 752
391.041 744
391.054 756
391.068 750
391.081 755
391.094 741
391.107 741
391.121 744
391.134 738
391.147 742
391.161 742
391.174 755
391.187 761
391.200 738
391.214 739
391.227 749
391.240 729
391.254 722
391.267 740
391.280 734
391.293 734
391.307 728
391.320 719
391.333 732
391.347 730
391.360 736
391.373 733
391.386 723
391.400 726
391.413 726
391.426 710
391.440 731
391.453 721
391.466 723
391.479 706
391.493 727
391.506 716
391.519 705
391.532 720
391.546 703
391.559 726
391.572 715
391.586 705
391.599 707
391.612 718
391.625 712
391.639 709
391.652 714
391.665 721
391.678 715
391.692 713
391.705 719
391.718 703
391.732 699
391.745 717
391.758 718
391.771 707
391.785 719
391.798 710
391.811 700
391.824 693
391.838 697
391.851 716
391.864 690
391.877 708
391.891 705
391.904 699
391.917 702
391.931 703
391.944 713
391.957 714
391.970 702
391.984 702
391.997 703
392.010 708
392.023 698
392.037 692
392.050 700
392.063 714
392.076 689
392.090 700
392.103 690
392.116 697
392.129 703
392.143 706
392.156 705
392.169 702
392.182 700
392.196 695
392.209 702
392.222 690
392.235 694
392.249 681
392.262 695
392.275 679
392.288 679
392.302 695
392.315 698
392.328 690
392.341 705
392.355 699
392.368 684
392.381 690
392.394 708
392.408 700
392.421 688
392.434 698
392.447 683
392.461 699
392.474 690
392.487 683
392.500 701
392.514 699
392.527 694
392.540 689
392.553 695
392.567 690
392.580 686
392.593 699
392.606 692
392.620 690
392.633 690
392.646 690
392.659 685
392.673 693
392.686 690
392.699 688
392.712 690
392.726 679
392.739 689
392.752 688
392.765 671
392.778 674
392.792 682
392.805 682
392.818 702
392.831 677
392.845 682
392.858 684
392.871 677
392.884 679
392.898 681
392.911 683
392.924 695
392.937 684
392.951 685
392.964 683
392.977 676
392.990 679
393.003 675
393.017 681
393.030 672
393.043 690
393.056 679
393.070 685
393.083 686
393.096 690
393.109 679
393.122 671
393.136 672
393.149 670
393.162 683
393.175 684
393.189 676
393.202 682
393.215 668
393.228 686
393.242 676
393.255 680
393.268 674
393.281 668
393.294 674
393.308 684
393.321 675
393.334 680
393.347 682
393.360 683
393.374 674
393.387 659
393.400 677
393.413 686
393.427 678
393.440 674
393.453 675
393.466 667
393.479 672
393.493 670
393.506 675
393.519 674
393.532 675
393.546 672
393.559 670
393.572 674
393.585 686
393.598 674
393.612 665
393.625 670
393.638 686
393.651 676
393.664 667
393.678 686
393.691 673
393.704 662
393.717 663
393.730 669
393.744 663
393.757 672
393.770 669
393.783 675
393.796 678
393.810 662
393.823 668
393.836 673
393.849 670
393.863 682
393.876 674
393.889 666
393.902 662
393.915 675
393.929 671
