375.891 805
375.905 809
375.919 821
375.933 793
375.946 816
375.960 832
375.974 837
375.987 828
376.001 842
376.015 831
376.029 845
376.042 840
376.056 860
376.070 845
376.084 858
376.097 859
376.111 843
376.125 839
376.139 880
376.152 858
376.166 885
376.180 877
376.193 876
376.207 880
376.221 878
376.235 892
376.248 892
376.262 895
376.276 884
376.290 912
376.303 910
376.317 901
376.331 889
376.345 901
376.358 909
376.372 926
376.386 907
376.399 927
376.413 911
376.427 937
376.441 930
376.454 917
376.468 940
376.482 946
376.495 957
376.509 958
376.523 984
376.537 972
376.550 988
376.564 1002
376.578 983
376.592 994
376.605 1000
376.619 996
376.633 979
376.646 985
376.660 1012
376.674 992
376.688 1012
376.701 1008
376.715 1008
376.729 1015
376.742 1021
376.756 1018
376.770 1014
376.784 1035
376.797 1047
376.811 1043
376.825 1069
376.838 1066
376.852 1069
376.866 1042
376.880 1071
376.893 1075
376.907 1084
376.921 1083
376.934 1114
376.948 1081
376.962 1099
376.976 1124
376.989 1107
377.003 1113
377.017 1131
377.030 1165
377.044 1172
377.058 1160
377.071 1179
377.085 1163
377.099 1150
377.113 1145
377.126 1144
377.140 1188
377.154 1177
377.167 1188
377.181 1197
377.195 1188
377.208 1192
377.222 1202
377.236 1230
377.250 1188
377.263 1201
377.277 1224
377.291 1223
377.304 1231
377.318 1242
377.332 1246
377.345 1278
377.359 1258
377.373 1246
377.387 1284
377.400 1253
377.414 1249
377.428 1277
377.441 1258
377.455 1303
377.469 1314
377.482 1294
377.496 1342
377.510 1339
377.524 1346
377.537 1362
377.551 1327
377.565 1346
377.578 1295
377.592 1356
377.606 1343
377.619 1345
377.633 1343
377.647 1355
377.660 1341
377.674 1357
377.688 1376
377.701 1328
377.715 1364
377.729 1372
377.743 1383
377.756 1358
377.770 1382
377.784 1417
377.797 1364
377.811 1355
377.825 1344
377.838 1386
377.852 1402
377.866 1403
377.879 1442
377.893 1439
377.907 1416
377.920 1459
377.934 1419
377.948 1445
377.961 1426
377.975 1438
377.989 1411
378.002 1439
378.016 1426
378.030 1421
378.044 1454
378.057 1463
378.071 1467
378.085 1473
378.098 1477
378.112 1447
378.126 1458
378.139 1495
378.153 1485
378.167 1481
378.180 1475
378.194 1492
378.208 1510
378.221 1516
378.235 1511
378.249 1484
378.262 1503
378.276 1506
378.290 1491
378.303 1494
378.317 1515
378.331 1487
378.344 1520
378.358 1501
378.372 1507
378.385 1548
378.399 1549
378.413 1563
378.426 1499
378.440 1542
378.454 1581
378.467 1512
378.481 1543
378.495 1542
378.508 1538
378.522 1575
378.536 1553
378.549 1567
378.563 1515
378.577 1533
378.590 1592
378.604 1562
378.618 1572
378.631 1589
378.645 1599
378.659 1619
378.672 1588
378.686 1669
378.700 1666
378.713 1675
378.727 1668
378.740 1685
378.754 1679
378.768 1704
378.781 1685
378.795 1700
378.809 1711
378.822 1686
378.836 1725
378.850 1652
378.863 1704
378.877 1685
378.891 1698
378.904 1713
378.918 1718
378.932 1753
378.945 1723
378.959 1696
378.973 1726
378.986 1695
379.000 1734
379.014 1731
379.027 1707
379.041 1715
379.054 1716
379.068 1768
379.082 1770
379.095 1816
379.109 1774
379.123 1757
379.136 1752
379.150 1811
379.164 1779
379.177 1814
379.191 1763
379.205 1803
379.218 1855
379.232 1880
379.245 1872
379.259 1873
379.273 1892
379.286 1884
379.300 1884
379.314 1857
379.327 1925
379.341 1872
379.355 1923
379.368 1928
379.382 1941
379.396 1956
379.409 1998
379.423 1994
379.436 1977
379.450 2064
379.464 2057
379.477 2047
379.491 2075
379.505 2090
379.518 2064
379.532 2123
379.546 2111
379.559 2121
379.573 2179
379.586 2122
379.600 2182
379.614 2196
379.627 2270
379.641 2254
379.655 2268
379.668 2260
379.682 2288
379.695 2238
379.709 2288
379.723 2295
379.736 2370
379.750 2461
379.764 2519
379.777 2536
379.791 2574
379.804 2549
379.818 2554
379.832 2531
379.845 2505
379.859 2494
379.873 2533
379.886 2564
379.900 2594
379.913 2645
379.927 2723
379.941 2719
379.954 2798
379.968 2795
379.982 2822
379.995 2843
380.009 2860
380.022 2851
380.036 2940
380.050 2936
380.063 3008
380.077 3122
380.090 3216
380.104 3264
380.118 3242
380.131 3248
380.145 3375
380.159 3413
380.172 3353
380.186 3445
380.199 3570
380.213 3580
380.227 3753
380.240 3692
380.254 3627
380.267 3652
380.281 3739
380.295 3686
380.308 3744
380.322 3781
380.336 3876
380.349 3898
380.363 3994
380.376 3989
380.390 4122
380.404 4135
380.417 4185
380.431 4124
380.444 4297
380.458 4381
380.472 4401
380.485 4399
380.499 4561
380.512 4556
380.526 4608
380.540 4691
380.553 4722
380.567 4783
380.580 4845
380.594 4932
380.608 5066
380.621 5248
380.635 5328
380.648 5394
380.662 5374
380.676 5381
380.689 5425
380.703 5564
380.716 5618
380.730 5633
380.744 5688
380.757 5834
380.771 5977
380.784 6161
380.798 6125
380.812 6058
380.825 6148
380.839 6307
380.852 6484
380.866 6635
380.880 6711
380.893 6628
380.907 6687
380.920 6737
380.934 6797
380.948 6908
380.961 7029
380.975 7067
380.988 7095
381.002 7153
381.015 7102
381.029 7274
381.043 7410
381.056 7442
381.070 7484
381.083 7589
381.097 7427
381.111 7807
381.124 7745
381.138 8002
381.151 8021
381.165 8057
381.179 8182
381.192 8149
381.206 8064
381.219 8188
381.233 8262
381.246 8255
381.260 8336
381.274 8474
381.287 8573
381.301 8714
381.314 8682
381.328 8781
381.341 8743
381.355 8865
381.369 8952
381.382 8917
381.396 9030
381.409 9232
381.423 9356
381.437 9389
381.450 9444
381.464 9524
381.477 9790
381.491 9966
381.504 9787
381.518 9865
381.532 10008
381.545 10188
381.559 10587
381.572 10454
381.586 10472
381.599 10608
381.613 10587
381.627 10682
381.640 10681
381.654 10748
381.667 10770
381.681 10942
381.694 10959
381.708 10777
381.722 10709
381.735 10744
381.749 10872
381.762 10980
381.776 11076
381.789 10938
381.803 10999
381.817 11034
381.830 11167
381.844 11134
381.857 11460
381.871 11489
381.884 11627
381.898 11633
381.911 11473
381.925 11529
381.939 11718
381.952 11730
381.966 11923
381.979 12090
381.993 12230
382.006 12366
382.020 12493
382.034 12628
382.047 12470
382.061 12567
382.074 12444
382.088 12458
382.101 12573
382.115 12775
382.128 12777
382.142 13126
382.156 13506
382.169 13664
382.183 13506
382.196 13444
382.210 13496
382.223 13618
382.237 13575
382.250 13589
382.264 13651
382.278 13822
382.291 13745
382.305 14256
382.318 14500
382.332 14508
382.345 14169
382.359 13967
382.372 14029
382.386 14039
382.399 14216
382.413 14085
382.427 14342
382.440 14463
382.454 14495
382.467 14791
382.481 15141
382.494 15375
382.508 15514
382.521 15606
382.535 15495
382.548 15378
382.562 15331
382.576 15558
382.589 15646
382.603 15768
382.616 15787
382.630 16065
382.643 16138
382.657 16320
382.670 16405
382.684 16548
382.697 16569
382.711 16298
382.724 16811
382.738 16626
382.752 16862
382.765 16989
382.779 17082
382.792 17327
382.806 17336
382.819 17608
382.833 17495
382.846 17633
382.860 17890
382.873 18130
382.887 18165
382.900 18180
382.914 18336
382.928 18556
382.941 18868
382.955 18960
382.968 19025
382.982 19499
382.995 19260
383.009 19472
383.022 19517
383.036 19700
383.049 19949
383.063 19919
383.076 20063
383.090 20219
383.103 20246
383.117 20165
383.130 20284
383.144 20508
383.158 20548
383.171 20734
383.185 20859
383.198 21256
383.212 21230
383.225 21693
383.239 21891
383.252 22180
383.266 22108
383.279 22277
383.293 22196
383.306 22299
383.320 22761
383.333 23121
383.347 23429
383.360 23046
383.374 23101
383.387 23215
383.401 23448
383.414 23354
383.428 23252
383.441 23414
383.455 23328
383.468 23259
383.482 23682
383.496 24415
383.509 24341
383.523 24279
383.536 24295
383.550 24298
383.563 24329
383.577 24510
383.590 24815
383.604 24865
383.617 24612
383.631 24470
383.644 24255
383.658 24088
383.671 24402
383.685 24509
383.698 24372
383.712 24396
383.725 24422
383.739 24392
383.752 24346
383.766 24175
383.779 24276
383.793 24098
383.806 24312
383.820 24777
383.833 24830
383.847 24806
383.860 24736
383.874 24768
383.887 23941
383.901 24222
383.914 24547
383.928 24525
383.941 24299
383.955 23834
383.968 23818
383.982 23716
383.995 23658
384.009 23539
384.022 23639
384.036 23358
384.049 23237
384.063 23460
384.076 23616
384.090 23727
384.103 24050
384.117 24123
384.130 23462
384.144 22766
384.157 22531
384.171 22147
384.184 22054
384.198 21975
384.211 21641
384.225 21620
384.238 21664
384.252 21597
384.265 21535
384.279 21141
384.292 20775
384.306 20801
384.319 20225
384.333 19730
384.346 19197
384.360 18861
384.373 18606
384.387 18381
384.400 18038
384.414 17496
384.427 17396
384.441 17020
384.454 16515
384.468 16196
384.481 15865
384.495 15485
384.508 15164
384.522 14860
384.535 14256
384.549 13892
384.562 13613
384.575 13291
384.589 13075
384.602 12934
384.616 12723
384.629 12436
384.643 11855
384.656 11543
384.670 11196
384.683 10912
384.697 10611
384.710 10267
384.724 9987
384.737 9639
384.751 9168
384.764 9074
384.778 8758
384.791 8564
384.805 8359
384.818 8054
384.832 7850
384.845 7658
384.859 7421
384.872 7080
384.885 6928
384.899 6631
384.912 6406
384.926 6300
384.939 6103
384.953 6050
384.966 5933
384.980 5835
384.993 5621
385.007 5542
385.020 5358
385.034 5280
385.047 5084
385.061 5005
385.074 4908
385.088 4786
385.101 4680
385.114 4569
385.128 4571
385.141 4532
385.155 4425
385.168 4501
385.182 4469
385.195 4333
385.209 4278
385.222 4073
385.236 4078
385.249 3996
385.263 3894
385.276 3904
385.290 3714
385.303 3609
385.316 3726
385.330 3639
385.343 3676
385.357 3529
385.370 3424
385.384 3403
385.397 3369
385.411 3298
385.424 3225
385.438 3280
385.451 3301
385.464 3235
385.478 3208
385.491 3173
385.505 3161
385.518 3182
385.532 3095
385.545 3056
385.559 3003
385.572 2976
385.586 2927
385.599 2993
385.612 2913
385.626 2978
385.639 2870
385.653 2965
385.666 2882
385.680 2904
385.693 2874
385.707 2789
385.720 2857
385.734 2804
385.747 2734
385.760 2637
385.774 2696
385.787 2729
385.801 2649
385.814 2587
385.828 2533
385.841 2548
385.855 2526
385.868 2506
385.881 2480
385.895 2486
385.908 2437
385.922 2454
385.935 2403
385.949 2436
385.962 2349
385.976 2395
385.989 2392
386.002 2387
386.016 2307
386.029 2379
386.043 2323
386.056 2296
386.070 2303
386.083 2277
386.097 2266
386.110 2325
386.123 2247
386.137 2248
386.150 2205
386.164 2243
386.177 2193
386.191 2201
386.204 2199
386.217 2215
386.231 2143
386.244 2123
386.258 2171
386.271 2208
386.285 2122
386.298 2117
386.311 2100
386.325 2126
386.338 2040
386.352 2038
386.365 2073
386.379 1988
386.392 1991
386.405 1988
386.419 2043
386.432 1981
386.446 2007
386.459 2012
386.473 1986
386.486 1951
386.499 1908
386.513 1929
386.526 1959
386.540 1912
386.553 1896
386.567 1922
386.580 1927
386.593 1915
386.607 1932
386.620 1940
386.634 1884
386.647 1914
386.661 1867
386.674 1871
386.687 1858
386.701 1784
386.714 1827
386.728 1842
386.741 1779
386.754 1806
386.768 1795
386.781 1809
386.795 1759
386.808 1791
386.822 1737
386.835 1745
386.848 1763
386.862 1716
386.875 1674
386.889 1703
386.902 1730
386.915 1686
386.929 1715
386.942 1686
386.956 1673
386.969 1660
386.983 1623
386.996 1662
387.009 1641
387.023 1644
387.036 1589
387.050 1683
387.063 1613
387.076 1642
387.090 1614
387.103 1610
387.117 1570
387.130 1599
387.143 1593
387.157 1567
387.170 1570
387.184 1578
387.197 1554
387.210 1554
387.224 1564
387.237 1558
387.251 1503
387.264 1485
387.278 1465
387.291 1498
387.304 1458
387.318 1489
387.331 1489
387.345 1484
387.358 1508
387.371 1457
387.385 1440
387.398 1403
387.412 1454
387.425 1429
387.438 1414
387.452 1395
387.465 1359
387.478 1369
387.492 1350
387.505 1407
387.519 1366
387.532 1383
387.545 1375
387.559 1412
387.572 1378
387.586 1365
387.599 1400
387.612 1330
387.626 1352
387.639 1351
387.653 1287
387.666 1310
387.679 1303
387.693 1303
387.706 1308
387.720 1279
387.733 1324
387.746 1296
387.760 1293
387.773 1303
387.787 1281
387.800 1287
387.813 1276
387.827 1248
387.840 1260
387.853 1232
387.867 1228
387.880 1248
387.894 1238
387.907 1266
387.920 1214
387.934 1242
387.947 1218
387.961 1205
387.974 1181
387.987 1214
388.001 1180
388.014 1184
388.027 1171
388.041 1201
388.054 1189
388.068 1173
388.081 1177
388.094 1162
388.108 1173
388.121 1171
388.134 1158
388.148 1142
388.161 1143
388.175 1122
388.188 1137
388.201 1108
388.215 1121
388.228 1111
388.241 1108
388.255 1107
388.268 1100
388.282 1100
388.295 1117
388.308 1096
388.322 1106
388.335 1078
388.348 1098
388.362 1098
388.375 1108
388.389 1131
388.402 1088
388.415 1069
388.429 1088
388.442 1102
388.455 1101
388.469 1107
388.482 1097
388.495 1114
388.509 1102
388.522 1120
388.536 1116
388.549 1064
388.562 1091
388.576 1049
388.589 1083
388.602 1078
388.616 1090
388.629 1060
388.642 1058
388.656 1036
388.669 1059
388.683 1090
388.696 1077
388.709 1080
388.723 1099
388.736 1062
388.749 1054
388.763 1054
388.776 1058
388.789 1057
388.803 1050
388.816 1074
388.829 1043
388.843 1045
388.856 1059
388.870 1059
388.883 1058
388.896 1071
388.910 1044
388.923 1077
388.936 1046
388.950 1059
388.963 1049
388.976 1038
388.990 1028
389.003 1024
389.016 1037
389.030 1047
389.043 1075
389.056 1047
389.070 1049
389.083 1034
389.097 1022
389.110 1027
389.123 1022
389.137 1023
389.150 1023
389.163 1034
389.177 1008
389.190 1021
389.203 1028
389.217 1018
389.230 1015
389.243 1013
389.257 1004
389.270 1004
389.283 974
389.297 1015
389.310 1011
389.323 997
389.337 1000
389.350 991
389.363 997
389.377 989
389.390 961
389.403 996
389.417 1001
389.430 970
389.443 994
389.457 969
389.470 971
389.483 987
389.497 979
389.510 994
389.523 1016
389.537 999
389.550 959
389.563 984
389.577 963
389.590 966
389.603 977
389.617 963
389.630 981
389.643 987
389.657 972
389.670 959
389.683 945
389.697 944
389.710 958
389.723 952
389.737 975
389.750 966
389.763 962
389.777 948
389.790 949
389.803 976
389.817 931
389.830 938
389.843 936
389.857 917
389.870 958
389.883 918
389.897 932
389.910 923
389.923 934
389.937 924
389.950 912
389.963 927
389.977 910
389.990 931
390.003 917
390.017 925
390.030 893
390.043 920
390.057 912
390.070 881
390.083 916
390.096 905
390.110 908
390.123 891
390.136 912
390.150 906
390.163 869
390.176 888
390.190 882
390.203 877
390.216 876
390.230 856
390.243 870
390.256 850
390.270 858
390.283 862
390.296 850
390.310 850
390.323 852
390.336 847
390.349 849
390.363 847
390.376 834
390.389 847
390.403 873
390.416 828
390.429 837
390.443 836
390.456 829
390.469 815
390.483 813
390.496 820
390.509 816
390.522 809
390.536 808
390.549 816
390.562 810
390.576 799
390.589 794
390.602 794
390.616 810
390.629 805
390.642 799
390.655 799
390.669 797
390.682 793
390.695 787
390.709 802
390.722 788
390.735 778
390.749 785
390.762 776
390.775 797
390.788 784
390.802 784
390.815 786
390.828 790
390.842 773
390.855 748
390.868 760
390.882 766
390.895 759
390.908 776
390.921 764
390.935 755
390.948 751
390.961 765
390.975 752
390.988 745
391.001 770
391.014 757
391.028 740
391.041 737
391.054 753
391.068 750
391.081 743
391.094 738
391.107 749
391.121 746
391.134 728
391.147 727
391.161 745
391.174 720
391.187 728
391.200 723
391.214 743
391.227 738
391.240 732
391.254 714
391.267 717
391.280 731
391.293 724
391.307 733
391.320 731
391.333 717
391.347 714
391.360 726
391.373 719
391.386 739
391.400 720
391.413 686
391.426 721
391.440 714
391.453 704
391.466 709
391.479 724
391.493 717
391.506 709
391.519 698
391.532 708
391.546 710
391.559 709
391.572 727
391.586 701
391.599 695
391.612 720
391.625 697
391.639 711
391.652 702
391.665 695
391.678 713
391.692 705
391.705 718
391.718 702
391.732 716
391.745 711
391.758 704
391.771 710
391.785 700
391.798 698
391.811 701
391.824 705
391.838 699
391.851 715
391.864 689
391.877 707
391.891 701
391.904 694
391.917 699
391.931 696
391.944 690
391.957 697
391.970 689
391.984 692
391.997 699
392.010 708
392.023 695
392.037 699
392.050 694
392.063 697
392.076 701
392.090 697
392.103 689
392.116 694
392.129 706
392.143 697
392.156 683
392.169 692
392.182 682
392.196 688
392.209 695
392.222 700
392.235 699
392.249 692
392.262 698
392.275 677
392.288 687
392.302 690
392.315 681
392.328 698
392.341 680
392.355 698
392.368 691
392.381 677
392.394 677
392.408 684
392.421 697
392.434 688
392.447 679
392.461 693
392.474 699
392.487 693
392.500 683
392.514 699
392.527 691
392.540 687
392.553 682
392.567 699
392.580 680
392.593 692
392.606 685
392.620 679
392.633 685
392.646 699
392.659 679
392.673 679
392.686 685
392.699 680
392.712 677
392.726 681
392.739 678
392.752 690
392.765 684
392.778 691
392.792 680
392.805 682
392.818 684
392.831 671
392.845 694
392.858 690
392.871 675
392.884 682
392.898 680
392.911 681
392.924 686
392.937 682
392.951 660
392.964 677
392.977 670
392.990 683
393.003 675
393.017 679
393.030 690
393.043 662
393.056 671
393.070 674
393.083 684
393.096 682
393.109 690
393.122 680
393.136 671
393.149 671
393.162 672
393.175 672
393.189 677
393.202 696
393.215 669
393.228 683
393.242 668
393.255 670
393.268 680
393.281 669
393.294 665
393.308 667
393.321 679
393.334 678
393.347 669
393.360 681
393.374 683
393.387 662
393.400 679
393.413 680
393.427 656
393.440 675
393.453 664
393.466 662
393.479 673
393.493 659
393.506 677
393.519 658
393.532 656
393.546 668
393.559 664
393.572 663
393.585 683
393.598 667
393.612 671
393.625 665
393.638 671
393.651 668
393.664 682
393.678 677
393.691 659
393.704 670
393.717 661
393.730 656
393.744 671
393.757 672
393.770 651
393.783 664
393.796 671
393.810 664
393.823 660
393.836 669
393.849 667
393.863 666
393.876 672
393.889 666
393.902 662
393.915 664
393.929 672
