375.891 804
375.905 816
375.919 840
375.933 810
375.946 826
375.960 813
375.974 832
375.987 830
376.001 834
376.015 842
376.029 854
376.042 820
376.056 838
376.070 842
376.084 859
376.097 849
376.111 847
376.125 855
376.139 873
376.152 865
376.166 875
376.180 873
376.193 874
376.207 874
376.221 881
376.235 876
376.248 876
376.262 896
376.276 902
376.290 889
376.303 902
376.317 903
376.331 908
376.345 920
376.358 907
376.372 916
376.386 926
376.399 925
376.413 922
376.427 923
376.441 938
376.454 953
376.468 962
376.482 936
376.495 951
376.509 950
376.523 969
376.537 971
376.550 968
376.564 960
376.578 983
376.592 990
376.605 1004
376.619 984
376.633 1021
376.646 994
376.660 993
376.674 976
376.688 993
376.701 1011
376.715 1025
376.729 1028
376.742 1041
376.756 1049
376.770 1042
376.784 1039
376.797 1033
376.811 1065
376.825 1072
376.838 1091
376.852 1076
376.866 1078
376.880 1064
376.893 1074
376.907 1054
376.921 1076
376.934 1086
376.948 1118
376.962 1120
376.976 1111
376.989 1110
377.003 1143
377.017 1150
377.030 1154
377.044 1138
377.058 1150
377.071 1165
377.085 1163
377.099 1139
377.113 1174
377.126 1182
377.140 1171
377.154 1153
377.167 1188
377.181 1190
377.195 1228
377.208 1202
377.222 1236
377.236 1219
377.250 1209
377.263 1225
377.277 1210
377.291 1244
377.304 1224
377.318 1214
377.332 1267
377.345 1264
377.359 1282
377.373 1248
377.387 1294
377.400 1270
377.414 1251
377.428 1264
377.441 1270
377.455 1275
377.469 1309
377.482 1306
377.496 1307
377.510 1325
377.524 1345
377.537 1348
377.551 1319
377.565 1339
377.578 1345
377.592 1321
377.606 1333
377.619 1343
377.633 1337
377.647 1328
377.660 1382
377.674 1370
377.688 1362
377.701 1381
377.715 1397
377.729 1377
377.743 1367
377.756 1386
377.770 1380
377.784 1393
377.797 1377
377.811 1417
377.825 1423
377.838 1397
377.852 1382
377.866 1429
377.879 1425
377.893 1436
377.907 1440
377.920 1454
377.934 1439
377.948 1430
377.961 1415
377.975 1455
377.989 1470
378.002 1473
378.016 1478
378.030 1432
378.044 1414
378.057 1454
378.071 1449
378.085 1469
378.098 1489
378.112 1448
378.126 1485
378.139 1465
378.153 1446
378.167 1498
378.180 1492
378.194 1474
378.208 1511
378.221 1477
378.235 1483
378.249 1537
378.262 1478
378.276 1516
378.290 1552
378.303 1503
378.317 1521
378.331 1546
378.344 1542
378.358 1526
378.372 1563
378.385 1564
378.399 1552
378.413 1555
378.426 1570
378.440 1532
378.454 1613
378.467 1584
378.481 1556
378.495 1604
378.508 1596
378.522 1536
378.536 1568
378.549 1584
378.563 1567
378.577 1598
378.590 1607
378.604 1616
378.618 1600
378.631 1590
378.645 1652
378.659 1620
378.672 1616
378.686 1673
378.700 1701
378.713 1700
378.727 1696
378.740 1701
378.754 1695
378.768 1713
378.781 1722
378.795 1729
378.809 1749
378.822 1733
378.836 1717
378.850 1689
378.863 1717
378.877 1661
378.891 1715
378.904 1754
378.918 1748
378.932 1747
378.945 1748
378.959 1692
378.973 1743
378.986 1728
379.000 1741
379.014 1734
379.027 1746
379.041 1760
379.054 1776
379.068 1772
379.082 1791
379.095 1804
379.109 1780
379.123 1765
379.136 1819
379.150 1807
379.164 1821
379.177 1819
379.191 1791
379.205 1840
379.218 1819
379.232 1848
379.245 1948
379.259 1885
379.273 1914
379.286 1871
379.300 1886
379.314 1926
379.327 1891
379.341 1928
379.355 1927
379.368 1994
379.382 2032
379.396 2036
379.409 2009
379.423 2033
379.436 2048
379.450 1993
379.464 2077
379.477 2098
379.491 2033
379.505 2076
379.518 2077
379.532 2124
379.546 2143
379.559 2158
379.573 2158
379.586 2162
379.600 2210
379.614 2224
379.627 2278
379.641 2299
379.655 2274
379.668 2320
379.682 2286
379.695 2284
379.709 2343
379.723 2326
379.736 2435
379.750 2509
379.764 2569
379.777 2539
379.791 2578
379.804 2590
379.818 2631
379.832 2589
379.845 2461
379.859 2581
379.873 2619
379.886 2637
379.900 2652
379.913 2665
379.927 2704
379.941 2719
379.954 2765
379.968 2868
379.982 2835
379.995 2909
380.009 2874
380.022 2916
380.036 2934
380.050 2995
380.063 3018
380.077 3182
380.090 3277
380.104 3335
380.118 3317
380.131 3341
380.145 3360
380.159 3382
380.172 3457
380.186 3530
380.199 3549
380.213 3678
380.227 3724
380.240 3763
380.254 3670
380.267 3704
380.281 3756
380.295 3813
380.308 3833
380.322 3862
380.336 3919
380.349 3929
380.363 4045
380.376 4038
380.390 4114
380.404 4250
380.417 4278
380.431 4291
380.444 4351
380.458 4403
380.472 4492
380.485 4554
380.499 4476
380.512 4681
380.526 4702
380.540 4721
380.553 4773
380.567 4903
380.580 4969
380.594 5029
380.608 5148
380.621 5371
380.635 5379
380.648 5472
380.662 5372
380.676 5554
380.689 5605
380.703 5657
380.716 5682
380.730 5756
380.744 5948
380.757 6036
380.771 6158
380.784 6154
380.798 6112
380.812 6207
380.825 6370
380.839 6507
380.852 6640
380.866 6732
380.880 6841
380.893 6750
380.907 6647
380.920 6773
380.934 6989
380.948 7149
380.961 7193
380.975 7212
380.988 7218
381.002 7252
381.015 7407
381.029 7391
381.043 7589
381.056 7577
381.070 7605
381.083 7640
381.097 7780
381.111 7833
381.124 7977
381.138 8033
381.151 8109
381.165 8123
381.179 8189
381.192 8258
381.206 8213
381.219 8415
381.233 8395
381.246 8512
381.260 8449
381.274 8629
381.287 8676
381.301 8801
381.314 8790
381.328 8893
381.341 9122
381.355 8965
381.369 9166
381.382 9154
381.396 9341
381.409 9415
381.423 9561
381.437 9683
381.450 9610
381.464 9778
381.477 10028
381.491 10212
381.504 10075
381.518 9963
381.532 10277
381.545 10457
381.559 10481
381.572 10743
381.586 10608
381.599 10776
381.613 10889
381.627 10724
381.640 10825
381.654 11127
381.667 11232
381.681 11149
381.694 11179
381.708 10953
381.722 10900
381.735 10972
381.749 10973
381.762 11240
381.776 11158
381.789 11183
381.803 11412
381.817 11342
381.830 11482
381.844 11617
381.857 11635
381.871 11745
381.884 11810
381.898 11755
381.911 11992
381.925 11890
381.939 11991
381.952 12163
381.966 12169
381.979 12218
381.993 12384
382.006 12588
382.020 12679
382.034 12728
382.047 12775
382.061 12659
382.074 12687
382.088 12582
382.101 12860
382.115 12720
382.128 12910
382.142 13350
382.156 13695
382.169 14053
382.183 13670
382.196 13711
382.210 13718
382.223 13746
382.237 13955
382.250 13755
382.264 13952
382.278 14111
382.291 14231
382.305 14491
382.318 14607
382.332 14889
382.345 14179
382.359 14074
382.372 14336
382.386 14287
382.399 14410
382.413 14747
382.427 14744
382.440 14761
382.454 14843
382.467 14973
382.481 15198
382.494 15465
382.508 15801
382.521 16133
382.535 15668
382.548 15837
382.562 15768
382.576 15968
382.589 15874
382.603 16002
382.616 16105
382.630 16405
382.643 16292
382.657 16710
382.670 16765
382.684 16703
382.697 16580
382.711 16967
382.724 16972
382.738 17044
382.752 16990
382.765 17338
382.779 17595
382.792 17476
382.806 17730
382.819 17842
382.833 18123
382.846 18072
382.860 18162
382.873 18358
382.887 18464
382.900 18643
382.914 18641
382.928 19010
382.941 19287
382.955 19093
382.968 19343
382.982 19717
382.995 19740
383.009 19740
383.022 19664
383.036 19904
383.049 20060
383.063 20224
383.076 20488
383.090 20382
383.103 20494
383.117 20538
383.130 20885
383.144 20732
383.158 21015
383.171 21274
383.185 21347
383.198 21350
383.212 21729
383.225 22017
383.239 22186
383.252 22400
383.266 22342
383.279 22505
383.293 22639
383.306 22848
383.320 22961
383.333 23652
383.347 23762
383.360 23622
383.374 23688
383.387 23842
383.401 23833
383.414 23903
383.428 23583
383.441 23634
383.455 23995
383.468 23776
383.482 24059
383.496 24742
383.509 24820
383.523 24578
383.536 24764
383.550 24722
383.563 24825
383.577 24916
383.590 25548
383.604 25232
383.617 24998
383.631 24864
383.644 24489
383.658 24571
383.671 24517
383.685 24733
383.698 24785
383.712 24905
383.725 24993
383.739 24660
383.752 24644
383.766 24693
383.779 24447
383.793 24771
383.806 24858
383.820 25199
383.833 25284
383.847 25423
383.860 25242
383.874 25075
383.887 24548
383.901 24491
383.914 25042
383.928 24880
383.941 24863
383.955 24429
383.968 24013
383.982 24050
383.995 24069
384.009 23943
384.022 23825
384.036 23829
384.049 23527
384.063 23928
384.076 24010
384.090 24092
384.103 24389
384.117 24245
384.130 24093
384.144 23232
384.157 22883
384.171 22649
384.184 22303
384.198 22200
384.211 21839
384.225 21894
384.238 22041
384.252 21621
384.265 21547
384.279 21310
384.292 20946
384.306 20918
384.319 20321
384.333 19886
384.346 19575
384.360 19357
384.373 18671
384.387 18458
384.400 18226
384.414 17967
384.427 17552
384.441 17131
384.454 16672
384.468 16248
384.481 16147
384.495 15671
384.508 15323
384.522 15088
384.535 14724
384.549 14243
384.562 13868
384.575 13522
384.589 13317
384.602 13064
384.616 12952
384.629 12537
384.643 12292
384.656 11840
384.670 11440
384.683 11013
384.697 10560
384.710 10261
384.724 10103
384.737 9663
384.751 9310
384.764 9143
384.778 8903
384.791 8753
384.805 8356
384.818 8357
384.832 7914
384.845 7825
384.859 7475
384.872 7222
384.885 7024
384.899 6818
384.912 6528
384.926 6426
384.939 6342
384.953 6109
384.966 5954
384.980 5919
384.993 5657
385.007 5614
385.020 5486
385.034 5401
385.047 5227
385.061 5204
385.074 5041
385.088 4910
385.101 4912
385.114 4693
385.128 4710
385.141 4574
385.155 4603
385.168 4519
385.182 4513
385.195 4401
385.209 4341
385.222 4223
385.236 4137
385.249 4196
385.263 4094
385.276 4002
385.290 3916
385.303 3838
385.316 3779
385.330 3723
385.343 3702
385.357 3690
385.370 3604
385.384 3495
385.397 3488
385.411 3456
385.424 3437
385.438 3383
385.451 3373
385.464 3387
385.478 3399
385.491 3342
385.505 3283
385.518 3285
385.532 3244
385.545 3126
385.559 3098
385.572 3090
385.586 3001
385.599 3132
385.612 3053
385.626 3058
385.639 2923
385.653 3055
385.666 3068
385.680 2971
385.693 2978
385.707 2931
385.720 2907
385.734 2908
385.747 2839
385.760 2826
385.774 2792
385.787 2788
385.801 2759
385.814 2650
385.828 2586
385.841 2598
385.855 2581
385.868 2658
385.881 2537
385.895 2534
385.908 2568
385.922 2596
385.935 2570
385.949 2493
385.962 2510
385.976 2469
385.989 2449
386.002 2440
386.016 2505
386.029 2479
386.043 2499
386.056 2446
386.070 2331
386.083 2358
386.097 2341
386.110 2322
386.123 2352
386.137 2352
386.150 2361
386.164 2321
386.177 2235
386.191 2313
386.204 2310
386.217 2209
386.231 2247
386.244 2267
386.258 2213
386.271 2277
386.285 2198
386.298 2183
386.311 2223
386.325 2171
386.338 2184
386.352 2150
386.365 2116
386.379 2090
386.392 2145
386.405 2098
386.419 2086
386.432 2126
386.446 2089
386.459 2120
386.473 2067
386.486 2070
386.499 2035
386.513 2034
386.526 2045
386.540 1992
386.553 2009
386.567 1984
386.580 2018
386.593 1994
386.607 2056
386.620 2030
386.634 1964
386.647 1974
386.661 1946
386.674 1931
386.687 1937
386.701 1889
386.714 1847
386.728 1881
386.741 1904
386.754 1846
386.768 1858
386.781 1914
386.795 1844
386.808 1801
386.822 1786
386.835 1791
386.848 1782
386.862 1768
386.875 1786
386.889 1789
386.902 1770
386.915 1711
386.929 1738
386.942 1754
386.956 1775
386.969 1714
386.983 1695
386.996 1659
387.009 1702
387.023 1707
387.036 1688
387.050 1683
387.063 1684
387.076 1701
387.090 1675
387.103 1648
387.117 1616
387.130 1631
387.143 1674
387.157 1600
387.170 1641
387.184 1615
387.197 1599
387.210 1614
387.224 1639
387.237 1600
387.251 1595
387.264 1520
387.278 1516
387.291 1549
387.304 1572
387.318 1533
387.331 1489
387.345 1545
387.358 1552
387.371 1500
387.385 1536
387.398 1501
387.412 1464
387.425 1451
387.438 1459
387.452 1402
387.465 1450
387.478 1439
387.492 1395
387.505 1397
387.519 1441
387.532 1430
387.545 1460
387.559 1463
387.572 1438
387.586 1426
387.599 1424
387.612 1379
387.626 1373
387.639 1420
387.653 1397
387.666 1339
387.679 1336
387.693 1326
387.706 1335
387.720 1307
387.733 1373
387.746 1331
387.760 1357
387.773 1352
387.787 1328
387.800 1290
387.813 1325
387.827 1316
387.840 1264
387.853 1296
387.867 1282
387.880 1299
387.894 1314
387.907 1309
387.920 1247
387.934 1225
387.947 1298
387.961 1260
387.974 1238
387.987 1232
388.001 1242
388.014 1239
388.027 1221
388.041 1183
388.054 1203
388.068 1208
388.081 1194
388.094 1193
388.108 1210
388.121 1195
388.134 1164
388.148 1193
388.161 1158
388.175 1189
388.188 1163
388.201 1156
388.215 1166
388.228 1123
388.241 1133
388.255 1156
388.268 1155
388.282 1156
388.295 1122
388.308 1142
388.322 1141
388.335 1113
388.348 1091
388.362 1146
388.375 1124
388.389 1130
388.402 1140
388.415 1120
388.429 1122
388.442 1135
388.455 1138
388.469 1120
388.482 1132
388.495 1141
388.509 1145
388.522 1147
388.536 1143
388.549 1122
388.562 1117
388.576 1104
388.589 1068
388.602 1102
388.616 1117
388.629 1113
388.642 1106
388.656 1096
388.669 1077
388.683 1102
388.696 1084
388.709 1148
388.723 1087
388.736 1102
388.749 1085
388.763 1071
388.776 1088
388.789 1110
388.803 1084
388.816 1093
388.829 1069
388.843 1073
388.856 1086
388.870 1058
388.883 1075
388.896 1036
388.910 1066
388.923 1089
388.936 1095
388.950 1097
388.963 1099
388.976 1072
388.990 1076
389.003 1063
389.016 1075
389.030 1078
389.043 1046
389.056 1057
389.070 1072
389.083 1034
389.097 1041
389.110 1039
389.123 1070
389.137 1044
389.150 1016
389.163 1071
389.177 1056
389.190 1065
389.203 1038
389.217 1044
389.230 1042
389.243 1020
389.257 1029
389.270 989
389.283 1030
389.297 1036
389.310 1043
389.323 996
389.337 1050
389.350 1021
389.363 1037
389.377 1052
389.390 1019
389.403 1028
389.417 1009
389.430 1028
389.443 1015
389.457 1003
389.470 1022
389.483 1040
389.497 1024
389.510 1020
389.523 1022
389.537 1031
389.550 1026
389.563 971
389.577 1000
389.590 1008
389.603 979
389.617 973
389.630 997
389.643 953
389.657 999
389.670 984
389.683 990
389.697 997
389.710 994
389.723 985
389.737 970
389.750 994
389.763 980
389.777 977
389.790 954
389.803 974
389.817 965
389.830 988
389.843 943
389.857 967
389.870 948
389.883 929
389.897 949
389.910 953
389.923 936
389.937 932
389.950 903
389.963 920
389.977 917
389.990 923
390.003 943
390.017 925
390.030 922
390.043 932
390.057 920
390.070 918
390.083 915
390.096 883
390.110 891
390.123 908
390.136 897
390.150 912
390.163 906
390.176 878
390.190 899
390.203 887
390.216 869
390.230 854
390.243 883
390.256 869
390.270 861
390.283 866
390.296 859
390.310 883
390.323 869
390.336 850
390.349 866
390.363 860
390.376 857
390.389 872
390.403 864
390.416 839
390.429 859
390.443 831
390.456 847
390.469 837
390.483 851
390.496 838
390.509 827
390.522 816
390.536 826
390.549 816
390.562 829
390.576 820
390.589 829
390.602 814
390.616 826
390.629 823
390.642 801
390.655 812
390.669 805
390.682 794
390.695 793
390.709 798
390.722 797
390.735 788
390.749 784
390.762 790
390.775 792
390.788 801
390.802 769
390.815 788
390.828 790
390.842 782
390.855 757
390.868 774
390.882 768
390.895 758
390.908 757
390.921 775
390.935 779
390.948 770
390.961 752
390.975 754
390.988 758
391.001 754
391.014 776
391.028 755
391.041 745
391.054 764
391.068 750
391.081 751
391.094 749
391.107 756
391.121 746
391.134 738
391.147 751
391.161 761
391.174 749
391.187 738
391.200 731
391.214 747
391.227 741
391.240 745
391.254 745
391.267 746
391.280 736
391.293 716
391.307 719
391.320 721
391.333 727
391.347 734
391.360 739
391.373 724
391.386 730
391.400 738
391.413 729
391.426 719
391.440 738
391.453 738
391.466 722
391.479 730
391.493 720
391.506 722
391.519 723
391.532 727
391.546 728
391.559 720
391.572 714
391.586 724
391.599 712
391.612 706
391.625 715
391.639 709
391.652 710
391.665 706
391.678 706
391.692 708
391.705 718
391.718 722
391.732 720
391.745 707
391.758 717
391.771 711
391.785 708
391.798 712
391.811 714
391.824 709
391.838 714
391.851 698
391.864 702
391.877 702
391.891 690
391.904 709
391.917 706
391.931 706
391.944 703
391.957 709
391.970 710
391.984 698
391.997 703
392.010 713
392.023 704
392.037 711
392.050 712
392.063 697
392.076 695
392.090 693
392.103 706
392.116 702
392.129 704
392.143 703
392.156 694
392.169 704
392.182 694
392.196 701
392.209 692
392.222 698
392.235 703
392.249 688
392.262 691
392.275 699
392.288 693
392.302 697
392.315 689
392.328 677
392.341 686
392.355 693
392.368 684
392.381 697
392.394 699
392.408 688
392.421 687
392.434 703
392.447 699
392.461 693
392.474 701
392.487 685
392.500 686
392.514 691
392.527 691
392.540 672
392.553 686
392.567 679
392.580 686
392.593 694
392.606 689
392.620 695
392.633 684
392.646 699
392.659 687
392.673 676
392.686 696
392.699 691
392.712 697
392.726 684
392.739 693
392.752 671
392.765 662
392.778 688
392.792 688
392.805 679
392.818 686
392.831 685
392.845 685
392.858 688
392.871 693
392.884 670
392.898 692
392.911 695
392.924 682
392.937 691
392.951 684
392.964 689
392.977 688
392.990 681
393.003 679
393.017 687
393.030 685
393.043 665
393.056 684
393.070 683
393.083 691
393.096 673
393.109 691
393.122 688
393.136 675
393.149 674
393.162 675
393.175 680
393.189 677
393.202 684
393.215 680
393.228 677
393.242 688
393.255 675
393.268 669
393.281 667
393.294 688
393.308 673
393.321 678
393.334 682
393.347 665
393.360 667
393.374 676
393.387 669
393.400 676
393.413 684
393.427 675
393.440 671
393.453 683
393.466 676
393.479 664
393.493 680
393.506 672
393.519 676
393.532 678
393.546 676
393.559 674
393.572 674
393.585 673
393.598 673
393.612 676
393.625 684
393.638 678
393.651 662
393.664 678
393.678 672
393.691 679
393.704 673
393.717 673
393.730 665
393.744 666
393.757 674
393.770 673
393.783 672
393.796 678
393.810 673
393.823 669
393.836 668
393.849 669
393.863 663
393.876 665
393.889 667
393.902 670
393.915 665
393.929 665
