375.891 816
375.905 830
375.919 831
375.933 827
375.946 836
375.960 845
375.974 834
375.987 817
376.001 847
376.015 825
376.029 838
376.042 861
376.056 850
376.070 842
376.084 847
376.097 862
376.111 871
376.125 864
376.139 871
376.152 864
376.166 881
376.180 877
376.193 895
376.207 882
376.221 887
376.235 888
376.248 877
376.262 892
376.276 882
376.290 917
376.303 915
376.317 910
376.331 901
376.345 908
376.358 914
376.372 908
376.386 919
376.399 921
376.413 932
376.427 945
376.441 935
376.454 961
376.468 934
376.482 939
376.495 953
376.509 957
376.523 968
376.537 979
376.550 988
376.564 984
376.578 997
376.592 1015
376.605 1005
376.619 993
376.633 1004
376.646 1005
376.660 993
376.674 987
376.688 1000
376.701 1023
376.715 1027
376.729 1027
376.742 1033
376.756 1031
376.770 1053
376.784 1048
376.797 1021
376.811 1074
376.825 1059
376.838 1090
376.852 1107
376.866 1064
376.880 1086
376.893 1104
376.907 1101
376.921 1105
376.934 1088
376.948 1104
376.962 1099
376.976 1098
376.989 1118
377.003 1104
377.017 1134
377.030 1139
377.044 1165
377.058 1163
377.071 1176
377.085 1148
377.099 1178
377.113 1150
377.126 1152
377.140 1193
377.154 1185
377.167 1193
377.181 1225
377.195 1206
377.208 1228
377.222 1206
377.236 1226
377.250 1217
377.263 1232
377.277 1260
377.291 1263
377.304 1264
377.318 1262
377.332 1249
377.345 1261
377.359 1260
377.373 1295
377.387 1253
377.400 1265
377.414 1271
377.428 1289
377.441 1273
377.455 1309
377.469 1308
377.482 1288
377.496 1336
377.510 1331
377.524 1369
377.537 1373
377.551 1311
377.565 1356
377.578 1347
377.592 1347
377.606 1358
377.619 1373
377.633 1332
377.647 1339
377.660 1374
377.674 1372
377.688 1383
377.701 1385
377.715 1364
377.729 1383
377.743 1409
377.756 1402
377.770 1391
377.784 1410
377.797 1406
377.811 1379
377.825 1388
377.838 1403
377.852 1420
377.866 1388
377.879 1436
377.893 1478
377.907 1440
377.920 1462
377.934 1438
377.948 1439
377.961 1456
377.975 1448
377.989 1458
378.002 1460
378.016 1487
378.030 1455
378.044 1451
378.057 1449
378.071 1434
378.085 1475
378.098 1494
378.112 1458
378.126 1477
378.139 1513
378.153 1479
378.167 1449
378.180 1474
378.194 1500
378.208 1509
378.221 1488
378.235 1465
378.249 1528
378.262 1522
378.276 1478
378.290 1488
378.303 1510
378.317 1514
378.331 1527
378.344 1532
378.358 1539
378.372 1513
378.385 1546
378.399 1557
378.413 1544
378.426 1551
378.440 1584
378.454 1579
378.467 1575
378.481 1570
378.495 1584
378.508 1589
378.522 1588
378.536 1595
378.549 1593
378.563 1608
378.577 1578
378.590 1597
378.604 1584
378.618 1610
378.631 1589
378.645 1637
378.659 1657
378.672 1609
378.686 1641
378.700 1708
378.713 1691
378.727 1698
378.740 1677
378.754 1691
378.768 1733
378.781 1720
378.795 1706
378.809 1704
378.822 1761
378.836 1702
378.850 1666
378.863 1666
378.877 1694
378.891 1694
378.904 1704
378.918 1733
378.932 1732
378.945 1754
378.959 1707
378.973 1731
378.986 1743
379.000 1734
379.014 1761
379.027 1707
379.041 1730
379.054 1799
379.068 1737
379.082 1763
379.095 1755
379.109 1803
379.123 1791
379.136 1728
379.150 1816
379.164 1830
379.177 1786
379.191 1850
379.205 1823
379.218 1866
379.232 1866
379.245 1899
379.259 1858
379.273 1894
379.286 1829
379.300 1929
379.314 1919
379.327 1930
379.341 1942
379.355 1955
379.368 1938
379.382 2023
379.396 1968
379.409 1973
379.423 2025
379.436 2013
379.450 2073
379.464 2021
379.477 2081
379.491 2072
379.505 2044
379.518 2089
379.532 2116
379.546 2110
379.559 2181
379.573 2141
379.586 2172
379.600 2201
379.614 2221
379.627 2273
379.641 2269
379.655 2253
379.668 2260
379.682 2257
379.695 2331
379.709 2308
379.723 2334
379.736 2371
379.750 2459
379.764 2515
379.777 2561
379.791 2577
379.804 2602
379.818 2628
379.832 2568
379.845 2559
379.859 2588
379.873 2606
379.886 2608
379.900 2633
379.913 2675
379.927 2728
379.941 2764
379.954 2804
379.968 2835
379.982 2805
379.995 2799
380.009 2888
380.022 2869
380.036 2928
380.050 2975
380.063 3056
380.077 3104
380.090 3283
380.104 3280
380.118 3292
380.131 3305
380.145 3374
380.159 3373
380.172 3378
380.186 3495
380.199 3546
380.213 3646
380.227 3686
380.240 3708
380.254 3696
380.267 3649
380.281 3717
380.295 3733
380.308 3812
380.322 3792
380.336 3927
380.349 3897
380.363 4033
380.376 4059
380.390 4154
380.404 4200
380.417 4238
380.431 4210
380.444 4281
380.458 4319
380.472 4439
380.485 4523
380.499 4563
380.512 4550
380.526 4664
380.540 4646
380.553 4701
380.567 4811
380.580 4872
380.594 4916
380.608 5146
380.621 5430
380.635 5247
380.648 5376
380.662 5437
380.676 5457
380.689 5457
380.703 5614
380.716 5656
380.730 5682
380.744 5788
380.757 5876
380.771 6032
380.784 6142
380.798 6126
380.812 6115
380.825 6266
380.839 6395
380.852 6449
380.866 6733
380.880 6791
380.893 6661
380.907 6725
380.920 6776
380.934 6882
380.948 7080
380.961 7060
380.975 7107
380.988 7130
381.002 7065
381.015 7127
381.029 7301
381.043 7406
381.056 7465
381.070 7567
381.083 7472
381.097 7654
381.111 7763
381.124 7810
381.138 7950
381.151 7928
381.165 8182
381.179 8134
381.192 8171
381.206 8274
381.219 8235
381.233 8316
381.246 8314
381.260 8396
381.274 8483
381.287 8616
381.301 8599
381.314 8708
381.328 8890
381.341 8921
381.355 8951
381.369 9052
381.382 9069
381.396 9157
381.409 9318
381.423 9461
381.437 9513
381.450 9651
381.464 9574
381.477 9885
381.491 10064
381.504 9850
381.518 9900
381.532 9970
381.545 10242
381.559 10485
381.572 10558
381.586 10479
381.599 10587
381.613 10586
381.627 10757
381.640 10815
381.654 10835
381.667 10881
381.681 10956
381.694 10956
381.708 10794
381.722 10816
381.735 10810
381.749 10818
381.762 10884
381.776 11038
381.789 11122
381.803 11124
381.817 11120
381.830 11175
381.844 11471
381.857 11459
381.871 11552
381.884 11707
381.898 11508
381.911 11737
381.925 11737
381.939 11940
381.952 11649
381.966 11979
381.979 12082
381.993 12210
382.006 12435
382.020 12464
382.034 12714
382.047 12474
382.061 12495
382.074 12330
382.088 12551
382.101 12602
382.115 12484
382.128 12599
382.142 12956
382.156 13683
382.169 13564
382.183 13406
382.196 13337
382.210 13359
382.223 13573
382.237 13640
382.250 13666
382.264 13620
382.278 13926
382.291 13999
382.305 14130
382.318 14253
382.332 14477
382.345 14173
382.359 14017
382.372 14039
382.386 14095
382.399 14190
382.413 14152
382.427 14242
382.440 14326
382.454 14588
382.467 14624
382.481 14882
382.494 15397
382.508 15436
382.521 15561
382.535 15606
382.548 15271
382.562 15559
382.576 15698
382.589 15572
382.603 15899
382.616 15826
382.630 16016
382.643 16246
382.657 16304
382.670 16600
382.684 16683
382.697 16510
382.711 16465
382.724 16629
382.738 16788
382.752 17002
382.765 16913
382.779 17076
382.792 17176
382.806 17361
382.819 17412
382.833 17662
382.846 17679
382.860 17747
382.873 17969
382.887 18196
382.900 18254
382.914 18317
382.928 18559
382.941 18706
382.955 18978
382.968 18955
382.982 19338
382.995 19362
383.009 19486
383.022 19401
383.036 19616
383.049 19817
383.063 19824
383.076 19663
383.090 19904
383.103 20031
383.117 20086
383.130 20237
383.144 20365
383.158 20414
383.171 20715
383.185 20786
383.198 21011
383.212 21149
383.225 21403
383.239 21766
383.252 22013
383.266 21991
383.279 21947
383.293 22120
383.306 22289
383.320 22494
383.333 23201
383.347 23151
383.360 23036
383.374 22901
383.387 23077
383.401 23294
383.414 23188
383.428 23012
383.441 23273
383.455 23229
383.468 23002
383.482 23415
383.496 23990
383.509 24103
383.523 24060
383.536 23924
383.550 24138
383.563 24154
383.577 24322
383.590 24767
383.604 24577
383.617 24333
383.631 23991
383.644 23797
383.658 23983
383.671 23726
383.685 24119
383.698 24035
383.712 24259
383.725 24238
383.739 24224
383.752 24043
383.766 23867
383.779 23764
383.793 23966
383.806 24121
383.820 24575
383.833 24592
383.847 24218
383.860 24657
383.874 24408
383.887 23993
383.901 23760
383.914 23968
383.928 24137
383.941 24002
383.955 23665
383.968 23546
383.982 23133
383.995 23260
384.009 23126
384.022 23042
384.036 23003
384.049 22972
384.063 23205
384.076 23229
384.090 23314
384.103 23881
384.117 23696
384.130 23231
384.144 22198
384.157 22180
384.171 21862
384.184 21558
384.198 21492
384.211 21205
384.225 20918
384.238 21199
384.252 21122
384.265 20897
384.279 20682
384.292 20207
384.306 19982
384.319 19651
384.333 19270
384.346 18824
384.360 18517
384.373 18142
384.387 17979
384.400 17505
384.414 17167
384.427 16921
384.441 16616
384.454 16143
384.468 15731
384.481 15218
384.495 15154
384.508 14743
384.522 14311
384.535 13944
384.549 13595
384.562 13395
384.575 12958
384.589 12830
384.602 12658
384.616 12389
384.629 12044
384.643 11746
384.656 11352
384.670 11088
384.683 10519
384.697 10132
384.710 9791
384.724 9517
384.737 9330
384.751 9144
384.764 8801
384.778 8658
384.791 8368
384.805 8165
384.818 7945
384.832 7605
384.845 7387
384.859 7315
384.872 6954
384.885 6674
384.899 6528
384.912 6412
384.926 6127
384.939 5983
384.953 5820
384.966 5775
384.980 5524
384.993 5503
385.007 5350
385.020 5208
385.034 5087
385.047 5025
385.061 4887
385.074 4775
385.088 4723
385.101 4563
385.114 4482
385.128 4378
385.141 4348
385.155 4314
385.168 4271
385.182 4238
385.195 4193
385.209 4039
385.222 3939
385.236 3926
385.249 3932
385.263 3732
385.276 3782
385.290 3619
385.303 3595
385.316 3506
385.330 3532
385.343 3413
385.357 3401
385.370 3385
385.384 3301
385.397 3244
385.411 3244
385.424 3198
385.438 3190
385.451 3159
385.464 3096
385.478 3122
385.491 3094
385.505 3084
385.518 3049
385.532 2941
385.545 2861
385.559 2867
385.572 2786
385.586 2845
385.599 2776
385.612 2884
385.626 2914
385.639 2742
385.653 2870
385.666 2801
385.680 2755
385.693 2736
385.707 2718
385.720 2704
385.734 2681
385.747 2607
385.760 2617
385.774 2600
385.787 2608
385.801 2500
385.814 2476
385.828 2461
385.841 2470
385.855 2417
385.868 2424
385.881 2380
385.895 2404
385.908 2349
385.922 2309
385.935 2319
385.949 2292
385.962 2337
385.976 2284
385.989 2299
386.002 2271
386.016 2318
386.029 2272
386.043 2240
386.056 2212
386.070 2170
386.083 2223
386.097 2192
386.110 2178
386.123 2183
386.137 2197
386.150 2166
386.164 2113
386.177 2074
386.191 2132
386.204 2078
386.217 2099
386.231 2063
386.244 2080
386.258 2058
386.271 2071
386.285 2087
386.298 2059
386.311 2070
386.325 2027
386.338 1982
386.352 1960
386.365 1984
386.379 1949
386.392 1897
386.405 1915
386.419 1873
386.432 1900
386.446 1902
386.459 1954
386.473 1908
386.486 1871
386.499 1841
386.513 1831
386.526 1808
386.540 1860
386.553 1799
386.567 1823
386.580 1845
386.593 1828
386.607 1875
386.620 1866
386.634 1880
386.647 1886
386.661 1856
386.674 1828
386.687 1790
386.701 1751
386.714 1770
386.728 1736
386.741 1722
386.754 1698
386.768 1777
386.781 1741
386.795 1707
386.808 1683
386.822 1689
386.835 1646
386.848 1678
386.862 1633
386.875 1620
386.889 1622
386.902 1616
386.915 1618
386.929 1599
386.942 1606
386.956 1585
386.969 1579
386.983 1564
386.996 1573
387.009 1593
387.023 1548
387.036 1555
387.050 1593
387.063 1552
387.076 1573
387.090 1550
387.103 1578
387.117 1533
387.130 1514
387.143 1575
387.157 1537
387.170 1555
387.184 1544
387.197 1498
387.210 1485
387.224 1512
387.237 1454
387.251 1472
387.264 1419
387.278 1417
387.291 1438
387.304 1458
387.318 1423
387.331 1418
387.345 1450
387.358 1404
387.371 1416
387.385 1445
387.398 1424
387.412 1378
387.425 1376
387.438 1362
387.452 1335
387.465 1309
387.478 1330
387.492 1299
387.505 1322
387.519 1341
387.532 1314
387.545 1328
387.559 1327
387.572 1302
387.586 1324
387.599 1328
387.612 1326
387.626 1324
387.639 1323
387.653 1304
387.666 1248
387.679 1250
387.693 1248
387.706 1268
387.720 1232
387.733 1248
387.746 1239
387.760 1237
387.773 1227
387.787 1221
387.800 1259
387.813 1225
387.827 1220
387.840 1189
387.853 1204
387.867 1186
387.880 1222
387.894 1226
387.907 1205
387.920 1178
387.934 1186
387.947 1175
387.961 1170
387.974 1177
387.987 1163
388.001 1173
388.014 1182
388.027 1151
388.041 1155
388.054 1111
388.068 1165
388.081 1123
388.094 1106
388.108 1143
388.121 1128
388.134 1153
388.148 1116
388.161 1108
388.175 1122
388.188 1109
388.201 1100
388.215 1112
388.228 1100
388.241 1090
388.255 1062
388.268 1103
388.282 1061
388.295 1105
388.308 1074
388.322 1060
388.335 1071
388.348 1075
388.362 1076
388.375 1049
388.389 1078
388.402 1044
388.415 1081
388.429 1080
388.442 1074
388.455 1058
388.469 1053
388.482 1093
388.495 1068
388.509 1105
388.522 1102
388.536 1061
388.549 1044
388.562 1052
388.576 1060
388.589 1055
388.602 1053
388.616 1076
388.629 1034
388.642 1038
388.656 1029
388.669 1046
388.683 1057
388.696 1070
388.709 1067
388.723 1032
388.736 1020
388.749 1035
388.763 1038
388.776 1020
388.789 1067
388.803 1036
388.816 1042
388.829 1014
388.843 1019
388.856 998
388.870 1023
388.883 1030
388.896 1009
388.910 1007
388.923 1019
388.936 1020
388.950 1018
388.963 1049
388.976 1017
388.990 1005
389.003 999
389.016 1011
389.030 1006
389.043 1045
389.056 1021
389.070 1019
389.083 997
389.097 1002
389.110 1008
389.123 1004
389.137 981
389.150 994
389.163 974
389.177 1026
389.190 980
389.203 974
389.217 994
389.230 971
389.243 999
389.257 1015
389.270 989
389.283 1005
389.297 974
389.310 996
389.323 976
389.337 966
389.350 982
389.363 990
389.377 980
389.390 1001
389.403 974
389.417 969
389.430 971
389.443 962
389.457 972
389.470 984
389.483 980
389.497 958
389.510 991
389.523 986
389.537 959
389.550 974
389.563 989
389.577 966
389.590 969
389.603 956
389.617 945
389.630 952
389.643 944
389.657 940
389.670 953
389.683 929
389.697 946
389.710 927
389.723 950
389.737 957
389.750 917
389.763 926
389.777 947
389.790 941
389.803 933
389.817 928
389.830 934
389.843 940
389.857 927
389.870 893
389.883 900
389.897 909
389.910 906
389.923 896
389.937 908
389.950 917
389.963 918
389.977 903
389.990 902
390.003 902
390.017 906
390.030 898
390.043 909
390.057 880
390.070 870
390.083 891
390.096 889
390.110 880
390.123 877
390.136 865
390.150 866
390.163 876
390.176 844
390.190 869
390.203 860
390.216 870
390.230 851
390.243 852
390.256 840
390.270 836
390.283 845
390.296 866
390.310 849
390.323 841
390.336 830
390.349 835
390.363 841
390.376 833
390.389 846
390.403 829
390.416 850
390.429 832
390.443 818
390.456 815
390.469 807
390.483 803
390.496 800
390.509 801
390.522 803
390.536 800
390.549 805
390.562 810
390.576 794
390.589 799
390.602 797
390.616 780
390.629 781
390.642 781
390.655 783
390.669 783
390.682 793
390.695 783
390.709 769
390.722 777
390.735 773
390.749 788
390.762 763
390.775 772
390.788 762
390.802 770
390.815 773
390.828 742
390.842 748
390.855 757
390.868 756
390.882 753
390.895 745
390.908 745
390.921 749
390.935 751
390.948 751
390.961 745
390.975 740
390.988 753
391.001 739
391.014 752
391.028 745
391.041 733
391.054 719
391.068 732
391.081 739
391.094 739
391.107 732
391.121 727
391.134 730
391.147 745
391.161 738
391.174 733
391.187 743
391.200 727
391.214 730
391.227 724
391.240 716
391.254 726
391.267 720
391.280 706
391.293 724
391.307 714
391.320 727
391.333 712
391.347 712
391.360 717
391.373 719
391.386 721
391.400 719
391.413 720
391.426 716
391.440 720
391.453 716
391.466 725
391.479 702
391.493 712
391.506 708
391.519 713
391.532 696
391.546 703
391.559 696
391.572 712
391.586 707
391.599 708
391.612 691
391.625 707
391.639 702
391.652 705
391.665 697
391.678 699
391.692 708
391.705 711
391.718 705
391.732 697
391.745 688
391.758 710
391.771 702
391.785 705
391.798 701
391.811 699
391.824 703
391.838 697
391.851 707
391.864 700
391.877 690
391.891 693
391.904 693
391.917 702
391.931 686
391.944 687
391.957 693
391.970 694
391.984 691
391.997 702
392.010 694
392.023 689
392.037 688
392.050 690
392.063 699
392.076 692
392.090 697
392.103 702
392.116 683
392.129 693
392.143 689
392.156 691
392.169 691
392.182 691
392.196 684
392.209 696
392.222 690
392.235 687
392.249 682
392.262 687
392.275 674
392.288 682
392.302 677
392.315 685
392.328 687
392.341 695
392.355 695
392.368 693
392.381 687
392.394 702
392.408 685
392.421 672
392.434 671
392.447 688
392.461 674
392.474 677
392.487 689
392.500 688
392.514 687
392.527 690
392.540 691
392.553 688
392.567 686
392.580 681
392.593 680
392.606 683
392.620 677
392.633 678
392.646 689
392.659 676
392.673 672
392.686 681
392.699 675
392.712 678
392.726 678
392.739 687
392.752 681
392.765 676
392.778 665
392.792 683
392.805 681
392.818 687
392.831 681
392.845 676
392.858 682
392.871 677
392.884 673
392.898 692
392.911 674
392.924 678
392.937 671
392.951 688
392.964 671
392.977 662
392.990 674
393.003 677
393.017 665
393.030 677
393.043 683
393.056 685
393.070 678
393.083 667
393.096 673
393.109 681
393.122 678
393.136 660
393.149 656
393.162 670
393.175 662
393.189 669
393.202 675
393.215 688
393.228 675
393.242 671
393.255 671
393.268 669
393.281 669
393.294 667
393.308 663
393.321 675
393.334 681
393.347 672
393.360 670
393.374 658
393.387 674
393.400 665
393.413 655
393.427 656
393.440 663
393.453 670
393.466 666
393.479 672
393.493 667
393.506 665
393.519 674
393.532 674
393.546 652
393.559 667
393.572 661
393.585 662
393.598 674
393.612 670
393.625 668
393.638 671
393.651 668
393.664 661
393.678 666
393.691 669
393.704 670
393.717 668
393.730 658
393.744 662
393.757 670
393.770 667
393.783 667
393.796 661
393.810 658
393.823 658
393.836 663
393.849 663
393.863 664
393.876 653
393.889 656
393.902 662
393.915 663
393.929 670
