375.891 783
375.905 760
375.919 772
375.933 766
375.946 805
375.960 762
375.974 769
375.987 783
376.001 773
376.015 793
376.029 785
376.042 787
376.056 799
376.070 797
376.084 805
376.097 796
376.111 808
376.125 785
376.139 825
376.152 810
376.166 806
376.180 836
376.193 803
376.207 814
376.221 825
376.235 816
376.248 815
376.262 834
376.276 825
376.290 825
376.303 813
376.317 852
376.331 849
376.345 862
376.358 829
376.372 852
376.386 845
376.399 848
376.413 884
376.427 855
376.441 857
376.454 861
376.468 896
376.482 858
376.495 866
376.509 896
376.523 886
376.537 880
376.550 891
376.564 894
376.578 908
376.592 907
376.605 899
376.619 901
376.633 923
376.646 903
376.660 911
376.674 896
376.688 933
376.701 930
376.715 936
376.729 923
376.742 953
376.756 949
376.770 940
376.784 945
376.797 963
376.811 949
376.825 980
376.838 975
376.852 956
376.866 1007
376.880 955
376.893 980
376.907 954
376.921 974
376.934 956
376.948 969
376.962 995
376.976 994
376.989 1004
377.003 1039
377.017 1026
377.030 1026
377.044 1024
377.058 1019
377.071 1021
377.085 1034
377.099 1037
377.113 1024
377.126 1021
377.140 1033
377.154 1074
377.167 1070
377.181 1050
377.195 1100
377.208 1028
377.222 1057
377.236 1072
377.250 1075
377.263 1106
377.277 1092
377.291 1105
377.304 1108
377.318 1104
377.332 1124
377.345 1120
377.359 1128
377.373 1083
377.387 1142
377.400 1154
377.414 1130
377.428 1110
377.441 1146
377.455 1139
377.469 1137
377.482 1142
377.496 1165
377.510 1175
377.524 1176
377.537 1158
377.551 1156
377.565 1168
377.578 1194
377.592 1185
377.606 1157
377.619 1187
377.633 1203
377.647 1196
377.660 1219
377.674 1185
377.688 1166
377.701 1207
377.715 1204
377.729 1213
377.743 1264
377.756 1214
377.770 1225
377.784 1232
377.797 1241
377.811 1205
377.825 1200
377.838 1258
377.852 1234
377.866 1248
377.879 1243
377.893 1257
377.907 1217
377.920 1239
377.934 1269
377.948 1239
377.961 1236
377.975 1258
377.989 1288
378.002 1234
378.016 1251
378.030 1259
378.044 1308
378.057 1259
378.071 1277
378.085 1263
378.098 1271
378.112 1272
378.126 1278
378.139 1284
378.153 1293
378.167 1269
378.180 1307
378.194 1308
378.208 1281
378.221 1313
378.235 1294
378.249 1327
378.262 1295
378.276 1320
378.290 1335
378.303 1320
378.317 1327
378.331 1310
378.344 1330
378.358 1326
378.372 1332
378.385 1333
378.399 1323
378.413 1342
378.426 1350
378.440 1324
378.454 1376
378.467 1348
378.481 1339
378.495 1332
378.508 1349
378.522 1360
378.536 1346
378.549 1374
378.563 1349
378.577 1368
378.590 1366
378.604 1372
378.618 1388
378.631 1413
378.645 1402
378.659 1378
378.672 1436
378.686 1393
378.700 1403
378.713 1437
378.727 1467
378.740 1433
378.754 1452
378.768 1475
378.781 1448
378.795 1433
378.809 1473
378.822 1450
378.836 1435
378.850 1425
378.863 1451
378.877 1504
378.891 1473
378.904 1503
378.918 1488
378.932 1508
378.945 1465
378.959 1460
378.973 1476
378.986 1501
379.000 1488
379.014 1537
379.027 1478
379.041 1479
379.054 1488
379.068 1476
379.082 1514
379.095 1503
379.109 1502
379.123 1496
379.136 1508
379.150 1522
379.164 1528
379.177 1535
379.191 1552
379.205 1503
379.218 1553
379.232 1545
379.245 1556
379.259 1610
379.273 1585
379.286 1614
379.300 1627
379.314 1597
379.327 1626
379.341 1632
379.355 1619
379.368 1607
379.382 1679
379.396 1675
379.409 1642
379.423 1700
379.436 1676
379.450 1701
379.464 1689
379.477 1708
379.491 1719
379.505 1703
379.518 1764
379.532 1787
379.546 1787
379.559 1799
379.573 1810
379.586 1786
379.600 1806
379.614 1819
379.627 1889
379.641 1857
379.655 1879
379.668 1860
379.682 1879
379.695 1902
379.709 1934
379.723 1932
379.736 1940
379.750 2055
379.764 2044
379.777 2086
379.791 2030
379.804 2119
379.818 2132
379.832 2095
379.845 2103
379.859 2092
379.873 2125
379.886 2160
379.900 2160
379.913 2196
379.927 2255
379.941 2223
379.954 2285
379.968 2343
379.982 2366
379.995 2344
380.009 2332
380.022 2353
380.036 2388
380.050 2396
380.063 2462
380.077 2530
380.090 2604
380.104 2658
380.118 2612
380.131 2669
380.145 2687
380.159 2754
380.172 2783
380.186 2835
380.199 2836
380.213 2899
380.227 2948
380.240 2940
380.254 2933
380.267 2958
380.281 2947
380.295 2921
380.308 3079
380.322 3048
380.336 3125
380.349 3103
380.363 3242
380.376 3300
380.390 3347
380.404 3361
380.417 3421
380.431 3315
380.444 3389
380.458 3465
380.472 3557
380.485 3566
380.499 3612
380.512 3605
380.526 3713
380.540 3665
380.553 3758
380.567 3810
380.580 3864
380.594 3912
380.608 3967
380.621 4157
380.635 4190
380.648 4126
380.662 4206
380.676 4277
380.689 4357
380.703 4351
380.716 4427
380.730 4566
380.744 4508
380.757 4643
380.771 4715
380.784 4786
380.798 4863
380.812 4813
380.825 4925
380.839 4934
380.852 5102
380.866 5200
380.880 5238
380.893 5281
380.907 5232
380.920 5267
380.934 5383
380.948 5416
380.961 5595
380.975 5460
380.988 5693
381.002 5542
381.015 5615
381.029 5693
381.043 5805
381.056 5892
381.070 5871
381.083 5911
381.097 5975
381.111 6054
381.124 6085
381.138 6258
381.151 6206
381.165 6377
381.179 6485
381.192 6404
381.206 6327
381.219 6457
381.233 6442
381.246 6553
381.260 6532
381.274 6617
381.287 6716
381.301 6641
381.314 6799
381.328 6916
381.341 6937
381.355 6992
381.369 6882
381.382 6933
381.396 7103
381.409 7094
381.423 7263
381.437 7405
381.450 7372
381.464 7495
381.477 7578
381.491 7725
381.504 7726
381.518 7682
381.532 7695
381.545 7870
381.559 8032
381.572 8138
381.586 7992
381.599 8212
381.613 8112
381.627 8385
381.640 8326
381.654 8296
381.667 8291
381.681 8438
381.694 8424
381.708 8352
381.722 8209
381.735 8384
381.749 8398
381.762 8528
381.776 8494
381.789 8456
381.803 8690
381.817 8594
381.830 8617
381.844 8723
381.857 8776
381.871 8885
381.884 8896
381.898 8920
381.911 8972
381.925 9026
381.939 9184
381.952 9231
381.966 9204
381.979 9243
381.993 9526
382.006 9589
382.020 9660
382.034 9788
382.047 9651
382.061 9670
382.074 9607
382.088 9678
382.101 9661
382.115 9644
382.128 9870
382.142 10130
382.156 10233
382.169 10493
382.183 10396
382.196 10394
382.210 10450
382.223 10321
382.237 10491
382.250 10499
382.264 10682
382.278 10722
382.291 10730
382.305 11088
382.318 11108
382.332 11065
382.345 10856
382.359 11001
382.372 11060
382.386 10986
382.399 10988
382.413 11150
382.427 11228
382.440 11155
382.454 11326
382.467 11518
382.481 11723
382.494 11889
382.508 12117
382.521 12184
382.535 12215
382.548 12103
382.562 12159
382.576 12080
382.589 12114
382.603 12348
382.616 12462
382.630 12483
382.643 12718
382.657 12924
382.670 12681
382.684 12908
382.697 12837
382.711 13050
382.724 13000
382.738 13029
382.752 13181
382.765 13248
382.779 13419
382.792 13435
382.806 13521
382.819 13662
382.833 13876
382.846 13915
382.860 14114
382.873 14088
382.887 14100
382.900 14274
382.914 14494
382.928 14681
382.941 14744
382.955 14810
382.968 14951
382.982 15255
382.995 15284
383.009 15249
383.022 15219
383.036 15413
383.049 15816
383.063 15816
383.076 15752
383.090 15938
383.103 16073
383.117 15981
383.130 15946
383.144 16180
383.158 16238
383.171 16366
383.185 16421
383.198 16576
383.212 17031
383.225 17202
383.239 17281
383.252 17464
383.266 17578
383.279 17673
383.293 17793
383.306 17901
383.320 17994
383.333 18387
383.347 18599
383.360 18433
383.374 18554
383.387 18552
383.401 18504
383.414 18658
383.428 18588
383.441 18779
383.455 18761
383.468 18667
383.482 18997
383.496 19438
383.509 19431
383.523 19334
383.536 19335
383.550 19372
383.563 19444
383.577 19760
383.590 19727
383.604 19890
383.617 19678
383.631 19668
383.644 19405
383.658 19536
383.671 19569
383.685 19902
383.698 19770
383.712 19964
383.725 19804
383.739 19824
383.752 19638
383.766 19382
383.779 19700
383.793 19558
383.806 19767
383.820 20017
383.833 20242
383.847 19930
383.860 20273
383.874 20242
383.887 19588
383.901 19832
383.914 19950
383.928 19991
383.941 19828
383.955 19583
383.968 19214
383.982 19513
383.995 19439
384.009 19452
384.022 19242
384.036 19252
384.049 19198
384.063 19124
384.076 19655
384.090 19604
384.103 19863
384.117 19880
384.130 19518
384.144 18761
384.157 18728
384.171 18312
384.184 18288
384.198 18111
384.211 18150
384.225 17820
384.238 17892
384.252 17915
384.265 17767
384.279 17516
384.292 17282
384.306 17083
384.319 16902
384.333 16374
384.346 16022
384.360 15737
384.373 15516
384.387 15284
384.400 15077
384.414 14708
384.427 14588
384.441 14356
384.454 13892
384.468 13822
384.481 13318
384.495 13112
384.508 12828
384.522 12692
384.535 12164
384.549 11891
384.562 11709
384.575 11330
384.589 11281
384.602 11092
384.616 10871
384.629 10626
384.643 10370
384.656 9932
384.670 9695
384.683 9332
384.697 9011
384.710 8852
384.724 8547
384.737 8301
384.751 8064
384.764 7938
384.778 7663
384.791 7484
384.805 7222
384.818 7214
384.832 6870
384.845 6720
384.859 6579
384.872 6282
384.885 6074
384.899 5920
384.912 5777
384.926 5643
384.939 5603
384.953 5276
384.966 5148
384.980 5151
384.993 4869
385.007 4802
385.020 4780
385.034 4635
385.047 4545
385.061 4436
385.074 4340
385.088 4217
385.101 4144
385.114 4064
385.128 4084
385.141 3875
385.155 3845
385.168 3859
385.182 3835
385.195 3742
385.209 3730
385.222 3563
385.236 3569
385.249 3481
385.263 3421
385.276 3382
385.290 3303
385.303 3208
385.316 3193
385.330 3209
385.343 3152
385.357 3128
385.370 3028
385.384 2962
385.397 2976
385.411 2951
385.424 2908
385.438 2830
385.451 2786
385.464 2820
385.478 2754
385.491 2842
385.505 2757
385.518 2701
385.532 2648
385.545 2645
385.559 2577
385.572 2591
385.586 2533
385.599 2618
385.612 2607
385.626 2542
385.639 2556
385.653 2534
385.666 2562
385.680 2509
385.693 2492
385.707 2489
385.720 2406
385.734 2429
385.747 2369
385.760 2390
385.774 2360
385.787 2366
385.801 2202
385.814 2234
385.828 2215
385.841 2196
385.855 2213
385.868 2167
385.881 2246
385.895 2150
385.908 2216
385.922 2147
385.935 2163
385.949 2094
385.962 2070
385.976 2088
385.989 2072
386.002 2090
386.016 2044
386.029 2090
386.043 2089
386.056 2030
386.070 1983
386.083 2028
386.097 1983
386.110 1981
386.123 1986
386.137 1962
386.150 1938
386.164 1946
386.177 1984
386.191 1983
386.204 1959
386.217 1892
386.231 1943
386.244 1876
386.258 1859
386.271 1899
386.285 1859
386.298 1865
386.311 1884
386.325 1871
386.338 1787
386.352 1839
386.365 1788
386.379 1824
386.392 1760
386.405 1798
386.419 1765
386.432 1770
386.446 1780
386.459 1764
386.473 1756
386.486 1717
386.499 1746
386.513 1729
386.526 1691
386.540 1690
386.553 1711
386.567 1737
386.580 1698
386.593 1701
386.607 1748
386.620 1687
386.634 1686
386.647 1721
386.661 1666
386.674 1651
386.687 1699
386.701 1630
386.714 1617
386.728 1656
386.741 1593
386.754 1611
386.768 1640
386.781 1611
386.795 1593
386.808 1574
386.822 1577
386.835 1559
386.848 1533
386.862 1589
386.875 1562
386.889 1570
386.902 1500
386.915 1497
386.929 1484
386.942 1497
386.956 1498
386.969 1504
386.983 1508
386.996 1475
387.009 1495
387.023 1444
387.036 1471
387.050 1457
387.063 1448
387.076 1439
387.090 1484
387.103 1473
387.117 1393
387.130 1426
387.143 1463
387.157 1429
387.170 1384
387.184 1440
387.197 1423
387.210 1371
387.224 1399
387.237 1405
387.251 1381
387.264 1315
387.278 1374
387.291 1405
387.304 1341
387.318 1334
387.331 1324
387.345 1341
387.358 1330
387.371 1333
387.385 1311
387.398 1282
387.412 1328
387.425 1295
387.438 1341
387.452 1287
387.465 1278
387.478 1260
387.492 1251
387.505 1245
387.519 1220
387.532 1268
387.545 1281
387.559 1306
387.572 1301
387.586 1249
387.599 1264
387.612 1234
387.626 1237
387.639 1245
387.653 1223
387.666 1213
387.679 1170
387.693 1185
387.706 1133
387.720 1185
387.733 1176
387.746 1208
387.760 1187
387.773 1191
387.787 1205
387.800 1188
387.813 1116
387.827 1131
387.840 1157
387.853 1144
387.867 1125
387.880 1147
387.894 1155
387.907 1166
387.920 1161
387.934 1135
387.947 1106
387.961 1099
387.974 1123
387.987 1117
388.001 1114
388.014 1102
388.027 1094
388.041 1079
388.054 1101
388.068 1076
388.081 1074
388.094 1088
388.108 1068
388.121 1052
388.134 1063
388.148 1027
388.161 1064
388.175 1040
388.188 1048
388.201 1034
388.215 1038
388.228 1041
388.241 1018
388.255 1010
388.268 1058
388.282 1024
388.295 1028
388.308 1035
388.322 1008
388.335 1029
388.348 1012
388.362 1051
388.375 1026
388.389 1008
388.402 1007
388.415 1010
388.429 1012
388.442 996
388.455 1004
388.469 1028
388.482 1032
388.495 1019
388.509 1042
388.522 1013
388.536 1029
388.549 1011
388.562 987
388.576 988
388.589 963
388.602 1009
388.616 975
388.629 1023
388.642 1023
388.656 1009
388.669 978
388.683 1004
388.696 1012
388.709 1017
388.723 989
388.736 998
388.749 998
388.763 979
388.776 1000
388.789 965
388.803 976
388.816 1003
388.829 992
388.843 969
388.856 975
388.870 995
388.883 994
388.896 978
388.910 967
388.923 974
388.936 980
388.950 977
388.963 997
388.976 967
388.990 943
389.003 982
389.016 958
389.030 948
389.043 1002
389.056 991
389.070 974
389.083 956
389.097 958
389.110 976
389.123 973
389.137 963
389.150 944
389.163 958
389.177 969
389.190 932
389.203 943
389.217 943
389.230 960
389.243 946
389.257 956
389.270 949
389.283 973
389.297 954
389.310 956
389.323 915
389.337 946
389.350 935
389.363 966
389.377 951
389.390 938
389.403 934
389.417 921
389.430 941
389.443 933
389.457 916
389.470 956
389.483 958
389.497 931
389.510 958
389.523 930
389.537 906
389.550 949
389.563 923
389.577 910
389.590 903
389.603 889
389.617 901
389.630 919
389.643 931
389.657 924
389.670 927
389.683 933
389.697 936
389.710 910
389.723 917
389.737 903
389.750 898
389.763 939
389.777 914
389.790 889
389.803 885
389.817 874
389.830 860
389.843 905
389.857 880
389.870 910
389.883 892
389.897 892
389.910 873
389.923 858
389.937 875
389.950 891
389.963 876
389.977 877
389.990 873
390.003 886
390.017 863
390.030 875
390.043 851
390.057 839
390.070 860
390.083 864
390.096 853
390.110 860
390.123 843
390.136 841
390.150 843
390.163 835
390.176 844
390.190 839
390.203 839
390.216 822
390.230 851
390.243 830
390.256 841
390.270 829
390.283 816
390.296 827
390.310 806
390.323 808
390.336 829
390.349 809
390.363 819
390.376 813
390.389 817
390.403 816
390.416 811
390.429 804
390.443 792
390.456 817
390.469 795
390.483 765
390.496 804
390.509 790
390.522 790
390.536 788
390.549 778
390.562 778
390.576 775
390.589 803
390.602 771
390.616 774
390.629 776
390.642 767
390.655 762
390.669 755
390.682 777
390.695 761
390.709 759
390.722 761
390.735 785
390.749 746
390.762 776
390.775 754
390.788 729
390.802 751
390.815 765
390.828 745
390.842 746
390.855 763
390.868 731
390.882 737
390.895 750
390.908 746
390.921 737
390.935 743
390.948 726
390.961 711
390.975 740
390.988 735
391.001 722
391.014 733
391.028 726
391.041 739
391.054 732
391.068 716
391.081 722
391.094 721
391.107 720
391.121 735
391.134 728
391.147 735
391.161 722
391.174 714
391.187 725
391.200 721
391.214 718
391.227 705
391.240 731
391.254 710
391.267 716
391.280 721
391.293 704
391.307 709
391.320 706
391.333 709
391.347 718
391.360 717
391.373 718
391.386 696
391.400 688
391.413 707
391.426 703
391.440 723
391.453 699
391.466 700
391.479 707
391.493 712
391.506 709
391.519 680
391.532 692
391.546 708
391.559 707
391.572 678
391.586 695
391.599 688
391.612 693
391.625 701
391.639 700
391.652 698
391.665 693
391.678 690
391.692 689
391.705 707
391.718 697
391.732 684
391.745 697
391.758 690
391.771 696
391.785 694
391.798 708
391.811 686
391.824 686
391.838 701
391.851 682
391.864 693
391.877 702
391.891 702
391.904 693
391.917 696
391.931 694
391.944 701
391.957 677
391.970 682
391.984 683
391.997 699
392.010 685
392.023 689
392.037 682
392.050 685
392.063 687
392.076 679
392.090 681
392.103 698
392.116 679
392.129 688
392.143 687
392.156 677
392.169 680
392.182 690
392.196 692
392.209 676
392.222 695
392.235 678
392.249 679
392.262 679
392.275 694
392.288 659
392.302 677
392.315 680
392.328 671
392.341 688
392.355 689
392.368 680
392.381 685
392.394 672
392.408 677
392.421 686
392.434 682
392.447 693
392.461 671
392.474 692
392.487 678
392.500 671
392.514 679
392.527 683
392.540 671
392.553 687
392.567 674
392.580 683
392.593 681
392.606 677
392.620 699
392.633 669
392.646 670
392.659 686
392.673 677
392.686 675
392.699 674
392.712 680
392.726 673
392.739 682
392.752 668
392.765 671
392.778 663
392.792 676
392.805 670
392.818 674
392.831 690
392.845 688
392.858 675
392.871 671
392.884 665
392.898 674
392.911 676
392.924 672
392.937 668
392.951 674
392.964 661
392.977 661
392.990 668
393.003 674
393.017 674
393.030 663
393.043 665
393.056 661
393.070 677
393.083 663
393.096 667
393.109 672
393.122 664
393.136 674
393.149 669
393.162 661
393.175 672
393.189 654
393.202 665
393.215 671
393.228 679
393.242 667
393.255 654
393.268 665
393.281 663
393.294 657
393.308 663
393.321 661
393.334 674
393.347 675
393.360 662
393.374 653
393.387 668
393.400 668
393.413 670
393.427 660
393.440 676
393.453 673
393.466 673
393.479 664
393.493 661
393.506 672
393.519 669
393.532 674
393.546 663
393.559 679
393.572 667
393.585 672
393.598 657
393.612 660
393.625 663
393.638 654
393.651 652
393.664 664
393.678 668
393.691 670
393.704 670
393.717 654
393.730 668
393.744 652
393.757 659
393.770 655
393.783 659
393.796 666
393.810 656
393.823 657
393.836 661
393.849 663
393.863 659
393.876 668
393.889 654
393.902 660
393.915 666
393.929 658
