375.891 787
375.905 812
375.919 804
375.933 819
375.946 838
375.960 827
375.974 812
375.987 837
376.001 825
376.015 841
376.029 851
376.042 859
376.056 839
376.070 850
376.084 837
376.097 843
376.111 841
376.125 864
376.139 858
376.152 885
376.166 876
376.180 893
376.193 891
376.207 876
376.221 886
376.235 879
376.248 884
376.262 903
376.276 908
376.290 921
376.303 888
376.317 909
376.331 900
376.345 904
376.358 903
376.372 923
376.386 919
376.399 951
376.413 924
376.427 934
376.441 953
376.454 931
376.468 941
376.482 927
376.495 945
376.509 945
376.523 967
376.537 991
376.550 997
376.564 1015
376.578 993
376.592 1005
376.605 996
376.619 1017
376.633 985
376.646 1007
376.660 989
376.674 981
376.688 1019
376.701 1042
376.715 1002
376.729 1039
376.742 1019
376.756 1034
376.770 1049
376.784 1047
376.797 1056
376.811 1059
376.825 1080
376.838 1088
376.852 1094
376.866 1116
376.880 1094
376.893 1075
376.907 1118
376.921 1082
376.934 1120
376.948 1106
376.962 1151
376.976 1100
376.989 1120
377.003 1148
377.017 1139
377.030 1147
377.044 1168
377.058 1185
377.071 1166
377.085 1203
377.099 1174
377.113 1180
377.126 1147
377.140 1174
377.154 1192
377.167 1176
377.181 1202
377.195 1240
377.208 1176
377.222 1226
377.236 1226
377.250 1236
377.263 1228
377.277 1245
377.291 1227
377.304 1211
377.318 1293
377.332 1277
377.345 1270
377.359 1302
377.373 1288
377.387 1265
377.400 1268
377.414 1302
377.428 1286
377.441 1285
377.455 1287
377.469 1322
377.482 1318
377.496 1322
377.510 1355
377.524 1366
377.537 1353
377.551 1327
377.565 1364
377.578 1346
377.592 1372
377.606 1371
377.619 1349
377.633 1373
377.647 1342
377.660 1385
377.674 1378
377.688 1420
377.701 1397
377.715 1395
377.729 1371
377.743 1401
377.756 1426
377.770 1439
377.784 1424
377.797 1402
377.811 1423
377.825 1431
377.838 1423
377.852 1421
377.866 1418
377.879 1470
377.893 1490
377.907 1483
377.920 1458
377.934 1503
377.948 1454
377.961 1462
377.975 1483
377.989 1481
378.002 1487
378.016 1477
378.030 1440
378.044 1473
378.057 1515
378.071 1501
378.085 1521
378.098 1507
378.112 1470
378.126 1526
378.139 1502
378.153 1459
378.167 1480
378.180 1485
378.194 1522
378.208 1525
378.221 1508
378.235 1528
378.249 1518
378.262 1538
378.276 1570
378.290 1549
378.303 1537
378.317 1539
378.331 1560
378.344 1564
378.358 1544
378.372 1518
378.385 1548
378.399 1574
378.413 1558
378.426 1616
378.440 1605
378.454 1603
378.467 1590
378.481 1582
378.495 1588
378.508 1625
378.522 1592
378.536 1630
378.549 1590
378.563 1576
378.577 1643
378.590 1630
378.604 1620
378.618 1625
378.631 1626
378.645 1673
378.659 1633
378.672 1650
378.686 1700
378.700 1743
378.713 1695
378.727 1751
378.740 1722
378.754 1740
378.768 1728
378.781 1717
378.795 1756
378.809 1772
378.822 1766
378.836 1793
378.850 1696
378.863 1715
378.877 1760
378.891 1810
378.904 1763
378.918 1777
378.932 1778
378.945 1776
378.959 1771
378.973 1735
378.986 1767
379.000 1773
379.014 1800
379.027 1777
379.041 1765
379.054 1805
379.068 1790
379.082 1815
379.095 1839
379.109 1814
379.123 1873
379.136 1840
379.150 1807
379.164 1871
379.177 1869
379.191 1883
379.205 1848
379.218 1847
379.232 1938
379.245 1893
379.259 1928
379.273 1930
379.286 1952
379.300 1917
379.314 1972
379.327 1961
379.341 1981
379.355 1998
379.368 2037
379.382 2014
379.396 1994
379.409 2025
379.423 2083
379.436 2075
379.450 2061
379.464 2060
379.477 2117
379.491 2061
379.505 2137
379.518 2173
379.532 2125
379.546 2220
379.559 2219
379.573 2195
379.586 2248
379.600 2265
379.614 2305
379.627 2324
379.641 2285
379.655 2381
379.668 2345
379.682 2355
379.695 2357
379.709 2368
379.723 2369
379.736 2470
379.750 2558
379.764 2595
379.777 2594
379.791 2625
379.804 2662
379.818 2632
379.832 2676
379.845 2587
379.859 2626
379.873 2663
379.886 2623
379.900 2725
379.913 2750
379.927 2782
379.941 2807
379.954 2897
379.968 2954
379.982 2963
379.995 2981
380.009 3046
380.022 3053
380.036 3042
380.050 3094
380.063 3137
380.077 3272
380.090 3364
380.104 3346
380.118 3431
380.131 3403
380.145 3515
380.159 3494
380.172 3563
380.186 3592
380.199 3666
380.213 3764
380.227 3811
380.240 3837
380.254 3842
380.267 3732
380.281 3886
380.295 3826
380.308 3916
380.322 4007
380.336 4023
380.349 4157
380.363 4191
380.376 4262
380.390 4262
380.404 4383
380.417 4416
380.431 4424
380.444 4558
380.458 4473
380.472 4631
380.485 4692
380.499 4692
380.512 4768
380.526 4831
380.540 4951
380.553 4955
380.567 5003
380.580 5014
380.594 5194
380.608 5338
380.621 5527
380.635 5448
380.648 5612
380.662 5649
380.676 5723
380.689 5702
380.703 5774
380.716 5835
380.730 5929
380.744 6083
380.757 6126
380.771 6292
380.784 6383
380.798 6289
380.812 6503
380.825 6508
380.839 6610
380.852 6796
380.866 6957
380.880 6988
380.893 6948
380.907 6912
380.920 7047
380.934 7239
380.948 7264
380.961 7238
380.975 7352
380.988 7584
381.002 7401
381.015 7431
381.029 7685
381.043 7699
381.056 7864
381.070 7860
381.083 7920
381.097 7980
381.111 8181
381.124 8239
381.138 8297
381.151 8497
381.165 8472
381.179 8501
381.192 8560
381.206 8491
381.219 8589
381.233 8755
381.246 8631
381.260 8873
381.274 8870
381.287 9010
381.301 9115
381.314 9162
381.328 9184
381.341 9293
381.355 9301
381.369 9361
381.382 9524
381.396 9657
381.409 9785
381.423 9857
381.437 9867
381.450 10030
381.464 10085
381.477 10274
381.491 10506
381.504 10491
381.518 10535
381.532 10464
381.545 10747
381.559 11056
381.572 11110
381.586 11065
381.599 11113
381.613 11071
381.627 11270
381.640 11308
381.654 11438
381.667 11473
381.681 11645
381.694 11556
381.708 11369
381.722 11240
381.735 11345
381.749 11545
381.762 11477
381.776 11574
381.789 11668
381.803 11669
381.817 11936
381.830 12019
381.844 11916
381.857 11925
381.871 12239
381.884 12156
381.898 12348
381.911 12325
381.925 12244
381.939 12355
381.952 12495
381.966 12596
381.979 12840
381.993 12980
382.006 13082
382.020 13099
382.034 13245
382.047 13267
382.061 13071
382.074 13127
382.088 13050
382.101 13233
382.115 13321
382.128 13387
382.142 13831
382.156 14342
382.169 14321
382.183 14284
382.196 14302
382.210 14244
382.223 14187
382.237 14469
382.250 14311
382.264 14454
382.278 14652
382.291 14926
382.305 14986
382.318 15386
382.332 15325
382.345 14849
382.359 14723
382.372 14835
382.386 14898
382.399 15097
382.413 15061
382.427 15223
382.440 15273
382.454 15507
382.467 15509
382.481 15921
382.494 16157
382.508 16381
382.521 16413
382.535 16549
382.548 16292
382.562 16505
382.576 16451
382.589 16659
382.603 16679
382.616 16844
382.630 17088
382.643 17242
382.657 17475
382.670 17421
382.684 17644
382.697 17376
382.711 17497
382.724 17742
382.738 17765
382.752 18035
382.765 18001
382.779 18226
382.792 18395
382.806 18544
382.819 18692
382.833 18692
382.846 18811
382.860 18979
382.873 18887
382.887 19203
382.900 19682
382.914 19620
382.928 19859
382.941 20027
382.955 20072
382.968 20283
382.982 20540
382.995 20556
383.009 20800
383.022 20715
383.036 20918
383.049 21161
383.063 21140
383.076 21120
383.090 21297
383.103 21271
383.117 21789
383.130 21530
383.144 21901
383.158 21948
383.171 22034
383.185 22418
383.198 22530
383.212 22699
383.225 22908
383.239 23215
383.252 23260
383.266 23682
383.279 23714
383.293 23799
383.306 23779
383.320 24123
383.333 24681
383.347 25056
383.360 24852
383.374 24791
383.387 24822
383.401 24915
383.414 25038
383.428 24762
383.441 25078
383.455 25104
383.468 24794
383.482 25239
383.496 25892
383.509 26188
383.523 26111
383.536 26036
383.550 25877
383.563 26307
383.577 26409
383.590 26650
383.604 26809
383.617 26291
383.631 26290
383.644 25914
383.658 25821
383.671 25892
383.685 26176
383.698 26022
383.712 26293
383.725 26256
383.739 25975
383.752 26033
383.766 26066
383.779 25970
383.793 26107
383.806 26105
383.820 26684
383.833 26573
383.847 26564
383.860 26914
383.874 26553
383.887 26117
383.901 26027
383.914 26266
383.928 26514
383.941 26277
383.955 25779
383.968 25732
383.982 25613
383.995 25561
384.009 25549
384.022 25303
384.036 25294
384.049 25197
384.063 25322
384.076 25428
384.090 25526
384.103 26055
384.117 25689
384.130 25316
384.144 24767
384.157 24322
384.171 23913
384.184 23737
384.198 23542
384.211 23334
384.225 23158
384.238 23489
384.252 23406
384.265 22924
384.279 22545
384.292 22671
384.306 22209
384.319 21811
384.333 21116
384.346 20678
384.360 20188
384.373 20063
384.387 19587
384.400 19507
384.414 19056
384.427 18677
384.441 18209
384.454 17734
384.468 17169
384.481 16916
384.495 16562
384.508 16060
384.522 15615
384.535 15323
384.549 14951
384.562 14498
384.575 14136
384.589 13922
384.602 13802
384.616 13356
384.629 13054
384.643 12684
384.656 12194
384.670 11908
384.683 11499
384.697 10950
384.710 10761
384.724 10356
384.737 10106
384.751 9833
384.764 9624
384.778 9446
384.791 9090
384.805 8800
384.818 8499
384.832 8320
384.845 8057
384.859 7892
384.872 7562
384.885 7352
384.899 7156
384.912 6926
384.926 6823
384.939 6686
384.953 6520
384.966 6351
384.980 6281
384.993 6126
385.007 5924
385.020 5878
385.034 5727
385.047 5652
385.061 5558
385.074 5380
385.088 5338
385.101 5173
385.114 5075
385.128 4967
385.141 4922
385.155 4928
385.168 4912
385.182 4833
385.195 4798
385.209 4733
385.222 4501
385.236 4490
385.249 4472
385.263 4419
385.276 4308
385.290 4190
385.303 4202
385.316 4118
385.330 4075
385.343 4063
385.357 3983
385.370 3947
385.384 3879
385.397 3847
385.411 3797
385.424 3737
385.438 3694
385.451 3694
385.464 3660
385.478 3617
385.491 3593
385.505 3545
385.518 3598
385.532 3487
385.545 3494
385.559 3357
385.572 3374
385.586 3343
385.599 3355
385.612 3389
385.626 3335
385.639 3253
385.653 3277
385.666 3279
385.680 3290
385.693 3247
385.707 3063
385.720 3150
385.734 3118
385.747 3064
385.760 3066
385.774 3004
385.787 3006
385.801 2949
385.814 2877
385.828 2799
385.841 2849
385.855 2806
385.868 2847
385.881 2750
385.895 2779
385.908 2759
385.922 2752
385.935 2694
385.949 2696
385.962 2680
385.976 2634
385.989 2660
386.002 2671
386.016 2659
386.029 2703
386.043 2674
386.056 2542
386.070 2633
386.083 2585
386.097 2558
386.110 2530
386.123 2577
386.137 2494
386.150 2543
386.164 2442
386.177 2425
386.191 2527
386.204 2494
386.217 2433
386.231 2414
386.244 2425
386.258 2374
386.271 2377
386.285 2425
386.298 2385
386.311 2309
386.325 2312
386.338 2261
386.352 2301
386.365 2267
386.379 2243
386.392 2202
386.405 2241
386.419 2224
386.432 2236
386.446 2219
386.459 2226
386.473 2214
386.486 2204
386.499 2142
386.513 2151
386.526 2158
386.540 2105
386.553 2146
386.567 2147
386.580 2093
386.593 2178
386.607 2169
386.620 2155
386.634 2138
386.647 2119
386.661 2103
386.674 2095
386.687 2050
386.701 1987
386.714 1986
386.728 2022
386.741 2016
386.754 2043
386.768 1973
386.781 1996
386.795 1963
386.808 1936
386.822 1872
386.835 1921
386.848 1902
386.862 1888
386.875 1878
386.889 1826
386.902 1833
386.915 1863
386.929 1869
386.942 1866
386.956 1849
386.969 1821
386.983 1838
386.996 1797
387.009 1802
387.023 1797
387.036 1798
387.050 1789
387.063 1785
387.076 1767
387.090 1751
387.103 1760
387.117 1770
387.130 1740
387.143 1734
387.157 1758
387.170 1753
387.184 1719
387.197 1707
387.210 1744
387.224 1680
387.237 1729
387.251 1655
387.264 1646
387.278 1648
387.291 1611
387.304 1642
387.318 1654
387.331 1631
387.345 1618
387.358 1588
387.371 1596
387.385 1589
387.398 1554
387.412 1570
387.425 1545
387.438 1544
387.452 1526
387.465 1515
387.478 1500
387.492 1516
387.505 1470
387.519 1507
387.532 1535
387.545 1515
387.559 1531
387.572 1484
387.586 1505
387.599 1516
387.612 1465
387.626 1497
387.639 1490
387.653 1451
387.666 1421
387.679 1417
387.693 1411
387.706 1395
387.720 1395
387.733 1411
387.746 1408
387.760 1420
387.773 1388
387.787 1350
387.800 1369
387.813 1396
387.827 1354
387.840 1350
387.853 1332
387.867 1321
387.880 1359
387.894 1345
387.907 1376
387.920 1329
387.934 1331
387.947 1330
387.961 1325
387.974 1318
387.987 1290
388.001 1306
388.014 1289
388.027 1279
388.041 1257
388.054 1276
388.068 1270
388.081 1258
388.094 1267
388.108 1256
388.121 1252
388.134 1232
388.148 1253
388.161 1223
388.175 1192
388.188 1217
388.201 1232
388.215 1198
388.228 1212
388.241 1202
388.255 1181
388.268 1214
388.282 1222
388.295 1195
388.308 1204
388.322 1161
388.335 1170
388.348 1162
388.362 1173
388.375 1151
388.389 1197
388.402 1182
388.415 1182
388.429 1173
388.442 1194
388.455 1186
388.469 1184
388.482 1211
388.495 1187
388.509 1190
388.522 1165
388.536 1197
388.549 1136
388.562 1166
388.576 1148
388.589 1176
388.602 1155
388.616 1148
388.629 1182
388.642 1139
388.656 1131
388.669 1142
388.683 1136
388.696 1144
388.709 1155
388.723 1150
388.736 1145
388.749 1147
388.763 1123
388.776 1142
388.789 1131
388.803 1124
388.816 1126
388.829 1125
388.843 1111
388.856 1102
388.870 1104
388.883 1107
388.896 1115
388.910 1114
388.923 1103
388.936 1124
388.950 1140
388.963 1135
388.976 1099
388.990 1110
389.003 1113
389.016 1092
389.030 1123
389.043 1135
389.056 1115
389.070 1120
389.083 1106
389.097 1097
389.110 1106
389.123 1097
389.137 1093
389.150 1081
389.163 1097
389.177 1072
389.190 1092
389.203 1076
389.217 1086
389.230 1073
389.243 1082
389.257 1052
389.270 1045
389.283 1082
389.297 1061
389.310 1042
389.323 1072
389.337 1077
389.350 1062
389.363 1032
389.377 1077
389.390 1054
389.403 1048
389.417 1062
389.430 1060
389.443 1048
389.457 1058
389.470 1060
389.483 1050
389.497 1036
389.510 1049
389.523 1093
389.537 1062
389.550 1047
389.563 1048
389.577 1036
389.590 1008
389.603 1011
389.617 1038
389.630 1032
389.643 1021
389.657 1012
389.670 1025
389.683 1015
389.697 1033
389.710 980
389.723 999
389.737 1034
389.750 1007
389.763 986
389.777 994
389.790 1013
389.803 1024
389.817 1000
389.830 1003
389.843 987
389.857 967
389.870 962
389.883 955
389.897 985
389.910 976
389.923 987
389.937 1005
389.950 961
389.963 981
389.977 984
389.990 976
390.003 966
390.017 972
390.030 948
390.043 962
390.057 960
390.070 943
390.083 962
390.096 952
390.110 934
390.123 922
390.136 936
390.150 912
390.163 911
390.176 947
390.190 914
390.203 921
390.216 914
390.230 891
390.243 899
390.256 896
390.270 897
390.283 906
390.296 891
390.310 882
390.323 884
390.336 875
390.349 888
390.363 891
390.376 879
390.389 893
390.403 864
390.416 866
390.429 863
390.443 890
390.456 852
390.469 867
390.483 860
390.496 854
390.509 851
390.522 851
390.536 847
390.549 847
390.562 837
390.576 848
390.589 833
390.602 809
390.616 845
390.629 831
390.642 807
390.655 842
390.669 831
390.682 824
390.695 822
390.709 812
390.722 794
390.735 798
390.749 805
390.762 802
390.775 799
390.788 788
390.802 806
390.815 794
390.828 791
390.842 793
390.855 792
390.868 794
390.882 791
390.895 782
390.908 785
390.921 774
390.935 795
390.948 775
390.961 774
390.975 756
390.988 768
391.001 774
391.014 782
391.028 779
391.041 772
391.054 771
391.068 759
391.081 755
391.094 764
391.107 767
391.121 770
391.134 770
391.147 739
391.161 770
391.174 732
391.187 759
391.200 761
391.214 736
391.227 750
391.240 740
391.254 751
391.267 743
391.280 743
391.293 748
391.307 724
391.320 734
391.333 744
391.347 735
391.360 730
391.373 739
391.386 742
391.400 733
391.413 738
391.426 725
391.440 729
391.453 728
391.466 737
391.479 724
391.493 717
391.506 734
391.519 730
391.532 736
391.546 728
391.559 722
391.572 722
391.586 728
391.599 729
391.612 739
391.625 723
391.639 727
391.652 722
391.665 721
391.678 723
391.692 718
391.705 731
391.718 716
391.732 717
391.745 703
391.758 710
391.771 714
391.785 719
391.798 711
391.811 727
391.824 699
391.838 713
391.851 711
391.864 707
391.877 707
391.891 710
391.904 708
391.917 699
391.931 718
391.944 706
391.957 714
391.970 706
391.984 717
391.997 702
392.010 721
392.023 701
392.037 704
392.050 717
392.063 715
392.076 694
392.090 711
392.103 709
392.116 706
392.129 713
392.143 704
392.156 700
392.169 708
392.182 705
392.196 706
392.209 699
392.222 705
392.235 706
392.249 704
392.262 702
392.275 712
392.288 703
392.302 698
392.315 708
392.328 696
392.341 695
392.355 712
392.368 706
392.381 703
392.394 711
392.408 697
392.421 702
392.434 702
392.447 695
392.461 705
392.474 699
392.487 699
392.500 697
392.514 706
392.527 690
392.540 703
392.553 699
392.567 697
392.580 696
392.593 692
392.606 697
392.620 678
392.633 674
392.646 699
392.659 687
392.673 700
392.686 690
392.699 692
392.712 696
392.726 695
392.739 684
392.752 687
392.765 693
392.778 689
392.792 697
392.805 680
392.818 682
392.831 695
392.845 690
392.858 690
392.871 683
392.884 698
392.898 689
392.911 698
392.924 689
392.937 687
392.951 697
392.964 683
392.977 697
392.990 684
393.003 679
393.017 680
393.030 676
393.043 693
393.056 700
393.070 687
393.083 698
393.096 689
393.109 689
393.122 693
393.136 692
393.149 683
393.162 673
393.175 694
393.189 698
393.202 666
393.215 683
393.228 676
393.242 686
393.255 690
393.268 681
393.281 684
393.294 683
393.308 672
393.321 665
393.334 672
393.347 673
393.360 691
393.374 689
393.387 679
393.400 674
393.413 679
393.427 670
393.440 684
393.453 679
393.466 660
393.479 685
393.493 667
393.506 680
393.519 670
393.532 666
393.546 675
393.559 685
393.572 676
393.585 661
393.598 675
393.612 677
393.625 684
393.638 675
393.651 676
393.664 670
393.678 676
393.691 667
393.704 665
393.717 673
393.730 675
393.744 670
393.757 668
393.770 674
393.783 679
393.796 687
393.810 679
393.823 662
393.836 669
393.849 676
393.863 674
393.876 678
393.889 673
393.902 675
393.915 665
393.929 675
