375.891 808
375.905 816
375.919 817
375.933 830
375.946 825
375.960 828
375.974 810
375.987 822
376.001 847
376.015 828
376.029 845
376.042 864
376.056 855
376.070 861
376.084 852
376.097 881
376.111 856
376.125 860
376.139 842
376.152 860
376.166 874
376.180 864
376.193 886
376.207 867
376.221 872
376.235 903
376.248 896
376.262 888
376.276 922
376.290 908
376.303 915
376.317 906
376.331 906
376.345 927
376.358 916
376.372 940
376.386 911
376.399 927
376.413 932
376.427 927
376.441 946
376.454 950
376.468 972
376.482 956
376.495 932
376.509 961
376.523 957
376.537 980
376.550 975
376.564 1002
376.578 979
376.592 970
376.605 1001
376.619 1003
376.633 1002
376.646 993
376.660 977
376.674 990
376.688 992
376.701 1031
376.715 1002
376.729 1018
376.742 1058
376.756 1015
376.770 1014
376.784 1037
376.797 1032
376.811 1063
376.825 1049
376.838 1083
376.852 1095
376.866 1078
376.880 1056
376.893 1072
376.907 1074
376.921 1106
376.934 1090
376.948 1122
376.962 1134
376.976 1133
376.989 1123
377.003 1138
377.017 1155
377.030 1124
377.044 1163
377.058 1177
377.071 1188
377.085 1157
377.099 1180
377.113 1178
377.126 1176
377.140 1187
377.154 1214
377.167 1216
377.181 1179
377.195 1228
377.208 1217
377.222 1216
377.236 1226
377.250 1226
377.263 1228
377.277 1234
377.291 1265
377.304 1271
377.318 1243
377.332 1272
377.345 1256
377.359 1239
377.373 1244
377.387 1264
377.400 1262
377.414 1281
377.428 1231
377.441 1280
377.455 1269
377.469 1316
377.482 1346
377.496 1340
377.510 1351
377.524 1309
377.537 1359
377.551 1355
377.565 1337
377.578 1369
377.592 1319
377.606 1369
377.619 1329
377.633 1335
377.647 1348
377.660 1377
377.674 1348
377.688 1364
377.701 1341
377.715 1367
377.729 1343
377.743 1391
377.756 1388
377.770 1386
377.784 1417
377.797 1354
377.811 1417
377.825 1384
377.838 1396
377.852 1390
377.866 1468
377.879 1436
377.893 1437
377.907 1392
377.920 1422
377.934 1427
377.948 1427
377.961 1414
377.975 1428
377.989 1439
378.002 1443
378.016 1445
378.030 1454
378.044 1427
378.057 1430
378.071 1443
378.085 1489
378.098 1476
378.112 1480
378.126 1470
378.139 1529
378.153 1461
378.167 1471
378.180 1516
378.194 1487
378.208 1500
378.221 1530
378.235 1506
378.249 1506
378.262 1506
378.276 1527
378.290 1501
378.303 1492
378.317 1481
378.331 1543
378.344 1539
378.358 1517
378.372 1540
378.385 1541
378.399 1549
378.413 1565
378.426 1566
378.440 1602
378.454 1578
378.467 1549
378.481 1613
378.495 1548
378.508 1577
378.522 1551
378.536 1568
378.549 1603
378.563 1597
378.577 1602
378.590 1622
378.604 1602
378.618 1609
378.631 1608
378.645 1599
378.659 1638
378.672 1619
378.686 1611
378.700 1659
378.713 1714
378.727 1684
378.740 1736
378.754 1680
378.768 1712
378.781 1739
378.795 1724
378.809 1682
378.822 1696
378.836 1725
378.850 1707
378.863 1723
378.877 1706
378.891 1712
378.904 1789
378.918 1697
378.932 1682
378.945 1725
378.959 1706
378.973 1734
378.986 1741
379.000 1736
379.014 1707
379.027 1792
379.041 1695
379.054 1762
379.068 1760
379.082 1798
379.095 1790
379.109 1808
379.123 1810
379.136 1818
379.150 1793
379.164 1773
379.177 1854
379.191 1829
379.205 1790
379.218 1860
379.232 1874
379.245 1913
379.259 1875
379.273 1904
379.286 1858
379.300 1892
379.314 1908
379.327 1892
379.341 1899
379.355 1891
379.368 1907
379.382 2007
379.396 1981
379.409 1967
379.423 2011
379.436 2050
379.450 2019
379.464 2011
379.477 2048
379.491 2035
379.505 2087
379.518 2089
379.532 2159
379.546 2146
379.559 2178
379.573 2101
379.586 2174
379.600 2157
379.614 2242
379.627 2243
379.641 2313
379.655 2291
379.668 2260
379.682 2256
379.695 2258
379.709 2403
379.723 2304
379.736 2382
379.750 2481
379.764 2478
379.777 2521
379.791 2543
379.804 2578
379.818 2613
379.832 2498
379.845 2490
379.859 2524
379.873 2606
379.886 2564
379.900 2663
379.913 2716
379.927 2706
379.941 2766
379.954 2795
379.968 2784
379.982 2820
379.995 2936
380.009 2902
380.022 2882
380.036 2928
380.050 2963
380.063 3049
380.077 3162
380.090 3192
380.104 3265
380.118 3246
380.131 3354
380.145 3298
380.159 3396
380.172 3455
380.186 3494
380.199 3500
380.213 3582
380.227 3730
380.240 3760
380.254 3562
380.267 3618
380.281 3726
380.295 3691
380.308 3776
380.322 3822
380.336 3965
380.349 3961
380.363 4035
380.376 4032
380.390 4057
380.404 4214
380.417 4233
380.431 4264
380.444 4273
380.458 4359
380.472 4427
380.485 4464
380.499 4584
380.512 4520
380.526 4682
380.540 4703
380.553 4692
380.567 4751
380.580 4838
380.594 4918
380.608 5063
380.621 5348
380.635 5345
380.648 5332
380.662 5334
380.676 5416
380.689 5500
380.703 5507
380.716 5632
380.730 5693
380.744 5836
380.757 5870
380.771 5937
380.784 6143
380.798 6112
380.812 6170
380.825 6301
380.839 6355
380.852 6538
380.866 6739
380.880 6880
380.893 6602
380.907 6729
380.920 6866
380.934 6943
380.948 6944
380.961 6906
380.975 7242
380.988 7203
381.002 7099
381.015 7127
381.029 7330
381.043 7490
381.056 7594
381.070 7461
381.083 7546
381.097 7805
381.111 7709
381.124 7825
381.138 8079
381.151 7947
381.165 8092
381.179 8206
381.192 8146
381.206 8041
381.219 8292
381.233 8349
381.246 8449
381.260 8354
381.274 8570
381.287 8476
381.301 8646
381.314 8788
381.328 8851
381.341 8987
381.355 8981
381.369 8919
381.382 9073
381.396 9149
381.409 9351
381.423 9325
381.437 9657
381.450 9639
381.464 9732
381.477 9870
381.491 9959
381.504 9902
381.518 9930
381.532 10045
381.545 10231
381.559 10584
381.572 10591
381.586 10618
381.599 10548
381.613 10763
381.627 10750
381.640 10815
381.654 10934
381.667 11047
381.681 11176
381.694 11019
381.708 10789
381.722 10862
381.735 11026
381.749 10909
381.762 11041
381.776 11006
381.789 11218
381.803 11281
381.817 11224
381.830 11333
381.844 11338
381.857 11552
381.871 11643
381.884 11783
381.898 11593
381.911 11698
381.925 11931
381.939 11757
381.952 11982
381.966 12022
381.979 12201
381.993 12315
382.006 12429
382.020 12534
382.034 12570
382.047 12578
382.061 12604
382.074 12536
382.088 12604
382.101 12627
382.115 12879
382.128 13060
382.142 13268
382.156 13693
382.169 13493
382.183 13819
382.196 13454
382.210 13578
382.223 13595
382.237 13679
382.250 13771
382.264 13664
382.278 14058
382.291 14111
382.305 14378
382.318 14631
382.332 14635
382.345 14166
382.359 14165
382.372 14387
382.386 14338
382.399 14349
382.413 14495
382.427 14555
382.440 14597
382.454 14694
382.467 14921
382.481 15275
382.494 15521
382.508 15768
382.521 15739
382.535 15820
382.548 15708
382.562 15777
382.576 15813
382.589 15924
382.603 16239
382.616 16130
382.630 16261
382.643 16348
382.657 16644
382.670 16816
382.684 16911
382.697 16700
382.711 16845
382.724 17018
382.738 17067
382.752 16946
382.765 17183
382.779 17166
382.792 17548
382.806 17682
382.819 17729
382.833 17828
382.846 18063
382.860 18153
382.873 18137
382.887 18392
382.900 18566
382.914 18861
382.928 18802
382.941 19010
382.955 19182
382.968 19366
382.982 19631
382.995 19775
383.009 19584
383.022 19823
383.036 20052
383.049 20074
383.063 20340
383.076 20462
383.090 20137
383.103 20581
383.117 20537
383.130 20549
383.144 20881
383.158 21065
383.171 21251
383.185 21183
383.198 21396
383.212 21878
383.225 22006
383.239 22218
383.252 22454
383.266 22540
383.279 22635
383.293 22717
383.306 22865
383.320 23127
383.333 23673
383.347 23899
383.360 23597
383.374 23724
383.387 23916
383.401 23898
383.414 24019
383.428 23805
383.441 24055
383.455 24053
383.468 24060
383.482 24105
383.496 24740
383.509 24895
383.523 24927
383.536 24781
383.550 24706
383.563 24903
383.577 25190
383.590 25388
383.604 25304
383.617 24882
383.631 24921
383.644 24757
383.658 24735
383.671 24554
383.685 24661
383.698 25029
383.712 25098
383.725 24993
383.739 24866
383.752 24734
383.766 24647
383.779 24699
383.793 24859
383.806 25054
383.820 25433
383.833 25279
383.847 25091
383.860 25513
383.874 25228
383.887 24981
383.901 24719
383.914 25081
383.928 25057
383.941 24885
383.955 24370
383.968 24586
383.982 24299
383.995 23974
384.009 24244
384.022 24185
384.036 23970
384.049 23950
384.063 24022
384.076 24317
384.090 24502
384.103 24689
384.117 24480
384.130 24261
384.144 23479
384.157 23013
384.171 22751
384.184 22805
384.198 22547
384.211 22336
384.225 22073
384.238 22477
384.252 22190
384.265 21984
384.279 21754
384.292 21586
384.306 21359
384.319 20819
384.333 20530
384.346 19885
384.360 19619
384.373 19269
384.387 19015
384.400 18667
384.414 18313
384.427 18083
384.441 17687
384.454 17229
384.468 16813
384.481 16512
384.495 16013
384.508 15867
384.522 15454
384.535 15153
384.549 14678
384.562 14175
384.575 13936
384.589 13697
384.602 13588
384.616 13482
384.629 12958
384.643 12463
384.656 12309
384.670 11927
384.683 11375
384.697 11175
384.710 10905
384.724 10395
384.737 10166
384.751 9824
384.764 9585
384.778 9226
384.791 9046
384.805 8827
384.818 8587
384.832 8292
384.845 8012
384.859 7845
384.872 7664
384.885 7269
384.899 7044
384.912 6949
384.926 6684
384.939 6528
384.953 6435
384.966 6268
384.980 6192
384.993 6032
385.007 5865
385.020 5779
385.034 5618
385.047 5409
385.061 5256
385.074 5203
385.088 5088
385.101 5033
385.114 4853
385.128 4770
385.141 4709
385.155 4692
385.168 4678
385.182 4648
385.195 4591
385.209 4612
385.222 4358
385.236 4327
385.249 4289
385.263 4205
385.276 4131
385.290 4103
385.303 3919
385.316 3915
385.330 3987
385.343 3827
385.357 3813
385.370 3831
385.384 3715
385.397 3611
385.411 3585
385.424 3558
385.438 3539
385.451 3421
385.464 3454
385.478 3448
385.491 3496
385.505 3373
385.518 3393
385.532 3364
385.545 3210
385.559 3222
385.572 3179
385.586 3200
385.599 3186
385.612 3179
385.626 3087
385.639 3103
385.653 3104
385.666 3140
385.680 3060
385.693 3019
385.707 3026
385.720 3021
385.734 2999
385.747 2991
385.760 2918
385.774 2873
385.787 2916
385.801 2823
385.814 2768
385.828 2741
385.841 2695
385.855 2788
385.868 2716
385.881 2629
385.895 2648
385.908 2696
385.922 2591
385.935 2616
385.949 2557
385.962 2495
385.976 2533
385.989 2591
386.002 2532
386.016 2579
386.029 2539
386.043 2511
386.056 2501
386.070 2439
386.083 2425
386.097 2441
386.110 2463
386.123 2410
386.137 2459
386.150 2403
386.164 2402
386.177 2360
386.191 2329
386.204 2357
386.217 2304
386.231 2301
386.244 2254
386.258 2321
386.271 2318
386.285 2312
386.298 2261
386.311 2241
386.325 2241
386.338 2194
386.352 2175
386.365 2195
386.379 2122
386.392 2122
386.405 2126
386.419 2087
386.432 2147
386.446 2130
386.459 2205
386.473 2138
386.486 2071
386.499 2084
386.513 2050
386.526 2075
386.540 2028
386.553 2056
386.567 2016
386.580 2036
386.593 2053
386.607 2121
386.620 2046
386.634 2041
386.647 2071
386.661 2054
386.674 1998
386.687 1981
386.701 1980
386.714 1936
386.728 1946
386.741 1905
386.754 1891
386.768 1913
386.781 1946
386.795 1878
386.808 1852
386.822 1897
386.835 1828
386.848 1841
386.862 1828
386.875 1832
386.889 1834
386.902 1794
386.915 1831
386.929 1759
386.942 1796
386.956 1756
386.969 1758
386.983 1755
386.996 1749
387.009 1756
387.023 1730
387.036 1710
387.050 1758
387.063 1665
387.076 1689
387.090 1673
387.103 1712
387.117 1660
387.130 1707
387.143 1671
387.157 1739
387.170 1694
387.184 1645
387.197 1623
387.210 1646
387.224 1590
387.237 1627
387.251 1573
387.264 1603
387.278 1580
387.291 1623
387.304 1581
387.318 1591
387.331 1584
387.345 1591
387.358 1541
387.371 1535
387.385 1575
387.398 1535
387.412 1501
387.425 1515
387.438 1527
387.452 1451
387.465 1459
387.478 1442
387.492 1433
387.505 1461
387.519 1468
387.532 1456
387.545 1453
387.559 1468
387.572 1441
387.586 1463
387.599 1434
387.612 1469
387.626 1440
387.639 1416
387.653 1406
387.666 1383
387.679 1358
387.693 1341
387.706 1360
387.720 1299
387.733 1356
387.746 1378
387.760 1331
387.773 1324
387.787 1377
387.800 1349
387.813 1311
387.827 1345
387.840 1319
387.853 1272
387.867 1282
387.880 1308
387.894 1313
387.907 1309
387.920 1279
387.934 1313
387.947 1302
387.961 1262
387.974 1260
387.987 1260
388.001 1252
388.014 1220
388.027 1260
388.041 1223
388.054 1187
388.068 1241
388.081 1235
388.094 1228
388.108 1190
388.121 1220
388.134 1205
388.148 1197
388.161 1185
388.175 1186
388.188 1198
388.201 1147
388.215 1150
388.228 1153
388.241 1179
388.255 1195
388.268 1155
388.282 1149
388.295 1198
388.308 1153
388.322 1129
388.335 1143
388.348 1178
388.362 1129
388.375 1121
388.389 1134
388.402 1138
388.415 1128
388.429 1145
388.442 1178
388.455 1131
388.469 1104
388.482 1145
388.495 1141
388.509 1138
388.522 1148
388.536 1168
388.549 1117
388.562 1119
388.576 1115
388.589 1113
388.602 1154
388.616 1079
388.629 1118
388.642 1134
388.656 1137
388.669 1098
388.683 1110
388.696 1137
388.709 1113
388.723 1112
388.736 1122
388.749 1083
388.763 1127
388.776 1096
388.789 1122
388.803 1117
388.816 1109
388.829 1088
388.843 1109
388.856 1058
388.870 1096
388.883 1061
388.896 1063
388.910 1100
388.923 1076
388.936 1091
388.950 1104
388.963 1103
388.976 1073
388.990 1105
389.003 1081
389.016 1084
389.030 1067
389.043 1105
389.056 1070
389.070 1110
389.083 1098
389.097 1094
389.110 1044
389.123 1057
389.137 1056
389.150 1053
389.163 1075
389.177 1056
389.190 1052
389.203 1057
389.217 1080
389.230 1061
389.243 1071
389.257 1066
389.270 1033
389.283 1049
389.297 1028
389.310 1036
389.323 1040
389.337 1038
389.350 1047
389.363 1021
389.377 1038
389.390 1027
389.403 1020
389.417 1033
389.430 1062
389.443 1025
389.457 1008
389.470 1064
389.483 1009
389.497 1042
389.510 1039
389.523 1014
389.537 1031
389.550 1065
389.563 1008
389.577 1010
389.590 1012
389.603 1017
389.617 997
389.630 988
389.643 1003
389.657 1021
389.670 1016
389.683 1005
389.697 974
389.710 987
389.723 1014
389.737 1003
389.750 996
389.763 987
389.777 994
389.790 964
389.803 976
389.817 968
389.830 983
389.843 975
389.857 972
389.870 959
389.883 947
389.897 968
389.910 935
389.923 939
389.937 967
389.950 956
389.963 953
389.977 953
389.990 987
390.003 938
390.017 953
390.030 941
390.043 934
390.057 935
390.070 918
390.083 934
390.096 919
390.110 945
390.123 936
390.136 922
390.150 923
390.163 910
390.176 909
390.190 917
390.203 904
390.216 902
390.230 896
390.243 886
390.256 893
390.270 876
390.283 908
390.296 886
390.310 879
390.323 845
390.336 878
390.349 863
390.363 863
390.376 870
390.389 872
390.403 875
390.416 880
390.429 841
390.443 860
390.456 868
390.469 844
390.483 835
390.496 852
390.509 852
390.522 848
390.536 815
390.549 851
390.562 820
390.576 828
390.589 825
390.602 840
390.616 833
390.629 829
390.642 841
390.655 819
390.669 810
390.682 808
390.695 821
390.709 786
390.722 810
390.735 822
390.749 798
390.762 816
390.775 788
390.788 814
390.802 793
390.815 778
390.828 792
390.842 804
390.855 781
390.868 771
390.882 801
390.895 782
390.908 776
390.921 781
390.935 766
390.948 761
390.961 784
390.975 780
390.988 765
391.001 763
391.014 765
391.028 759
391.041 758
391.054 750
391.068 762
391.081 753
391.094 772
391.107 744
391.121 765
391.134 759
391.147 752
391.161 745
391.174 748
391.187 751
391.200 738
391.214 742
391.227 745
391.240 761
391.254 751
391.267 736
391.280 740
391.293 731
391.307 740
391.320 750
391.333 736
391.347 729
391.360 743
391.373 735
391.386 732
391.400 739
391.413 736
391.426 735
391.440 731
391.453 730
391.466 746
391.479 742
391.493 731
391.506 718
391.519 730
391.532 735
391.546 741
391.559 720
391.572 725
391.586 711
391.599 708
391.612 720
391.625 740
391.639 726
391.652 715
391.665 712
391.678 717
391.692 715
391.705 727
391.718 712
391.732 707
391.745 706
391.758 725
391.771 722
391.785 710
391.798 724
391.811 717
391.824 712
391.838 712
391.851 703
391.864 705
391.877 706
391.891 704
391.904 723
391.917 721
391.931 717
391.944 708
391.957 704
391.970 710
391.984 710
391.997 692
392.010 708
392.023 705
392.037 728
392.050 710
392.063 713
392.076 714
392.090 715
392.103 703
392.116 699
392.129 710
392.143 719
392.156 713
392.169 708
392.182 708
392.196 694
392.209 709
392.222 709
392.235 685
392.249 696
392.262 707
392.275 695
392.288 688
392.302 705
392.315 702
392.328 702
392.341 700
392.355 708
392.368 695
392.381 688
392.394 690
392.408 687
392.421 691
392.434 706
392.447 689
392.461 677
392.474 701
392.487 713
392.500 709
392.514 686
392.527 685
392.540 700
392.553 692
392.567 691
392.580 685
392.593 699
392.606 711
392.620 690
392.633 696
392.646 691
392.659 710
392.673 708
392.686 691
392.699 686
392.712 686
392.726 685
392.739 695
392.752 686
392.765 685
392.778 700
392.792 690
392.805 694
392.818 689
392.831 692
392.845 688
392.858 688
392.871 692
392.884 696
392.898 676
392.911 700
392.924 693
392.937 688
392.951 702
392.964 692
392.977 686
392.990 688
393.003 670
393.017 697
393.030 690
393.043 696
393.056 696
393.070 680
393.083 688
393.096 679
393.109 692
393.122 685
393.136 680
393.149 686
393.162 688
393.175 669
393.189 677
393.202 677
393.215 683
393.228 674
393.242 678
393.255 684
393.268 688
393.281 674
393.294 680
393.308 665
393.321 684
393.334 680
393.347 672
393.360 670
393.374 684
393.387 686
393.400 668
393.413 676
393.427 687
393.440 666
393.453 676
393.466 671
393.479 673
393.493 685
393.506 685
393.519 670
393.532 671
393.546 676
393.559 683
393.572 679
393.585 675
393.598 679
393.612 681
393.625 672
393.638 683
393.651 669
393.664 668
393.678 674
393.691 679
393.704 678
393.717 677
393.730 679
393.744 657
393.757 671
393.770 665
393.783 677
393.796 665
393.810 673
393.823 676
393.836 663
393.849 678
393.863 675
393.876 668
393.889 674
393.902 671
393.915 659
393.929 660
