375.891 819
375.905 808
375.919 828
375.933 815
375.946 826
375.960 819
375.974 816
375.987 839
376.001 844
376.015 841
376.029 832
376.042 828
376.056 849
376.070 840
376.084 846
376.097 842
376.111 850
376.125 864
376.139 859
376.152 858
376.166 868
376.180 879
376.193 879
376.207 883
376.221 879
376.235 893
376.248 885
376.262 891
376.276 885
376.290 910
376.303 905
376.317 899
376.331 905
376.345 914
376.358 913
376.372 908
376.386 899
376.399 937
376.413 912
376.427 946
376.441 914
376.454 926
376.468 943
376.482 949
376.495 939
376.509 951
376.523 964
376.537 963
376.550 976
376.564 961
376.578 952
376.592 991
376.605 974
376.619 971
376.633 991
376.646 991
376.660 990
376.674 1002
376.688 1020
376.701 990
376.715 1017
376.729 1032
376.742 1008
376.756 1011
376.770 1044
376.784 1020
376.797 1027
376.811 1074
376.825 1054
376.838 1056
376.852 1090
376.866 1070
376.880 1068
376.893 1090
376.907 1075
376.921 1068
376.934 1091
376.948 1076
376.962 1103
376.976 1071
376.989 1084
377.003 1129
377.017 1131
377.030 1159
377.044 1138
377.058 1166
377.071 1131
377.085 1130
377.099 1128
377.113 1184
377.126 1161
377.140 1165
377.154 1165
377.167 1190
377.181 1162
377.195 1188
377.208 1202
377.222 1183
377.236 1190
377.250 1218
377.263 1260
377.277 1239
377.291 1241
377.304 1225
377.318 1262
377.332 1243
377.345 1252
377.359 1255
377.373 1262
377.387 1255
377.400 1267
377.414 1289
377.428 1266
377.441 1271
377.455 1306
377.469 1288
377.482 1330
377.496 1281
377.510 1311
377.524 1304
377.537 1318
377.551 1324
377.565 1320
377.578 1329
377.592 1322
377.606 1318
377.619 1327
377.633 1326
377.647 1316
377.660 1351
377.674 1360
377.688 1340
377.701 1367
377.715 1359
377.729 1374
377.743 1383
377.756 1407
377.770 1391
377.784 1367
377.797 1360
377.811 1369
377.825 1393
377.838 1383
377.852 1419
377.866 1439
377.879 1438
377.893 1466
377.907 1445
377.920 1427
377.934 1435
377.948 1410
377.961 1436
377.975 1434
377.989 1445
378.002 1447
378.016 1432
378.030 1421
378.044 1437
378.057 1445
378.071 1452
378.085 1449
378.098 1462
378.112 1445
378.126 1456
378.139 1469
378.153 1451
378.167 1500
378.180 1460
378.194 1466
378.208 1486
378.221 1442
378.235 1450
378.249 1509
378.262 1518
378.276 1483
378.290 1499
378.303 1482
378.317 1515
378.331 1472
378.344 1481
378.358 1525
378.372 1503
378.385 1497
378.399 1536
378.413 1552
378.426 1526
378.440 1536
378.454 1562
378.467 1549
378.481 1532
378.495 1525
378.508 1522
378.522 1554
378.536 1569
378.549 1508
378.563 1608
378.577 1566
378.590 1572
378.604 1536
378.618 1578
378.631 1594
378.645 1592
378.659 1626
378.672 1619
378.686 1571
378.700 1627
378.713 1657
378.727 1644
378.740 1642
378.754 1632
378.768 1692
378.781 1660
378.795 1714
378.809 1683
378.822 1712
378.836 1657
378.850 1626
378.863 1676
378.877 1690
378.891 1702
378.904 1685
378.918 1696
378.932 1715
378.945 1707
378.959 1658
378.973 1637
378.986 1696
379.000 1717
379.014 1737
379.027 1717
379.041 1736
379.054 1674
379.068 1747
379.082 1746
379.095 1717
379.109 1739
379.123 1745
379.136 1793
379.150 1750
379.164 1759
379.177 1718
379.191 1753
379.205 1782
379.218 1841
379.232 1810
379.245 1860
379.259 1794
379.273 1829
379.286 1881
379.300 1838
379.314 1854
379.327 1869
379.341 1921
379.355 1860
379.368 1899
379.382 1968
379.396 1920
379.409 1953
379.423 1959
379.436 1943
379.450 1991
379.464 2005
379.477 2049
379.491 1991
379.505 1991
379.518 2027
379.532 2089
379.546 2076
379.559 2079
379.573 2074
379.586 2114
379.600 2102
379.614 2163
379.627 2133
379.641 2140
379.655 2179
379.668 2205
379.682 2192
379.695 2225
379.709 2240
379.723 2268
379.736 2349
379.750 2367
379.764 2427
379.777 2425
379.791 2508
379.804 2479
379.818 2471
379.832 2423
379.845 2478
379.859 2421
379.873 2473
379.886 2592
379.900 2537
379.913 2579
379.927 2628
379.941 2646
379.954 2738
379.968 2820
379.982 2784
379.995 2782
380.009 2772
380.022 2808
380.036 2786
380.050 2846
380.063 2898
380.077 3035
380.090 3066
380.104 3075
380.118 3106
380.131 3129
380.145 3147
380.159 3214
380.172 3309
380.186 3364
380.199 3343
380.213 3427
380.227 3506
380.240 3523
380.254 3516
380.267 3481
380.281 3559
380.295 3644
380.308 3649
380.322 3699
380.336 3827
380.349 3795
380.363 3915
380.376 3929
380.390 4068
380.404 4057
380.417 4055
380.431 4088
380.444 4153
380.458 4190
380.472 4241
380.485 4379
380.499 4331
380.512 4469
380.526 4468
380.540 4508
380.553 4585
380.567 4640
380.580 4659
380.594 4673
380.608 4951
380.621 5086
380.635 5110
380.648 5081
380.662 5074
380.676 5211
380.689 5250
380.703 5215
380.716 5358
380.730 5417
380.744 5566
380.757 5602
380.771 5718
380.784 5717
380.798 5892
380.812 5911
380.825 6031
380.839 6084
380.852 6224
380.866 6395
380.880 6445
380.893 6489
380.907 6400
380.920 6548
380.934 6533
380.948 6787
380.961 6827
380.975 6814
380.988 6880
381.002 6759
381.015 6969
381.029 7048
381.043 7105
381.056 7205
381.070 7243
381.083 7470
381.097 7353
381.111 7441
381.124 7495
381.138 7705
381.151 7761
381.165 8000
381.179 7973
381.192 7749
381.206 7794
381.219 7922
381.233 7990
381.246 8156
381.260 8153
381.274 8258
381.287 8278
381.301 8227
381.314 8420
381.328 8460
381.341 8496
381.355 8593
381.369 8620
381.382 8768
381.396 8676
381.409 8775
381.423 9152
381.437 9108
381.450 9211
381.464 9418
381.477 9374
381.491 9654
381.504 9498
381.518 9427
381.532 9585
381.545 9692
381.559 9964
381.572 10105
381.586 10140
381.599 10114
381.613 10218
381.627 10232
381.640 10279
381.654 10616
381.667 10520
381.681 10552
381.694 10482
381.708 10345
381.722 10288
381.735 10355
381.749 10426
381.762 10538
381.776 10634
381.789 10577
381.803 10786
381.817 10788
381.830 10846
381.844 10762
381.857 10939
381.871 11175
381.884 11090
381.898 11004
381.911 11304
381.925 11275
381.939 11374
381.952 11483
381.966 11378
381.979 11624
381.993 11632
382.006 11712
382.020 12118
382.034 11970
382.047 11855
382.061 11902
382.074 11989
382.088 12090
382.101 12187
382.115 12193
382.128 12176
382.142 12497
382.156 12786
382.169 12881
382.183 12897
382.196 12998
382.210 12963
382.223 12964
382.237 13107
382.250 13250
382.264 13143
382.278 13202
382.291 13511
382.305 13617
382.318 13676
382.332 13827
382.345 13670
382.359 13538
382.372 13727
382.386 13744
382.399 13950
382.413 13745
382.427 14013
382.440 14086
382.454 14211
382.467 14313
382.481 14404
382.494 14988
382.508 15080
382.521 15146
382.535 15149
382.548 15204
382.562 15047
382.576 15296
382.589 15387
382.603 15447
382.616 15752
382.630 15721
382.643 15842
382.657 15831
382.670 16255
382.684 16243
382.697 15955
382.711 15999
382.724 16411
382.738 16383
382.752 16437
382.765 16547
382.779 16578
382.792 16810
382.806 16785
382.819 17224
382.833 17286
382.846 17483
382.860 17652
382.873 17523
382.887 17620
382.900 17926
382.914 18274
382.928 18284
382.941 18346
382.955 18436
382.968 18538
382.982 18853
382.995 18992
383.009 19062
383.022 19331
383.036 19323
383.049 19425
383.063 19485
383.076 19646
383.090 19802
383.103 19568
383.117 19875
383.130 20197
383.144 20001
383.158 20497
383.171 20491
383.185 20554
383.198 20845
383.212 21090
383.225 21347
383.239 21563
383.252 21992
383.266 21991
383.279 22022
383.293 22183
383.306 22338
383.320 22709
383.333 23288
383.347 23195
383.360 23097
383.374 22796
383.387 23145
383.401 23188
383.414 23209
383.428 23136
383.441 23009
383.455 23262
383.468 23053
383.482 23147
383.496 23724
383.509 23850
383.523 23818
383.536 23777
383.550 24000
383.563 23996
383.577 24223
383.590 24403
383.604 24300
383.617 24079
383.631 24162
383.644 23902
383.658 23789
383.671 24046
383.685 24050
383.698 24346
383.712 24550
383.725 24527
383.739 24203
383.752 24041
383.766 23985
383.779 23995
383.793 24140
383.806 24272
383.820 24530
383.833 24455
383.847 24491
383.860 24599
383.874 24596
383.887 24371
383.901 24186
383.914 24362
383.928 24231
383.941 24207
383.955 23927
383.968 23845
383.982 23515
383.995 23437
384.009 23335
384.022 23400
384.036 23476
384.049 23277
384.063 23535
384.076 23906
384.090 24552
384.103 24202
384.117 24149
384.130 23819
384.144 23019
384.157 22665
384.171 22233
384.184 22266
384.198 21948
384.211 21858
384.225 21548
384.238 21872
384.252 21938
384.265 21484
384.279 21178
384.292 20950
384.306 20807
384.319 20374
384.333 19651
384.346 19379
384.360 18994
384.373 18410
384.387 18645
384.400 18150
384.414 17672
384.427 17525
384.441 17034
384.454 16688
384.468 16361
384.481 15829
384.495 15557
384.508 15282
384.522 14912
384.535 14412
384.549 14059
384.562 13808
384.575 13479
384.589 13065
384.602 13255
384.616 12801
384.629 12525
384.643 12139
384.656 11723
384.670 11259
384.683 10809
384.697 10542
384.710 10165
384.724 9910
384.737 9737
384.751 9444
384.764 9150
384.778 9002
384.791 8764
384.805 8420
384.818 8107
384.832 7960
384.845 7627
384.859 7599
384.872 7246
384.885 6914
384.899 6714
384.912 6590
384.926 6378
384.939 6188
384.953 6095
384.966 5865
384.980 5849
384.993 5661
385.007 5477
385.020 5343
385.034 5252
385.047 5177
385.061 4950
385.074 4957
385.088 4840
385.101 4740
385.114 4629
385.128 4489
385.141 4545
385.155 4426
385.168 4457
385.182 4413
385.195 4372
385.209 4252
385.222 4203
385.236 4150
385.249 3969
385.263 3945
385.276 3958
385.290 3893
385.303 3719
385.316 3687
385.330 3714
385.343 3673
385.357 3615
385.370 3555
385.384 3550
385.397 3450
385.411 3403
385.424 3354
385.438 3369
385.451 3288
385.464 3307
385.478 3265
385.491 3258
385.505 3273
385.518 3180
385.532 3139
385.545 3105
385.559 3036
385.572 2989
385.586 3069
385.599 3021
385.612 3004
385.626 2942
385.639 2959
385.653 2985
385.666 2985
385.680 2912
385.693 2951
385.707 2917
385.720 2866
385.734 2787
385.747 2770
385.760 2718
385.774 2713
385.787 2726
385.801 2713
385.814 2598
385.828 2631
385.841 2531
385.855 2578
385.868 2579
385.881 2560
385.895 2528
385.908 2580
385.922 2449
385.935 2519
385.949 2469
385.962 2461
385.976 2397
385.989 2395
386.002 2499
386.016 2414
386.029 2376
386.043 2460
386.056 2369
386.070 2327
386.083 2371
386.097 2316
386.110 2328
386.123 2353
386.137 2274
386.150 2233
386.164 2267
386.177 2260
386.191 2245
386.204 2246
386.217 2194
386.231 2199
386.244 2171
386.258 2187
386.271 2208
386.285 2172
386.298 2142
386.311 2114
386.325 2117
386.338 2124
386.352 2122
386.365 2092
386.379 2097
386.392 2059
386.405 2016
386.419 2058
386.432 2086
386.446 2055
386.459 2074
386.473 2068
386.486 2028
386.499 1979
386.513 1929
386.526 1986
386.540 1928
386.553 1984
386.567 1918
386.580 1964
386.593 1971
386.607 1969
386.620 1929
386.634 1973
386.647 1929
386.661 1965
386.674 1883
386.687 1908
386.701 1915
386.714 1868
386.728 1848
386.741 1872
386.754 1847
386.768 1848
386.781 1828
386.795 1828
386.808 1786
386.822 1837
386.835 1772
386.848 1793
386.862 1791
386.875 1759
386.889 1742
386.902 1736
386.915 1769
386.929 1745
386.942 1683
386.956 1713
386.969 1652
386.983 1697
386.996 1695
387.009 1625
387.023 1670
387.036 1660
387.050 1645
387.063 1682
387.076 1643
387.090 1636
387.103 1611
387.117 1600
387.130 1656
387.143 1615
387.157 1615
387.170 1659
387.184 1571
387.197 1593
387.210 1599
387.224 1556
387.237 1579
387.251 1515
387.264 1565
387.278 1514
387.291 1535
387.304 1557
387.318 1500
387.331 1527
387.345 1535
387.358 1502
387.371 1478
387.385 1463
387.398 1485
387.412 1446
387.425 1444
387.438 1472
387.452 1418
387.465 1403
387.478 1402
387.492 1406
387.505 1414
387.519 1425
387.532 1433
387.545 1416
387.559 1427
387.572 1372
387.586 1356
387.599 1412
387.612 1359
387.626 1362
387.639 1382
387.653 1340
387.666 1305
387.679 1264
387.693 1298
387.706 1277
387.720 1301
387.733 1295
387.746 1323
387.760 1297
387.773 1326
387.787 1284
387.800 1313
387.813 1308
387.827 1290
387.840 1249
387.853 1250
387.867 1258
387.880 1272
387.894 1259
387.907 1269
387.920 1237
387.934 1221
387.947 1210
387.961 1237
387.974 1239
387.987 1197
388.001 1201
388.014 1205
388.027 1187
388.041 1179
388.054 1193
388.068 1193
388.081 1199
388.094 1160
388.108 1183
388.121 1180
388.134 1162
388.148 1168
388.161 1141
388.175 1177
388.188 1122
388.201 1145
388.215 1138
388.228 1148
388.241 1111
388.255 1110
388.268 1125
388.282 1134
388.295 1139
388.308 1123
388.322 1109
388.335 1095
388.348 1122
388.362 1112
388.375 1094
388.389 1147
388.402 1121
388.415 1113
388.429 1124
388.442 1120
388.455 1123
388.469 1130
388.482 1126
388.495 1106
388.509 1142
388.522 1122
388.536 1110
388.549 1096
388.562 1106
388.576 1081
388.589 1080
388.602 1093
388.616 1084
388.629 1074
388.642 1077
388.656 1058
388.669 1083
388.683 1095
388.696 1100
388.709 1083
388.723 1065
388.736 1104
388.749 1079
388.763 1075
388.776 1079
388.789 1046
388.803 1074
388.816 1068
388.829 1073
388.843 1053
388.856 1080
388.870 1077
388.883 1044
388.896 1059
388.910 1053
388.923 1098
388.936 1086
388.950 1046
388.963 1055
388.976 1045
388.990 1041
389.003 1045
389.016 1054
389.030 1055
389.043 1091
389.056 1043
389.070 1058
389.083 1046
389.097 1027
389.110 1045
389.123 1049
389.137 1053
389.150 1028
389.163 1053
389.177 1038
389.190 1032
389.203 1025
389.217 1054
389.230 1018
389.243 1008
389.257 991
389.270 1023
389.283 1009
389.297 1030
389.310 1023
389.323 1001
389.337 1010
389.350 1004
389.363 979
389.377 1010
389.390 1026
389.403 1001
389.417 1016
389.430 991
389.443 999
389.457 1031
389.470 997
389.483 997
389.497 1007
389.510 1000
389.523 976
389.537 968
389.550 1007
389.563 999
389.577 985
389.590 986
389.603 963
389.617 985
389.630 970
389.643 985
389.657 995
389.670 991
389.683 994
389.697 950
389.710 976
389.723 956
389.737 967
389.750 977
389.763 986
389.777 959
389.790 963
389.803 929
389.817 949
389.830 943
389.843 933
389.857 956
389.870 948
389.883 931
389.897 916
389.910 957
389.923 946
389.937 962
389.950 941
389.963 926
389.977 948
389.990 923
390.003 961
390.017 948
390.030 941
390.043 944
390.057 935
390.070 925
390.083 894
390.096 902
390.110 914
390.123 908
390.136 898
390.150 898
390.163 914
390.176 897
390.190 895
390.203 907
390.216 876
390.230 864
390.243 878
390.256 850
390.270 852
390.283 863
390.296 881
390.310 865
390.323 864
390.336 864
390.349 872
390.363 858
390.376 866
390.389 847
390.403 857
390.416 846
390.429 854
390.443 834
390.456 835
390.469 838
390.483 825
390.496 816
390.509 825
390.522 818
390.536 824
390.549 825
390.562 822
390.576 811
390.589 833
390.602 819
390.616 818
390.629 802
390.642 800
390.655 796
390.669 813
390.682 816
390.695 788
390.709 794
390.722 798
390.735 793
390.749 796
390.762 801
390.775 790
390.788 796
390.802 773
390.815 795
390.828 782
390.842 782
390.855 769
390.868 764
390.882 771
390.895 777
390.908 756
390.921 775
390.935 768
390.948 777
390.961 760
390.975 767
390.988 759
391.001 773
391.014 763
391.028 760
391.041 762
391.054 748
391.068 756
391.081 751
391.094 739
391.107 748
391.121 745
391.134 739
391.147 738
391.161 737
391.174 734
391.187 747
391.200 739
391.214 742
391.227 733
391.240 730
391.254 729
391.267 727
391.280 729
391.293 728
391.307 732
391.320 733
391.333 723
391.347 731
391.360 724
391.373 721
391.386 716
391.400 722
391.413 740
391.426 723
391.440 714
391.453 726
391.466 731
391.479 711
391.493 725
391.506 724
391.519 715
391.532 697
391.546 722
391.559 700
391.572 721
391.586 706
391.599 703
391.612 705
391.625 718
391.639 706
391.652 710
391.665 717
391.678 704
391.692 710
391.705 711
391.718 715
391.732 704
391.745 706
391.758 714
391.771 718
391.785 700
391.798 701
391.811 709
391.824 709
391.838 702
391.851 706
391.864 709
391.877 697
391.891 694
391.904 708
391.917 700
391.931 704
391.944 690
391.957 712
391.970 709
391.984 707
391.997 708
392.010 701
392.023 698
392.037 702
392.050 708
392.063 695
392.076 705
392.090 698
392.103 697
392.116 694
392.129 698
392.143 685
392.156 701
392.169 710
392.182 694
392.196 692
392.209 702
392.222 694
392.235 686
392.249 702
392.262 690
392.275 699
392.288 700
392.302 695
392.315 700
392.328 697
392.341 695
392.355 691
392.368 694
392.381 708
392.394 697
392.408 692
392.421 682
392.434 701
392.447 690
392.461 698
392.474 688
392.487 690
392.500 680
392.514 690
392.527 691
392.540 686
392.553 686
392.567 685
392.580 673
392.593 688
392.606 696
392.620 689
392.633 683
392.646 693
392.659 680
392.673 694
392.686 688
392.699 677
392.712 687
392.726 685
392.739 693
392.752 686
392.765 695
392.778 694
392.792 692
392.805 688
392.818 684
392.831 684
392.845 681
392.858 692
392.871 686
392.884 687
392.898 688
392.911 685
392.924 686
392.937 664
392.951 685
392.964 698
392.977 680
392.990 676
393.003 672
393.017 691
393.030 682
393.043 676
393.056 684
393.070 681
393.083 685
393.096 674
393.109 681
393.122 681
393.136 675
393.149 681
393.162 690
393.175 673
393.189 678
393.202 682
393.215 668
393.228 676
393.242 669
393.255 674
393.268 676
393.281 682
393.294 685
393.308 673
393.321 683
393.334 678
393.347 672
393.360 672
393.374 680
393.387 677
393.400 680
393.413 672
393.427 669
393.440 678
393.453 677
393.466 670
393.479 674
393.493 670
393.506 676
393.519 660
393.532 666
393.546 662
393.559 680
393.572 674
393.585 664
393.598 671
393.612 672
393.625 680
393.638 676
393.651 672
393.664 671
393.678 666
393.691 676
393.704 670
393.717 675
393.730 660
393.744 669
393.757 676
393.770 671
393.783 665
393.796 667
393.810 664
393.823 670
393.836 668
393.849 668
393.863 661
393.876 668
393.889 667
393.902 670
393.915 648
393.929 679
