375.891 812
375.905 823
375.919 831
375.933 836
375.946 838
375.960 844
375.974 840
375.987 844
376.001 838
376.015 859
376.029 846
376.042 840
376.056 855
376.070 877
376.084 865
376.097 856
376.111 886
376.125 891
376.139 876
376.152 884
376.166 885
376.180 895
376.193 927
376.207 895
376.221 893
376.235 895
376.248 925
376.262 911
376.276 916
376.290 920
376.303 904
376.317 924
376.331 914
376.345 942
376.358 935
376.372 960
376.386 940
376.399 979
376.413 956
376.427 943
376.441 961
376.454 958
376.468 948
376.482 951
376.495 973
376.509 992
376.523 1009
376.537 1009
376.550 1018
376.564 1025
376.578 1013
376.592 1023
376.605 1035
376.619 1026
376.633 1035
376.646 1031
376.660 1045
376.674 1025
376.688 1013
376.701 1046
376.715 1054
376.729 1047
376.742 1074
376.756 1073
376.770 1073
376.784 1080
376.797 1073
376.811 1101
376.825 1084
376.838 1112
376.852 1103
376.866 1129
376.880 1117
376.893 1116
376.907 1138
376.921 1137
376.934 1149
376.948 1164
376.962 1155
376.976 1142
376.989 1170
377.003 1170
377.017 1154
377.030 1217
377.044 1201
377.058 1187
377.071 1204
377.085 1215
377.099 1216
377.113 1178
377.126 1220
377.140 1250
377.154 1268
377.167 1215
377.181 1282
377.195 1229
377.208 1253
377.222 1280
377.236 1280
377.250 1270
377.263 1254
377.277 1276
377.291 1319
377.304 1316
377.318 1345
377.332 1302
377.345 1290
377.359 1319
377.373 1342
377.387 1349
377.400 1359
377.414 1288
377.428 1312
377.441 1329
377.455 1361
377.469 1370
377.482 1359
377.496 1376
377.510 1410
377.524 1410
377.537 1423
377.551 1374
377.565 1410
377.578 1394
377.592 1407
377.606 1391
377.619 1421
377.633 1408
377.647 1420
377.660 1385
377.674 1402
377.688 1427
377.701 1445
377.715 1442
377.729 1435
377.743 1448
377.756 1465
377.770 1460
377.784 1437
377.797 1468
377.811 1458
377.825 1477
377.838 1458
377.852 1422
377.866 1488
377.879 1497
377.893 1515
377.907 1537
377.920 1556
377.934 1508
377.948 1505
377.961 1479
377.975 1521
377.989 1536
378.002 1537
378.016 1500
378.030 1484
378.044 1535
378.057 1555
378.071 1552
378.085 1535
378.098 1499
378.112 1564
378.126 1527
378.139 1543
378.153 1577
378.167 1564
378.180 1569
378.194 1561
378.208 1586
378.221 1579
378.235 1580
378.249 1571
378.262 1584
378.276 1572
378.290 1610
378.303 1578
378.317 1569
378.331 1599
378.344 1583
378.358 1646
378.372 1576
378.385 1619
378.399 1620
378.413 1654
378.426 1608
378.440 1654
378.454 1694
378.467 1647
378.481 1632
378.495 1647
378.508 1648
378.522 1680
378.536 1636
378.549 1670
378.563 1661
378.577 1706
378.590 1675
378.604 1699
378.618 1695
378.631 1705
378.645 1719
378.659 1690
378.672 1688
378.686 1737
378.700 1814
378.713 1788
378.727 1760
378.740 1786
378.754 1790
378.768 1821
378.781 1802
378.795 1831
378.809 1787
378.822 1814
378.836 1826
378.850 1781
378.863 1792
378.877 1799
378.891 1821
378.904 1788
378.918 1822
378.932 1849
378.945 1855
378.959 1782
378.973 1808
378.986 1851
379.000 1846
379.014 1832
379.027 1846
379.041 1869
379.054 1847
379.068 1862
379.082 1879
379.095 1903
379.109 1893
379.123 1893
379.136 1930
379.150 1930
379.164 1928
379.177 1904
379.191 1929
379.205 1953
379.218 1955
379.232 1989
379.245 2025
379.259 1984
379.273 1989
379.286 2008
379.300 1994
379.314 2060
379.327 2015
379.341 2068
379.355 2035
379.368 2087
379.382 2083
379.396 2075
379.409 2125
379.423 2156
379.436 2118
379.450 2192
379.464 2200
379.477 2184
379.491 2220
379.505 2185
379.518 2221
379.532 2221
379.546 2298
379.559 2243
379.573 2284
379.586 2292
379.600 2305
379.614 2380
379.627 2384
379.641 2382
379.655 2457
379.668 2400
379.682 2430
379.695 2404
379.709 2460
379.723 2466
379.736 2617
379.750 2676
379.764 2681
379.777 2729
379.791 2716
379.804 2750
379.818 2790
379.832 2692
379.845 2722
379.859 2708
379.873 2692
379.886 2778
379.900 2798
379.913 2933
379.927 2939
379.941 2912
379.954 3008
379.968 2980
379.982 3065
379.995 3106
380.009 3120
380.022 3139
380.036 3117
380.050 3189
380.063 3295
380.077 3421
380.090 3474
380.104 3467
380.118 3570
380.131 3586
380.145 3620
380.159 3610
380.172 3710
380.186 3737
380.199 3834
380.213 3875
380.227 3987
380.240 4033
380.254 3960
380.267 3997
380.281 4022
380.295 4006
380.308 4119
380.322 4166
380.336 4231
380.349 4308
380.363 4270
380.376 4358
380.390 4460
380.404 4533
380.417 4570
380.431 4573
380.444 4666
380.458 4751
380.472 4742
380.485 4825
380.499 4964
380.512 4952
380.526 5042
380.540 5109
380.553 5104
380.567 5297
380.580 5321
380.594 5373
380.608 5508
380.621 5743
380.635 5743
380.648 5730
380.662 5779
380.676 5835
380.689 6039
380.703 6071
380.716 6153
380.730 6187
380.744 6300
380.757 6476
380.771 6575
380.784 6742
380.798 6672
380.812 6538
380.825 6794
380.839 6856
380.852 7170
380.866 7294
380.880 7361
380.893 7264
380.907 7317
380.920 7380
380.934 7643
380.948 7626
380.961 7761
380.975 7680
380.988 7944
381.002 7911
381.015 7881
381.029 7988
381.043 8182
381.056 8244
381.070 8336
381.083 8313
381.097 8499
381.111 8485
381.124 8636
381.138 8951
381.151 8756
381.165 8881
381.179 8928
381.192 8945
381.206 8930
381.219 9025
381.233 9152
381.246 9104
381.260 9372
381.274 9330
381.287 9584
381.301 9562
381.314 9539
381.328 9636
381.341 9803
381.355 9799
381.369 9866
381.382 9974
381.396 9984
381.409 10175
381.423 10380
381.437 10431
381.450 10464
381.464 10594
381.477 10821
381.491 10944
381.504 10927
381.518 10942
381.532 11132
381.545 11229
381.559 11602
381.572 11567
381.586 11693
381.599 11640
381.613 11733
381.627 11733
381.640 11886
381.654 12044
381.667 11968
381.681 12095
381.694 11956
381.708 11822
381.722 11811
381.735 11916
381.749 11964
381.762 12093
381.776 12189
381.789 12288
381.803 12273
381.817 12395
381.830 12318
381.844 12538
381.857 12606
381.871 12850
381.884 12808
381.898 12864
381.911 12819
381.925 12981
381.939 13234
381.952 13085
381.966 13116
381.979 13303
381.993 13592
382.006 13667
382.020 14020
382.034 14017
382.047 13848
382.061 13892
382.074 13862
382.088 13953
382.101 13991
382.115 14103
382.128 14064
382.142 14553
382.156 14949
382.169 15129
382.183 15028
382.196 14930
382.210 14991
382.223 15084
382.237 15151
382.250 15205
382.264 15479
382.278 15500
382.291 15677
382.305 15877
382.318 15951
382.332 16180
382.345 15770
382.359 15653
382.372 15814
382.386 15887
382.399 15826
382.413 15989
382.427 16097
382.440 16197
382.454 16299
382.467 16440
382.481 16870
382.494 17161
382.508 17387
382.521 17476
382.535 17517
382.548 17395
382.562 17256
382.576 17611
382.589 17690
382.603 17768
382.616 17937
382.630 18115
382.643 18255
382.657 18378
382.670 18637
382.684 18814
382.697 18602
382.711 18675
382.724 18894
382.738 18946
382.752 19071
382.765 19212
382.779 19394
382.792 19454
382.806 19571
382.819 19661
382.833 19853
382.846 20018
382.860 20274
382.873 20280
382.887 20375
382.900 20620
382.914 20796
382.928 21104
382.941 21243
382.955 21422
382.968 21504
382.982 21825
382.995 21978
383.009 22083
383.022 22092
383.036 22235
383.049 22397
383.063 22524
383.076 22739
383.090 22965
383.103 22605
383.117 22889
383.130 23015
383.144 23220
383.158 23320
383.171 23598
383.185 23539
383.198 24069
383.212 24419
383.225 24410
383.239 24943
383.252 25161
383.266 25112
383.279 25427
383.293 25285
383.306 25771
383.320 25913
383.333 26516
383.347 26664
383.360 26437
383.374 26551
383.387 26723
383.401 26930
383.414 26796
383.428 26633
383.441 26741
383.455 26550
383.468 26694
383.482 27135
383.496 27754
383.509 27781
383.523 27649
383.536 27709
383.550 27727
383.563 28006
383.577 28138
383.590 28461
383.604 28635
383.617 28173
383.631 28076
383.644 27737
383.658 27574
383.671 27716
383.685 27956
383.698 28108
383.712 28361
383.725 28323
383.739 27896
383.752 27955
383.766 27949
383.779 27843
383.793 27977
383.806 28189
383.820 28675
383.833 28487
383.847 28481
383.860 28710
383.874 28687
383.887 27941
383.901 27872
383.914 28217
383.928 28373
383.941 28213
383.955 27788
383.968 27472
383.982 27481
383.995 27473
384.009 27415
384.022 27396
384.036 27132
384.049 27146
384.063 27207
384.076 27733
384.090 27781
384.103 28121
384.117 28112
384.130 27504
384.144 26660
384.157 26179
384.171 25836
384.184 25898
384.198 25669
384.211 25375
384.225 25235
384.238 25436
384.252 25208
384.265 25087
384.279 24820
384.292 24429
384.306 24196
384.319 23680
384.333 23191
384.346 22711
384.360 22409
384.373 21704
384.387 21530
384.400 21165
384.414 20975
384.427 20450
384.441 20194
384.454 19608
384.468 19078
384.481 18628
384.495 18379
384.508 17842
384.522 17552
384.535 17050
384.549 16610
384.562 16171
384.575 15697
384.589 15649
384.602 15365
384.616 15083
384.629 14687
384.643 14204
384.656 13805
384.670 13264
384.683 12801
384.697 12276
384.710 12086
384.724 11792
384.737 11219
384.751 10989
384.764 10686
384.778 10437
384.791 10267
384.805 9829
384.818 9507
384.832 9322
384.845 9002
384.859 8733
384.872 8375
384.885 8232
384.899 7968
384.912 7654
384.926 7559
384.939 7298
384.953 7108
384.966 6928
384.980 6856
384.993 6668
385.007 6624
385.020 6397
385.034 6198
385.047 6121
385.061 5910
385.074 5830
385.088 5671
385.101 5623
385.114 5520
385.128 5430
385.141 5312
385.155 5282
385.168 5287
385.182 5265
385.195 5159
385.209 5081
385.222 4925
385.236 4840
385.249 4736
385.263 4690
385.276 4620
385.290 4542
385.303 4474
385.316 4406
385.330 4334
385.343 4292
385.357 4232
385.370 4144
385.384 4090
385.397 3962
385.411 3980
385.424 3975
385.438 3926
385.451 3848
385.464 3838
385.478 3865
385.491 3743
385.505 3710
385.518 3707
385.532 3668
385.545 3608
385.559 3518
385.572 3550
385.586 3566
385.599 3521
385.612 3574
385.626 3488
385.639 3468
385.653 3476
385.666 3456
385.680 3348
385.693 3415
385.707 3323
385.720 3312
385.734 3296
385.747 3301
385.760 3264
385.774 3177
385.787 3205
385.801 3118
385.814 3045
385.828 3018
385.841 3023
385.855 3005
385.868 2951
385.881 2927
385.895 2819
385.908 2908
385.922 2926
385.935 2812
385.949 2831
385.962 2779
385.976 2817
385.989 2806
386.002 2799
386.016 2807
386.029 2757
386.043 2702
386.056 2774
386.070 2709
386.083 2668
386.097 2658
386.110 2650
386.123 2657
386.137 2645
386.150 2613
386.164 2590
386.177 2580
386.191 2589
386.204 2515
386.217 2507
386.231 2548
386.244 2530
386.258 2542
386.271 2515
386.285 2498
386.298 2471
386.311 2479
386.325 2468
386.338 2419
386.352 2394
386.365 2381
386.379 2390
386.392 2373
386.405 2310
386.419 2356
386.432 2309
386.446 2338
386.459 2358
386.473 2325
386.486 2305
386.499 2254
386.513 2246
386.526 2247
386.540 2237
386.553 2212
386.567 2209
386.580 2272
386.593 2258
386.607 2274
386.620 2259
386.634 2239
386.647 2246
386.661 2205
386.674 2137
386.687 2154
386.701 2138
386.714 2076
386.728 2092
386.741 2080
386.754 2083
386.768 2087
386.781 2109
386.795 2050
386.808 1982
386.822 2001
386.835 1993
386.848 2000
386.862 1963
386.875 1964
386.889 1982
386.902 1918
386.915 1943
386.929 1927
386.942 1969
386.956 1955
386.969 1903
386.983 1878
386.996 1906
387.009 1864
387.023 1879
387.036 1865
387.050 1865
387.063 1836
387.076 1839
387.090 1829
387.103 1867
387.117 1838
387.130 1842
387.143 1868
387.157 1855
387.170 1824
387.184 1784
387.197 1755
387.210 1771
387.224 1787
387.237 1748
387.251 1735
387.264 1676
387.278 1717
387.291 1720
387.304 1694
387.318 1680
387.331 1673
387.345 1714
387.358 1673
387.371 1651
387.385 1635
387.398 1623
387.412 1586
387.425 1599
387.438 1580
387.452 1600
387.465 1568
387.478 1583
387.492 1563
387.505 1548
387.519 1538
387.532 1558
387.545 1587
387.559 1570
387.572 1609
387.586 1538
387.599 1534
387.612 1526
387.626 1508
387.639 1557
387.653 1514
387.666 1470
387.679 1462
387.693 1471
387.706 1437
387.720 1451
387.733 1477
387.746 1480
387.760 1439
387.773 1449
387.787 1461
387.800 1451
387.813 1429
387.827 1397
387.840 1426
387.853 1377
387.867 1383
387.880 1388
387.894 1396
387.907 1388
387.920 1341
387.934 1338
387.947 1357
387.961 1369
387.974 1359
387.987 1297
388.001 1311
388.014 1335
388.027 1313
388.041 1320
388.054 1285
388.068 1317
388.081 1302
388.094 1289
388.108 1286
388.121 1283
388.134 1288
388.148 1268
388.161 1262
388.175 1260
388.188 1257
388.201 1259
388.215 1254
388.228 1240
388.241 1232
388.255 1222
388.268 1245
388.282 1269
388.295 1206
388.308 1227
388.322 1218
388.335 1233
388.348 1213
388.362 1217
388.375 1200
388.389 1214
388.402 1235
388.415 1188
388.429 1244
388.442 1245
388.455 1199
388.469 1219
388.482 1216
388.495 1215
388.509 1216
388.522 1206
388.536 1209
388.549 1210
388.562 1177
388.576 1161
388.589 1183
388.602 1186
388.616 1159
388.629 1171
388.642 1160
388.656 1193
388.669 1188
388.683 1171
388.696 1180
388.709 1171
388.723 1162
388.736 1171
388.749 1178
388.763 1175
388.776 1179
388.789 1158
388.803 1159
388.816 1154
388.829 1153
388.843 1128
388.856 1134
388.870 1124
388.883 1133
388.896 1126
388.910 1141
388.923 1136
388.936 1172
388.950 1137
388.963 1142
388.976 1117
388.990 1155
389.003 1145
389.016 1143
389.030 1125
389.043 1157
389.056 1119
389.070 1146
389.083 1145
389.097 1118
389.110 1114
389.123 1104
389.137 1108
389.150 1111
389.163 1135
389.177 1106
389.190 1118
389.203 1097
389.217 1113
389.230 1096
389.243 1100
389.257 1106
389.270 1099
389.283 1098
389.297 1119
389.310 1108
389.323 1081
389.337 1080
389.350 1099
389.363 1104
389.377 1069
389.390 1092
389.403 1074
389.417 1051
389.430 1075
389.443 1056
389.457 1066
389.470 1081
389.483 1081
389.497 1100
389.510 1087
389.523 1083
389.537 1082
389.550 1050
389.563 1082
389.577 1049
389.590 1022
389.603 1042
389.617 1038
389.630 1030
389.643 1048
389.657 1035
389.670 1032
389.683 1049
389.697 1030
389.710 1043
389.723 1049
389.737 1054
389.750 1056
389.763 1033
389.777 1029
389.790 1031
389.803 1008
389.817 1027
389.830 1037
389.843 1030
389.857 1013
389.870 1005
389.883 997
389.897 994
389.910 996
389.923 992
389.937 1003
389.950 1005
389.963 1008
389.977 1001
389.990 978
390.003 1008
390.017 986
390.030 1019
390.043 960
390.057 956
390.070 955
390.083 961
390.096 960
390.110 957
390.123 943
390.136 959
390.150 941
390.163 936
390.176 942
390.190 937
390.203 929
390.216 937
390.230 912
390.243 934
390.256 935
390.270 911
390.283 912
390.296 930
390.310 891
390.323 901
390.336 912
390.349 904
390.363 893
390.376 893
390.389 905
390.403 900
390.416 891
390.429 892
390.443 882
390.456 886
390.469 880
390.483 867
390.496 876
390.509 866
390.522 869
390.536 855
390.549 859
390.562 855
390.576 847
390.589 862
390.602 840
390.616 846
390.629 845
390.642 835
390.655 830
390.669 843
390.682 839
390.695 826
390.709 835
390.722 825
390.735 829
390.749 819
390.762 831
390.775 820
390.788 795
390.802 813
390.815 801
390.828 813
390.842 800
390.855 806
390.868 797
390.882 802
390.895 797
390.908 794
390.921 782
390.935 799
390.948 797
390.961 771
390.975 786
390.988 777
391.001 790
391.014 792
391.028 776
391.041 777
391.054 788
391.068 760
391.081 775
391.094 767
391.107 774
391.121 767
391.134 758
391.147 775
391.161 757
391.174 751
391.187 762
391.200 766
391.214 753
391.227 756
391.240 771
391.254 747
391.267 765
391.280 749
391.293 762
391.307 743
391.320 750
391.333 745
391.347 726
391.360 734
391.373 749
391.386 743
391.400 747
391.413 744
391.426 747
391.440 737
391.453 739
391.466 739
391.479 726
391.493 741
391.506 734
391.519 750
391.532 724
391.546 731
391.559 739
391.572 728
391.586 728
391.599 732
391.612 737
391.625 742
391.639 734
391.652 731
391.665 723
391.678 724
391.692 735
391.705 727
391.718 735
391.732 735
391.745 708
391.758 732
391.771 724
391.785 713
391.798 729
391.811 720
391.824 718
391.838 719
391.851 717
391.864 713
391.877 715
391.891 718
391.904 712
391.917 713
391.931 728
391.944 726
391.957 716
391.970 714
391.984 706
391.997 715
392.010 717
392.023 706
392.037 716
392.050 716
392.063 707
392.076 704
392.090 713
392.103 707
392.116 710
392.129 698
392.143 693
392.156 723
392.169 714
392.182 714
392.196 698
392.209 696
392.222 709
392.235 718
392.249 692
392.262 698
392.275 712
392.288 703
392.302 705
392.315 704
392.328 719
392.341 715
392.355 706
392.368 708
392.381 714
392.394 704
392.408 704
392.421 695
392.434 702
392.447 705
392.461 697
392.474 695
392.487 708
392.500 697
392.514 698
392.527 695
392.540 695
392.553 700
392.567 709
392.580 694
392.593 696
392.606 693
392.620 707
392.633 703
392.646 698
392.659 703
392.673 691
392.686 690
392.699 690
392.712 699
392.726 688
392.739 698
392.752 694
392.765 687
392.778 685
392.792 683
392.805 696
392.818 694
392.831 710
392.845 700
392.858 690
392.871 675
392.884 706
392.898 702
392.911 689
392.924 703
392.937 685
392.951 707
392.964 694
392.977 689
392.990 684
393.003 700
393.017 698
393.030 697
393.043 695
393.056 705
393.070 690
393.083 682
393.096 686
393.109 693
393.122 692
393.136 686
393.149 690
393.162 683
393.175 694
393.189 685
393.202 680
393.215 687
393.228 688
393.242 679
393.255 673
393.268 685
393.281 678
393.294 679
393.308 687
393.321 683
393.334 700
393.347 692
393.360 688
393.374 686
393.387 686
393.400 681
393.413 679
393.427 675
393.440 697
393.453 681
393.466 674
393.479 675
393.493 685
393.506 675
393.519 680
393.532 679
393.546 677
393.559 695
393.572 688
393.585 678
393.598 675
393.612 677
393.625 681
393.638 684
393.651 686
393.664 683
393.678 690
393.691 674
393.704 678
393.717 681
393.730 680
393.744 680
393.757 691
393.770 685
393.783 678
393.796 670
393.810 677
393.823 683
393.836 681
393.849 676
393.863 684
393.876 672
393.889 679
393.902 678
393.915 672
393.929 674
