375.891 837
375.905 831
375.919 829
375.933 837
375.946 847
375.960 833
375.974 849
375.987 860
376.001 839
376.015 863
376.029 843
376.042 860
376.056 867
376.070 883
376.084 854
376.097 874
376.111 887
376.125 893
376.139 878
376.152 903
376.166 883
376.180 896
376.193 906
376.207 900
376.221 884
376.235 893
376.248 910
376.262 914
376.276 915
376.290 928
376.303 933
376.317 917
376.331 919
376.345 929
376.358 949
376.372 945
376.386 938
376.399 947
376.413 958
376.427 952
376.441 976
376.454 967
376.468 981
376.482 978
376.495 979
376.509 986
376.523 994
376.537 1022
376.550 1018
376.564 1009
376.578 1012
376.592 1031
376.605 1051
376.619 1024
376.633 1032
376.646 1011
376.660 1042
376.674 1012
376.688 1033
376.701 1033
376.715 1070
376.729 1067
376.742 1046
376.756 1059
376.770 1056
376.784 1088
376.797 1077
376.811 1093
376.825 1118
376.838 1112
376.852 1128
376.866 1139
376.880 1121
376.893 1112
376.907 1147
376.921 1129
376.934 1122
376.948 1160
376.962 1176
376.976 1148
376.989 1140
377.003 1164
377.017 1184
377.030 1209
377.044 1194
377.058 1203
377.071 1229
377.085 1228
377.099 1218
377.113 1234
377.126 1220
377.140 1204
377.154 1236
377.167 1272
377.181 1242
377.195 1246
377.208 1251
377.222 1278
377.236 1276
377.250 1279
377.263 1301
377.277 1314
377.291 1300
377.304 1322
377.318 1312
377.332 1339
377.345 1316
377.359 1345
377.373 1306
377.387 1360
377.400 1364
377.414 1372
377.428 1348
377.441 1344
377.455 1364
377.469 1358
377.482 1350
377.496 1397
377.510 1395
377.524 1419
377.537 1434
377.551 1425
377.565 1407
377.578 1436
377.592 1464
377.606 1422
377.619 1442
377.633 1418
377.647 1429
377.660 1428
377.674 1460
377.688 1460
377.701 1473
377.715 1456
377.729 1467
377.743 1467
377.756 1504
377.770 1476
377.784 1468
377.797 1463
377.811 1474
377.825 1481
377.838 1490
377.852 1441
377.866 1513
377.879 1536
377.893 1548
377.907 1542
377.920 1557
377.934 1527
377.948 1492
377.961 1505
377.975 1544
377.989 1538
378.002 1545
378.016 1531
378.030 1548
378.044 1535
378.057 1559
378.071 1587
378.085 1573
378.098 1559
378.112 1551
378.126 1585
378.139 1561
378.153 1571
378.167 1560
378.180 1555
378.194 1567
378.208 1591
378.221 1589
378.235 1602
378.249 1609
378.262 1591
378.276 1572
378.290 1626
378.303 1626
378.317 1598
378.331 1625
378.344 1600
378.358 1645
378.372 1677
378.385 1662
378.399 1624
378.413 1660
378.426 1628
378.440 1678
378.454 1706
378.467 1674
378.481 1666
378.495 1624
378.508 1654
378.522 1636
378.536 1634
378.549 1635
378.563 1675
378.577 1698
378.590 1683
378.604 1693
378.618 1747
378.631 1740
378.645 1688
378.659 1716
378.672 1711
378.686 1785
378.700 1816
378.713 1781
378.727 1816
378.740 1812
378.754 1769
378.768 1827
378.781 1780
378.795 1789
378.809 1836
378.822 1837
378.836 1812
378.850 1769
378.863 1799
378.877 1800
378.891 1810
378.904 1858
378.918 1854
378.932 1837
378.945 1820
378.959 1799
378.973 1829
378.986 1850
379.000 1859
379.014 1847
379.027 1837
379.041 1855
379.054 1867
379.068 1842
379.082 1856
379.095 1875
379.109 1860
379.123 1907
379.136 1902
379.150 1913
379.164 1932
379.177 1930
379.191 1962
379.205 1955
379.218 1973
379.232 1907
379.245 2032
379.259 1979
379.273 1986
379.286 2028
379.300 2018
379.314 2023
379.327 2011
379.341 2037
379.355 2022
379.368 2051
379.382 2093
379.396 2119
379.409 2114
379.423 2144
379.436 2170
379.450 2175
379.464 2141
379.477 2173
379.491 2167
379.505 2188
379.518 2242
379.532 2199
379.546 2299
379.559 2289
379.573 2274
379.586 2313
379.600 2306
379.614 2367
379.627 2386
379.641 2399
379.655 2367
379.668 2401
379.682 2421
379.695 2465
379.709 2475
379.723 2471
379.736 2549
379.750 2582
379.764 2612
379.777 2673
379.791 2619
379.804 2724
379.818 2752
379.832 2679
379.845 2686
379.859 2684
379.873 2725
379.886 2779
379.900 2793
379.913 2834
379.927 2888
379.941 2917
379.954 2969
379.968 2984
379.982 2979
379.995 2974
380.009 3027
380.022 3053
380.036 3088
380.050 3153
380.063 3180
380.077 3382
380.090 3404
380.104 3436
380.118 3379
380.131 3529
380.145 3529
380.159 3563
380.172 3645
380.186 3650
380.199 3759
380.213 3787
380.227 3819
380.240 3935
380.254 3935
380.267 3889
380.281 3926
380.295 3968
380.308 4104
380.322 4112
380.336 4208
380.349 4252
380.363 4359
380.376 4330
380.390 4404
380.404 4528
380.417 4539
380.431 4574
380.444 4606
380.458 4757
380.472 4698
380.485 4836
380.499 4903
380.512 4930
380.526 5051
380.540 5091
380.553 5172
380.567 5129
380.580 5186
380.594 5357
380.608 5513
380.621 5462
380.635 5696
380.648 5773
380.662 5706
380.676 5824
380.689 5885
380.703 5939
380.716 5948
380.730 6089
380.744 6156
380.757 6352
380.771 6526
380.784 6627
380.798 6596
380.812 6670
380.825 6807
380.839 6786
380.852 7090
380.866 7139
380.880 7255
380.893 7260
380.907 7233
380.920 7252
380.934 7466
380.948 7464
380.961 7550
380.975 7794
380.988 7793
381.002 7735
381.015 7825
381.029 7886
381.043 8052
381.056 8286
381.070 8106
381.083 8256
381.097 8392
381.111 8554
381.124 8589
381.138 8858
381.151 8744
381.165 8886
381.179 8998
381.192 8999
381.206 8945
381.219 9093
381.233 9176
381.246 9146
381.260 9287
381.274 9460
381.287 9511
381.301 9525
381.314 9672
381.328 9706
381.341 9760
381.355 9864
381.369 9959
381.382 10012
381.396 10093
381.409 10145
381.423 10412
381.437 10606
381.450 10527
381.464 10743
381.477 10878
381.491 11001
381.504 11083
381.518 10887
381.532 11056
381.545 11354
381.559 11661
381.572 11591
381.586 11693
381.599 11700
381.613 11912
381.627 12016
381.640 11974
381.654 12065
381.667 12280
381.681 12168
381.694 12134
381.708 12022
381.722 11974
381.735 12006
381.749 12195
381.762 12213
381.776 12251
381.789 12298
381.803 12449
381.817 12615
381.830 12524
381.844 12660
381.857 12735
381.871 12875
381.884 13008
381.898 12978
381.911 12999
381.925 13127
381.939 13415
381.952 13404
381.966 13414
381.979 13548
381.993 13712
382.006 13906
382.020 13985
382.034 14088
382.047 14112
382.061 14059
382.074 13939
382.088 14077
382.101 13932
382.115 14307
382.128 14295
382.142 14657
382.156 15158
382.169 15158
382.183 15192
382.196 15204
382.210 15200
382.223 15222
382.237 15330
382.250 15425
382.264 15571
382.278 15721
382.291 15998
382.305 15940
382.318 16258
382.332 16412
382.345 15807
382.359 15897
382.372 15900
382.386 16034
382.399 16238
382.413 16235
382.427 16253
382.440 16568
382.454 16583
382.467 16587
382.481 17124
382.494 17454
382.508 17642
382.521 17886
382.535 17889
382.548 17694
382.562 17817
382.576 17917
382.589 17973
382.603 18006
382.616 18166
382.630 18436
382.643 18580
382.657 18931
382.670 18980
382.684 19165
382.697 18972
382.711 18880
382.724 19294
382.738 19319
382.752 19350
382.765 19565
382.779 19803
382.792 20034
382.806 19856
382.819 20146
382.833 20378
382.846 20436
382.860 20602
382.873 20603
382.887 20917
382.900 21068
382.914 21304
382.928 21724
382.941 21797
382.955 21866
382.968 22118
382.982 22607
382.995 22459
383.009 22693
383.022 22669
383.036 22848
383.049 22923
383.063 23241
383.076 23300
383.090 23254
383.103 23486
383.117 23647
383.130 23892
383.144 24079
383.158 24193
383.171 24263
383.185 24401
383.198 24789
383.212 25112
383.225 25389
383.239 25891
383.252 26235
383.266 26338
383.279 26335
383.293 26402
383.306 26284
383.320 26795
383.333 27539
383.347 27690
383.360 27681
383.374 27423
383.387 27708
383.401 27925
383.414 27788
383.428 27872
383.441 27969
383.455 27875
383.468 27960
383.482 28191
383.496 28894
383.509 29073
383.523 29038
383.536 28973
383.550 28784
383.563 29261
383.577 29264
383.590 29620
383.604 29837
383.617 29711
383.631 29518
383.644 29258
383.658 29292
383.671 29409
383.685 29496
383.698 29859
383.712 30049
383.725 29915
383.739 29916
383.752 29755
383.766 29310
383.779 29642
383.793 29954
383.806 29946
383.820 30372
383.833 30268
383.847 30276
383.860 30594
383.874 30454
383.887 29865
383.901 29633
383.914 30210
383.928 30246
383.941 30004
383.955 29911
383.968 29516
383.982 29489
383.995 29507
384.009 29474
384.022 29516
384.036 29266
384.049 29311
384.063 29461
384.076 29828
384.090 30350
384.103 30252
384.117 30406
384.130 29981
384.144 29085
384.157 28774
384.171 28199
384.184 28264
384.198 27861
384.211 28017
384.225 27748
384.238 28160
384.252 28145
384.265 27811
384.279 27540
384.292 27502
384.306 26978
384.319 26530
384.333 25929
384.346 25350
384.360 25302
384.373 24712
384.387 24335
384.400 23992
384.414 23611
384.427 23262
384.441 22829
384.454 22377
384.468 22037
384.481 21369
384.495 21218
384.508 20806
384.522 20145
384.535 19737
384.549 19392
384.562 18854
384.575 18387
384.589 18181
384.602 18120
384.616 17867
384.629 17392
384.643 16568
384.656 16247
384.670 15801
384.683 15041
384.697 14738
384.710 14148
384.724 13678
384.737 13405
384.751 13051
384.764 12837
384.778 12281
384.791 11928
384.805 11697
384.818 11208
384.832 10915
384.845 10661
384.859 10278
384.872 9993
384.885 9497
384.899 9246
384.912 9130
384.926 8630
384.939 8492
384.953 8282
384.966 8001
384.980 7879
384.993 7722
385.007 7494
385.020 7381
385.034 7074
385.047 6845
385.061 6658
385.074 6591
385.088 6506
385.101 6244
385.114 6191
385.128 6118
385.141 5943
385.155 5754
385.168 5820
385.182 5870
385.195 5710
385.209 5612
385.222 5497
385.236 5378
385.249 5182
385.263 5080
385.276 5049
385.290 4969
385.303 4913
385.316 4857
385.330 4771
385.343 4692
385.357 4753
385.370 4597
385.384 4456
385.397 4411
385.411 4384
385.424 4303
385.438 4297
385.451 4262
385.464 4214
385.478 4221
385.491 4069
385.505 4097
385.518 4103
385.532 3998
385.545 3938
385.559 3841
385.572 3807
385.586 3872
385.599 3846
385.612 3810
385.626 3750
385.639 3740
385.653 3745
385.666 3755
385.680 3672
385.693 3594
385.707 3618
385.720 3567
385.734 3523
385.747 3463
385.760 3371
385.774 3445
385.787 3353
385.801 3379
385.814 3210
385.828 3217
385.841 3209
385.855 3139
385.868 3104
385.881 3133
385.895 3127
385.908 3135
385.922 3076
385.935 3098
385.949 2989
385.962 3059
385.976 3028
385.989 2986
386.002 3051
386.016 2978
386.029 2923
386.043 2898
386.056 2921
386.070 2931
386.083 2864
386.097 2873
386.110 2853
386.123 2879
386.137 2885
386.150 2836
386.164 2795
386.177 2732
386.191 2759
386.204 2676
386.217 2689
386.231 2716
386.244 2702
386.258 2742
386.271 2684
386.285 2678
386.298 2694
386.311 2660
386.325 2617
386.338 2524
386.352 2515
386.365 2546
386.379 2603
386.392 2505
386.405 2507
386.419 2520
386.432 2497
386.446 2546
386.459 2468
386.473 2482
386.486 2446
386.499 2427
386.513 2444
386.526 2407
386.540 2388
386.553 2399
386.567 2402
386.580 2396
386.593 2403
386.607 2401
386.620 2369
386.634 2359
386.647 2349
386.661 2325
386.674 2342
386.687 2222
386.701 2295
386.714 2262
386.728 2266
386.741 2258
386.754 2276
386.768 2246
386.781 2263
386.795 2207
386.808 2173
386.822 2118
386.835 2147
386.848 2135
386.862 2108
386.875 2120
386.889 2114
386.902 2098
386.915 2072
386.929 2087
386.942 2054
386.956 2068
386.969 2056
386.983 2007
386.996 2039
387.009 2036
387.023 2032
387.036 1988
387.050 2015
387.063 2022
387.076 2001
387.090 1979
387.103 1973
387.117 1870
387.130 1912
387.143 1955
387.157 1931
387.170 1969
387.184 1885
387.197 1910
387.210 1926
387.224 1893
387.237 1836
387.251 1823
387.264 1827
387.278 1813
387.291 1818
387.304 1843
387.318 1789
387.331 1818
387.345 1798
387.358 1779
387.371 1773
387.385 1748
387.398 1762
387.412 1723
387.425 1707
387.438 1655
387.452 1730
387.465 1680
387.478 1678
387.492 1655
387.505 1639
387.519 1621
387.532 1673
387.545 1664
387.559 1685
387.572 1653
387.586 1662
387.599 1613
387.612 1626
387.626 1649
387.639 1616
387.653 1638
387.666 1528
387.679 1553
387.693 1545
387.706 1533
387.720 1543
387.733 1497
387.746 1564
387.760 1515
387.773 1525
387.787 1508
387.800 1531
387.813 1519
387.827 1451
387.840 1463
387.853 1457
387.867 1444
387.880 1483
387.894 1453
387.907 1426
387.920 1455
387.934 1458
387.947 1427
387.961 1392
387.974 1431
387.987 1420
388.001 1372
388.014 1381
388.027 1362
388.041 1394
388.054 1383
388.068 1353
388.081 1341
388.094 1361
388.108 1358
388.121 1330
388.134 1315
388.148 1312
388.161 1329
388.175 1300
388.188 1276
388.201 1299
388.215 1300
388.228 1301
388.241 1270
388.255 1275
388.268 1255
388.282 1263
388.295 1294
388.308 1253
388.322 1290
388.335 1279
388.348 1268
388.362 1233
388.375 1231
388.389 1267
388.402 1232
388.415 1271
388.429 1284
388.442 1228
388.455 1263
388.469 1266
388.482 1255
388.495 1269
388.509 1231
388.522 1279
388.536 1266
388.549 1187
388.562 1224
388.576 1212
388.589 1228
388.602 1213
388.616 1250
388.629 1187
388.642 1228
388.656 1229
388.669 1236
388.683 1226
388.696 1232
388.709 1228
388.723 1232
388.736 1246
388.749 1202
388.763 1220
388.776 1206
388.789 1200
388.803 1181
388.816 1193
388.829 1191
388.843 1180
388.856 1212
388.870 1193
388.883 1179
388.896 1163
388.910 1186
388.923 1196
388.936 1168
388.950 1193
388.963 1187
388.976 1183
388.990 1183
389.003 1179
389.016 1198
389.030 1177
389.043 1173
389.056 1184
389.070 1208
389.083 1155
389.097 1165
389.110 1150
389.123 1162
389.137 1152
389.150 1163
389.163 1121
389.177 1152
389.190 1155
389.203 1167
389.217 1149
389.230 1138
389.243 1127
389.257 1126
389.270 1149
389.283 1140
389.297 1135
389.310 1145
389.323 1134
389.337 1116
389.350 1127
389.363 1146
389.377 1131
389.390 1137
389.403 1133
389.417 1134
389.430 1117
389.443 1103
389.457 1117
389.470 1138
389.483 1115
389.497 1127
389.510 1132
389.523 1108
389.537 1139
389.550 1074
389.563 1124
389.577 1086
389.590 1096
389.603 1097
389.617 1092
389.630 1090
389.643 1093
389.657 1106
389.670 1059
389.683 1094
389.697 1059
389.710 1071
389.723 1096
389.737 1079
389.750 1102
389.763 1059
389.777 1103
389.790 1062
389.803 1062
389.817 1060
389.830 1043
389.843 1054
389.857 1051
389.870 1044
389.883 1027
389.897 1018
389.910 1042
389.923 1044
389.937 1039
389.950 1046
389.963 1037
389.977 1049
389.990 1036
390.003 1028
390.017 1034
390.030 1015
390.043 1014
390.057 996
390.070 1013
390.083 996
390.096 997
390.110 1005
390.123 984
390.136 976
390.150 989
390.163 983
390.176 974
390.190 991
390.203 977
390.216 969
390.230 956
390.243 958
390.256 940
390.270 955
390.283 941
390.296 956
390.310 948
390.323 949
390.336 949
390.349 930
390.363 953
390.376 945
390.389 934
390.403 925
390.416 931
390.429 920
390.443 918
390.456 924
390.469 902
390.483 894
390.496 890
390.509 896
390.522 887
390.536 894
390.549 897
390.562 878
390.576 890
390.589 888
390.602 890
390.616 884
390.629 850
390.642 864
390.655 871
390.669 863
390.682 868
390.695 846
390.709 877
390.722 860
390.735 850
390.749 844
390.762 838
390.775 851
390.788 842
390.802 838
390.815 819
390.828 830
390.842 840
390.855 817
390.868 824
390.882 831
390.895 827
390.908 825
390.921 814
390.935 806
390.948 824
390.961 796
390.975 797
390.988 813
391.001 810
391.014 805
391.028 798
391.041 792
391.054 798
391.068 799
391.081 773
391.094 804
391.107 757
391.121 780
391.134 789
391.147 793
391.161 787
391.174 774
391.187 774
391.200 779
391.214 782
391.227 760
391.240 763
391.254 758
391.267 775
391.280 764
391.293 762
391.307 759
391.320 769
391.333 765
391.347 746
391.360 761
391.373 772
391.386 763
391.400 745
391.413 756
391.426 756
391.440 751
391.453 752
391.466 741
391.479 747
391.493 750
391.506 751
391.519 747
391.532 749
391.546 749
391.559 741
391.572 754
391.586 733
391.599 750
391.612 727
391.625 741
391.639 745
391.652 743
391.665 752
391.678 738
391.692 736
391.705 734
391.718 744
391.732 741
391.745 730
391.758 723
391.771 733
391.785 754
391.798 740
391.811 731
391.824 740
391.838 728
391.851 726
391.864 722
391.877 725
391.891 724
391.904 727
391.917 720
391.931 717
391.944 719
391.957 722
391.970 721
391.984 730
391.997 721
392.010 727
392.023 708
392.037 718
392.050 715
392.063 720
392.076 713
392.090 730
392.103 724
392.116 711
392.129 722
392.143 721
392.156 733
392.169 717
392.182 722
392.196 725
392.209 714
392.222 718
392.235 708
392.249 704
392.262 707
392.275 728
392.288 710
392.302 709
392.315 710
392.328 708
392.341 703
392.355 706
392.368 704
392.381 703
392.394 726
392.408 716
392.421 714
392.434 714
392.447 718
392.461 717
392.474 718
392.487 710
392.500 707
392.514 712
392.527 706
392.540 700
392.553 704
392.567 719
392.580 706
392.593 698
392.606 701
392.620 699
392.633 700
392.646 713
392.659 700
392.673 706
392.686 709
392.699 709
392.712 704
392.726 704
392.739 706
392.752 712
392.765 692
392.778 707
392.792 717
392.805 704
392.818 695
392.831 709
392.845 704
392.858 698
392.871 704
392.884 700
392.898 704
392.911 706
392.924 699
392.937 700
392.951 721
392.964 712
392.977 706
392.990 702
393.003 697
393.017 702
393.030 704
393.043 706
393.056 709
393.070 705
393.083 699
393.096 704
393.109 704
393.122 707
393.136 694
393.149 706
393.162 686
393.175 705
393.189 694
393.202 689
393.215 692
393.228 692
393.242 682
393.255 702
393.268 683
393.281 694
393.294 701
393.308 689
393.321 682
393.334 697
393.347 679
393.360 676
393.374 694
393.387 689
393.400 683
393.413 698
393.427 687
393.440 684
393.453 682
393.466 708
393.479 683
393.493 681
393.506 688
393.519 698
393.532 687
393.546 685
393.559 680
393.572 689
393.585 686
393.598 690
393.612 680
393.625 696
393.638 708
393.651 695
393.664 683
393.678 699
393.691 697
393.704 679
393.717 698
393.730 678
393.744 687
393.757 691
393.770 682
393.783 696
393.796 685
393.810 683
393.823 678
393.836 683
393.849 670
393.863 688
393.876 676
393.889 684
393.902 677
393.915 688
393.929 686
