375.891 828
375.905 846
375.919 823
375.933 849
375.946 825
375.960 839
375.974 843
375.987 848
376.001 869
376.015 861
376.029 873
376.042 881
376.056 867
376.070 874
376.084 873
376.097 892
376.111 888
376.125 904
376.139 885
376.152 888
376.166 875
376.180 882
376.193 903
376.207 899
376.221 883
376.235 902
376.248 908
376.262 907
376.276 912
376.290 943
376.303 915
376.317 936
376.331 928
376.345 940
376.358 941
376.372 954
376.386 961
376.399 978
376.413 968
376.427 985
376.441 981
376.454 974
376.468 982
376.482 987
376.495 966
376.509 970
376.523 1003
376.537 986
376.550 1015
376.564 1029
376.578 1026
376.592 1030
376.605 1027
376.619 1019
376.633 1023
376.646 1005
376.660 1020
376.674 1031
376.688 1029
376.701 1022
376.715 1059
376.729 1043
376.742 1061
376.756 1077
376.770 1084
376.784 1058
376.797 1088
376.811 1119
376.825 1100
376.838 1132
376.852 1124
376.866 1117
376.880 1143
376.893 1120
376.907 1120
376.921 1142
376.934 1141
376.948 1167
376.962 1174
376.976 1156
376.989 1187
377.003 1165
377.017 1186
377.030 1186
377.044 1225
377.058 1235
377.071 1214
377.085 1223
377.099 1212
377.113 1210
377.126 1239
377.140 1232
377.154 1247
377.167 1257
377.181 1248
377.195 1250
377.208 1265
377.222 1268
377.236 1250
377.250 1275
377.263 1272
377.277 1313
377.291 1316
377.304 1339
377.318 1305
377.332 1334
377.345 1327
377.359 1342
377.373 1310
377.387 1327
377.400 1355
377.414 1324
377.428 1366
377.441 1353
377.455 1367
377.469 1351
377.482 1395
377.496 1388
377.510 1381
377.524 1429
377.537 1430
377.551 1428
377.565 1442
377.578 1425
377.592 1447
377.606 1408
377.619 1429
377.633 1427
377.647 1428
377.660 1440
377.674 1439
377.688 1445
377.701 1436
377.715 1466
377.729 1469
377.743 1488
377.756 1477
377.770 1448
377.784 1483
377.797 1473
377.811 1490
377.825 1477
377.838 1481
377.852 1506
377.866 1506
377.879 1491
377.893 1494
377.907 1531
377.920 1550
377.934 1488
377.948 1502
377.961 1528
377.975 1557
377.989 1532
378.002 1541
378.016 1522
378.030 1544
378.044 1517
378.057 1548
378.071 1574
378.085 1580
378.098 1573
378.112 1575
378.126 1558
378.139 1575
378.153 1593
378.167 1552
378.180 1571
378.194 1596
378.208 1624
378.221 1605
378.235 1618
378.249 1614
378.262 1588
378.276 1600
378.290 1569
378.303 1589
378.317 1629
378.331 1628
378.344 1634
378.358 1629
378.372 1647
378.385 1617
378.399 1643
378.413 1615
378.426 1657
378.440 1687
378.454 1680
378.467 1690
378.481 1677
378.495 1652
378.508 1692
378.522 1654
378.536 1677
378.549 1667
378.563 1707
378.577 1691
378.590 1717
378.604 1708
378.618 1730
378.631 1732
378.645 1772
378.659 1745
378.672 1746
378.686 1775
378.700 1836
378.713 1790
378.727 1797
378.740 1786
378.754 1813
378.768 1792
378.781 1825
378.795 1813
378.809 1836
378.822 1793
378.836 1812
378.850 1780
378.863 1812
378.877 1827
378.891 1826
378.904 1872
378.918 1838
378.932 1866
378.945 1826
378.959 1848
378.973 1838
378.986 1850
379.000 1868
379.014 1853
379.027 1851
379.041 1904
379.054 1884
379.068 1869
379.082 1873
379.095 1906
379.109 1901
379.123 1910
379.136 1907
379.150 1962
379.164 1973
379.177 1932
379.191 1940
379.205 1961
379.218 2004
379.232 1995
379.245 1981
379.259 2009
379.273 1998
379.286 1991
379.300 2058
379.314 2026
379.327 2045
379.341 2092
379.355 2100
379.368 2097
379.382 2117
379.396 2100
379.409 2153
379.423 2162
379.436 2183
379.450 2163
379.464 2190
379.477 2174
379.491 2202
379.505 2210
379.518 2250
379.532 2290
379.546 2360
379.559 2305
379.573 2287
379.586 2345
379.600 2353
379.614 2408
379.627 2446
379.641 2446
379.655 2474
379.668 2450
379.682 2437
379.695 2428
379.709 2510
379.723 2503
379.736 2568
379.750 2670
379.764 2690
379.777 2699
379.791 2762
379.804 2796
379.818 2807
379.832 2741
379.845 2721
379.859 2710
379.873 2767
379.886 2767
379.900 2829
379.913 2870
379.927 2908
379.941 2928
379.954 3061
379.968 3067
379.982 3079
379.995 3129
380.009 3151
380.022 3153
380.036 3227
380.050 3228
380.063 3323
380.077 3504
380.090 3473
380.104 3545
380.118 3556
380.131 3577
380.145 3662
380.159 3716
380.172 3736
380.186 3706
380.199 3855
380.213 3860
380.227 3993
380.240 4008
380.254 3929
380.267 4031
380.281 4054
380.295 4064
380.308 4195
380.322 4214
380.336 4339
380.349 4306
380.363 4360
380.376 4422
380.390 4425
380.404 4595
380.417 4660
380.431 4612
380.444 4694
380.458 4811
380.472 4818
380.485 4964
380.499 4916
380.512 5021
380.526 5126
380.540 5126
380.553 5216
380.567 5248
380.580 5348
380.594 5368
380.608 5600
380.621 5731
380.635 5645
380.648 5851
380.662 5872
380.676 5976
380.689 5999
380.703 6065
380.716 6192
380.730 6251
380.744 6253
380.757 6442
380.771 6592
380.784 6700
380.798 6736
380.812 6844
380.825 6824
380.839 7014
380.852 7054
380.866 7292
380.880 7373
380.893 7418
380.907 7316
380.920 7434
380.934 7583
380.948 7625
380.961 7763
380.975 7804
380.988 7921
381.002 7858
381.015 7897
381.029 8074
381.043 8072
381.056 8225
381.070 8261
381.083 8175
381.097 8316
381.111 8614
381.124 8754
381.138 8764
381.151 8819
381.165 8775
381.179 9057
381.192 8990
381.206 8869
381.219 9029
381.233 9108
381.246 9250
381.260 9237
381.274 9374
381.287 9431
381.301 9520
381.314 9641
381.328 9600
381.341 9816
381.355 9885
381.369 9971
381.382 9881
381.396 10102
381.409 10471
381.423 10492
381.437 10412
381.450 10515
381.464 10637
381.477 10885
381.491 11087
381.504 10923
381.518 11020
381.532 11151
381.545 11262
381.559 11469
381.572 11476
381.586 11709
381.599 11717
381.613 11533
381.627 11828
381.640 11938
381.654 11901
381.667 12081
381.681 12116
381.694 12166
381.708 11939
381.722 11873
381.735 11948
381.749 12047
381.762 11996
381.776 12193
381.789 12220
381.803 12206
381.817 12388
381.830 12381
381.844 12563
381.857 12765
381.871 12788
381.884 12746
381.898 12964
381.911 12887
381.925 12966
381.939 13140
381.952 13170
381.966 13152
381.979 13384
381.993 13751
382.006 13799
382.020 13959
382.034 14050
382.047 13860
382.061 13705
382.074 13981
382.088 13885
382.101 13900
382.115 14097
382.128 14081
382.142 14293
382.156 14858
382.169 15115
382.183 14990
382.196 15051
382.210 14875
382.223 15002
382.237 15132
382.250 15279
382.264 15301
382.278 15367
382.291 15594
382.305 15894
382.318 16181
382.332 16132
382.345 15762
382.359 15719
382.372 15676
382.386 15815
382.399 15865
382.413 16047
382.427 16094
382.440 16198
382.454 16313
382.467 16390
382.481 16778
382.494 17220
382.508 17391
382.521 17531
382.535 17610
382.548 17365
382.562 17322
382.576 17422
382.589 17743
382.603 17885
382.616 18067
382.630 18089
382.643 18341
382.657 18552
382.670 18648
382.684 18566
382.697 18378
382.711 18901
382.724 19124
382.738 18941
382.752 19113
382.765 19185
382.779 19162
382.792 19398
382.806 19426
382.819 19783
382.833 20105
382.846 20025
382.860 20036
382.873 20333
382.887 20450
382.900 20617
382.914 20796
382.928 21101
382.941 21338
382.955 21268
382.968 21621
382.982 22032
382.995 22107
383.009 22066
383.022 22090
383.036 22459
383.049 22422
383.063 22662
383.076 22724
383.090 22840
383.103 22856
383.117 22862
383.130 22978
383.144 23295
383.158 23568
383.171 23709
383.185 23717
383.198 24048
383.212 24158
383.225 24556
383.239 24835
383.252 25274
383.266 25373
383.279 25374
383.293 25380
383.306 25707
383.320 25908
383.333 26471
383.347 26834
383.360 26477
383.374 26567
383.387 26569
383.401 26970
383.414 26756
383.428 26873
383.441 26831
383.455 26969
383.468 26896
383.482 27029
383.496 27915
383.509 27871
383.523 27787
383.536 27742
383.550 27899
383.563 28116
383.577 28107
383.590 28409
383.604 28691
383.617 28229
383.631 28277
383.644 27973
383.658 27920
383.671 28043
383.685 28138
383.698 28324
383.712 28551
383.725 28380
383.739 28400
383.752 28124
383.766 27940
383.779 28197
383.793 28100
383.806 28500
383.820 28977
383.833 28829
383.847 28673
383.860 28817
383.874 28774
383.887 28205
383.901 28201
383.914 28443
383.928 28709
383.941 28265
383.955 28064
383.968 27719
383.982 27722
383.995 27842
384.009 27780
384.022 27675
384.036 27404
384.049 27416
384.063 27488
384.076 27854
384.090 27953
384.103 28144
384.117 28259
384.130 27713
384.144 26819
384.157 26594
384.171 26198
384.184 25888
384.198 25900
384.211 25575
384.225 25387
384.238 25596
384.252 25578
384.265 25361
384.279 25052
384.292 24747
384.306 24234
384.319 23968
384.333 23379
384.346 22975
384.360 22422
384.373 22139
384.387 21924
384.400 21349
384.414 21155
384.427 20706
384.441 20247
384.454 19758
384.468 19258
384.481 19080
384.495 18783
384.508 18230
384.522 17787
384.535 17208
384.549 16792
384.562 16452
384.575 16090
384.589 15926
384.602 15659
384.616 15561
384.629 15100
384.643 14549
384.656 14128
384.670 13749
384.683 13244
384.697 12804
384.710 12502
384.724 12115
384.737 11701
384.751 11440
384.764 11020
384.778 10829
384.791 10535
384.805 10263
384.818 9854
384.832 9521
384.845 9350
384.859 9093
384.872 8758
384.885 8438
384.899 8168
384.912 7945
384.926 7807
384.939 7490
384.953 7320
384.966 7209
384.980 7058
384.993 6958
385.007 6667
385.020 6458
385.034 6420
385.047 6207
385.061 6055
385.074 5940
385.088 5828
385.101 5668
385.114 5613
385.128 5393
385.141 5367
385.155 5335
385.168 5287
385.182 5264
385.195 5156
385.209 5096
385.222 4901
385.236 4866
385.249 4819
385.263 4703
385.276 4611
385.290 4519
385.303 4458
385.316 4364
385.330 4342
385.343 4373
385.357 4255
385.370 4205
385.384 4077
385.397 4095
385.411 4001
385.424 3946
385.438 3993
385.451 3822
385.464 3897
385.478 3844
385.491 3777
385.505 3737
385.518 3768
385.532 3695
385.545 3657
385.559 3494
385.572 3572
385.586 3525
385.599 3513
385.612 3554
385.626 3523
385.639 3453
385.653 3486
385.666 3468
385.680 3467
385.693 3386
385.707 3397
385.720 3309
385.734 3323
385.747 3191
385.760 3205
385.774 3205
385.787 3174
385.801 3132
385.814 2995
385.828 3003
385.841 3019
385.855 3002
385.868 2979
385.881 2938
385.895 2882
385.908 2991
385.922 2903
385.935 2770
385.949 2844
385.962 2834
385.976 2778
385.989 2791
386.002 2777
386.016 2825
386.029 2794
386.043 2699
386.056 2739
386.070 2669
386.083 2635
386.097 2700
386.110 2694
386.123 2635
386.137 2610
386.150 2646
386.164 2630
386.177 2613
386.191 2550
386.204 2545
386.217 2579
386.231 2537
386.244 2512
386.258 2518
386.271 2450
386.285 2528
386.298 2506
386.311 2472
386.325 2454
386.338 2380
386.352 2396
386.365 2418
386.379 2361
386.392 2352
386.405 2339
386.419 2311
386.432 2354
386.446 2347
386.459 2360
386.473 2292
386.486 2301
386.499 2266
386.513 2279
386.526 2223
386.540 2208
386.553 2238
386.567 2250
386.580 2180
386.593 2268
386.607 2296
386.620 2260
386.634 2201
386.647 2208
386.661 2191
386.674 2176
386.687 2132
386.701 2142
386.714 2133
386.728 2089
386.741 2085
386.754 2077
386.768 2115
386.781 2075
386.795 2048
386.808 2008
386.822 2013
386.835 1998
386.848 1969
386.862 2001
386.875 1983
386.889 1934
386.902 1952
386.915 1943
386.929 1962
386.942 1945
386.956 1892
386.969 1874
386.983 1894
386.996 1919
387.009 1900
387.023 1874
387.036 1873
387.050 1871
387.063 1876
387.076 1849
387.090 1846
387.103 1841
387.117 1826
387.130 1800
387.143 1843
387.157 1821
387.170 1799
387.184 1789
387.197 1798
387.210 1746
387.224 1776
387.237 1754
387.251 1734
387.264 1714
387.278 1686
387.291 1732
387.304 1709
387.318 1718
387.331 1698
387.345 1657
387.358 1689
387.371 1643
387.385 1662
387.398 1673
387.412 1620
387.425 1628
387.438 1554
387.452 1586
387.465 1522
387.478 1592
387.492 1562
387.505 1515
387.519 1558
387.532 1558
387.545 1572
387.559 1592
387.572 1575
387.586 1532
387.599 1549
387.612 1528
387.626 1564
387.639 1513
387.653 1535
387.666 1441
387.679 1451
387.693 1450
387.706 1433
387.720 1411
387.733 1443
387.746 1492
387.760 1444
387.773 1416
387.787 1443
387.800 1433
387.813 1423
387.827 1418
387.840 1375
387.853 1384
387.867 1395
387.880 1419
387.894 1415
387.907 1388
387.920 1373
387.934 1369
387.947 1343
387.961 1373
387.974 1325
387.987 1336
388.001 1312
388.014 1314
388.027 1351
388.041 1321
388.054 1289
388.068 1279
388.081 1316
388.094 1274
388.108 1279
388.121 1310
388.134 1278
388.148 1228
388.161 1234
388.175 1243
388.188 1236
388.201 1227
388.215 1220
388.228 1233
388.241 1232
388.255 1219
388.268 1207
388.282 1209
388.295 1231
388.308 1225
388.322 1187
388.335 1189
388.348 1187
388.362 1195
388.375 1195
388.389 1215
388.402 1216
388.415 1196
388.429 1208
388.442 1212
388.455 1212
388.469 1252
388.482 1213
388.495 1228
388.509 1204
388.522 1208
388.536 1216
388.549 1173
388.562 1170
388.576 1167
388.589 1181
388.602 1204
388.616 1154
388.629 1181
388.642 1172
388.656 1154
388.669 1150
388.683 1166
388.696 1200
388.709 1208
388.723 1169
388.736 1183
388.749 1177
388.763 1148
388.776 1174
388.789 1167
388.803 1161
388.816 1145
388.829 1140
388.843 1138
388.856 1137
388.870 1132
388.883 1121
388.896 1100
388.910 1144
388.923 1144
388.936 1148
388.950 1155
388.963 1154
388.976 1144
388.990 1122
389.003 1124
389.016 1138
389.030 1144
389.043 1136
389.056 1146
389.070 1111
389.083 1132
389.097 1119
389.110 1122
389.123 1111
389.137 1069
389.150 1121
389.163 1106
389.177 1102
389.190 1109
389.203 1099
389.217 1098
389.230 1106
389.243 1106
389.257 1092
389.270 1071
389.283 1083
389.297 1093
389.310 1097
389.323 1098
389.337 1096
389.350 1073
389.363 1068
389.377 1087
389.390 1098
389.403 1090
389.417 1066
389.430 1067
389.443 1059
389.457 1097
389.470 1086
389.483 1079
389.497 1093
389.510 1088
389.523 1055
389.537 1079
389.550 1076
389.563 1077
389.577 1061
389.590 1012
389.603 1060
389.617 1030
389.630 1060
389.643 1039
389.657 1033
389.670 1039
389.683 1050
389.697 1040
389.710 1037
389.723 1068
389.737 1041
389.750 1040
389.763 1029
389.777 1016
389.790 1022
389.803 1005
389.817 1009
389.830 1011
389.843 1004
389.857 996
389.870 998
389.883 1006
389.897 997
389.910 996
389.923 997
389.937 974
389.950 990
389.963 988
389.977 1002
389.990 969
390.003 990
390.017 981
390.030 991
390.043 968
390.057 973
390.070 981
390.083 956
390.096 955
390.110 973
390.123 949
390.136 952
390.150 937
390.163 932
390.176 962
390.190 940
390.203 961
390.216 935
390.230 934
390.243 913
390.256 926
390.270 918
390.283 936
390.296 919
390.310 920
390.323 907
390.336 925
390.349 892
390.363 898
390.376 916
390.389 892
390.403 894
390.416 880
390.429 882
390.443 898
390.456 896
390.469 876
390.483 879
390.496 877
390.509 864
390.522 863
390.536 864
390.549 850
390.562 848
390.576 862
390.589 846
390.602 840
390.616 864
390.629 854
390.642 832
390.655 828
390.669 831
390.682 855
390.695 832
390.709 816
390.722 831
390.735 823
390.749 818
390.762 811
390.775 816
390.788 814
390.802 818
390.815 827
390.828 792
390.842 806
390.855 805
390.868 792
390.882 802
390.895 788
390.908 782
390.921 783
390.935 816
390.948 793
390.961 781
390.975 780
390.988 765
391.001 774
391.014 781
391.028 779
391.041 795
391.054 770
391.068 772
391.081 783
391.094 780
391.107 772
391.121 775
391.134 773
391.147 771
391.161 755
391.174 756
391.187 757
391.200 760
391.214 757
391.227 748
391.240 770
391.254 755
391.267 739
391.280 748
391.293 739
391.307 750
391.320 756
391.333 750
391.347 743
391.360 747
391.373 736
391.386 740
391.400 725
391.413 738
391.426 747
391.440 740
391.453 739
391.466 738
391.479 727
391.493 731
391.506 750
391.519 731
391.532 746
391.546 738
391.559 723
391.572 728
391.586 739
391.599 733
391.612 719
391.625 745
391.639 731
391.652 740
391.665 712
391.678 722
391.692 731
391.705 731
391.718 744
391.732 712
391.745 737
391.758 727
391.771 722
391.785 728
391.798 724
391.811 719
391.824 707
391.838 725
391.851 715
391.864 718
391.877 706
391.891 718
391.904 718
391.917 721
391.931 717
391.944 713
391.957 707
391.970 725
391.984 730
391.997 711
392.010 712
392.023 712
392.037 726
392.050 727
392.063 713
392.076 714
392.090 721
392.103 720
392.116 712
392.129 711
392.143 711
392.156 721
392.169 712
392.182 715
392.196 706
392.209 719
392.222 726
392.235 712
392.249 706
392.262 707
392.275 704
392.288 701
392.302 703
392.315 702
392.328 696
392.341 702
392.355 708
392.368 719
392.381 706
392.394 690
392.408 704
392.421 706
392.434 716
392.447 712
392.461 677
392.474 708
392.487 702
392.500 709
392.514 700
392.527 697
392.540 701
392.553 703
392.567 707
392.580 694
392.593 702
392.606 697
392.620 693
392.633 693
392.646 694
392.659 712
392.673 708
392.686 686
392.699 694
392.712 686
392.726 685
392.739 686
392.752 685
392.765 685
392.778 696
392.792 693
392.805 697
392.818 705
392.831 697
392.845 697
392.858 696
392.871 695
392.884 697
392.898 676
392.911 699
392.924 695
392.937 703
392.951 702
392.964 693
392.977 686
392.990 704
393.003 682
393.017 702
393.030 687
393.043 690
393.056 704
393.070 693
393.083 691
393.096 693
393.109 688
393.122 696
393.136 688
393.149 682
393.162 688
393.175 689
393.189 688
393.202 686
393.215 692
393.228 679
393.242 671
393.255 684
393.268 684
393.281 682
393.294 680
393.308 681
393.321 686
393.334 686
393.347 680
393.360 678
393.374 690
393.387 692
393.400 681
393.413 682
393.427 678
393.440 676
393.453 682
393.466 678
393.479 673
393.493 677
393.506 690
393.519 674
393.532 685
393.546 688
393.559 689
393.572 687
393.585 683
393.598 691
393.612 688
393.625 676
393.638 683
393.651 686
393.664 674
393.678 693
393.691 681
393.704 677
393.717 681
393.730 691
393.744 688
393.757 671
393.770 672
393.783 677
393.796 677
393.810 677
393.823 672
393.836 675
393.849 683
393.863 681
393.876 674
393.889 676
393.902 677
393.915 674
393.929 660
