375.891 823
375.905 813
375.919 825
375.933 844
375.946 815
375.960 837
375.974 828
375.987 834
376.001 856
376.015 852
376.029 843
376.042 845
376.056 860
376.070 870
376.084 868
376.097 870
376.111 883
376.125 870
376.139 896
376.152 868
376.166 898
376.180 902
376.193 902
376.207 874
376.221 906
376.235 902
376.248 909
376.262 896
376.276 924
376.290 918
376.303 933
376.317 906
376.331 908
376.345 917
376.358 895
376.372 938
376.386 941
376.399 948
376.413 961
376.427 943
376.441 976
376.454 961
376.468 994
376.482 959
376.495 976
376.509 991
376.523 975
376.537 978
376.550 990
376.564 1010
376.578 1008
376.592 1001
376.605 1020
376.619 1026
376.633 1006
376.646 1016
376.660 1006
376.674 1020
376.688 1038
376.701 1013
376.715 1012
376.729 1050
376.742 1045
376.756 1052
376.770 1077
376.784 1029
376.797 1081
376.811 1086
376.825 1095
376.838 1112
376.852 1093
376.866 1113
376.880 1086
376.893 1112
376.907 1104
376.921 1119
376.934 1102
376.948 1125
376.962 1140
376.976 1130
376.989 1123
377.003 1162
377.017 1167
377.030 1179
377.044 1210
377.058 1182
377.071 1204
377.085 1182
377.099 1152
377.113 1204
377.126 1209
377.140 1213
377.154 1210
377.167 1228
377.181 1236
377.195 1250
377.208 1207
377.222 1250
377.236 1246
377.250 1243
377.263 1268
377.277 1269
377.291 1299
377.304 1275
377.318 1308
377.332 1292
377.345 1288
377.359 1298
377.373 1263
377.387 1333
377.400 1300
377.414 1274
377.428 1332
377.441 1344
377.455 1313
377.469 1341
377.482 1330
377.496 1372
377.510 1378
377.524 1392
377.537 1417
377.551 1385
377.565 1382
377.578 1407
377.592 1428
377.606 1374
377.619 1378
377.633 1426
377.647 1413
377.660 1394
377.674 1396
377.688 1429
377.701 1458
377.715 1388
377.729 1408
377.743 1442
377.756 1441
377.770 1420
377.784 1459
377.797 1464
377.811 1466
377.825 1444
377.838 1466
377.852 1418
377.866 1498
377.879 1509
377.893 1500
377.907 1488
377.920 1502
377.934 1452
377.948 1506
377.961 1492
377.975 1538
377.989 1517
378.002 1483
378.016 1498
378.030 1502
378.044 1489
378.057 1490
378.071 1527
378.085 1545
378.098 1503
378.112 1512
378.126 1521
378.139 1496
378.153 1560
378.167 1504
378.180 1525
378.194 1554
378.208 1562
378.221 1524
378.235 1526
378.249 1546
378.262 1587
378.276 1568
378.290 1587
378.303 1576
378.317 1575
378.331 1559
378.344 1575
378.358 1543
378.372 1601
378.385 1600
378.399 1632
378.413 1613
378.426 1614
378.440 1666
378.454 1641
378.467 1592
378.481 1640
378.495 1634
378.508 1577
378.522 1620
378.536 1613
378.549 1642
378.563 1625
378.577 1656
378.590 1668
378.604 1630
378.618 1664
378.631 1656
378.645 1651
378.659 1646
378.672 1682
378.686 1684
378.700 1690
378.713 1757
378.727 1721
378.740 1730
378.754 1715
378.768 1739
378.781 1757
378.795 1721
378.809 1774
378.822 1774
378.836 1764
378.850 1776
378.863 1723
378.877 1798
378.891 1755
378.904 1778
378.918 1763
378.932 1810
378.945 1771
378.959 1705
378.973 1787
378.986 1807
379.000 1785
379.014 1799
379.027 1795
379.041 1805
379.054 1754
379.068 1853
379.082 1859
379.095 1860
379.109 1852
379.123 1812
379.136 1801
379.150 1844
379.164 1828
379.177 1856
379.191 1860
379.205 1868
379.218 1960
379.232 1899
379.245 1893
379.259 1928
379.273 1912
379.286 1901
379.300 1954
379.314 1978
379.327 1944
379.341 1941
379.355 1932
379.368 2028
379.382 2036
379.396 2028
379.409 2067
379.423 2032
379.436 2100
379.450 2062
379.464 2098
379.477 2135
379.491 2077
379.505 2116
379.518 2158
379.532 2128
379.546 2196
379.559 2226
379.573 2161
379.586 2243
379.600 2197
379.614 2256
379.627 2333
379.641 2305
379.655 2282
379.668 2355
379.682 2313
379.695 2318
379.709 2371
379.723 2358
379.736 2418
379.750 2518
379.764 2570
379.777 2511
379.791 2610
379.804 2607
379.818 2607
379.832 2617
379.845 2573
379.859 2614
379.873 2607
379.886 2638
379.900 2673
379.913 2702
379.927 2762
379.941 2792
379.954 2898
379.968 2907
379.982 2929
379.995 2922
380.009 2952
380.022 2993
380.036 3026
380.050 3010
380.063 3077
380.077 3191
380.090 3242
380.104 3348
380.118 3327
380.131 3368
380.145 3417
380.159 3456
380.172 3558
380.186 3577
380.199 3671
380.213 3660
380.227 3732
380.240 3722
380.254 3730
380.267 3786
380.281 3816
380.295 3799
380.308 3854
380.322 3966
380.336 4023
380.349 4123
380.363 4115
380.376 4243
380.390 4156
380.404 4314
380.417 4327
380.431 4380
380.444 4397
380.458 4445
380.472 4528
380.485 4578
380.499 4737
380.512 4729
380.526 4766
380.540 4884
380.553 4900
380.567 4906
380.580 5060
380.594 5036
380.608 5238
380.621 5314
380.635 5469
380.648 5437
380.662 5477
380.676 5550
380.689 5577
380.703 5592
380.716 5718
380.730 5763
380.744 5970
380.757 6029
380.771 6158
380.784 6187
380.798 6279
380.812 6290
380.825 6278
380.839 6475
380.852 6663
380.866 6806
380.880 6879
380.893 6863
380.907 6948
380.920 6956
380.934 7045
380.948 7169
380.961 7236
380.975 7364
380.988 7411
381.002 7353
381.015 7353
381.029 7480
381.043 7625
381.056 7666
381.070 7732
381.083 7779
381.097 7827
381.111 7970
381.124 8052
381.138 8183
381.151 8203
381.165 8364
381.179 8372
381.192 8358
381.206 8323
381.219 8368
381.233 8519
381.246 8601
381.260 8654
381.274 8754
381.287 8694
381.301 8883
381.314 8927
381.328 8963
381.341 9102
381.355 9137
381.369 9176
381.382 9288
381.396 9297
381.409 9577
381.423 9576
381.437 9670
381.450 9727
381.464 9766
381.477 9963
381.491 10003
381.504 10120
381.518 10170
381.532 9985
381.545 10327
381.559 10596
381.572 10621
381.586 10690
381.599 10662
381.613 10737
381.627 10980
381.640 10800
381.654 10995
381.667 11023
381.681 10907
381.694 10985
381.708 10902
381.722 10891
381.735 10863
381.749 11021
381.762 11021
381.776 11022
381.789 11275
381.803 11184
381.817 11165
381.830 11247
381.844 11197
381.857 11430
381.871 11525
381.884 11578
381.898 11543
381.911 11667
381.925 11737
381.939 11808
381.952 11997
381.966 11855
381.979 12001
381.993 12204
382.006 12380
382.020 12336
382.034 12621
382.047 12451
382.061 12482
382.074 12385
382.088 12560
382.101 12588
382.115 12624
382.128 12743
382.142 12872
382.156 13422
382.169 13462
382.183 13272
382.196 13315
382.210 13494
382.223 13555
382.237 13423
382.250 13540
382.264 13780
382.278 13686
382.291 13892
382.305 14053
382.318 14347
382.332 14327
382.345 13953
382.359 13827
382.372 14037
382.386 14047
382.399 14066
382.413 14281
382.427 14229
382.440 14400
382.454 14560
382.467 14681
382.481 15013
382.494 15240
382.508 15446
382.521 15693
382.535 15708
382.548 15370
382.562 15595
382.576 15658
382.589 15636
382.603 15794
382.616 15784
382.630 16117
382.643 16279
382.657 16460
382.670 16602
382.684 16543
382.697 16465
382.711 16395
382.724 16756
382.738 16750
382.752 16817
382.765 16829
382.779 17031
382.792 17426
382.806 17266
382.819 17420
382.833 17658
382.846 17809
382.860 17844
382.873 17990
382.887 18178
382.900 18370
382.914 18640
382.928 18570
382.941 18742
382.955 18993
382.968 19235
382.982 19487
382.995 19641
383.009 19580
383.022 19724
383.036 19868
383.049 20109
383.063 20006
383.076 20081
383.090 20304
383.103 20415
383.117 20518
383.130 20602
383.144 20868
383.158 20712
383.171 20950
383.185 21227
383.198 21429
383.212 21852
383.225 21982
383.239 22267
383.252 22498
383.266 22796
383.279 22746
383.293 22845
383.306 22915
383.320 23170
383.333 23784
383.347 24078
383.360 23926
383.374 23640
383.387 24014
383.401 24062
383.414 24023
383.428 24092
383.441 24206
383.455 24173
383.468 24056
383.482 24130
383.496 24904
383.509 24963
383.523 24785
383.536 25071
383.550 25069
383.563 25159
383.577 25146
383.590 25546
383.604 25529
383.617 25413
383.631 25330
383.644 25137
383.658 25138
383.671 25228
383.685 25160
383.698 25419
383.712 25738
383.725 25668
383.739 25459
383.752 25413
383.766 25406
383.779 25434
383.793 25366
383.806 25715
383.820 25990
383.833 25906
383.847 25701
383.860 26073
383.874 25876
383.887 25413
383.901 25469
383.914 25380
383.928 25412
383.941 25397
383.955 25116
383.968 24918
383.982 25048
383.995 24985
384.009 24884
384.022 24850
384.036 24779
384.049 24662
384.063 24668
384.076 25132
384.090 25366
384.103 25411
384.117 25410
384.130 24836
384.144 24023
384.157 23764
384.171 23548
384.184 23238
384.198 22969
384.211 22756
384.225 22621
384.238 22851
384.252 22697
384.265 22546
384.279 22107
384.292 21914
384.306 21389
384.319 21053
384.333 20332
384.346 20053
384.360 19593
384.373 19229
384.387 18965
384.400 18432
384.414 17909
384.427 17842
384.441 17421
384.454 16850
384.468 16533
384.481 16154
384.495 15730
384.508 15250
384.522 14884
384.535 14441
384.549 13976
384.562 13805
384.575 13350
384.589 13052
384.602 12843
384.616 12704
384.629 12207
384.643 11827
384.656 11469
384.670 11087
384.683 10555
384.697 10281
384.710 9772
384.724 9607
384.737 9224
384.751 8967
384.764 8749
384.778 8506
384.791 8406
384.805 8073
384.818 7943
384.832 7545
384.845 7344
384.859 7151
384.872 6899
384.885 6629
384.899 6455
384.912 6391
384.926 6193
384.939 5994
384.953 5923
384.966 5726
384.980 5729
384.993 5543
385.007 5400
385.020 5322
385.034 5155
385.047 5010
385.061 4949
385.074 4806
385.088 4772
385.101 4794
385.114 4554
385.128 4465
385.141 4501
385.155 4430
385.168 4411
385.182 4383
385.195 4345
385.209 4278
385.222 4124
385.236 4101
385.249 3975
385.263 4029
385.276 3896
385.290 3823
385.303 3767
385.316 3703
385.330 3689
385.343 3690
385.357 3607
385.370 3565
385.384 3458
385.397 3446
385.411 3473
385.424 3381
385.438 3284
385.451 3313
385.464 3317
385.478 3220
385.491 3212
385.505 3204
385.518 3199
385.532 3145
385.545 3063
385.559 3049
385.572 2991
385.586 3016
385.599 3005
385.612 2961
385.626 2980
385.639 2945
385.653 3056
385.666 3011
385.680 2875
385.693 2820
385.707 2946
385.720 2769
385.734 2807
385.747 2795
385.760 2742
385.774 2753
385.787 2736
385.801 2699
385.814 2591
385.828 2673
385.841 2580
385.855 2566
385.868 2518
385.881 2446
385.895 2510
385.908 2551
385.922 2537
385.935 2514
385.949 2440
385.962 2454
385.976 2450
385.989 2439
386.002 2489
386.016 2506
386.029 2400
386.043 2453
386.056 2372
386.070 2335
386.083 2328
386.097 2337
386.110 2311
386.123 2298
386.137 2358
386.150 2227
386.164 2257
386.177 2208
386.191 2273
386.204 2172
386.217 2195
386.231 2194
386.244 2205
386.258 2232
386.271 2180
386.285 2183
386.298 2156
386.311 2197
386.325 2155
386.338 2107
386.352 2055
386.365 2087
386.379 2095
386.392 2079
386.405 2062
386.419 2025
386.432 2011
386.446 2055
386.459 2046
386.473 2033
386.486 1991
386.499 1981
386.513 1965
386.526 1978
386.540 1998
386.553 1978
386.567 1931
386.580 1927
386.593 1984
386.607 1973
386.620 1988
386.634 1905
386.647 1967
386.661 1892
386.674 1914
386.687 1878
386.701 1868
386.714 1883
386.728 1861
386.741 1861
386.754 1826
386.768 1876
386.781 1835
386.795 1818
386.808 1798
386.822 1802
386.835 1780
386.848 1731
386.862 1729
386.875 1781
386.889 1708
386.902 1759
386.915 1745
386.929 1714
386.942 1723
386.956 1748
386.969 1666
386.983 1676
386.996 1665
387.009 1646
387.023 1649
387.036 1616
387.050 1677
387.063 1628
387.076 1621
387.090 1628
387.103 1612
387.117 1618
387.130 1651
387.143 1610
387.157 1583
387.170 1570
387.184 1557
387.197 1575
387.210 1627
387.224 1549
387.237 1549
387.251 1572
387.264 1567
387.278 1506
387.291 1521
387.304 1495
387.318 1542
387.331 1498
387.345 1495
387.358 1493
387.371 1456
387.385 1483
387.398 1459
387.412 1456
387.425 1419
387.438 1428
387.452 1433
387.465 1411
387.478 1392
387.492 1392
387.505 1373
387.519 1393
387.532 1405
387.545 1427
387.559 1388
387.572 1394
387.586 1332
387.599 1357
387.612 1372
387.626 1398
387.639 1370
387.653 1348
387.666 1310
387.679 1329
387.693 1299
387.706 1288
387.720 1314
387.733 1271
387.746 1285
387.760 1299
387.773 1282
387.787 1284
387.800 1304
387.813 1290
387.827 1300
387.840 1269
387.853 1240
387.867 1279
387.880 1227
387.894 1281
387.907 1240
387.920 1242
387.934 1215
387.947 1242
387.961 1218
387.974 1218
387.987 1226
388.001 1219
388.014 1202
388.027 1223
388.041 1236
388.054 1174
388.068 1190
388.081 1160
388.094 1202
388.108 1194
388.121 1148
388.134 1167
388.148 1149
388.161 1162
388.175 1120
388.188 1132
388.201 1120
388.215 1112
388.228 1116
388.241 1078
388.255 1120
388.268 1140
388.282 1113
388.295 1131
388.308 1126
388.322 1130
388.335 1113
388.348 1078
388.362 1078
388.375 1145
388.389 1117
388.402 1114
388.415 1150
388.429 1102
388.442 1113
388.455 1105
388.469 1167
388.482 1144
388.495 1117
388.509 1101
388.522 1126
388.536 1106
388.549 1126
388.562 1098
388.576 1079
388.589 1078
388.602 1109
388.616 1103
388.629 1113
388.642 1090
388.656 1093
388.669 1049
388.683 1072
388.696 1075
388.709 1115
388.723 1085
388.736 1087
388.749 1054
388.763 1060
388.776 1081
388.789 1074
388.803 1028
388.816 1077
388.829 1088
388.843 1040
388.856 1063
388.870 1073
388.883 1054
388.896 1056
388.910 1044
388.923 1050
388.936 1039
388.950 1072
388.963 1079
388.976 1069
388.990 1038
389.003 1052
389.016 1050
389.030 1040
389.043 1032
389.056 1068
389.070 1043
389.083 1031
389.097 1015
389.110 1045
389.123 1068
389.137 1051
389.150 1061
389.163 1039
389.177 1030
389.190 1036
389.203 1041
389.217 1011
389.230 1006
389.243 1045
389.257 1021
389.270 1010
389.283 1035
389.297 1021
389.310 1017
389.323 1020
389.337 1034
389.350 999
389.363 1010
389.377 1024
389.390 1019
389.403 1002
389.417 996
389.430 992
389.443 1027
389.457 1016
389.470 1010
389.483 1008
389.497 1013
389.510 992
389.523 1001
389.537 1003
389.550 1005
389.563 998
389.577 976
389.590 997
389.603 978
389.617 963
389.630 988
389.643 973
389.657 961
389.670 983
389.683 991
389.697 976
389.710 973
389.723 981
389.737 973
389.750 984
389.763 968
389.777 969
389.790 961
389.803 962
389.817 960
389.830 966
389.843 936
389.857 933
389.870 937
389.883 923
389.897 919
389.910 919
389.923 954
389.937 933
389.950 946
389.963 922
389.977 922
389.990 933
390.003 934
390.017 937
390.030 924
390.043 921
390.057 914
390.070 936
390.083 904
390.096 899
390.110 918
390.123 886
390.136 898
390.150 888
390.163 878
390.176 892
390.190 861
390.203 888
390.216 869
390.230 879
390.243 878
390.256 874
390.270 862
390.283 864
390.296 863
390.310 853
390.323 880
390.336 863
390.349 857
390.363 856
390.376 856
390.389 852
390.403 858
390.416 848
390.429 831
390.443 849
390.456 844
390.469 847
390.483 834
390.496 826
390.509 810
390.522 824
390.536 814
390.549 816
390.562 829
390.576 805
390.589 834
390.602 820
390.616 812
390.629 793
390.642 801
390.655 790
390.669 816
390.682 793
390.695 773
390.709 792
390.722 807
390.735 802
390.749 774
390.762 802
390.775 789
390.788 771
390.802 774
390.815 796
390.828 776
390.842 759
390.855 766
390.868 753
390.882 785
390.895 757
390.908 750
390.921 749
390.935 769
390.948 757
390.961 749
390.975 760
390.988 762
391.001 754
391.014 751
391.028 747
391.041 728
391.054 757
391.068 735
391.081 744
391.094 753
391.107 727
391.121 726
391.134 744
391.147 746
391.161 757
391.174 722
391.187 746
391.200 742
391.214 730
391.227 740
391.240 742
391.254 742
391.267 738
391.280 734
391.293 728
391.307 734
391.320 728
391.333 719
391.347 706
391.360 731
391.373 741
391.386 723
391.400 738
391.413 732
391.426 731
391.440 712
391.453 711
391.466 714
391.479 717
391.493 717
391.506 714
391.519 702
391.532 717
391.546 720
391.559 710
391.572 725
391.586 708
391.599 697
391.612 707
391.625 709
391.639 701
391.652 704
391.665 707
391.678 710
391.692 702
391.705 710
391.718 702
391.732 711
391.745 708
391.758 708
391.771 698
391.785 707
391.798 706
391.811 699
391.824 694
391.838 710
391.851 689
391.864 709
391.877 711
391.891 697
391.904 710
391.917 697
391.931 712
391.944 683
391.957 708
391.970 700
391.984 705
391.997 700
392.010 717
392.023 688
392.037 701
392.050 703
392.063 697
392.076 698
392.090 698
392.103 692
392.116 692
392.129 706
392.143 699
392.156 695
392.169 689
392.182 703
392.196 702
392.209 702
392.222 692
392.235 695
392.249 695
392.262 697
392.275 689
392.288 676
392.302 698
392.315 692
392.328 684
392.341 699
392.355 684
392.368 686
392.381 687
392.394 703
392.408 690
392.421 690
392.434 695
392.447 695
392.461 680
392.474 687
392.487 694
392.500 694
392.514 679
392.527 690
392.540 676
392.553 695
392.567 689
392.580 681
392.593 689
392.606 690
392.620 690
392.633 696
392.646 688
392.659 695
392.673 679
392.686 680
392.699 678
392.712 675
392.726 688
392.739 678
392.752 674
392.765 675
392.778 682
392.792 672
392.805 673
392.818 692
392.831 677
392.845 684
392.858 675
392.871 678
392.884 674
392.898 669
392.911 683
392.924 683
392.937 686
392.951 679
392.964 685
392.977 668
392.990 684
393.003 670
393.017 673
393.030 675
393.043 672
393.056 682
393.070 689
393.083 668
393.096 684
393.109 690
393.122 687
393.136 671
393.149 676
393.162 675
393.175 669
393.189 678
393.202 676
393.215 679
393.228 684
393.242 672
393.255 675
393.268 671
393.281 676
393.294 677
393.308 673
393.321 676
393.334 677
393.347 679
393.360 663
393.374 672
393.387 670
393.400 673
393.413 668
393.427 667
393.440 670
393.453 672
393.466 668
393.479 664
393.493 660
393.506 658
393.519 674
393.532 668
393.546 682
393.559 671
393.572 660
393.585 668
393.598 666
393.612 677
393.625 676
393.638 672
393.651 684
393.664 674
393.678 662
393.691 659
393.704 674
393.717 675
393.730 672
393.744 669
393.757 673
393.770 663
393.783 665
393.796 674
393.810 666
393.823 663
393.836 663
393.849 673
393.863 667
393.876 667
393.889 676
393.902 662
393.915 664
393.929 666
