375.891 801
375.905 815
375.919 830
375.933 819
375.946 820
375.960 816
375.974 841
375.987 844
376.001 850
376.015 838
376.029 821
376.042 856
376.056 837
376.070 855
376.084 839
376.097 846
376.111 853
376.125 847
376.139 868
376.152 860
376.166 872
376.180 867
376.193 871
376.207 879
376.221 881
376.235 871
376.248 888
376.262 883
376.276 898
376.290 883
376.303 908
376.317 902
376.331 900
376.345 875
376.358 891
376.372 898
376.386 932
376.399 921
376.413 938
376.427 937
376.441 943
376.454 933
376.468 923
376.482 946
376.495 948
376.509 948
376.523 943
376.537 976
376.550 992
376.564 991
376.578 980
376.592 974
376.605 997
376.619 1015
376.633 983
376.646 976
376.660 994
376.674 1003
376.688 1008
376.701 1005
376.715 1000
376.729 1017
376.742 1019
376.756 1028
376.770 1029
376.784 1027
376.797 1047
376.811 1032
376.825 1051
376.838 1070
376.852 1061
376.866 1085
376.880 1051
376.893 1081
376.907 1084
376.921 1075
376.934 1080
376.948 1068
376.962 1111
376.976 1117
376.989 1099
377.003 1119
377.017 1148
377.030 1143
377.044 1150
377.058 1144
377.071 1161
377.085 1172
377.099 1156
377.113 1173
377.126 1151
377.140 1178
377.154 1166
377.167 1199
377.181 1194
377.195 1217
377.208 1202
377.222 1212
377.236 1210
377.250 1196
377.263 1209
377.277 1215
377.291 1218
377.304 1232
377.318 1243
377.332 1257
377.345 1265
377.359 1272
377.373 1264
377.387 1234
377.400 1279
377.414 1272
377.428 1262
377.441 1251
377.455 1252
377.469 1281
377.482 1276
377.496 1317
377.510 1306
377.524 1362
377.537 1344
377.551 1329
377.565 1333
377.578 1313
377.592 1332
377.606 1342
377.619 1336
377.633 1354
377.647 1352
377.660 1349
377.674 1347
377.688 1363
377.701 1358
377.715 1340
377.729 1381
377.743 1353
377.756 1372
377.770 1378
377.784 1397
377.797 1405
377.811 1381
377.825 1407
377.838 1385
377.852 1394
377.866 1435
377.879 1425
377.893 1420
377.907 1460
377.920 1415
377.934 1447
377.948 1403
377.961 1416
377.975 1463
377.989 1445
378.002 1449
378.016 1428
378.030 1445
378.044 1448
378.057 1451
378.071 1489
378.085 1456
378.098 1449
378.112 1431
378.126 1480
378.139 1478
378.153 1491
378.167 1461
378.180 1456
378.194 1512
378.208 1455
378.221 1501
378.235 1457
378.249 1518
378.262 1537
378.276 1522
378.290 1474
378.303 1471
378.317 1500
378.331 1497
378.344 1492
378.358 1521
378.372 1517
378.385 1511
378.399 1511
378.413 1547
378.426 1547
378.440 1540
378.454 1573
378.467 1558
378.481 1572
378.495 1575
378.508 1546
378.522 1569
378.536 1575
378.549 1543
378.563 1581
378.577 1576
378.590 1601
378.604 1599
378.618 1618
378.631 1614
378.645 1612
378.659 1635
378.672 1623
378.686 1667
378.700 1687
378.713 1672
378.727 1711
378.740 1675
378.754 1703
378.768 1673
378.781 1687
378.795 1710
378.809 1732
378.822 1719
378.836 1682
378.850 1632
378.863 1695
378.877 1693
378.891 1687
378.904 1680
378.918 1696
378.932 1733
378.945 1746
378.959 1683
378.973 1707
378.986 1720
379.000 1723
379.014 1755
379.027 1710
379.041 1772
379.054 1758
379.068 1786
379.082 1733
379.095 1763
379.109 1769
379.123 1742
379.136 1778
379.150 1791
379.164 1780
379.177 1826
379.191 1803
379.205 1790
379.218 1840
379.232 1844
379.245 1871
379.259 1874
379.273 1878
379.286 1968
379.300 1921
379.314 1884
379.327 1903
379.341 1923
379.355 1921
379.368 1942
379.382 1940
379.396 1994
379.409 1971
379.423 2007
379.436 2037
379.450 1981
379.464 1976
379.477 2073
379.491 2050
379.505 2111
379.518 2076
379.532 2103
379.546 2105
379.559 2161
379.573 2140
379.586 2112
379.600 2120
379.614 2234
379.627 2262
379.641 2212
379.655 2219
379.668 2268
379.682 2220
379.695 2268
379.709 2327
379.723 2337
379.736 2421
379.750 2508
379.764 2495
379.777 2553
379.791 2568
379.804 2518
379.818 2621
379.832 2589
379.845 2530
379.859 2520
379.873 2531
379.886 2575
379.900 2655
379.913 2624
379.927 2633
379.941 2665
379.954 2760
379.968 2772
379.982 2842
379.995 2789
380.009 2883
380.022 2887
380.036 2884
380.050 2977
380.063 3033
380.077 3136
380.090 3165
380.104 3227
380.118 3226
380.131 3242
380.145 3398
380.159 3368
380.172 3463
380.186 3461
380.199 3590
380.213 3620
380.227 3670
380.240 3699
380.254 3682
380.267 3663
380.281 3769
380.295 3737
380.308 3731
380.322 3860
380.336 3891
380.349 3993
380.363 4059
380.376 4098
380.390 4128
380.404 4094
380.417 4191
380.431 4250
380.444 4263
380.458 4327
380.472 4446
380.485 4485
380.499 4500
380.512 4588
380.526 4668
380.540 4688
380.553 4717
380.567 4821
380.580 4890
380.594 4913
380.608 4988
380.621 5276
380.635 5305
380.648 5416
380.662 5372
380.676 5401
380.689 5553
380.703 5593
380.716 5594
380.730 5699
380.744 5826
380.757 5835
380.771 6021
380.784 6184
380.798 6169
380.812 6155
380.825 6234
380.839 6360
380.852 6544
380.866 6710
380.880 6588
380.893 6779
380.907 6694
380.920 6771
380.934 6910
380.948 7044
380.961 7085
380.975 7117
380.988 7108
381.002 7210
381.015 7048
381.029 7339
381.043 7516
381.056 7418
381.070 7534
381.083 7591
381.097 7700
381.111 7814
381.124 7897
381.138 7893
381.151 8077
381.165 8117
381.179 8157
381.192 8186
381.206 8243
381.219 8254
381.233 8282
381.246 8437
381.260 8433
381.274 8477
381.287 8499
381.301 8656
381.314 8759
381.328 8820
381.341 8951
381.355 8939
381.369 9063
381.382 9103
381.396 9179
381.409 9285
381.423 9412
381.437 9544
381.450 9612
381.464 9586
381.477 9694
381.491 10043
381.504 10020
381.518 9928
381.532 9999
381.545 10300
381.559 10482
381.572 10696
381.586 10638
381.599 10698
381.613 10786
381.627 10727
381.640 10871
381.654 10863
381.667 11005
381.681 11011
381.694 11042
381.708 10880
381.722 10833
381.735 10869
381.749 10991
381.762 10965
381.776 10984
381.789 11197
381.803 11182
381.817 11162
381.830 11324
381.844 11375
381.857 11435
381.871 11610
381.884 11607
381.898 11602
381.911 11768
381.925 11712
381.939 11885
381.952 12032
381.966 11973
381.979 12078
381.993 12332
382.006 12476
382.020 12532
382.034 12654
382.047 12532
382.061 12389
382.074 12465
382.088 12571
382.101 12596
382.115 12666
382.128 12753
382.142 13127
382.156 13621
382.169 13724
382.183 13649
382.196 13530
382.210 13608
382.223 13545
382.237 13611
382.250 13689
382.264 13878
382.278 13901
382.291 14127
382.305 14335
382.318 14558
382.332 14574
382.345 14091
382.359 14095
382.372 14094
382.386 14192
382.399 14397
382.413 14354
382.427 14485
382.440 14563
382.454 14771
382.467 14816
382.481 15125
382.494 15319
382.508 15639
382.521 15722
382.535 15660
382.548 15634
382.562 15581
382.576 15588
382.589 15780
382.603 15962
382.616 16038
382.630 16310
382.643 16277
382.657 16422
382.670 16664
382.684 16664
382.697 16403
382.711 16677
382.724 16874
382.738 17010
382.752 16937
382.765 17149
382.779 17275
382.792 17299
382.806 17423
382.819 17665
382.833 17835
382.846 17867
382.860 17954
382.873 18188
382.887 18111
382.900 18500
382.914 18540
382.928 18622
382.941 18945
382.955 19078
382.968 19225
382.982 19462
382.995 19531
383.009 19569
383.022 19703
383.036 19877
383.049 19983
383.063 20062
383.076 20207
383.090 20197
383.103 20270
383.117 20420
383.130 20571
383.144 20559
383.158 20937
383.171 20906
383.185 21035
383.198 21263
383.212 21607
383.225 21651
383.239 21940
383.252 22388
383.266 22156
383.279 22389
383.293 22392
383.306 22674
383.320 22891
383.333 23382
383.347 23461
383.360 23309
383.374 23485
383.387 23528
383.401 23752
383.414 23781
383.428 23457
383.441 23665
383.455 23630
383.468 23518
383.482 23731
383.496 24405
383.509 24506
383.523 24360
383.536 24481
383.550 24540
383.563 24630
383.577 24532
383.590 25021
383.604 24921
383.617 24660
383.631 24713
383.644 24219
383.658 24467
383.671 24273
383.685 24442
383.698 24573
383.712 24732
383.725 24746
383.739 24438
383.752 24507
383.766 24103
383.779 24343
383.793 24343
383.806 24666
383.820 25008
383.833 24939
383.847 25012
383.860 25181
383.874 24747
383.887 24276
383.901 24294
383.914 24477
383.928 24512
383.941 24378
383.955 23939
383.968 23900
383.982 23936
383.995 23990
384.009 23682
384.022 23491
384.036 23607
384.049 23470
384.063 23462
384.076 23566
384.090 23803
384.103 24088
384.117 23930
384.130 23723
384.144 22857
384.157 22687
384.171 22336
384.184 22135
384.198 21978
384.211 21806
384.225 21796
384.238 21781
384.252 21705
384.265 21474
384.279 21205
384.292 20950
384.306 20655
384.319 20243
384.333 19566
384.346 19277
384.360 19041
384.373 18712
384.387 18353
384.400 18011
384.414 17817
384.427 17417
384.441 17012
384.454 16637
384.468 16213
384.481 15839
384.495 15580
384.508 15266
384.522 14698
384.535 14432
384.549 14000
384.562 13644
384.575 13269
384.589 13051
384.602 13062
384.616 12736
384.629 12392
384.643 11996
384.656 11707
384.670 11179
384.683 10906
384.697 10456
384.710 10235
384.724 9956
384.737 9603
384.751 9274
384.764 9138
384.778 8762
384.791 8590
384.805 8407
384.818 8115
384.832 7932
384.845 7634
384.859 7488
384.872 7139
384.885 6969
384.899 6746
384.912 6509
384.926 6377
384.939 6207
384.953 6059
384.966 5948
384.980 5830
384.993 5663
385.007 5619
385.020 5372
385.034 5281
385.047 5242
385.061 5067
385.074 4937
385.088 4928
385.101 4746
385.114 4703
385.128 4639
385.141 4548
385.155 4454
385.168 4559
385.182 4472
385.195 4411
385.209 4346
385.222 4282
385.236 4149
385.249 4132
385.263 4068
385.276 3930
385.290 3916
385.303 3882
385.316 3762
385.330 3757
385.343 3722
385.357 3666
385.370 3648
385.384 3581
385.397 3475
385.411 3518
385.424 3434
385.438 3406
385.451 3375
385.464 3354
385.478 3390
385.491 3328
385.505 3308
385.518 3232
385.532 3232
385.545 3231
385.559 3107
385.572 3145
385.586 3116
385.599 3153
385.612 3122
385.626 3080
385.639 3036
385.653 3079
385.666 3091
385.680 3040
385.693 2948
385.707 3003
385.720 2959
385.734 2938
385.747 2921
385.760 2852
385.774 2789
385.787 2887
385.801 2785
385.814 2697
385.828 2664
385.841 2681
385.855 2688
385.868 2668
385.881 2530
385.895 2611
385.908 2591
385.922 2536
385.935 2546
385.949 2528
385.962 2525
385.976 2480
385.989 2462
386.002 2550
386.016 2566
386.029 2507
386.043 2508
386.056 2418
386.070 2394
386.083 2418
386.097 2424
386.110 2395
386.123 2427
386.137 2365
386.150 2332
386.164 2341
386.177 2290
386.191 2308
386.204 2327
386.217 2285
386.231 2288
386.244 2307
386.258 2291
386.271 2273
386.285 2228
386.298 2242
386.311 2234
386.325 2177
386.338 2162
386.352 2165
386.365 2202
386.379 2130
386.392 2131
386.405 2112
386.419 2137
386.432 2063
386.446 2094
386.459 2123
386.473 2127
386.486 2058
386.499 2040
386.513 2053
386.526 2011
386.540 2034
386.553 2036
386.567 2005
386.580 2052
386.593 2042
386.607 2043
386.620 2048
386.634 2023
386.647 1988
386.661 1991
386.674 1977
386.687 1948
386.701 1915
386.714 1918
386.728 1904
386.741 1923
386.754 1922
386.768 1903
386.781 1857
386.795 1885
386.808 1820
386.822 1825
386.835 1769
386.848 1810
386.862 1796
386.875 1802
386.889 1781
386.902 1767
386.915 1778
386.929 1766
386.942 1743
386.956 1765
386.969 1722
386.983 1716
386.996 1703
387.009 1735
387.023 1714
387.036 1706
387.050 1711
387.063 1702
387.076 1718
387.090 1653
387.103 1654
387.117 1653
387.130 1657
387.143 1684
387.157 1674
387.170 1660
387.184 1618
387.197 1658
387.210 1646
387.224 1640
387.237 1611
387.251 1579
387.264 1589
387.278 1593
387.291 1589
387.304 1592
387.318 1531
387.331 1557
387.345 1560
387.358 1527
387.371 1547
387.385 1472
387.398 1525
387.412 1507
387.425 1494
387.438 1464
387.452 1461
387.465 1460
387.478 1413
387.492 1447
387.505 1426
387.519 1461
387.532 1471
387.545 1452
387.559 1427
387.572 1460
387.586 1438
387.599 1431
387.612 1455
387.626 1446
387.639 1401
387.653 1373
387.666 1379
387.679 1358
387.693 1350
387.706 1299
387.720 1349
387.733 1361
387.746 1309
387.760 1344
387.773 1358
387.787 1330
387.800 1311
387.813 1329
387.827 1326
387.840 1283
387.853 1281
387.867 1293
387.880 1303
387.894 1293
387.907 1303
387.920 1291
387.934 1257
387.947 1257
387.961 1281
387.974 1239
387.987 1260
388.001 1248
388.014 1225
388.027 1244
388.041 1204
388.054 1200
388.068 1209
388.081 1219
388.094 1188
388.108 1226
388.121 1206
388.134 1168
388.148 1227
388.161 1154
388.175 1160
388.188 1157
388.201 1164
388.215 1160
388.228 1156
388.241 1155
388.255 1155
388.268 1127
388.282 1175
388.295 1170
388.308 1151
388.322 1138
388.335 1147
388.348 1146
388.362 1148
388.375 1141
388.389 1124
388.402 1140
388.415 1151
388.429 1158
388.442 1142
388.455 1157
388.469 1131
388.482 1155
388.495 1136
388.509 1156
388.522 1138
388.536 1147
388.549 1150
388.562 1108
388.576 1113
388.589 1108
388.602 1107
388.616 1102
388.629 1117
388.642 1099
388.656 1095
388.669 1080
388.683 1123
388.696 1130
388.709 1102
388.723 1104
388.736 1102
388.749 1124
388.763 1089
388.776 1077
388.789 1082
388.803 1124
388.816 1087
388.829 1079
388.843 1081
388.856 1076
388.870 1072
388.883 1062
388.896 1067
388.910 1084
388.923 1090
388.936 1081
388.950 1070
388.963 1077
388.976 1089
388.990 1070
389.003 1071
389.016 1077
389.030 1077
389.043 1088
389.056 1062
389.070 1088
389.083 1061
389.097 1044
389.110 1059
389.123 1077
389.137 1038
389.150 1047
389.163 1025
389.177 1056
389.190 1065
389.203 1033
389.217 1045
389.230 1059
389.243 1060
389.257 1029
389.270 1021
389.283 1040
389.297 1032
389.310 1035
389.323 1013
389.337 1004
389.350 1021
389.363 1045
389.377 1010
389.390 1035
389.403 1042
389.417 1027
389.430 1021
389.443 1011
389.457 1025
389.470 1042
389.483 1040
389.497 1057
389.510 1019
389.523 1017
389.537 1021
389.550 1023
389.563 997
389.577 1009
389.590 1004
389.603 990
389.617 994
389.630 994
389.643 974
389.657 1017
389.670 997
389.683 986
389.697 980
389.710 972
389.723 988
389.737 985
389.750 965
389.763 991
389.777 970
389.790 958
389.803 986
389.817 965
389.830 970
389.843 960
389.857 957
389.870 935
389.883 972
389.897 956
389.910 948
389.923 955
389.937 940
389.950 952
389.963 939
389.977 939
389.990 946
390.003 951
390.017 926
390.030 959
390.043 930
390.057 927
390.070 909
390.083 923
390.096 934
390.110 921
390.123 915
390.136 901
390.150 914
390.163 921
390.176 903
390.190 889
390.203 905
390.216 910
390.230 885
390.243 875
390.256 887
390.270 891
390.283 874
390.296 887
390.310 879
390.323 886
390.336 880
390.349 837
390.363 878
390.376 871
390.389 870
390.403 877
390.416 856
390.429 852
390.443 852
390.456 840
390.469 843
390.483 847
390.496 838
390.509 826
390.522 831
390.536 841
390.549 819
390.562 831
390.576 796
390.589 812
390.602 826
390.616 810
390.629 814
390.642 798
390.655 812
390.669 809
390.682 805
390.695 801
390.709 803
390.722 793
390.735 805
390.749 801
390.762 795
390.775 788
390.788 798
390.802 798
390.815 788
390.828 776
390.842 777
390.855 758
390.868 769
390.882 776
390.895 786
390.908 767
390.921 775
390.935 758
390.948 778
390.961 764
390.975 761
390.988 768
391.001 761
391.014 759
391.028 757
391.041 740
391.054 756
391.068 764
391.081 758
391.094 755
391.107 750
391.121 745
391.134 748
391.147 741
391.161 745
391.174 740
391.187 730
391.200 735
391.214 741
391.227 742
391.240 754
391.254 734
391.267 721
391.280 732
391.293 735
391.307 736
391.320 729
391.333 730
391.347 732
391.360 721
391.373 719
391.386 721
391.400 718
391.413 720
391.426 738
391.440 729
391.453 728
391.466 720
391.479 718
391.493 723
391.506 722
391.519 704
391.532 728
391.546 718
391.559 737
391.572 711
391.586 710
391.599 715
391.612 713
391.625 720
391.639 724
391.652 724
391.665 717
391.678 714
391.692 715
391.705 713
391.718 692
391.732 722
391.745 714
391.758 716
391.771 711
391.785 709
391.798 714
391.811 702
391.824 716
391.838 699
391.851 713
391.864 706
391.877 705
391.891 698
391.904 714
391.917 708
391.931 706
391.944 703
391.957 706
391.970 717
391.984 702
391.997 708
392.010 709
392.023 707
392.037 700
392.050 694
392.063 703
392.076 707
392.090 688
392.103 701
392.116 707
392.129 691
392.143 705
392.156 701
392.169 697
392.182 697
392.196 703
392.209 693
392.222 698
392.235 691
392.249 692
392.262 696
392.275 684
392.288 699
392.302 690
392.315 698
392.328 703
392.341 695
392.355 690
392.368 699
392.381 710
392.394 693
392.408 688
392.421 698
392.434 689
392.447 693
392.461 696
392.474 697
392.487 696
392.500 690
392.514 693
392.527 695
392.540 690
392.553 693
392.567 684
392.580 690
392.593 691
392.606 672
392.620 686
392.633 694
392.646 689
392.659 687
392.673 687
392.686 684
392.699 690
392.712 678
392.726 688
392.739 687
392.752 679
392.765 700
392.778 684
392.792 679
392.805 688
392.818 686
392.831 693
392.845 674
392.858 694
392.871 693
392.884 689
392.898 679
392.911 683
392.924 691
392.937 694
392.951 682
392.964 688
392.977 690
392.990 678
393.003 682
393.017 693
393.030 684
393.043 688
393.056 686
393.070 677
393.083 685
393.096 694
393.109 687
393.122 667
393.136 670
393.149 702
393.162 668
393.175 696
393.189 692
393.202 682
393.215 674
393.228 672
393.242 666
393.255 679
393.268 682
393.281 686
393.294 674
393.308 678
393.321 671
393.334 670
393.347 675
393.360 672
393.374 676
393.387 671
393.400 680
393.413 671
393.427 670
393.440 668
393.453 678
393.466 663
393.479 671
393.493 689
393.506 672
393.519 681
393.532 678
393.546 668
393.559 669
393.572 671
393.585 666
393.598 674
393.612 674
393.625 677
393.638 675
393.651 684
393.664 672
393.678 665
393.691 685
393.704 675
393.717 660
393.730 670
393.744 674
393.757 666
393.770 675
393.783 665
393.796 667
393.810 668
393.823 659
393.836 674
393.849 660
393.863 661
393.876 688
393.889 664
393.902 666
393.915 679
393.929 663
