375.891 824
375.905 805
375.919 808
375.933 807
375.946 845
375.960 813
375.974 795
375.987 819
376.001 838
376.015 816
376.029 840
376.042 831
376.056 855
376.070 839
376.084 835
376.097 851
376.111 851
376.125 851
376.139 859
376.152 849
376.166 867
376.180 880
376.193 861
376.207 869
376.221 890
376.235 898
376.248 876
376.262 868
376.276 917
376.290 881
376.303 878
376.317 905
376.331 879
376.345 887
376.358 907
376.372 901
376.386 917
376.399 909
376.413 924
376.427 919
376.441 912
376.454 954
376.468 907
376.482 930
376.495 947
376.509 940
376.523 947
376.537 978
376.550 959
376.564 980
376.578 996
376.592 959
376.605 979
376.619 972
376.633 990
376.646 959
376.660 949
376.674 975
376.688 986
376.701 981
376.715 1016
376.729 1003
376.742 993
376.756 997
376.770 1038
376.784 1035
376.797 1018
376.811 1035
376.825 1060
376.838 1072
376.852 1058
376.866 1093
376.880 1077
376.893 1071
376.907 1054
376.921 1054
376.934 1114
376.948 1103
376.962 1085
376.976 1083
376.989 1119
377.003 1095
377.017 1130
377.030 1087
377.044 1142
377.058 1133
377.071 1139
377.085 1115
377.099 1115
377.113 1171
377.126 1145
377.140 1133
377.154 1182
377.167 1163
377.181 1177
377.195 1149
377.208 1181
377.222 1195
377.236 1179
377.250 1224
377.263 1225
377.277 1200
377.291 1246
377.304 1252
377.318 1246
377.332 1234
377.345 1242
377.359 1243
377.373 1261
377.387 1255
377.400 1234
377.414 1254
377.428 1255
377.441 1219
377.455 1286
377.469 1307
377.482 1290
377.496 1287
377.510 1296
377.524 1322
377.537 1344
377.551 1300
377.565 1319
377.578 1340
377.592 1307
377.606 1329
377.619 1289
377.633 1289
377.647 1333
377.660 1350
377.674 1301
377.688 1315
377.701 1329
377.715 1360
377.729 1360
377.743 1366
377.756 1367
377.770 1379
377.784 1391
377.797 1362
377.811 1359
377.825 1363
377.838 1371
377.852 1367
377.866 1425
377.879 1401
377.893 1431
377.907 1403
377.920 1430
377.934 1433
377.948 1410
377.961 1419
377.975 1445
377.989 1404
378.002 1412
378.016 1429
378.030 1445
378.044 1421
378.057 1436
378.071 1426
378.085 1474
378.098 1482
378.112 1442
378.126 1439
378.139 1430
378.153 1426
378.167 1464
378.180 1460
378.194 1440
378.208 1421
378.221 1474
378.235 1484
378.249 1477
378.262 1473
378.276 1465
378.290 1445
378.303 1481
378.317 1445
378.331 1466
378.344 1490
378.358 1452
378.372 1510
378.385 1502
378.399 1502
378.413 1543
378.426 1509
378.440 1520
378.454 1539
378.467 1533
378.481 1530
378.495 1522
378.508 1544
378.522 1528
378.536 1538
378.549 1542
378.563 1485
378.577 1557
378.590 1555
378.604 1569
378.618 1547
378.631 1574
378.645 1600
378.659 1590
378.672 1567
378.686 1603
378.700 1617
378.713 1650
378.727 1659
378.740 1618
378.754 1652
378.768 1624
378.781 1671
378.795 1650
378.809 1655
378.822 1670
378.836 1686
378.850 1696
378.863 1616
378.877 1668
378.891 1683
378.904 1696
378.918 1700
378.932 1652
378.945 1684
378.959 1724
378.973 1660
378.986 1689
379.000 1657
379.014 1652
379.027 1648
379.041 1733
379.054 1680
379.068 1714
379.082 1736
379.095 1700
379.109 1710
379.123 1707
379.136 1720
379.150 1790
379.164 1761
379.177 1768
379.191 1767
379.205 1755
379.218 1818
379.232 1796
379.245 1769
379.259 1776
379.273 1865
379.286 1841
379.300 1862
379.314 1873
379.327 1883
379.341 1875
379.355 1871
379.368 1910
379.382 1895
379.396 1898
379.409 1943
379.423 1926
379.436 1946
379.450 1972
379.464 1931
379.477 1943
379.491 2000
379.505 1995
379.518 2006
379.532 2025
379.546 2040
379.559 2079
379.573 2118
379.586 2028
379.600 2094
379.614 2143
379.627 2176
379.641 2162
379.655 2176
379.668 2162
379.682 2208
379.695 2196
379.709 2261
379.723 2251
379.736 2255
379.750 2351
379.764 2373
379.777 2424
379.791 2433
379.804 2512
379.818 2449
379.832 2485
379.845 2438
379.859 2454
379.873 2437
379.886 2486
379.900 2510
379.913 2565
379.927 2532
379.941 2629
379.954 2623
379.968 2670
379.982 2755
379.995 2731
380.009 2723
380.022 2749
380.036 2821
380.050 2880
380.063 2880
380.077 3013
380.090 3053
380.104 3035
380.118 3131
380.131 3126
380.145 3139
380.159 3195
380.172 3166
380.186 3270
380.199 3368
380.213 3397
380.227 3547
380.240 3487
380.254 3477
380.267 3442
380.281 3529
380.295 3581
380.308 3573
380.322 3692
380.336 3670
380.349 3839
380.363 3851
380.376 3922
380.390 3939
380.404 4016
380.417 4003
380.431 4037
380.444 4117
380.458 4125
380.472 4222
380.485 4266
380.499 4361
380.512 4454
380.526 4351
380.540 4497
380.553 4489
380.567 4631
380.580 4622
380.594 4780
380.608 4820
380.621 5001
380.635 5079
380.648 5056
380.662 5138
380.676 5148
380.689 5283
380.703 5317
380.716 5370
380.730 5472
380.744 5566
380.757 5567
380.771 5716
380.784 5884
380.798 5888
380.812 5922
380.825 5974
380.839 6093
380.852 6258
380.866 6394
380.880 6387
380.893 6428
380.907 6373
380.920 6562
380.934 6583
380.948 6686
380.961 6795
380.975 6861
380.988 6889
381.002 6901
381.015 6871
381.029 7100
381.043 7204
381.056 7284
381.070 7204
381.083 7250
381.097 7380
381.111 7494
381.124 7635
381.138 7662
381.151 7668
381.165 7879
381.179 7970
381.192 7942
381.206 7956
381.219 7934
381.233 8095
381.246 8059
381.260 8225
381.274 8210
381.287 8347
381.301 8398
381.314 8580
381.328 8579
381.341 8658
381.355 8707
381.369 8689
381.382 8819
381.396 8871
381.409 9028
381.423 9111
381.437 9212
381.450 9372
381.464 9406
381.477 9520
381.491 9701
381.504 9602
381.518 9695
381.532 9803
381.545 10022
381.559 10248
381.572 10278
381.586 10297
381.599 10409
381.613 10443
381.627 10600
381.640 10555
381.654 10661
381.667 10718
381.681 10732
381.694 10664
381.708 10552
381.722 10500
381.735 10668
381.749 10538
381.762 10687
381.776 10850
381.789 10933
381.803 10961
381.817 10861
381.830 10956
381.844 11069
381.857 11211
381.871 11378
381.884 11312
381.898 11338
381.911 11436
381.925 11611
381.939 11731
381.952 11887
381.966 11703
381.979 11748
381.993 11979
382.006 12185
382.020 12402
382.034 12502
382.047 12315
382.061 12280
382.074 12215
382.088 12448
382.101 12482
382.115 12454
382.128 12676
382.142 12808
382.156 13369
382.169 13494
382.183 13114
382.196 13153
382.210 13542
382.223 13381
382.237 13510
382.250 13579
382.264 13648
382.278 13637
382.291 13861
382.305 14035
382.318 14227
382.332 14326
382.345 13933
382.359 13823
382.372 14047
382.386 14010
382.399 14074
382.413 14225
382.427 14351
382.440 14437
382.454 14575
382.467 14656
382.481 14847
382.494 15286
382.508 15545
382.521 15663
382.535 15615
382.548 15547
382.562 15626
382.576 15727
382.589 15768
382.603 15897
382.616 16004
382.630 16077
382.643 16473
382.657 16426
382.670 16563
382.684 16793
382.697 16458
382.711 16674
382.724 16734
382.738 16792
382.752 16826
382.765 17156
382.779 17252
382.792 17181
382.806 17487
382.819 17758
382.833 17692
382.846 17987
382.860 18159
382.873 18032
382.887 18359
382.900 18519
382.914 18612
382.928 18925
382.941 19161
382.955 19212
382.968 19356
382.982 19870
382.995 19911
383.009 19867
383.022 19981
383.036 19979
383.049 20153
383.063 20336
383.076 20424
383.090 20601
383.103 20511
383.117 20495
383.130 20981
383.144 20931
383.158 21158
383.171 21369
383.185 21464
383.198 21826
383.212 21979
383.225 22255
383.239 22471
383.252 22591
383.266 22711
383.279 22845
383.293 23094
383.306 23270
383.320 23570
383.333 24079
383.347 24245
383.360 24098
383.374 23981
383.387 24358
383.401 24399
383.414 24703
383.428 24215
383.441 24421
383.455 24430
383.468 24423
383.482 24741
383.496 25345
383.509 25228
383.523 25548
383.536 25664
383.550 25363
383.563 25712
383.577 25826
383.590 26005
383.604 25996
383.617 25926
383.631 25780
383.644 25349
383.658 25749
383.671 25684
383.685 25700
383.698 26079
383.712 26065
383.725 26340
383.739 25930
383.752 26096
383.766 26126
383.779 25770
383.793 25875
383.806 26158
383.820 26521
383.833 26560
383.847 26522
383.860 26371
383.874 26678
383.887 26006
383.901 26308
383.914 26269
383.928 26613
383.941 26415
383.955 25965
383.968 26042
383.982 25938
383.995 25830
384.009 25531
384.022 25765
384.036 25988
384.049 25672
384.063 25670
384.076 26276
384.090 26515
384.103 26508
384.117 26695
384.130 26066
384.144 25283
384.157 25195
384.171 24887
384.184 24662
384.198 24621
384.211 24472
384.225 24171
384.238 24827
384.252 24553
384.265 24084
384.279 23946
384.292 23755
384.306 23449
384.319 23170
384.333 22759
384.346 22141
384.360 22030
384.373 21622
384.387 21339
384.400 20869
384.414 20789
384.427 20363
384.441 20008
384.454 19562
384.468 19296
384.481 18835
384.495 18351
384.508 18346
384.522 17579
384.535 17266
384.549 16771
384.562 16476
384.575 16206
384.589 15826
384.602 15824
384.616 15475
384.629 15020
384.643 14537
384.656 14234
384.670 13789
384.683 13120
384.697 12856
384.710 12363
384.724 12048
384.737 11748
384.751 11370
384.764 11178
384.778 10700
384.791 10491
384.805 10221
384.818 9862
384.832 9443
384.845 9282
384.859 8991
384.872 8728
384.885 8331
384.899 8006
384.912 7855
384.926 7617
384.939 7417
384.953 7267
384.966 7091
384.980 6905
384.993 6676
385.007 6540
385.020 6334
385.034 6302
385.047 6030
385.061 5855
385.074 5827
385.088 5636
385.101 5430
385.114 5469
385.128 5309
385.141 5292
385.155 5127
385.168 5068
385.182 5079
385.195 5043
385.209 5007
385.222 4795
385.236 4716
385.249 4712
385.263 4571
385.276 4590
385.290 4393
385.303 4278
385.316 4268
385.330 4179
385.343 4206
385.357 4155
385.370 4025
385.384 4005
385.397 3889
385.411 3903
385.424 3849
385.438 3752
385.451 3772
385.464 3739
385.478 3718
385.491 3741
385.505 3613
385.518 3576
385.532 3553
385.545 3482
385.559 3430
385.572 3424
385.586 3387
385.599 3377
385.612 3390
385.626 3401
385.639 3252
385.653 3325
385.666 3329
385.680 3343
385.693 3250
385.707 3215
385.720 3232
385.734 3152
385.747 3098
385.760 3063
385.774 3087
385.787 3090
385.801 3015
385.814 2925
385.828 2919
385.841 2923
385.855 2950
385.868 2832
385.881 2809
385.895 2811
385.908 2841
385.922 2799
385.935 2745
385.949 2750
385.962 2696
385.976 2646
385.989 2690
386.002 2687
386.016 2706
386.029 2679
386.043 2676
386.056 2639
386.070 2625
386.083 2584
386.097 2652
386.110 2570
386.123 2575
386.137 2611
386.150 2611
386.164 2612
386.177 2551
386.191 2523
386.204 2470
386.217 2474
386.231 2457
386.244 2449
386.258 2473
386.271 2448
386.285 2413
386.298 2423
386.311 2460
386.325 2366
386.338 2364
386.352 2322
386.365 2373
386.379 2335
386.392 2339
386.405 2337
386.419 2250
386.432 2285
386.446 2281
386.459 2259
386.473 2284
386.486 2201
386.499 2178
386.513 2232
386.526 2139
386.540 2169
386.553 2200
386.567 2158
386.580 2152
386.593 2160
386.607 2204
386.620 2167
386.634 2217
386.647 2204
386.661 2100
386.674 2108
386.687 2069
386.701 2084
386.714 2005
386.728 2064
386.741 2015
386.754 2066
386.768 2030
386.781 2083
386.795 1997
386.808 1980
386.822 2009
386.835 1968
386.848 1955
386.862 1975
386.875 1983
386.889 1934
386.902 1916
386.915 1909
386.929 1888
386.942 1899
386.956 1883
386.969 1880
386.983 1842
386.996 1895
387.009 1864
387.023 1843
387.036 1839
387.050 1850
387.063 1851
387.076 1819
387.090 1771
387.103 1795
387.117 1741
387.130 1754
387.143 1802
387.157 1771
387.170 1789
387.184 1727
387.197 1786
387.210 1768
387.224 1743
387.237 1727
387.251 1712
387.264 1657
387.278 1672
387.291 1679
387.304 1704
387.318 1705
387.331 1656
387.345 1666
387.358 1682
387.371 1690
387.385 1650
387.398 1652
387.412 1569
387.425 1648
387.438 1543
387.452 1556
387.465 1589
387.478 1548
387.492 1527
387.505 1564
387.519 1518
387.532 1556
387.545 1573
387.559 1567
387.572 1548
387.586 1516
387.599 1516
387.612 1528
387.626 1514
387.639 1534
387.653 1514
387.666 1413
387.679 1435
387.693 1413
387.706 1434
387.720 1418
387.733 1437
387.746 1411
387.760 1402
387.773 1425
387.787 1425
387.800 1395
387.813 1396
387.827 1355
387.840 1378
387.853 1376
387.867 1362
387.880 1385
387.894 1403
387.907 1362
387.920 1347
387.934 1352
387.947 1325
387.961 1353
387.974 1322
387.987 1329
388.001 1265
388.014 1302
388.027 1294
388.041 1319
388.054 1289
388.068 1268
388.081 1277
388.094 1273
388.108 1296
388.121 1270
388.134 1206
388.148 1214
388.161 1257
388.175 1215
388.188 1223
388.201 1234
388.215 1182
388.228 1192
388.241 1193
388.255 1234
388.268 1192
388.282 1196
388.295 1178
388.308 1219
388.322 1183
388.335 1182
388.348 1159
388.362 1145
388.375 1174
388.389 1146
388.402 1217
388.415 1178
388.429 1168
388.442 1199
388.455 1173
388.469 1208
388.482 1173
388.495 1166
388.509 1186
388.522 1176
388.536 1216
388.549 1176
388.562 1193
388.576 1132
388.589 1157
388.602 1131
388.616 1104
388.629 1153
388.642 1161
388.656 1147
388.669 1117
388.683 1162
388.696 1120
388.709 1164
388.723 1145
388.736 1138
388.749 1125
388.763 1170
388.776 1144
388.789 1110
388.803 1158
388.816 1143
388.829 1161
388.843 1088
388.856 1119
388.870 1131
388.883 1139
388.896 1147
388.910 1130
388.923 1140
388.936 1131
388.950 1140
388.963 1112
388.976 1120
388.990 1125
389.003 1109
389.016 1115
389.030 1117
389.043 1114
389.056 1103
389.070 1112
389.083 1097
389.097 1102
389.110 1114
389.123 1098
389.137 1098
389.150 1101
389.163 1120
389.177 1113
389.190 1095
389.203 1056
389.217 1087
389.230 1096
389.243 1076
389.257 1088
389.270 1108
389.283 1093
389.297 1071
389.310 1039
389.323 1096
389.337 1066
389.350 1074
389.363 1091
389.377 1058
389.390 1111
389.403 1079
389.417 1052
389.430 1045
389.443 1051
389.457 1062
389.470 1068
389.483 1085
389.497 1074
389.510 1079
389.523 1081
389.537 1049
389.550 1029
389.563 1067
389.577 1026
389.590 1017
389.603 1042
389.617 1027
389.630 1050
389.643 1042
389.657 1045
389.670 1051
389.683 1042
389.697 1036
389.710 1037
389.723 1060
389.737 1048
389.750 1030
389.763 1020
389.777 1042
389.790 1024
389.803 1028
389.817 999
389.830 1010
389.843 997
389.857 1003
389.870 980
389.883 980
389.897 978
389.910 985
389.923 987
389.937 1022
389.950 986
389.963 996
389.977 973
389.990 988
390.003 982
390.017 969
390.030 983
390.043 976
390.057 969
390.070 963
390.083 952
390.096 951
390.110 963
390.123 981
390.136 962
390.150 956
390.163 938
390.176 947
390.190 927
390.203 937
390.216 929
390.230 946
390.243 947
390.256 930
390.270 913
390.283 922
390.296 923
390.310 910
390.323 911
390.336 898
390.349 885
390.363 922
390.376 896
390.389 899
390.403 910
390.416 892
390.429 884
390.443 882
390.456 893
390.469 870
390.483 882
390.496 865
390.509 873
390.522 869
390.536 869
390.549 863
390.562 847
390.576 857
390.589 858
390.602 848
390.616 852
390.629 850
390.642 880
390.655 835
390.669 853
390.682 828
390.695 835
390.709 834
390.722 826
390.735 812
390.749 796
390.762 809
390.775 820
390.788 783
390.802 832
390.815 816
390.828 805
390.842 799
390.855 805
390.868 793
390.882 822
390.895 798
390.908 794
390.921 802
390.935 787
390.948 787
390.961 768
390.975 796
390.988 780
391.001 789
391.014 782
391.028 771
391.041 786
391.054 780
391.068 764
391.081 761
391.094 780
391.107 776
391.121 770
391.134 781
391.147 766
391.161 772
391.174 735
391.187 768
391.200 763
391.214 747
391.227 752
391.240 758
391.254 747
391.267 762
391.280 761
391.293 748
391.307 759
391.320 752
391.333 740
391.347 738
391.360 748
391.373 757
391.386 740
391.400 752
391.413 744
391.426 727
391.440 745
391.453 752
391.466 743
391.479 741
391.493 748
391.506 728
391.519 739
391.532 752
391.546 738
391.559 724
391.572 739
391.586 730
391.599 737
391.612 737
391.625 727
391.639 729
391.652 720
391.665 721
391.678 722
391.692 720
391.705 713
391.718 729
391.732 707
391.745 746
391.758 715
391.771 715
391.785 733
391.798 730
391.811 726
391.824 713
391.838 735
391.851 724
391.864 733
391.877 718
391.891 730
391.904 725
391.917 708
391.931 710
391.944 713
391.957 722
391.970 731
391.984 720
391.997 729
392.010 723
392.023 698
392.037 710
392.050 724
392.063 715
392.076 708
392.090 714
392.103 728
392.116 715
392.129 712
392.143 706
392.156 707
392.169 714
392.182 719
392.196 709
392.209 721
392.222 715
392.235 707
392.249 709
392.262 709
392.275 711
392.288 698
392.302 714
392.315 697
392.328 691
392.341 699
392.355 700
392.368 699
392.381 693
392.394 722
392.408 716
392.421 697
392.434 707
392.447 695
392.461 703
392.474 695
392.487 711
392.500 702
392.514 721
392.527 699
392.540 702
392.553 692
392.567 695
392.580 692
392.593 685
392.606 709
392.620 687
392.633 698
392.646 694
392.659 707
392.673 693
392.686 701
392.699 696
392.712 704
392.726 696
392.739 685
392.752 693
392.765 690
392.778 698
392.792 704
392.805 703
392.818 698
392.831 696
392.845 700
392.858 701
392.871 700
392.884 682
392.898 702
392.911 692
392.924 692
392.937 690
392.951 705
392.964 696
392.977 693
392.990 704
393.003 683
393.017 698
393.030 701
393.043 680
393.056 685
393.070 697
393.083 673
393.096 680
393.109 695
393.122 700
393.136 693
393.149 684
393.162 700
393.175 688
393.189 694
393.202 703
393.215 691
393.228 682
393.242 681
393.255 698
393.268 687
393.281 672
393.294 688
393.308 686
393.321 683
393.334 701
393.347 683
393.360 679
393.374 690
393.387 694
393.400 697
393.413 691
393.427 689
393.440 679
393.453 686
393.466 677
393.479 687
393.493 685
393.506 687
393.519 693
393.532 684
393.546 684
393.559 690
393.572 678
393.585 685
393.598 688
393.612 683
393.625 686
393.638 688
393.651 684
393.664 692
393.678 690
393.691 674
393.704 683
393.717 687
393.730 683
393.744 682
393.757 672
393.770 670
393.783 676
393.796 685
393.810 690
393.823 674
393.836 691
393.849 684
393.863 690
393.876 670
393.889 682
393.902 680
393.915 682
393.929 674
