375.891 987
375.905 969
375.919 978
375.933 989
375.946 999
375.960 1003
375.974 991
375.987 1023
376.001 1001
376.015 1025
376.029 1043
376.042 1033
376.056 1038
376.070 1056
376.084 1058
376.097 1033
376.111 1035
376.125 1072
376.139 1080
376.152 1066
376.166 1078
376.180 1061
376.193 1063
376.207 1097
376.221 1097
376.235 1058
376.248 1077
376.262 1133
376.276 1125
376.290 1090
376.303 1090
376.317 1129
376.331 1104
376.345 1122
376.358 1126
376.372 1129
376.386 1175
376.399 1170
376.413 1179
376.427 1166
376.441 1168
376.454 1165
376.468 1189
376.482 1203
376.495 1204
376.509 1193
376.523 1220
376.537 1237
376.550 1232
376.564 1260
376.578 1268
376.592 1270
376.605 1285
376.619 1248
376.633 1222
376.646 1225
376.660 1255
376.674 1241
376.688 1233
376.701 1278
376.715 1307
376.729 1297
376.742 1291
376.756 1309
376.770 1320
376.784 1327
376.797 1325
376.811 1309
376.825 1377
376.838 1362
376.852 1363
376.866 1355
376.880 1367
376.893 1390
376.907 1362
376.921 1379
376.934 1383
376.948 1415
376.962 1417
376.976 1415
376.989 1390
377.003 1427
377.017 1442
377.030 1506
377.044 1485
377.058 1490
377.071 1465
377.085 1467
377.099 1454
377.113 1477
377.126 1488
377.140 1439
377.154 1483
377.167 1471
377.181 1505
377.195 1506
377.208 1507
377.222 1507
377.236 1516
377.250 1564
377.263 1535
377.277 1542
377.291 1604
377.304 1599
377.318 1587
377.332 1563
377.345 1626
377.359 1567
377.373 1616
377.387 1586
377.400 1646
377.414 1608
377.428 1667
377.441 1628
377.455 1634
377.469 1662
377.482 1668
377.496 1632
377.510 1709
377.524 1740
377.537 1728
377.551 1697
377.565 1729
377.578 1691
377.592 1655
377.606 1671
377.619 1686
377.633 1668
377.647 1673
377.660 1702
377.674 1732
377.688 1699
377.701 1769
377.715 1733
377.729 1766
377.743 1798
377.756 1746
377.770 1779
377.784 1751
377.797 1772
377.811 1800
377.825 1848
377.838 1753
377.852 1796
377.866 1727
377.879 1823
377.893 1810
377.907 1825
377.920 1819
377.934 1833
377.948 1802
377.961 1826
377.975 1821
377.989 1813
378.002 1797
378.016 1828
378.030 1831
378.044 1813
378.057 1817
378.071 1865
378.085 1834
378.098 1868
378.112 1896
378.126 1920
378.139 1883
378.153 1891
378.167 1949
378.180 1909
378.194 1881
378.208 1903
378.221 1882
378.235 1884
378.249 1903
378.262 1873
378.276 1885
378.290 1892
378.303 1862
378.317 1911
378.331 1964
378.344 1954
378.358 1888
378.372 1943
378.385 1928
378.399 1960
378.413 1985
378.426 1982
378.440 1969
378.454 1964
378.467 1955
378.481 2035
378.495 2005
378.508 1949
378.522 1968
378.536 1966
378.549 1960
378.563 2020
378.577 2022
378.590 2022
378.604 2050
378.618 2061
378.631 2010
378.645 2035
378.659 2069
378.672 2040
378.686 2099
378.700 2159
378.713 2162
378.727 2154
378.740 2160
378.754 2106
378.768 2152
378.781 2137
378.795 2186
378.809 2203
378.822 2233
378.836 2232
378.850 2123
378.863 2097
378.877 2192
378.891 2191
378.904 2187
378.918 2254
378.932 2187
378.945 2218
378.959 2191
378.973 2182
378.986 2200
379.000 2234
379.014 2273
379.027 2204
379.041 2281
379.054 2267
379.068 2213
379.082 2223
379.095 2248
379.109 2259
379.123 2286
379.136 2305
379.150 2276
379.164 2293
379.177 2337
379.191 2298
379.205 2310
379.218 2366
379.232 2337
379.245 2372
379.259 2382
379.273 2419
379.286 2369
379.300 2401
379.314 2439
379.327 2421
379.341 2426
379.355 2457
379.368 2484
379.382 2521
379.396 2553
379.409 2528
379.423 2551
379.436 2636
379.450 2608
379.464 2653
379.477 2595
379.491 2618
379.505 2658
379.518 2633
379.532 2667
379.546 2730
379.559 2755
379.573 2756
379.586 2736
379.600 2785
379.614 2833
379.627 2922
379.641 2939
379.655 2880
379.668 2777
379.682 2848
379.695 2944
379.709 2885
379.723 2944
379.736 3133
379.750 3160
379.764 3216
379.777 3244
379.791 3285
379.804 3316
379.818 3399
379.832 3364
379.845 3222
379.859 3230
379.873 3267
379.886 3317
379.900 3382
379.913 3333
379.927 3427
379.941 3447
379.954 3496
379.968 3559
379.982 3608
379.995 3674
380.009 3609
380.022 3716
380.036 3716
380.050 3792
380.063 3826
380.077 4004
380.090 4043
380.104 4152
380.118 4181
380.131 4263
380.145 4272
380.159 4247
380.172 4273
380.186 4322
380.199 4503
380.213 4510
380.227 4635
380.240 4702
380.254 4567
380.267 4534
380.281 4622
380.295 4567
380.308 4763
380.322 4813
380.336 4850
380.349 4844
380.363 4909
380.376 4993
380.390 5086
380.404 5049
380.417 5259
380.431 5323
380.444 5372
380.458 5371
380.472 5334
380.485 5516
380.499 5530
380.512 5660
380.526 5619
380.540 5711
380.553 5817
380.567 5825
380.580 5848
380.594 5996
380.608 6179
380.621 6486
380.635 6371
380.648 6432
380.662 6531
380.676 6617
380.689 6631
380.703 6699
380.716 6851
380.730 6877
380.744 6980
380.757 7015
380.771 7276
380.784 7376
380.798 7289
380.812 7406
380.825 7469
380.839 7454
380.852 7740
380.866 7922
380.880 7989
380.893 7944
380.907 7859
380.920 7984
380.934 7955
380.948 8191
380.961 8293
380.975 8344
380.988 8467
381.002 8326
381.015 8412
381.029 8517
381.043 8618
381.056 8809
381.070 8594
381.083 8791
381.097 8806
381.111 8919
381.124 9123
381.138 9186
381.151 9105
381.165 9209
381.179 9213
381.192 9301
381.206 9272
381.219 9396
381.233 9479
381.246 9515
381.260 9626
381.274 9775
381.287 9824
381.301 9774
381.314 9937
381.328 9901
381.341 9932
381.355 10069
381.369 10066
381.382 10059
381.396 10242
381.409 10334
381.423 10596
381.437 10545
381.450 10598
381.464 10672
381.477 10857
381.491 11083
381.504 10997
381.518 11041
381.532 11160
381.545 11474
381.559 11614
381.572 11679
381.586 11610
381.599 11632
381.613 11832
381.627 11765
381.640 11954
381.654 12014
381.667 12045
381.681 12001
381.694 11892
381.708 11874
381.722 11658
381.735 11721
381.749 11873
381.762 11931
381.776 11972
381.789 11998
381.803 12103
381.817 11997
381.830 12022
381.844 12270
381.857 12270
381.871 12425
381.884 12422
381.898 12146
381.911 12418
381.925 12298
381.939 12565
381.952 12578
381.966 12492
381.979 12508
381.993 12992
382.006 13125
382.020 13341
382.034 13340
382.047 13166
382.061 13020
382.074 12904
382.088 13012
382.101 13106
382.115 13113
382.128 13166
382.142 13421
382.156 13913
382.169 14204
382.183 13996
382.196 13890
382.210 13855
382.223 13762
382.237 13893
382.250 13816
382.264 13985
382.278 13954
382.291 14239
382.305 14206
382.318 14608
382.332 14680
382.345 14050
382.359 14133
382.372 13942
382.386 14231
382.399 14124
382.413 14207
382.427 14243
382.440 14258
382.454 14252
382.467 14460
382.481 14615
382.494 15007
382.508 15191
382.521 15166
382.535 14931
382.548 15075
382.562 14906
382.576 14979
382.589 14982
382.603 15118
382.616 15153
382.630 15341
382.643 15399
382.657 15434
382.670 15595
382.684 15575
382.697 15324
382.711 15512
382.724 15497
382.738 15570
382.752 15716
382.765 15747
382.779 15881
382.792 15925
382.806 16076
382.819 16098
382.833 16172
382.846 16155
382.860 16354
382.873 16331
382.887 16556
382.900 16457
382.914 16623
382.928 16682
382.941 16880
382.955 17088
382.968 17105
382.982 17196
382.995 17019
383.009 17197
383.022 17244
383.036 17471
383.049 17220
383.063 17415
383.076 17438
383.090 17573
383.103 17369
383.117 17599
383.130 17484
383.144 17650
383.158 17566
383.171 17885
383.185 17911
383.198 18018
383.212 18153
383.225 18206
383.239 18325
383.252 18659
383.266 18479
383.279 18664
383.293 18437
383.306 18665
383.320 18812
383.333 19043
383.347 19063
383.360 19290
383.374 19076
383.387 19113
383.401 19200
383.414 19138
383.428 18942
383.441 18860
383.455 18868
383.468 18853
383.482 19035
383.496 19402
383.509 19527
383.523 19358
383.536 19558
383.550 19454
383.563 19246
383.577 19492
383.590 19593
383.604 19615
383.617 19193
383.631 18907
383.644 18863
383.658 18770
383.671 18623
383.685 18572
383.698 18643
383.712 18824
383.725 18732
383.739 18417
383.752 18286
383.766 18307
383.779 18267
383.793 18266
383.806 18242
383.820 18666
383.833 18464
383.847 18305
383.860 18465
383.874 18388
383.887 17933
383.901 17933
383.914 18040
383.928 18066
383.941 17766
383.955 17415
383.968 17250
383.982 17252
383.995 17109
384.009 16838
384.022 16963
384.036 16828
384.049 16604
384.063 16801
384.076 16748
384.090 16904
384.103 16890
384.117 16766
384.130 16509
384.144 15854
384.157 15696
384.171 15517
384.184 15306
384.198 15409
384.211 15032
384.225 15115
384.238 14993
384.252 14938
384.265 14778
384.279 14524
384.292 14419
384.306 14280
384.319 13971
384.333 13637
384.346 13250
384.360 12900
384.373 12784
384.387 12668
384.400 12484
384.414 12359
384.427 12078
384.441 11784
384.454 11522
384.468 11272
384.481 11119
384.495 10875
384.508 10675
384.522 10306
384.535 10088
384.549 9743
384.562 9549
384.575 9383
384.589 9251
384.602 9108
384.616 8963
384.629 8765
384.643 8413
384.656 8268
384.670 7909
384.683 7635
384.697 7529
384.710 7277
384.724 7004
384.737 6922
384.751 6690
384.764 6437
384.778 6380
384.791 6224
384.805 6052
384.818 5915
384.832 5671
384.845 5640
384.859 5482
384.872 5328
384.885 5095
384.899 5043
384.912 4907
384.926 4734
384.939 4640
384.953 4576
384.966 4611
384.980 4410
384.993 4351
385.007 4232
385.020 4279
385.034 4080
385.047 4007
385.061 3986
385.074 3884
385.088 3788
385.101 3777
385.114 3708
385.128 3678
385.141 3601
385.155 3525
385.168 3621
385.182 3664
385.195 3615
385.209 3503
385.222 3358
385.236 3343
385.249 3302
385.263 3332
385.276 3253
385.290 3150
385.303 3136
385.316 3132
385.330 3053
385.343 3028
385.357 3026
385.370 2964
385.384 2951
385.397 2853
385.411 2953
385.424 2841
385.438 2819
385.451 2857
385.464 2796
385.478 2770
385.491 2786
385.505 2696
385.518 2750
385.532 2647
385.545 2615
385.559 2604
385.572 2535
385.586 2551
385.599 2578
385.612 2593
385.626 2575
385.639 2482
385.653 2531
385.666 2542
385.680 2555
385.693 2503
385.707 2484
385.720 2507
385.734 2434
385.747 2367
385.760 2369
385.774 2413
385.787 2398
385.801 2365
385.814 2270
385.828 2211
385.841 2290
385.855 2210
385.868 2213
385.881 2204
385.895 2210
385.908 2167
385.922 2219
385.935 2171
385.949 2176
385.962 2174
385.976 2085
385.989 2060
386.002 2106
386.016 2159
386.029 2091
386.043 2053
386.056 2044
386.070 2070
386.083 2026
386.097 2030
386.110 2018
386.123 2013
386.137 1973
386.150 2019
386.164 1983
386.177 1974
386.191 1990
386.204 1949
386.217 1918
386.231 1896
386.244 1883
386.258 1957
386.271 1979
386.285 1893
386.298 1905
386.311 1884
386.325 1888
386.338 1856
386.352 1851
386.365 1833
386.379 1854
386.392 1806
386.405 1792
386.419 1802
386.432 1761
386.446 1812
386.459 1831
386.473 1756
386.486 1762
386.499 1745
386.513 1707
386.526 1764
386.540 1733
386.553 1735
386.567 1759
386.580 1763
386.593 1750
386.607 1721
386.620 1734
386.634 1772
386.647 1712
386.661 1709
386.674 1671
386.687 1678
386.701 1669
386.714 1630
386.728 1647
386.741 1641
386.754 1607
386.768 1629
386.781 1572
386.795 1588
386.808 1562
386.822 1612
386.835 1571
386.848 1556
386.862 1571
386.875 1553
386.889 1548
386.902 1515
386.915 1531
386.929 1532
386.942 1510
386.956 1492
386.969 1540
386.983 1509
386.996 1496
387.009 1476
387.023 1500
387.036 1486
387.050 1521
387.063 1501
387.076 1473
387.090 1486
387.103 1506
387.117 1446
387.130 1456
387.143 1476
387.157 1469
387.170 1463
387.184 1410
387.197 1400
387.210 1424
387.224 1405
387.237 1374
387.251 1396
387.264 1384
387.278 1365
387.291 1390
387.304 1407
387.318 1377
387.331 1375
387.345 1347
387.358 1362
387.371 1345
387.385 1345
387.398 1343
387.412 1347
387.425 1287
387.438 1304
387.452 1283
387.465 1307
387.478 1278
387.492 1280
387.505 1264
387.519 1286
387.532 1290
387.545 1270
387.559 1284
387.572 1312
387.586 1295
387.599 1243
387.612 1267
387.626 1265
387.639 1264
387.653 1251
387.666 1228
387.679 1226
387.693 1236
387.706 1228
387.720 1188
387.733 1257
387.746 1223
387.760 1264
387.773 1205
387.787 1191
387.800 1189
387.813 1203
387.827 1211
387.840 1187
387.853 1178
387.867 1167
387.880 1199
387.894 1194
387.907 1168
387.920 1207
387.934 1141
387.947 1190
387.961 1138
387.974 1145
387.987 1144
388.001 1112
388.014 1124
388.027 1161
388.041 1115
388.054 1124
388.068 1132
388.081 1130
388.094 1110
388.108 1139
388.121 1115
388.134 1075
388.148 1119
388.161 1077
388.175 1099
388.188 1078
388.201 1082
388.215 1106
388.228 1082
388.241 1058
388.255 1066
388.268 1058
388.282 1065
388.295 1088
388.308 1091
388.322 1062
388.335 1080
388.348 1060
388.362 1061
388.375 1050
388.389 1050
388.402 1075
388.415 1080
388.429 1056
388.442 1081
388.455 1061
388.469 1068
388.482 1034
388.495 1068
388.509 1027
388.522 1081
388.536 1081
388.549 1020
388.562 1025
388.576 1042
388.589 1050
388.602 1052
388.616 1045
388.629 1032
388.642 1033
388.656 1039
388.669 1049
388.683 1027
388.696 1042
388.709 1036
388.723 1043
388.736 1027
388.749 1045
388.763 1033
388.776 1010
388.789 1022
388.803 1033
388.816 1023
388.829 1011
388.843 1029
388.856 978
388.870 988
388.883 1000
388.896 992
388.910 1000
388.923 1008
388.936 1022
388.950 1026
388.963 1008
388.976 1018
388.990 978
389.003 1008
389.016 994
389.030 1029
389.043 1021
389.056 1018
389.070 994
389.083 978
389.097 995
389.110 961
389.123 974
389.137 993
389.150 967
389.163 962
389.177 969
389.190 995
389.203 956
389.217 976
389.230 941
389.243 974
389.257 953
389.270 978
389.283 962
389.297 949
389.310 974
389.323 970
389.337 946
389.350 971
389.363 955
389.377 961
389.390 955
389.403 917
389.417 927
389.430 958
389.443 942
389.457 916
389.470 943
389.483 944
389.497 942
389.510 949
389.523 934
389.537 946
389.550 945
389.563 948
389.577 930
389.590 925
389.603 927
389.617 918
389.630 916
389.643 915
389.657 921
389.670 923
389.683 911
389.697 919
389.710 917
389.723 907
389.737 908
389.750 919
389.763 908
389.777 902
389.790 903
389.803 898
389.817 901
389.830 897
389.843 894
389.857 873
389.870 880
389.883 852
389.897 879
389.910 894
389.923 887
389.937 869
389.950 878
389.963 865
389.977 882
389.990 879
390.003 868
390.017 866
390.030 883
390.043 883
390.057 842
390.070 860
390.083 851
390.096 863
390.110 864
390.123 857
390.136 858
390.150 847
390.163 831
390.176 859
390.190 838
390.203 846
390.216 824
390.230 838
390.243 836
390.256 825
390.270 839
390.283 831
390.296 818
390.310 820
390.323 806
390.336 813
390.349 819
390.363 818
390.376 810
390.389 818
390.403 812
390.416 800
390.429 795
390.443 804
390.456 804
390.469 826
390.483 787
390.496 788
390.509 790
390.522 768
390.536 784
390.549 791
390.562 785
390.576 777
390.589 777
390.602 800
390.616 759
390.629 771
390.642 766
390.655 766
390.669 778
390.682 773
390.695 750
390.709 766
390.722 763
390.735 762
390.749 756
390.762 734
390.775 763
390.788 754
390.802 752
390.815 747
390.828 750
390.842 751
390.855 729
390.868 745
390.882 754
390.895 732
390.908 738
390.921 730
390.935 745
390.948 717
390.961 740
390.975 732
390.988 724
391.001 731
391.014 724
391.028 718
391.041 723
391.054 728
391.068 731
391.081 733
391.094 722
391.107 728
391.121 721
391.134 721
391.147 712
391.161 736
391.174 716
391.187 699
391.200 719
391.214 715
391.227 722
391.240 708
391.254 714
391.267 708
391.280 714
391.293 715
391.307 712
391.320 714
391.333 703
391.347 716
391.360 698
391.373 708
391.386 694
391.400 710
391.413 711
391.426 708
391.440 708
391.453 699
391.466 701
391.479 707
391.493 700
391.506 722
391.519 693
391.532 706
391.546 705
391.559 712
391.572 715
391.586 704
391.599 693
391.612 701
391.625 698
391.639 707
391.652 709
391.665 694
391.678 700
391.692 696
391.705 699
391.718 707
391.732 704
391.745 694
391.758 707
391.771 693
391.785 705
391.798 704
391.811 700
391.824 708
391.838 700
391.851 692
391.864 708
391.877 690
391.891 684
391.904 698
391.917 698
391.931 685
391.944 697
391.957 693
391.970 707
391.984 698
391.997 693
392.010 683
392.023 686
392.037 684
392.050 698
392.063 696
392.076 695
392.090 690
392.103 684
392.116 697
392.129 683
392.143 697
392.156 690
392.169 686
392.182 683
392.196 698
392.209 689
392.222 694
392.235 684
392.249 691
392.262 678
392.275 682
392.288 688
392.302 670
392.315 681
392.328 694
392.341 676
392.355 675
392.368 679
392.381 684
392.394 679
392.408 675
392.421 686
392.434 688
392.447 672
392.461 680
392.474 678
392.487 687
392.500 676
392.514 684
392.527 690
392.540 678
392.553 675
392.567 681
392.580 677
392.593 681
392.606 676
392.620 679
392.633 680
392.646 668
392.659 683
392.673 668
392.686 666
392.699 682
392.712 674
392.726 669
392.739 682
392.752 680
392.765 676
392.778 679
392.792 672
392.805 679
392.818 677
392.831 672
392.845 675
392.858 679
392.871 674
392.884 686
392.898 663
392.911 677
392.924 690
392.937 654
392.951 677
392.964 668
392.977 677
392.990 682
393.003 678
393.017 680
393.030 668
393.043 677
393.056 680
393.070 673
393.083 687
393.096 668
393.109 664
393.122 676
393.136 678
393.149 672
393.162 675
393.175 673
393.189 674
393.202 665
393.215 667
393.228 672
393.242 658
393.255 671
393.268 662
393.281 654
393.294 666
393.308 684
393.321 661
393.334 674
393.347 671
393.360 655
393.374 673
393.387 665
393.400 670
393.413 665
393.427 665
393.440 664
393.453 668
393.466 672
393.479 661
393.493 663
393.506 663
393.519 672
393.532 661
393.546 658
393.559 665
393.572 656
393.585 660
393.598 668
393.612 665
393.625 653
393.638 666
393.651 667
393.664 663
393.678 655
393.691 679
393.704 663
393.717 677
393.730 656
393.744 671
393.757 656
393.770 666
393.783 655
393.796 668
393.810 665
393.823 670
393.836 667
393.849 661
393.863 658
393.876 670
393.889 665
393.902 660
393.915 665
393.929 665
