375.891 806
375.905 800
375.919 826
375.933 815
375.946 836
375.960 843
375.974 824
375.987 821
376.001 829
376.015 842
376.029 838
376.042 846
376.056 850
376.070 842
376.084 870
376.097 857
376.111 855
376.125 863
376.139 871
376.152 849
376.166 873
376.180 877
376.193 895
376.207 863
376.221 887
376.235 888
376.248 890
376.262 908
376.276 887
376.290 909
376.303 919
376.317 892
376.331 901
376.345 909
376.358 914
376.372 911
376.386 947
376.399 951
376.413 930
376.427 952
376.441 932
376.454 967
376.468 949
376.482 946
376.495 944
376.509 962
376.523 994
376.537 997
376.550 986
376.564 989
376.578 997
376.592 1011
376.605 1005
376.619 1012
376.633 1012
376.646 1000
376.660 996
376.674 987
376.688 1000
376.701 1015
376.715 1022
376.729 1042
376.742 1033
376.756 1038
376.770 1001
376.784 1044
376.797 1034
376.811 1049
376.825 1072
376.838 1090
376.852 1109
376.866 1093
376.880 1074
376.893 1097
376.907 1100
376.921 1103
376.934 1114
376.948 1116
376.962 1124
376.976 1120
376.989 1106
377.003 1136
377.017 1175
377.030 1172
377.044 1161
377.058 1186
377.071 1184
377.085 1162
377.099 1135
377.113 1180
377.126 1170
377.140 1193
377.154 1214
377.167 1224
377.181 1203
377.195 1206
377.208 1224
377.222 1202
377.236 1232
377.250 1197
377.263 1210
377.277 1260
377.291 1230
377.304 1296
377.318 1262
377.332 1270
377.345 1269
377.359 1260
377.373 1286
377.387 1253
377.400 1297
377.414 1316
377.428 1310
377.441 1293
377.455 1324
377.469 1330
377.482 1331
377.496 1324
377.510 1351
377.524 1330
377.537 1408
377.551 1371
377.565 1353
377.578 1369
377.592 1370
377.606 1358
377.619 1349
377.633 1367
377.647 1349
377.660 1376
377.674 1388
377.688 1400
377.701 1383
377.715 1355
377.729 1388
377.743 1349
377.756 1408
377.770 1389
377.784 1416
377.797 1417
377.811 1429
377.825 1388
377.838 1425
377.852 1444
377.866 1471
377.879 1436
377.893 1436
377.907 1465
377.920 1446
377.934 1461
377.948 1454
377.961 1458
377.975 1491
377.989 1458
378.002 1419
378.016 1455
378.030 1492
378.044 1460
378.057 1495
378.071 1482
378.085 1520
378.098 1464
378.112 1489
378.126 1477
378.139 1500
378.153 1472
378.167 1476
378.180 1474
378.194 1465
378.208 1509
378.221 1515
378.235 1487
378.249 1546
378.262 1545
378.276 1530
378.290 1557
378.303 1512
378.317 1563
378.331 1525
378.344 1548
378.358 1583
378.372 1567
378.385 1541
378.399 1557
378.413 1556
378.426 1574
378.440 1589
378.454 1579
378.467 1561
378.481 1579
378.495 1584
378.508 1586
378.522 1589
378.536 1625
378.549 1597
378.563 1608
378.577 1617
378.590 1655
378.604 1600
378.618 1626
378.631 1632
378.645 1637
378.659 1648
378.672 1634
378.686 1674
378.700 1680
378.713 1722
378.727 1698
378.740 1710
378.754 1646
378.768 1673
378.781 1720
378.795 1718
378.809 1722
378.822 1773
378.836 1724
378.850 1708
378.863 1720
378.877 1755
378.891 1701
378.904 1734
378.918 1749
378.932 1732
378.945 1758
378.959 1749
378.973 1773
378.986 1729
379.000 1769
379.014 1763
379.027 1780
379.041 1789
379.054 1789
379.068 1769
379.082 1763
379.095 1786
379.109 1776
379.123 1818
379.136 1842
379.150 1870
379.164 1865
379.177 1790
379.191 1841
379.205 1862
379.218 1864
379.232 1875
379.245 1910
379.259 1899
379.273 1902
379.286 1950
379.300 1937
379.314 1941
379.327 1930
379.341 1996
379.355 1951
379.368 1960
379.382 1974
379.396 2021
379.409 1989
379.423 2031
379.436 2013
379.450 2064
379.464 2041
379.477 2072
379.491 2050
379.505 2076
379.518 2107
379.532 2149
379.546 2165
379.559 2202
379.573 2174
379.586 2176
379.600 2168
379.614 2236
379.627 2294
379.641 2316
379.655 2338
379.668 2315
379.682 2352
379.695 2324
379.709 2378
379.723 2346
379.736 2419
379.750 2529
379.764 2567
379.777 2557
379.791 2606
379.804 2648
379.818 2669
379.832 2593
379.845 2519
379.859 2579
379.873 2610
379.886 2660
379.900 2661
379.913 2689
379.927 2728
379.941 2800
379.954 2860
379.968 2899
379.982 2882
379.995 2947
380.009 2906
380.022 2927
380.036 3019
380.050 3016
380.063 3075
380.077 3242
380.090 3232
380.104 3295
380.118 3292
380.131 3340
380.145 3396
380.159 3465
380.172 3516
380.186 3549
380.199 3648
380.213 3636
380.227 3745
380.240 3772
380.254 3712
380.267 3678
380.281 3794
380.295 3848
380.308 3830
380.322 3944
380.336 3982
380.349 4033
380.363 4071
380.376 4112
380.390 4295
380.404 4266
380.417 4276
380.431 4321
380.444 4366
380.458 4492
380.472 4492
380.485 4613
380.499 4615
380.512 4716
380.526 4713
380.540 4823
380.553 4875
380.567 4874
380.580 4965
380.594 5015
380.608 5170
380.621 5499
380.635 5374
380.648 5474
380.662 5495
380.676 5576
380.689 5628
380.703 5730
380.716 5707
380.730 5861
380.744 5944
380.757 6053
380.771 6145
380.784 6303
380.798 6274
380.812 6261
380.825 6476
380.839 6460
380.852 6713
380.866 6817
380.880 6962
380.893 6807
380.907 6948
380.920 7037
380.934 7003
380.948 7170
380.961 7214
380.975 7250
380.988 7354
381.002 7380
381.015 7293
381.029 7413
381.043 7697
381.056 7679
381.070 7673
381.083 7739
381.097 7811
381.111 7939
381.124 8094
381.138 8216
381.151 8262
381.165 8393
381.179 8227
381.192 8313
381.206 8440
381.219 8418
381.233 8475
381.246 8590
381.260 8722
381.274 8799
381.287 8934
381.301 8841
381.314 9034
381.328 9054
381.341 9120
381.355 9124
381.369 9308
381.382 9278
381.396 9384
381.409 9518
381.423 9770
381.437 9649
381.450 9854
381.464 9969
381.477 10137
381.491 10276
381.504 10113
381.518 10239
381.532 10233
381.545 10397
381.559 10773
381.572 10872
381.586 10757
381.599 10845
381.613 10946
381.627 11005
381.640 11285
381.654 11362
381.667 11231
381.681 11392
381.694 11148
381.708 11089
381.722 11045
381.735 11181
381.749 11202
381.762 11415
381.776 11352
381.789 11553
381.803 11461
381.817 11481
381.830 11676
381.844 11590
381.857 11706
381.871 11855
381.884 11893
381.898 12004
381.911 11965
381.925 11941
381.939 12267
381.952 12119
381.966 12201
381.979 12271
381.993 12610
382.006 12950
382.020 12889
382.034 12895
382.047 12967
382.061 13099
382.074 12772
382.088 12834
382.101 13023
382.115 13084
382.128 13126
382.142 13431
382.156 13878
382.169 14172
382.183 14074
382.196 13926
382.210 13940
382.223 14001
382.237 14001
382.250 14085
382.264 14118
382.278 14357
382.291 14559
382.305 14726
382.318 14817
382.332 15060
382.345 14378
382.359 14362
382.372 14548
382.386 14466
382.399 14640
382.413 14684
382.427 14868
382.440 14988
382.454 15028
382.467 15164
382.481 15471
382.494 15876
382.508 16094
382.521 16146
382.535 16038
382.548 15949
382.562 15817
382.576 16124
382.589 16178
382.603 16338
382.616 16654
382.630 16608
382.643 16762
382.657 16906
382.670 16999
382.684 17132
382.697 17024
382.711 17208
382.724 17516
382.738 17353
382.752 17538
382.765 17468
382.779 17842
382.792 17771
382.806 17931
382.819 18134
382.833 18257
382.846 18314
382.860 18558
382.873 18622
382.887 18626
382.900 18943
382.914 18995
382.928 19280
382.941 19253
382.955 19472
382.968 19548
382.982 19953
382.995 19893
383.009 20047
383.022 20237
383.036 20181
383.049 20481
383.063 20644
383.076 20637
383.090 20762
383.103 20839
383.117 20916
383.130 20955
383.144 21278
383.158 21327
383.171 21440
383.185 21634
383.198 21734
383.212 22173
383.225 22287
383.239 22721
383.252 22985
383.266 22810
383.279 23016
383.293 23189
383.306 23259
383.320 23578
383.333 24099
383.347 24313
383.360 24045
383.374 23974
383.387 24264
383.401 24411
383.414 24471
383.428 24114
383.441 24230
383.455 24274
383.468 24176
383.482 24499
383.496 25281
383.509 25231
383.523 25306
383.536 25212
383.550 25138
383.563 25273
383.577 25379
383.590 25793
383.604 25754
383.617 25437
383.631 25429
383.644 25083
383.658 25088
383.671 25137
383.685 25193
383.698 25331
383.712 25488
383.725 25391
383.739 25216
383.752 25248
383.766 25227
383.779 25102
383.793 25188
383.806 25328
383.820 25822
383.833 25469
383.847 25667
383.860 25903
383.874 25738
383.887 25196
383.901 24957
383.914 25471
383.928 25215
383.941 25170
383.955 24813
383.968 24760
383.982 24461
383.995 24452
384.009 24468
384.022 24298
384.036 24150
384.049 23936
384.063 24158
384.076 24345
384.090 24621
384.103 24773
384.117 24809
384.130 24198
384.144 23711
384.157 23094
384.171 22864
384.184 22571
384.198 22484
384.211 22463
384.225 22254
384.238 22331
384.252 22268
384.265 22105
384.279 21733
384.292 21568
384.306 21290
384.319 20755
384.333 20297
384.346 19885
384.360 19579
384.373 19283
384.387 18780
384.400 18491
384.414 18054
384.427 17770
384.441 17435
384.454 16965
384.468 16659
384.481 16175
384.495 16094
384.508 15615
384.522 15223
384.535 14787
384.549 14290
384.562 14009
384.575 13720
384.589 13506
384.602 13154
384.616 12984
384.629 12841
384.643 12356
384.656 11922
384.670 11477
384.683 11233
384.697 10712
384.710 10494
384.724 10130
384.737 9705
384.751 9434
384.764 9292
384.778 9128
384.791 8873
384.805 8522
384.818 8368
384.832 8094
384.845 7662
384.859 7646
384.872 7276
384.885 7092
384.899 6880
384.912 6670
384.926 6541
384.939 6274
384.953 6188
384.966 6076
384.980 5959
384.993 5847
385.007 5689
385.020 5490
385.034 5286
385.047 5244
385.061 5092
385.074 5030
385.088 4818
385.101 4768
385.114 4706
385.128 4604
385.141 4508
385.155 4509
385.168 4503
385.182 4482
385.195 4390
385.209 4262
385.222 4209
385.236 4105
385.249 4075
385.263 3974
385.276 3908
385.290 3737
385.303 3781
385.316 3720
385.330 3612
385.343 3644
385.357 3586
385.370 3518
385.384 3496
385.397 3409
385.411 3383
385.424 3284
385.438 3260
385.451 3285
385.464 3312
385.478 3244
385.491 3168
385.505 3134
385.518 3075
385.532 3103
385.545 3061
385.559 3008
385.572 2960
385.586 2961
385.599 2976
385.612 3012
385.626 2932
385.639 2932
385.653 2898
385.666 2932
385.680 2855
385.693 2902
385.707 2841
385.720 2776
385.734 2752
385.747 2704
385.760 2684
385.774 2700
385.787 2687
385.801 2687
385.814 2593
385.828 2590
385.841 2523
385.855 2547
385.868 2475
385.881 2509
385.895 2429
385.908 2498
385.922 2398
385.935 2456
385.949 2437
385.962 2341
385.976 2379
385.989 2375
386.002 2399
386.016 2389
386.029 2346
386.043 2323
386.056 2306
386.070 2281
386.083 2305
386.097 2285
386.110 2199
386.123 2299
386.137 2257
386.150 2209
386.164 2219
386.177 2200
386.191 2202
386.204 2162
386.217 2176
386.231 2190
386.244 2163
386.258 2177
386.271 2128
386.285 2138
386.298 2144
386.311 2078
386.325 2105
386.338 2037
386.352 2068
386.365 2093
386.379 2011
386.392 2026
386.405 2016
386.419 1983
386.432 1984
386.446 2040
386.459 2013
386.473 1988
386.486 1979
386.499 1870
386.513 1946
386.526 1916
386.540 1911
386.553 1851
386.567 1904
386.580 1905
386.593 1978
386.607 1946
386.620 1911
386.634 1915
386.647 1933
386.661 1878
386.674 1872
386.687 1824
386.701 1817
386.714 1809
386.728 1794
386.741 1791
386.754 1839
386.768 1784
386.781 1778
386.795 1742
386.808 1731
386.822 1717
386.835 1736
386.848 1678
386.862 1689
386.875 1695
386.889 1694
386.902 1657
386.915 1673
386.929 1645
386.942 1697
386.956 1677
386.969 1664
386.983 1615
386.996 1642
387.009 1593
387.023 1596
387.036 1617
387.050 1621
387.063 1577
387.076 1626
387.090 1637
387.103 1604
387.117 1552
387.130 1596
387.143 1580
387.157 1571
387.170 1555
387.184 1559
387.197 1548
387.210 1485
387.224 1532
387.237 1519
387.251 1505
387.264 1487
387.278 1497
387.291 1484
387.304 1474
387.318 1482
387.331 1455
387.345 1473
387.358 1460
387.371 1451
387.385 1442
387.398 1449
387.412 1401
387.425 1454
387.438 1412
387.452 1400
387.465 1398
387.478 1367
387.492 1358
387.505 1354
387.519 1392
387.532 1408
387.545 1387
387.559 1389
387.572 1361
387.586 1346
387.599 1387
387.612 1337
387.626 1322
387.639 1362
387.653 1317
387.666 1308
387.679 1250
387.693 1249
387.706 1268
387.720 1280
387.733 1294
387.746 1303
387.760 1278
387.773 1278
387.787 1273
387.800 1283
387.813 1270
387.827 1262
387.840 1220
387.853 1224
387.867 1212
387.880 1233
387.894 1239
387.907 1242
387.920 1227
387.934 1236
387.947 1206
387.961 1190
387.974 1200
387.987 1208
388.001 1177
388.014 1146
388.027 1193
388.041 1159
388.054 1162
388.068 1169
388.081 1136
388.094 1127
388.108 1147
388.121 1128
388.134 1136
388.148 1145
388.161 1133
388.175 1122
388.188 1126
388.201 1110
388.215 1111
388.228 1121
388.241 1130
388.255 1115
388.268 1103
388.282 1097
388.295 1118
388.308 1111
388.322 1104
388.335 1111
388.348 1099
388.362 1079
388.375 1093
388.389 1091
388.402 1089
388.415 1111
388.429 1111
388.442 1112
388.455 1119
388.469 1106
388.482 1108
388.495 1070
388.509 1094
388.522 1123
388.536 1066
388.549 1073
388.562 1060
388.576 1060
388.589 1067
388.602 1068
388.616 1080
388.629 1068
388.642 1052
388.656 1036
388.669 1060
388.683 1057
388.696 1085
388.709 1076
388.723 1083
388.736 1080
388.749 1058
388.763 1086
388.776 1032
388.789 1067
388.803 1053
388.816 1044
388.829 1055
388.843 1019
388.856 1048
388.870 1050
388.883 1030
388.896 1023
388.910 1045
388.923 1052
388.936 1047
388.950 1044
388.963 1042
388.976 1033
388.990 1049
389.003 999
389.016 1052
389.030 1045
389.043 1045
389.056 1023
389.070 1036
389.083 1043
389.097 1011
389.110 1008
389.123 1026
389.137 1025
389.150 994
389.163 1003
389.177 1007
389.190 996
389.203 1013
389.217 1020
389.230 1013
389.243 989
389.257 1027
389.270 995
389.283 1004
389.297 994
389.310 996
389.323 976
389.337 988
389.350 983
389.363 990
389.377 1007
389.390 1001
389.403 980
389.417 969
389.430 993
389.443 985
389.457 972
389.470 990
389.483 996
389.497 1007
389.510 991
389.523 986
389.537 973
389.550 967
389.563 974
389.577 968
389.590 972
389.603 956
389.617 949
389.630 958
389.643 944
389.657 946
389.670 954
389.683 955
389.697 956
389.710 956
389.723 987
389.737 960
389.750 958
389.763 942
389.777 947
389.790 944
389.803 954
389.817 935
389.830 962
389.843 928
389.857 924
389.870 923
389.883 935
389.897 929
389.910 906
389.923 939
389.937 924
389.950 926
389.963 919
389.977 923
389.990 926
390.003 902
390.017 912
390.030 898
390.043 916
390.057 908
390.070 870
390.083 883
390.096 886
390.110 880
390.123 883
390.136 865
390.150 885
390.163 886
390.176 870
390.190 881
390.203 865
390.216 872
390.230 859
390.243 861
390.256 856
390.270 863
390.283 848
390.296 859
390.310 848
390.323 846
390.336 830
390.349 837
390.363 843
390.376 851
390.389 846
390.403 843
390.416 827
390.429 839
390.443 847
390.456 815
390.469 822
390.483 824
390.496 809
390.509 819
390.522 803
390.536 819
390.549 807
390.562 827
390.576 796
390.589 810
390.602 805
390.616 801
390.629 781
390.642 781
390.655 783
390.669 791
390.682 793
390.695 783
390.709 798
390.722 799
390.735 782
390.749 791
390.762 763
390.775 780
390.788 787
390.802 769
390.815 773
390.828 769
390.842 771
390.855 757
390.868 758
390.882 770
390.895 745
390.908 745
390.921 749
390.935 745
390.948 751
390.961 753
390.975 746
390.988 756
391.001 743
391.014 758
391.028 747
391.041 733
391.054 748
391.068 744
391.081 739
391.094 749
391.107 738
391.121 728
391.134 749
391.147 730
391.161 747
391.174 754
391.187 721
391.200 727
391.214 731
391.227 736
391.240 731
391.254 731
391.267 726
391.280 706
391.293 723
391.307 714
391.320 727
391.333 712
391.347 727
391.360 713
391.373 720
391.386 724
391.400 719
391.413 726
391.426 716
391.440 720
391.453 714
391.466 725
391.479 702
391.493 709
391.506 708
391.519 707
391.532 702
391.546 707
391.559 716
391.572 707
391.586 715
391.599 707
391.612 705
391.625 704
391.639 701
391.652 709
391.665 708
391.678 711
391.692 721
391.705 690
391.718 706
391.732 709
391.745 705
391.758 709
391.771 702
391.785 710
391.798 697
391.811 699
391.824 703
391.838 705
391.851 707
391.864 700
391.877 698
391.891 692
391.904 709
391.917 702
391.931 686
391.944 688
391.957 699
391.970 700
391.984 691
391.997 693
392.010 694
392.023 708
392.037 702
392.050 689
392.063 699
392.076 704
392.090 696
392.103 693
392.116 693
392.129 693
392.143 692
392.156 691
392.169 699
392.182 701
392.196 676
392.209 696
392.222 690
392.235 687
392.249 684
392.262 685
392.275 684
392.288 683
392.302 691
392.315 685
392.328 685
392.341 695
392.355 695
392.368 693
392.381 694
392.394 690
392.408 688
392.421 690
392.434 692
392.447 688
392.461 674
392.474 692
392.487 685
392.500 688
392.514 687
392.527 690
392.540 693
392.553 688
392.567 685
392.580 681
392.593 686
392.606 683
392.620 676
392.633 689
392.646 679
392.659 676
392.673 672
392.686 681
392.699 671
392.712 685
392.726 678
392.739 680
392.752 679
392.765 670
392.778 665
392.792 672
392.805 681
392.818 677
392.831 681
392.845 676
392.858 694
392.871 689
392.884 673
392.898 685
392.911 681
392.924 678
392.937 677
392.951 688
392.964 671
392.977 679
392.990 670
393.003 677
393.017 665
393.030 678
393.043 686
393.056 681
393.070 682
393.083 667
393.096 673
393.109 681
393.122 678
393.136 660
393.149 691
393.162 679
393.175 662
393.189 669
393.202 673
393.215 681
393.228 674
393.242 675
393.255 682
393.268 674
393.281 665
393.294 661
393.308 663
393.321 677
393.334 676
393.347 669
393.360 684
393.374 671
393.387 676
393.400 665
393.413 655
393.427 679
393.440 669
393.453 670
393.466 660
393.479 672
393.493 664
393.506 667
393.519 662
393.532 676
393.546 666
393.559 669
393.572 667
393.585 668
393.598 676
393.612 670
393.625 683
393.638 658
393.651 670
393.664 670
393.678 669
393.691 662
393.704 679
393.717 671
393.730 674
393.744 662
393.757 670
393.770 675
393.783 667
393.796 671
393.810 660
393.823 668
393.836 683
393.849 661
393.863 664
393.876 668
393.889 654
393.902 662
393.915 663
393.929 670
