375.891 841
375.905 818
375.919 831
375.933 843
375.946 854
375.960 821
375.974 836
375.987 852
376.001 832
376.015 848
376.029 851
376.042 862
376.056 876
376.070 872
376.084 861
376.097 878
376.111 870
376.125 863
376.139 874
376.152 872
376.166 882
376.180 883
376.193 900
376.207 883
376.221 892
376.235 899
376.248 897
376.262 909
376.276 912
376.290 929
376.303 914
376.317 915
376.331 903
376.345 923
376.358 916
376.372 949
376.386 946
376.399 944
376.413 917
376.427 950
376.441 977
376.454 954
376.468 965
376.482 937
376.495 970
376.509 967
376.523 989
376.537 978
376.550 982
376.564 985
376.578 982
376.592 1000
376.605 1019
376.619 1022
376.633 999
376.646 1004
376.660 1002
376.674 1009
376.688 1013
376.701 1021
376.715 1015
376.729 1034
376.742 1038
376.756 1075
376.770 1040
376.784 1052
376.797 1041
376.811 1088
376.825 1075
376.838 1087
376.852 1089
376.866 1089
376.880 1108
376.893 1108
376.907 1101
376.921 1121
376.934 1097
376.948 1106
376.962 1136
376.976 1095
376.989 1120
377.003 1145
377.017 1147
377.030 1157
377.044 1204
377.058 1190
377.071 1225
377.085 1167
377.099 1182
377.113 1188
377.126 1191
377.140 1188
377.154 1216
377.167 1246
377.181 1224
377.195 1237
377.208 1222
377.222 1237
377.236 1244
377.250 1254
377.263 1248
377.277 1263
377.291 1280
377.304 1273
377.318 1308
377.332 1274
377.345 1310
377.359 1308
377.373 1294
377.387 1296
377.400 1306
377.414 1302
377.428 1339
377.441 1315
377.455 1340
377.469 1342
377.482 1334
377.496 1371
377.510 1371
377.524 1396
377.537 1371
377.551 1401
377.565 1370
377.578 1411
377.592 1403
377.606 1391
377.619 1380
377.633 1379
377.647 1400
377.660 1395
377.674 1390
377.688 1412
377.701 1380
377.715 1443
377.729 1442
377.743 1404
377.756 1435
377.770 1416
377.784 1419
377.797 1448
377.811 1440
377.825 1431
377.838 1446
377.852 1426
377.866 1491
377.879 1496
377.893 1492
377.907 1472
377.920 1477
377.934 1498
377.948 1470
377.961 1483
377.975 1508
377.989 1504
378.002 1471
378.016 1529
378.030 1502
378.044 1499
378.057 1528
378.071 1522
378.085 1546
378.098 1547
378.112 1533
378.126 1487
378.139 1514
378.153 1559
378.167 1520
378.180 1566
378.194 1560
378.208 1579
378.221 1545
378.235 1560
378.249 1543
378.262 1565
378.276 1566
378.290 1532
378.303 1558
378.317 1549
378.331 1555
378.344 1604
378.358 1553
378.372 1586
378.385 1579
378.399 1618
378.413 1607
378.426 1578
378.440 1635
378.454 1591
378.467 1641
378.481 1600
378.495 1641
378.508 1621
378.522 1641
378.536 1582
378.549 1665
378.563 1614
378.577 1655
378.590 1672
378.604 1675
378.618 1672
378.631 1640
378.645 1666
378.659 1669
378.672 1710
378.686 1755
378.700 1761
378.713 1726
378.727 1742
378.740 1736
378.754 1776
378.768 1756
378.781 1763
378.795 1723
378.809 1750
378.822 1746
378.836 1779
378.850 1713
378.863 1752
378.877 1791
378.891 1785
378.904 1790
378.918 1735
378.932 1772
378.945 1775
378.959 1743
378.973 1776
378.986 1790
379.000 1803
379.014 1794
379.027 1812
379.041 1816
379.054 1789
379.068 1780
379.082 1824
379.095 1823
379.109 1844
379.123 1836
379.136 1892
379.150 1862
379.164 1849
379.177 1874
379.191 1903
379.205 1850
379.218 1912
379.232 1932
379.245 1925
379.259 1926
379.273 1896
379.286 1961
379.300 1983
379.314 1965
379.327 2003
379.341 2000
379.355 1951
379.368 2002
379.382 2024
379.396 2046
379.409 1939
379.423 2010
379.436 2055
379.450 2043
379.464 2134
379.477 2107
379.491 2073
379.505 2138
379.518 2169
379.532 2215
379.546 2206
379.559 2207
379.573 2207
379.586 2192
379.600 2243
379.614 2258
379.627 2283
379.641 2333
379.655 2326
379.668 2333
379.682 2298
379.695 2338
379.709 2372
379.723 2392
379.736 2538
379.750 2536
379.764 2579
379.777 2591
379.791 2618
379.804 2617
379.818 2615
379.832 2655
379.845 2628
379.859 2628
379.873 2607
379.886 2665
379.900 2686
379.913 2711
379.927 2751
379.941 2824
379.954 2908
379.968 2888
379.982 2932
379.995 2989
380.009 2973
380.022 2994
380.036 3017
380.050 3052
380.063 3119
380.077 3229
380.090 3308
380.104 3282
380.118 3331
380.131 3363
380.145 3469
380.159 3419
380.172 3476
380.186 3492
380.199 3593
380.213 3676
380.227 3766
380.240 3739
380.254 3755
380.267 3776
380.281 3783
380.295 3887
380.308 3888
380.322 3959
380.336 4033
380.349 4059
380.363 4186
380.376 4185
380.390 4325
380.404 4352
380.417 4384
380.431 4410
380.444 4423
380.458 4580
380.472 4613
380.485 4651
380.499 4744
380.512 4844
380.526 4868
380.540 4861
380.553 4944
380.567 5027
380.580 5042
380.594 5158
380.608 5348
380.621 5426
380.635 5459
380.648 5480
380.662 5631
380.676 5612
380.689 5786
380.703 5754
380.716 5828
380.730 5846
380.744 6017
380.757 6080
380.771 6205
380.784 6374
380.798 6375
380.812 6481
380.825 6480
380.839 6589
380.852 6811
380.866 6941
380.880 6995
380.893 7026
380.907 7047
380.920 7122
380.934 7100
380.948 7308
380.961 7446
380.975 7543
380.988 7605
381.002 7471
381.015 7671
381.029 7658
381.043 7906
381.056 7818
381.070 7932
381.083 7889
381.097 8164
381.111 8180
381.124 8317
381.138 8443
381.151 8584
381.165 8668
381.179 8609
381.192 8632
381.206 8543
381.219 8575
381.233 8862
381.246 8875
381.260 8939
381.274 9092
381.287 8952
381.301 9286
381.314 9370
381.328 9476
381.341 9495
381.355 9418
381.369 9552
381.382 9693
381.396 9830
381.409 9922
381.423 10000
381.437 10123
381.450 10290
381.464 10300
381.477 10511
381.491 10767
381.504 10558
381.518 10621
381.532 10686
381.545 10886
381.559 11096
381.572 11226
381.586 11197
381.599 11378
381.613 11443
381.627 11605
381.640 11533
381.654 11624
381.667 11775
381.681 11742
381.694 11737
381.708 11635
381.722 11630
381.735 11658
381.749 11686
381.762 11745
381.776 11870
381.789 11916
381.803 11966
381.817 12037
381.830 12093
381.844 12269
381.857 12345
381.871 12507
381.884 12391
381.898 12446
381.911 12592
381.925 12630
381.939 12917
381.952 12872
381.966 12900
381.979 12975
381.993 13203
382.006 13450
382.020 13448
382.034 13529
382.047 13570
382.061 13577
382.074 13575
382.088 13511
382.101 13564
382.115 13818
382.128 13916
382.142 14171
382.156 14566
382.169 14558
382.183 14485
382.196 14751
382.210 14652
382.223 14623
382.237 14901
382.250 14872
382.264 14960
382.278 14880
382.291 15225
382.305 15570
382.318 15692
382.332 15753
382.345 15190
382.359 15510
382.372 15417
382.386 15506
382.399 15504
382.413 15644
382.427 15760
382.440 15953
382.454 16167
382.467 16072
382.481 16573
382.494 16950
382.508 17097
382.521 17143
382.535 17065
382.548 17223
382.562 17197
382.576 17218
382.589 17394
382.603 17591
382.616 17583
382.630 18042
382.643 18033
382.657 18413
382.670 18450
382.684 18303
382.697 18131
382.711 18326
382.724 18513
382.738 18739
382.752 18831
382.765 18788
382.779 18997
382.792 19026
382.806 19357
382.819 19368
382.833 19587
382.846 19705
382.860 19836
382.873 20149
382.887 20046
382.900 20556
382.914 20660
382.928 20930
382.941 20992
382.955 21279
382.968 21371
382.982 21712
382.995 21747
383.009 21838
383.022 22123
383.036 22169
383.049 22536
383.063 22499
383.076 22559
383.090 22527
383.103 22916
383.117 22736
383.130 22825
383.144 23076
383.158 23120
383.171 23602
383.185 23702
383.198 23815
383.212 24055
383.225 24521
383.239 24851
383.252 25121
383.266 25206
383.279 25378
383.293 25554
383.306 25704
383.320 25932
383.333 26532
383.347 26926
383.360 26761
383.374 26189
383.387 26541
383.401 26932
383.414 26924
383.428 26765
383.441 26916
383.455 26911
383.468 26894
383.482 27191
383.496 27519
383.509 27896
383.523 27805
383.536 27676
383.550 27817
383.563 28079
383.577 28047
383.590 28551
383.604 28861
383.617 28159
383.631 28292
383.644 27904
383.658 28162
383.671 28106
383.685 28355
383.698 28702
383.712 28923
383.725 28637
383.739 28766
383.752 28498
383.766 28520
383.779 28578
383.793 28596
383.806 28687
383.820 29231
383.833 29051
383.847 29372
383.860 29249
383.874 29237
383.887 28853
383.901 28811
383.914 29029
383.928 29178
383.941 28939
383.955 28750
383.968 28674
383.982 28368
383.995 28337
384.009 28354
384.022 28311
384.036 27972
384.049 28173
384.063 28572
384.076 29105
384.090 29028
384.103 29394
384.117 29441
384.130 28910
384.144 27975
384.157 27580
384.171 27464
384.184 27170
384.198 26936
384.211 26936
384.225 26670
384.238 27261
384.252 26958
384.265 26844
384.279 26613
384.292 26188
384.306 26097
384.319 25411
384.333 24916
384.346 24418
384.360 24036
384.373 23745
384.387 23562
384.400 23097
384.414 22722
384.427 22392
384.441 21829
384.454 21452
384.468 20914
384.481 20757
384.495 20333
384.508 19880
384.522 19446
384.535 18808
384.549 18707
384.562 18222
384.575 17695
384.589 17383
384.602 17237
384.616 16875
384.629 16558
384.643 16096
384.656 15575
384.670 14971
384.683 14569
384.697 14091
384.710 13663
384.724 13177
384.737 12665
384.751 12566
384.764 12066
384.778 11876
384.791 11490
384.805 11047
384.818 10876
384.832 10450
384.845 10234
384.859 9937
384.872 9605
384.885 9173
384.899 8949
384.912 8627
384.926 8506
384.939 8303
384.953 8020
384.966 7817
384.980 7657
384.993 7471
385.007 7302
385.020 7127
385.034 6880
385.047 6795
385.061 6566
385.074 6410
385.088 6242
385.101 6204
385.114 6117
385.128 5901
385.141 5760
385.155 5671
385.168 5744
385.182 5695
385.195 5532
385.209 5439
385.222 5316
385.236 5135
385.249 5119
385.263 5001
385.276 4923
385.290 4865
385.303 4715
385.316 4610
385.330 4596
385.343 4574
385.357 4525
385.370 4407
385.384 4367
385.397 4199
385.411 4258
385.424 4268
385.438 4172
385.451 4030
385.464 4095
385.478 4038
385.491 4022
385.505 3878
385.518 3900
385.532 3878
385.545 3704
385.559 3698
385.572 3763
385.586 3716
385.599 3712
385.612 3647
385.626 3582
385.639 3632
385.653 3587
385.666 3563
385.680 3546
385.693 3479
385.707 3412
385.720 3451
385.734 3389
385.747 3336
385.760 3285
385.774 3278
385.787 3298
385.801 3249
385.814 3168
385.828 3126
385.841 3090
385.855 3078
385.868 3106
385.881 3050
385.895 3004
385.908 3032
385.922 2975
385.935 2952
385.949 2976
385.962 2895
385.976 2875
385.989 2927
386.002 2939
386.016 2891
386.029 2887
386.043 2882
386.056 2862
386.070 2780
386.083 2800
386.097 2813
386.110 2780
386.123 2753
386.137 2717
386.150 2711
386.164 2737
386.177 2642
386.191 2736
386.204 2679
386.217 2581
386.231 2620
386.244 2619
386.258 2610
386.271 2613
386.285 2597
386.298 2553
386.311 2558
386.325 2548
386.338 2448
386.352 2473
386.365 2489
386.379 2480
386.392 2438
386.405 2484
386.419 2400
386.432 2466
386.446 2450
386.459 2409
386.473 2428
386.486 2387
386.499 2337
386.513 2339
386.526 2342
386.540 2361
386.553 2262
386.567 2263
386.580 2340
386.593 2305
386.607 2314
386.620 2321
386.634 2311
386.647 2325
386.661 2255
386.674 2284
386.687 2273
386.701 2191
386.714 2170
386.728 2147
386.741 2197
386.754 2170
386.768 2172
386.781 2172
386.795 2085
386.808 2064
386.822 2044
386.835 2116
386.848 2096
386.862 2033
386.875 2032
386.889 2041
386.902 2019
386.915 2031
386.929 2030
386.942 2029
386.956 1983
386.969 1985
386.983 1970
386.996 1964
387.009 1947
387.023 1904
387.036 1914
387.050 1949
387.063 1958
387.076 1881
387.090 1940
387.103 1876
387.117 1907
387.130 1911
387.143 1932
387.157 1889
387.170 1878
387.184 1873
387.197 1831
387.210 1825
387.224 1843
387.237 1815
387.251 1795
387.264 1794
387.278 1778
387.291 1760
387.304 1722
387.318 1773
387.331 1757
387.345 1743
387.358 1754
387.371 1756
387.385 1731
387.398 1668
387.412 1684
387.425 1671
387.438 1648
387.452 1646
387.465 1645
387.478 1625
387.492 1620
387.505 1616
387.519 1604
387.532 1619
387.545 1636
387.559 1616
387.572 1640
387.586 1615
387.599 1557
387.612 1581
387.626 1562
387.639 1585
387.653 1573
387.666 1540
387.679 1481
387.693 1529
387.706 1498
387.720 1466
387.733 1495
387.746 1482
387.760 1524
387.773 1529
387.787 1463
387.800 1477
387.813 1494
387.827 1465
387.840 1442
387.853 1410
387.867 1445
387.880 1437
387.894 1462
387.907 1441
387.920 1431
387.934 1412
387.947 1422
387.961 1393
387.974 1352
387.987 1392
388.001 1348
388.014 1339
388.027 1379
388.041 1362
388.054 1344
388.068 1333
388.081 1313
388.094 1331
388.108 1320
388.121 1331
388.134 1301
388.148 1293
388.161 1300
388.175 1283
388.188 1262
388.201 1267
388.215 1252
388.228 1252
388.241 1238
388.255 1232
388.268 1282
388.282 1268
388.295 1224
388.308 1251
388.322 1241
388.335 1246
388.348 1206
388.362 1230
388.375 1253
388.389 1250
388.402 1226
388.415 1232
388.429 1271
388.442 1244
388.455 1200
388.469 1252
388.482 1251
388.495 1231
388.509 1251
388.522 1244
388.536 1244
388.549 1199
388.562 1192
388.576 1182
388.589 1199
388.602 1192
388.616 1205
388.629 1198
388.642 1204
388.656 1191
388.669 1206
388.683 1199
388.696 1207
388.709 1188
388.723 1201
388.736 1196
388.749 1185
388.763 1167
388.776 1184
388.789 1157
388.803 1190
388.816 1177
388.829 1192
388.843 1179
388.856 1186
388.870 1169
388.883 1146
388.896 1166
388.910 1163
388.923 1138
388.936 1167
388.950 1178
388.963 1164
388.976 1176
388.990 1187
389.003 1162
389.016 1160
389.030 1154
389.043 1151
389.056 1177
389.070 1174
389.083 1148
389.097 1150
389.110 1154
389.123 1141
389.137 1160
389.150 1122
389.163 1153
389.177 1136
389.190 1143
389.203 1131
389.217 1141
389.230 1149
389.243 1123
389.257 1109
389.270 1120
389.283 1125
389.297 1127
389.310 1104
389.323 1077
389.337 1113
389.350 1113
389.363 1108
389.377 1119
389.390 1110
389.403 1118
389.417 1100
389.430 1089
389.443 1108
389.457 1091
389.470 1108
389.483 1124
389.497 1086
389.510 1096
389.523 1127
389.537 1113
389.550 1097
389.563 1092
389.577 1075
389.590 1086
389.603 1072
389.617 1097
389.630 1070
389.643 1064
389.657 1076
389.670 1092
389.683 1075
389.697 1080
389.710 1038
389.723 1060
389.737 1093
389.750 1079
389.763 1045
389.777 1078
389.790 1056
389.803 1055
389.817 1057
389.830 1013
389.843 1055
389.857 1021
389.870 998
389.883 1020
389.897 1018
389.910 1024
389.923 1016
389.937 1004
389.950 1004
389.963 1007
389.977 1026
389.990 1010
390.003 1028
390.017 1009
390.030 1006
390.043 1000
390.057 992
390.070 977
390.083 1000
390.096 961
390.110 975
390.123 976
390.136 999
390.150 981
390.163 970
390.176 965
390.190 965
390.203 939
390.216 956
390.230 954
390.243 924
390.256 921
390.270 932
390.283 946
390.296 953
390.310 951
390.323 935
390.336 907
390.349 932
390.363 912
390.376 918
390.389 928
390.403 932
390.416 904
390.429 916
390.443 889
390.456 920
390.469 897
390.483 884
390.496 891
390.509 876
390.522 875
390.536 880
390.549 884
390.562 858
390.576 868
390.589 873
390.602 880
390.616 856
390.629 847
390.642 847
390.655 845
390.669 859
390.682 858
390.695 852
390.709 855
390.722 834
390.735 841
390.749 837
390.762 838
390.775 850
390.788 825
390.802 819
390.815 836
390.828 808
390.842 818
390.855 808
390.868 813
390.882 812
390.895 816
390.908 806
390.921 795
390.935 804
390.948 808
390.961 804
390.975 805
390.988 805
391.001 803
391.014 793
391.028 792
391.041 784
391.054 780
391.068 773
391.081 802
391.094 787
391.107 786
391.121 772
391.134 782
391.147 798
391.161 763
391.174 782
391.187 761
391.200 791
391.214 759
391.227 770
391.240 781
391.254 754
391.267 755
391.280 755
391.293 756
391.307 762
391.320 761
391.333 764
391.347 757
391.360 743
391.373 754
391.386 761
391.400 745
391.413 737
391.426 756
391.440 743
391.453 742
391.466 747
391.479 734
391.493 729
391.506 752
391.519 739
391.532 748
391.546 753
391.559 735
391.572 738
391.586 735
391.599 738
391.612 740
391.625 733
391.639 744
391.652 737
391.665 734
391.678 736
391.692 727
391.705 733
391.718 751
391.732 735
391.745 734
391.758 730
391.771 718
391.785 723
391.798 732
391.811 727
391.824 721
391.838 729
391.851 733
391.864 720
391.877 726
391.891 732
391.904 717
391.917 709
391.931 716
391.944 720
391.957 714
391.970 714
391.984 718
391.997 735
392.010 721
392.023 728
392.037 716
392.050 724
392.063 734
392.076 721
392.090 710
392.103 730
392.116 731
392.129 720
392.143 705
392.156 719
392.169 720
392.182 715
392.196 730
392.209 715
392.222 709
392.235 717
392.249 705
392.262 719
392.275 718
392.288 720
392.302 709
392.315 715
392.328 713
392.341 710
392.355 707
392.368 722
392.381 714
392.394 703
392.408 718
392.421 704
392.434 707
392.447 722
392.461 714
392.474 716
392.487 697
392.500 727
392.514 701
392.527 706
392.540 704
392.553 716
392.567 702
392.580 710
392.593 702
392.606 711
392.620 707
392.633 696
392.646 711
392.659 697
392.673 706
392.686 695
392.699 687
392.712 700
392.726 709
392.739 691
392.752 717
392.765 696
392.778 714
392.792 710
392.805 689
392.818 704
392.831 689
392.845 702
392.858 698
392.871 696
392.884 693
392.898 702
392.911 695
392.924 714
392.937 692
392.951 708
392.964 708
392.977 692
392.990 700
393.003 706
393.017 699
393.030 694
393.043 694
393.056 696
393.070 701
393.083 699
393.096 693
393.109 701
393.122 691
393.136 698
393.149 706
393.162 697
393.175 689
393.189 678
393.202 692
393.215 688
393.228 696
393.242 678
393.255 683
393.268 685
393.281 687
393.294 686
393.308 697
393.321 681
393.334 693
393.347 693
393.360 690
393.374 695
393.387 681
393.400 690
393.413 687
393.427 686
393.440 695
393.453 677
393.466 684
393.479 690
393.493 690
393.506 682
393.519 694
393.532 697
393.546 700
393.559 700
393.572 679
393.585 683
393.598 679
393.612 695
393.625 674
393.638 698
393.651 690
393.664 682
393.678 674
393.691 695
393.704 683
393.717 678
393.730 687
393.744 681
393.757 684
393.770 677
393.783 682
393.796 690
393.810 684
393.823 676
393.836 672
393.849 684
393.863 669
393.876 674
393.889 682
393.902 684
393.915 663
393.929 679
