375.891 879
375.905 860
375.919 907
375.933 895
375.946 901
375.960 890
375.974 917
375.987 898
376.001 923
376.015 910
376.029 907
376.042 930
376.056 922
376.070 918
376.084 935
376.097 954
376.111 934
376.125 960
376.139 962
376.152 950
376.166 959
376.180 965
376.193 986
376.207 995
376.221 971
376.235 997
376.248 998
376.262 985
376.276 1000
376.290 995
376.303 1006
376.317 1001
376.331 985
376.345 1012
376.358 1013
376.372 1059
376.386 1015
376.399 1046
376.413 1061
376.427 1042
376.441 1033
376.454 1060
376.468 1061
376.482 1045
376.495 1073
376.509 1093
376.523 1115
376.537 1065
376.550 1107
376.564 1104
376.578 1087
376.592 1115
376.605 1106
376.619 1143
376.633 1125
376.646 1118
376.660 1097
376.674 1117
376.688 1138
376.701 1128
376.715 1159
376.729 1152
376.742 1182
376.756 1176
376.770 1186
376.784 1163
376.797 1163
376.811 1200
376.825 1207
376.838 1230
376.852 1244
376.866 1245
376.880 1252
376.893 1258
376.907 1245
376.921 1265
376.934 1253
376.948 1259
376.962 1253
376.976 1251
376.989 1276
377.003 1270
377.017 1287
377.030 1335
377.044 1330
377.058 1322
377.071 1311
377.085 1321
377.099 1308
377.113 1320
377.126 1360
377.140 1373
377.154 1375
377.167 1387
377.181 1401
377.195 1378
377.208 1381
377.222 1386
377.236 1410
377.250 1408
377.263 1441
377.277 1446
377.291 1477
377.304 1442
377.318 1469
377.332 1444
377.345 1471
377.359 1444
377.373 1429
377.387 1455
377.400 1497
377.414 1489
377.428 1511
377.441 1504
377.455 1461
377.469 1518
377.482 1555
377.496 1473
377.510 1556
377.524 1564
377.537 1550
377.551 1588
377.565 1589
377.578 1586
377.592 1599
377.606 1584
377.619 1540
377.633 1563
377.647 1571
377.660 1614
377.674 1591
377.688 1567
377.701 1575
377.715 1610
377.729 1580
377.743 1587
377.756 1614
377.770 1612
377.784 1653
377.797 1632
377.811 1663
377.825 1548
377.838 1623
377.852 1658
377.866 1645
377.879 1703
377.893 1683
377.907 1685
377.920 1683
377.934 1670
377.948 1678
377.961 1676
377.975 1670
377.989 1736
378.002 1705
378.016 1690
378.030 1678
378.044 1739
378.057 1706
378.071 1751
378.085 1754
378.098 1764
378.112 1756
378.126 1694
378.139 1732
378.153 1719
378.167 1660
378.180 1740
378.194 1710
378.208 1721
378.221 1765
378.235 1769
378.249 1758
378.262 1762
378.276 1718
378.290 1755
378.303 1748
378.317 1780
378.331 1813
378.344 1778
378.358 1785
378.372 1764
378.385 1792
378.399 1816
378.413 1793
378.426 1812
378.440 1862
378.454 1884
378.467 1828
378.481 1832
378.495 1832
378.508 1855
378.522 1797
378.536 1855
378.549 1851
378.563 1836
378.577 1875
378.590 1895
378.604 1928
378.618 1908
378.631 1903
378.645 1895
378.659 1908
378.672 1906
378.686 1927
378.700 1963
378.713 1944
378.727 2001
378.740 1881
378.754 1932
378.768 2002
378.781 1935
378.795 2070
378.809 2034
378.822 1990
378.836 1995
378.850 1984
378.863 1989
378.877 1997
378.891 2037
378.904 1993
378.918 2036
378.932 2067
378.945 2089
378.959 1999
378.973 1996
378.986 1994
379.000 2055
379.014 2059
379.027 2082
379.041 2092
379.054 2083
379.068 2066
379.082 2112
379.095 2094
379.109 2144
379.123 2157
379.136 2112
379.150 2137
379.164 2142
379.177 2142
379.191 2131
379.205 2211
379.218 2153
379.232 2212
379.245 2192
379.259 2250
379.273 2218
379.286 2272
379.300 2308
379.314 2276
379.327 2307
379.341 2318
379.355 2332
379.368 2274
379.382 2402
379.396 2368
379.409 2371
379.423 2412
379.436 2362
379.450 2404
379.464 2385
379.477 2418
379.491 2441
379.505 2459
379.518 2494
379.532 2484
379.546 2574
379.559 2600
379.573 2581
379.586 2603
379.600 2550
379.614 2627
379.627 2674
379.641 2771
379.655 2705
379.668 2671
379.682 2696
379.695 2735
379.709 2760
379.723 2809
379.736 2902
379.750 2932
379.764 3004
379.777 3074
379.791 3055
379.804 3123
379.818 3118
379.832 3067
379.845 2951
379.859 2962
379.873 3098
379.886 3147
379.900 3128
379.913 3210
379.927 3287
379.941 3306
379.954 3376
379.968 3451
379.982 3394
379.995 3493
380.009 3462
380.022 3524
380.036 3538
380.050 3557
380.063 3709
380.077 3794
380.090 3805
380.104 3908
380.118 3996
380.131 4097
380.145 3922
380.159 4043
380.172 4097
380.186 4170
380.199 4258
380.213 4299
380.227 4302
380.240 4453
380.254 4496
380.267 4469
380.281 4458
380.295 4501
380.308 4610
380.322 4675
380.336 4725
380.349 4827
380.363 5044
380.376 4972
380.390 5063
380.404 5196
380.417 5113
380.431 5204
380.444 5356
380.458 5277
380.472 5394
380.485 5467
380.499 5500
380.512 5665
380.526 5704
380.540 5797
380.553 5788
380.567 5830
380.580 5923
380.594 6094
380.608 6164
380.621 6380
380.635 6446
380.648 6480
380.662 6512
380.676 6574
380.689 6666
380.703 6653
380.716 6837
380.730 6950
380.744 7038
380.757 7070
380.771 7239
380.784 7364
380.798 7426
380.812 7444
380.825 7511
380.839 7803
380.852 7938
380.866 8015
380.880 8234
380.893 8056
380.907 8141
380.920 8299
380.934 8419
380.948 8537
380.961 8566
380.975 8573
380.988 8768
381.002 8600
381.015 8677
381.029 9017
381.043 8980
381.056 9021
381.070 9031
381.083 9204
381.097 9268
381.111 9425
381.124 9468
381.138 9769
381.151 9749
381.165 9846
381.179 9976
381.192 10024
381.206 9865
381.219 9923
381.233 10060
381.246 10290
381.260 10123
381.274 10225
381.287 10365
381.301 10546
381.314 10526
381.328 10759
381.341 10703
381.355 10892
381.369 11007
381.382 10952
381.396 11095
381.409 11307
381.423 11378
381.437 11620
381.450 11583
381.464 11704
381.477 12036
381.491 12064
381.504 12065
381.518 11838
381.532 12043
381.545 12313
381.559 12660
381.572 12799
381.586 12762
381.599 12724
381.613 12878
381.627 12833
381.640 13086
381.654 13135
381.667 13257
381.681 13227
381.694 13203
381.708 13087
381.722 13030
381.735 13028
381.749 12935
381.762 13339
381.776 13329
381.789 13450
381.803 13383
381.817 13530
381.830 13564
381.844 13699
381.857 13804
381.871 13912
381.884 13953
381.898 14050
381.911 14188
381.925 14182
381.939 14396
381.952 14509
381.966 14416
381.979 14512
381.993 14793
382.006 15061
382.020 14950
382.034 15060
382.047 15065
382.061 15083
382.074 15018
382.088 15017
382.101 15298
382.115 15265
382.128 15407
382.142 15809
382.156 16412
382.169 16300
382.183 16084
382.196 16068
382.210 16053
382.223 16304
382.237 16322
382.250 16453
382.264 16348
382.278 16555
382.291 16691
382.305 16993
382.318 17213
382.332 17443
382.345 16851
382.359 16894
382.372 16863
382.386 17202
382.399 17188
382.413 17076
382.427 17320
382.440 17421
382.454 17609
382.467 17816
382.481 17914
382.494 18619
382.508 18637
382.521 18806
382.535 18485
382.548 18232
382.562 18333
382.576 18559
382.589 18300
382.603 18351
382.616 18416
382.630 18533
382.643 18658
382.657 18943
382.670 18912
382.684 18700
382.697 18721
382.711 18538
382.724 18843
382.738 18653
382.752 18766
382.765 18616
382.779 18843
382.792 18899
382.806 18878
382.819 18885
382.833 19050
382.846 19006
382.860 19096
382.873 19235
382.887 19015
382.900 19324
382.914 19470
382.928 19524
382.941 19738
382.955 19431
382.968 19784
382.982 19852
382.995 19930
383.009 19775
383.022 19782
383.036 19933
383.049 19655
383.063 19985
383.076 19874
383.090 19905
383.103 19767
383.117 19889
383.130 19821
383.144 19941
383.158 19941
383.171 19849
383.185 19772
383.198 20146
383.212 20182
383.225 20164
383.239 20517
383.252 20545
383.266 20906
383.279 20786
383.293 20728
383.306 20516
383.320 20708
383.333 21064
383.347 21131
383.360 20626
383.374 20670
383.387 20729
383.401 20451
383.414 20704
383.428 20521
383.441 20567
383.455 20392
383.468 20298
383.482 20272
383.496 20513
383.509 20421
383.523 20516
383.536 20182
383.550 20163
383.563 20264
383.577 20152
383.590 20245
383.604 20192
383.617 20099
383.631 19889
383.644 19477
383.658 19586
383.671 19374
383.685 19482
383.698 19511
383.712 19525
383.725 19432
383.739 19162
383.752 18993
383.766 18818
383.779 18784
383.793 18805
383.806 18676
383.820 18983
383.833 18784
383.847 18552
383.860 18669
383.874 18550
383.887 17984
383.901 18117
383.914 18092
383.928 18139
383.941 17968
383.955 17415
383.968 17348
383.982 17459
383.995 17109
384.009 17062
384.022 17054
384.036 16828
384.049 16668
384.063 16801
384.076 16837
384.090 17014
384.103 16890
384.117 16766
384.130 16509
384.144 15854
384.157 15696
384.171 15629
384.184 15306
384.198 15432
384.211 15032
384.225 15124
384.238 14993
384.252 14938
384.265 14778
384.279 14524
384.292 14460
384.306 14280
384.319 13980
384.333 13641
384.346 13250
384.360 12900
384.373 12784
384.387 12668
384.400 12484
384.414 12423
384.427 12207
384.441 11784
384.454 11609
384.468 11483
384.481 11202
384.495 10875
384.508 10675
384.522 10528
384.535 10176
384.549 10026
384.562 9884
384.575 9492
384.589 9437
384.602 9242
384.616 9192
384.629 8974
384.643 8749
384.656 8498
384.670 8263
384.683 7895
384.697 7786
384.710 7481
384.724 7279
384.737 7134
384.751 6973
384.764 6767
384.778 6573
384.791 6454
384.805 6388
384.818 6190
384.832 5936
384.845 5808
384.859 5703
384.872 5620
384.885 5452
384.899 5363
384.912 5216
384.926 5005
384.939 4899
384.953 4883
384.966 4804
384.980 4747
384.993 4536
385.007 4511
385.020 4358
385.034 4286
385.047 4249
385.061 4156
385.074 4058
385.088 4011
385.101 3908
385.114 3821
385.128 3824
385.141 3727
385.155 3800
385.168 3697
385.182 3790
385.195 3657
385.209 3614
385.222 3522
385.236 3506
385.249 3456
385.263 3428
385.276 3327
385.290 3272
385.303 3253
385.316 3164
385.330 3210
385.343 3214
385.357 3158
385.370 3069
385.384 3041
385.397 3056
385.411 2953
385.424 2966
385.438 2912
385.451 2881
385.464 2888
385.478 2895
385.491 2865
385.505 2836
385.518 2869
385.532 2789
385.545 2771
385.559 2697
385.572 2626
385.586 2706
385.599 2650
385.612 2705
385.626 2663
385.639 2586
385.653 2612
385.666 2619
385.680 2564
385.693 2542
385.707 2605
385.720 2514
385.734 2555
385.747 2428
385.760 2460
385.774 2468
385.787 2436
385.801 2422
385.814 2342
385.828 2320
385.841 2341
385.855 2323
385.868 2269
385.881 2336
385.895 2258
385.908 2255
385.922 2259
385.935 2188
385.949 2206
385.962 2256
385.976 2243
385.989 2171
386.002 2180
386.016 2159
386.029 2204
386.043 2226
386.056 2094
386.070 2085
386.083 2102
386.097 2097
386.110 2069
386.123 2111
386.137 2079
386.150 2062
386.164 2081
386.177 2064
386.191 1990
386.204 2000
386.217 2024
386.231 2021
386.244 2034
386.258 2041
386.271 1995
386.285 1953
386.298 2007
386.311 1979
386.325 1911
386.338 1931
386.352 1931
386.365 1872
386.379 1887
386.392 1924
386.405 1841
386.419 1802
386.432 1906
386.446 1898
386.459 1882
386.473 1900
386.486 1824
386.499 1810
386.513 1828
386.526 1812
386.540 1767
386.553 1798
386.567 1802
386.580 1763
386.593 1780
386.607 1789
386.620 1824
386.634 1820
386.647 1776
386.661 1734
386.674 1762
386.687 1735
386.701 1753
386.714 1746
386.728 1689
386.741 1657
386.754 1692
386.768 1674
386.781 1659
386.795 1680
386.808 1679
386.822 1629
386.835 1648
386.848 1605
386.862 1624
386.875 1609
386.889 1606
386.902 1612
386.915 1564
386.929 1600
386.942 1567
386.956 1566
386.969 1606
386.983 1584
386.996 1550
387.009 1530
387.023 1543
387.036 1533
387.050 1521
387.063 1504
387.076 1520
387.090 1545
387.103 1540
387.117 1518
387.130 1544
387.143 1514
387.157 1528
387.170 1477
387.184 1490
387.197 1452
387.210 1499
387.224 1466
387.237 1461
387.251 1422
387.264 1441
387.278 1420
387.291 1445
387.304 1415
387.318 1377
387.331 1429
387.345 1408
387.358 1464
387.371 1409
387.385 1404
387.398 1412
387.412 1378
387.425 1365
387.438 1352
387.452 1360
387.465 1355
387.478 1319
387.492 1282
387.505 1308
387.519 1334
387.532 1335
387.545 1334
387.559 1326
387.572 1324
387.586 1346
387.599 1338
387.612 1347
387.626 1301
387.639 1319
387.653 1316
387.666 1266
387.679 1263
387.693 1276
387.706 1228
387.720 1269
387.733 1257
387.746 1271
387.760 1288
387.773 1267
387.787 1247
387.800 1231
387.813 1257
387.827 1248
387.840 1231
387.853 1206
387.867 1225
387.880 1227
387.894 1260
387.907 1242
387.920 1235
387.934 1203
387.947 1191
387.961 1199
387.974 1192
387.987 1172
388.001 1153
388.014 1172
388.027 1176
388.041 1196
388.054 1131
388.068 1161
388.081 1177
388.094 1171
388.108 1143
388.121 1172
388.134 1144
388.148 1119
388.161 1169
388.175 1130
388.188 1117
388.201 1116
388.215 1106
388.228 1100
388.241 1123
388.255 1084
388.268 1126
388.282 1130
388.295 1096
388.308 1102
388.322 1098
388.335 1125
388.348 1109
388.362 1089
388.375 1096
388.389 1115
388.402 1102
388.415 1093
388.429 1124
388.442 1089
388.455 1129
388.469 1086
388.482 1091
388.495 1078
388.509 1122
388.522 1148
388.536 1097
388.549 1083
388.562 1071
388.576 1052
388.589 1050
388.602 1087
388.616 1058
388.629 1071
388.642 1099
388.656 1066
388.669 1086
388.683 1095
388.696 1050
388.709 1074
388.723 1073
388.736 1060
388.749 1059
388.763 1051
388.776 1052
388.789 1073
388.803 1038
388.816 1050
388.829 1024
388.843 1036
388.856 1020
388.870 1061
388.883 1009
388.896 1031
388.910 1006
388.923 1008
388.936 1028
388.950 1034
388.963 1022
388.976 1042
388.990 1023
389.003 1028
389.016 1034
389.030 1036
389.043 1033
389.056 1018
389.070 994
389.083 1027
389.097 1018
389.110 1007
389.123 1022
389.137 1010
389.150 1011
389.163 1019
389.177 1012
389.190 1004
389.203 1017
389.217 976
389.230 1010
389.243 988
389.257 975
389.270 986
389.283 980
389.297 992
389.310 988
389.323 977
389.337 946
389.350 992
389.363 974
389.377 973
389.390 955
389.403 960
389.417 974
389.430 988
389.443 958
389.457 966
389.470 954
389.483 948
389.497 942
389.510 971
389.523 938
389.537 966
389.550 955
389.563 948
389.577 962
389.590 962
389.603 928
389.617 956
389.630 919
389.643 947
389.657 921
389.670 959
389.683 940
389.697 919
389.710 930
389.723 918
389.737 932
389.750 920
389.763 920
389.777 903
389.790 926
389.803 910
389.817 929
389.830 897
389.843 895
389.857 909
389.870 901
389.883 904
389.897 896
389.910 894
389.923 888
389.937 889
389.950 881
389.963 886
389.977 883
389.990 879
390.003 878
390.017 883
390.030 899
390.043 888
390.057 884
390.070 863
390.083 876
390.096 878
390.110 864
390.123 873
390.136 859
390.150 864
390.163 831
390.176 867
390.190 843
390.203 855
390.216 836
390.230 839
390.243 851
390.256 825
390.270 839
390.283 831
390.296 822
390.310 820
390.323 812
390.336 813
390.349 821
390.363 829
390.376 836
390.389 818
390.403 818
390.416 813
390.429 795
390.443 804
390.456 804
390.469 830
390.483 793
390.496 802
390.509 790
390.522 768
390.536 796
390.549 795
390.562 785
390.576 805
390.589 812
390.602 809
390.616 797
390.629 792
390.642 789
390.655 775
390.669 786
390.682 787
390.695 750
390.709 789
390.722 776
390.735 765
390.749 768
390.762 784
390.775 767
390.788 764
390.802 757
390.815 765
390.828 765
390.842 778
390.855 758
390.868 745
390.882 766
390.895 777
390.908 738
390.921 752
390.935 749
390.948 745
390.961 740
390.975 755
390.988 755
391.001 743
391.014 724
391.028 734
391.041 731
391.054 742
391.068 754
391.081 733
391.094 745
391.107 746
391.121 721
391.134 721
391.147 738
391.161 736
391.174 748
391.187 753
391.200 733
391.214 715
391.227 729
391.240 743
391.254 714
391.267 746
391.280 734
391.293 715
391.307 719
391.320 722
391.333 708
391.347 718
391.360 731
391.373 708
391.386 733
391.400 724
391.413 711
391.426 708
391.440 717
391.453 717
391.466 701
391.479 707
391.493 729
391.506 722
391.519 712
391.532 717
391.546 713
391.559 721
391.572 715
391.586 720
391.599 693
391.612 710
391.625 714
391.639 707
391.652 716
391.665 722
391.678 706
391.692 705
391.705 711
391.718 709
391.732 709
391.745 718
391.758 716
391.771 725
391.785 730
391.798 718
391.811 700
391.824 715
391.838 706
391.851 698
391.864 711
391.877 702
391.891 700
391.904 698
391.917 702
391.931 704
391.944 697
391.957 705
391.970 709
391.984 698
391.997 702
392.010 712
392.023 691
392.037 700
392.050 699
392.063 697
392.076 696
392.090 691
392.103 700
392.116 697
392.129 695
392.143 703
392.156 700
392.169 696
392.182 697
392.196 698
392.209 689
392.222 700
392.235 692
392.249 691
392.262 685
392.275 699
392.288 689
392.302 670
392.315 688
392.328 694
392.341 702
392.355 708
392.368 690
392.381 684
392.394 703
392.408 675
392.421 696
392.434 688
392.447 691
392.461 680
392.474 694
392.487 700
392.500 682
392.514 691
392.527 691
392.540 678
392.553 703
392.567 693
392.580 677
392.593 694
392.606 676
392.620 688
392.633 683
392.646 683
392.659 690
392.673 668
392.686 677
392.699 683
392.712 674
392.726 676
392.739 689
392.752 680
392.765 683
392.778 691
392.792 677
392.805 679
392.818 681
392.831 685
392.845 689
392.858 685
392.871 692
392.884 689
392.898 681
392.911 700
392.924 688
392.937 694
392.951 681
392.964 668
392.977 686
392.990 682
393.003 685
393.017 680
393.030 678
393.043 688
393.056 680
393.070 673
393.083 689
393.096 682
393.109 682
393.122 688
393.136 683
393.149 679
393.162 675
393.175 675
393.189 682
393.202 675
393.215 676
393.228 672
393.242 687
393.255 680
393.268 670
393.281 654
393.294 666
393.308 692
393.321 687
393.334 674
393.347 680
393.360 670
393.374 673
393.387 684
393.400 670
393.413 678
393.427 665
393.440 675
393.453 668
393.466 679
393.479 661
393.493 673
393.506 670
393.519 682
393.532 675
393.546 673
393.559 672
393.572 672
393.585 679
393.598 666
393.612 665
393.625 667
393.638 678
393.651 667
393.664 674
393.678 683
393.691 679
393.704 672
393.717 677
393.730 656
393.744 677
393.757 671
393.770 671
393.783 655
393.796 671
393.810 669
393.823 666
393.836 671
393.849 676
393.863 658
393.876 674
393.889 679
393.902 660
393.915 665
393.929 672
