375.891 806
375.905 818
375.919 800
375.933 815
375.946 818
375.960 804
375.974 819
375.987 828
376.001 836
376.015 837
376.029 848
376.042 839
376.056 837
376.070 823
376.084 840
376.097 853
376.111 841
376.125 864
376.139 861
376.152 898
376.166 873
376.180 868
376.193 877
376.207 879
376.221 874
376.235 881
376.248 890
376.262 892
376.276 894
376.290 895
376.303 907
376.317 889
376.331 906
376.345 902
376.358 917
376.372 921
376.386 916
376.399 926
376.413 929
376.427 937
376.441 937
376.454 931
376.468 912
376.482 940
376.495 941
376.509 943
376.523 981
376.537 975
376.550 975
376.564 995
376.578 968
376.592 994
376.605 1015
376.619 996
376.633 1006
376.646 987
376.660 993
376.674 1004
376.688 999
376.701 1032
376.715 985
376.729 1032
376.742 1047
376.756 1020
376.770 1024
376.784 1045
376.797 1029
376.811 1073
376.825 1052
376.838 1078
376.852 1082
376.866 1087
376.880 1073
376.893 1032
376.907 1095
376.921 1095
376.934 1085
376.948 1105
376.962 1113
376.976 1113
376.989 1100
377.003 1152
377.017 1163
377.030 1163
377.044 1160
377.058 1156
377.071 1165
377.085 1157
377.099 1151
377.113 1162
377.126 1155
377.140 1166
377.154 1166
377.167 1188
377.181 1187
377.195 1182
377.208 1182
377.222 1184
377.236 1219
377.250 1192
377.263 1195
377.277 1257
377.291 1243
377.304 1266
377.318 1228
377.332 1259
377.345 1247
377.359 1277
377.373 1277
377.387 1257
377.400 1258
377.414 1282
377.428 1257
377.441 1262
377.455 1309
377.469 1315
377.482 1314
377.496 1288
377.510 1319
377.524 1356
377.537 1345
377.551 1346
377.565 1346
377.578 1340
377.592 1365
377.606 1307
377.619 1340
377.633 1335
377.647 1332
377.660 1344
377.674 1362
377.688 1357
377.701 1383
377.715 1374
377.729 1381
377.743 1380
377.756 1400
377.770 1384
377.784 1427
377.797 1408
377.811 1348
377.825 1418
377.838 1409
377.852 1442
377.866 1441
377.879 1449
377.893 1440
377.907 1437
377.920 1416
377.934 1448
377.948 1437
377.961 1438
377.975 1479
377.989 1462
378.002 1447
378.016 1418
378.030 1455
378.044 1436
378.057 1463
378.071 1468
378.085 1430
378.098 1449
378.112 1466
378.126 1438
378.139 1486
378.153 1465
378.167 1474
378.180 1497
378.194 1493
378.208 1491
378.221 1512
378.235 1480
378.249 1523
378.262 1498
378.276 1524
378.290 1520
378.303 1494
378.317 1470
378.331 1509
378.344 1546
378.358 1507
378.372 1547
378.385 1560
378.399 1525
378.413 1540
378.426 1539
378.440 1572
378.454 1567
378.467 1578
378.481 1543
378.495 1587
378.508 1550
378.522 1561
378.536 1555
378.549 1584
378.563 1575
378.577 1622
378.590 1586
378.604 1624
378.618 1604
378.631 1637
378.645 1667
378.659 1616
378.672 1636
378.686 1632
378.700 1663
378.713 1712
378.727 1694
378.740 1707
378.754 1641
378.768 1706
378.781 1720
378.795 1719
378.809 1715
378.822 1737
378.836 1699
378.850 1710
378.863 1639
378.877 1740
378.891 1721
378.904 1722
378.918 1717
378.932 1718
378.945 1730
378.959 1717
378.973 1725
378.986 1704
379.000 1733
379.014 1737
379.027 1756
379.041 1726
379.054 1732
379.068 1764
379.082 1769
379.095 1778
379.109 1815
379.123 1793
379.136 1785
379.150 1804
379.164 1821
379.177 1825
379.191 1835
379.205 1784
379.218 1873
379.232 1819
379.245 1882
379.259 1859
379.273 1847
379.286 1879
379.300 1897
379.314 1901
379.327 1920
379.341 1930
379.355 1925
379.368 1947
379.382 1993
379.396 1971
379.409 1962
379.423 1998
379.436 1993
379.450 1993
379.464 2038
379.477 2029
379.491 2039
379.505 2060
379.518 2062
379.532 2148
379.546 2129
379.559 2187
379.573 2184
379.586 2182
379.600 2160
379.614 2249
379.627 2200
379.641 2257
379.655 2313
379.668 2309
379.682 2192
379.695 2278
379.709 2265
379.723 2306
379.736 2435
379.750 2525
379.764 2471
379.777 2517
379.791 2505
379.804 2581
379.818 2616
379.832 2517
379.845 2496
379.859 2485
379.873 2564
379.886 2645
379.900 2601
379.913 2658
379.927 2685
379.941 2751
379.954 2780
379.968 2796
379.982 2802
379.995 2833
380.009 2879
380.022 2915
380.036 2936
380.050 2953
380.063 3062
380.077 3131
380.090 3248
380.104 3275
380.118 3269
380.131 3316
380.145 3314
380.159 3376
380.172 3447
380.186 3457
380.199 3543
380.213 3603
380.227 3693
380.240 3733
380.254 3655
380.267 3647
380.281 3683
380.295 3751
380.308 3757
380.322 3864
380.336 4020
380.349 3977
380.363 3983
380.376 4101
380.390 4117
380.404 4149
380.417 4279
380.431 4234
380.444 4284
380.458 4449
380.472 4423
380.485 4479
380.499 4581
380.512 4633
380.526 4627
380.540 4718
380.553 4717
380.567 4846
380.580 4930
380.594 4989
380.608 5082
380.621 5263
380.635 5352
380.648 5334
380.662 5476
380.676 5449
380.689 5479
380.703 5569
380.716 5619
380.730 5753
380.744 5808
380.757 5960
380.771 6057
380.784 6132
380.798 6110
380.812 6222
380.825 6265
380.839 6330
380.852 6508
380.866 6702
380.880 6777
380.893 6685
380.907 6772
380.920 6723
380.934 6933
380.948 6995
380.961 7088
380.975 7251
380.988 7225
381.002 7160
381.015 7248
381.029 7353
381.043 7534
381.056 7538
381.070 7642
381.083 7652
381.097 7680
381.111 7733
381.124 7979
381.138 8015
381.151 8073
381.165 8112
381.179 8247
381.192 8283
381.206 8202
381.219 8251
381.233 8385
381.246 8386
381.260 8436
381.274 8605
381.287 8624
381.301 8768
381.314 8822
381.328 8832
381.341 8933
381.355 8967
381.369 8975
381.382 9116
381.396 9251
381.409 9314
381.423 9501
381.437 9643
381.450 9546
381.464 9666
381.477 9853
381.491 10034
381.504 10140
381.518 9985
381.532 10101
381.545 10466
381.559 10583
381.572 10709
381.586 10650
381.599 10676
381.613 10734
381.627 10773
381.640 10759
381.654 11004
381.667 10987
381.681 11129
381.694 11111
381.708 10817
381.722 10792
381.735 10871
381.749 11005
381.762 11015
381.776 11125
381.789 11214
381.803 11192
381.817 11254
381.830 11369
381.844 11338
381.857 11577
381.871 11536
381.884 11735
381.898 11615
381.911 11846
381.925 11879
381.939 11893
381.952 12040
381.966 12099
381.979 12087
381.993 12401
382.006 12588
382.020 12623
382.034 12715
382.047 12590
382.061 12694
382.074 12578
382.088 12730
382.101 12652
382.115 12882
382.128 12948
382.142 13267
382.156 13698
382.169 13877
382.183 13806
382.196 13699
382.210 13689
382.223 13635
382.237 13682
382.250 13727
382.264 13913
382.278 14037
382.291 14173
382.305 14419
382.318 14504
382.332 14582
382.345 14192
382.359 14134
382.372 14130
382.386 14360
382.399 14362
382.413 14521
382.427 14607
382.440 14699
382.454 14818
382.467 14993
382.481 15193
382.494 15474
382.508 15739
382.521 15913
382.535 15725
382.548 15636
382.562 15843
382.576 15768
382.589 15877
382.603 16033
382.616 16259
382.630 16155
382.643 16419
382.657 16644
382.670 16855
382.684 16813
382.697 16760
382.711 16859
382.724 17206
382.738 17139
382.752 17033
382.765 17251
382.779 17321
382.792 17671
382.806 17732
382.819 17816
382.833 18006
382.846 17938
382.860 18123
382.873 18295
382.887 18412
382.900 18610
382.914 18772
382.928 19051
382.941 19029
382.955 19099
382.968 19287
382.982 19549
382.995 19689
383.009 19846
383.022 20009
383.036 20051
383.049 20205
383.063 20227
383.076 20285
383.090 20355
383.103 20596
383.117 20639
383.130 20830
383.144 20931
383.158 20882
383.171 21109
383.185 21316
383.198 21378
383.212 21717
383.225 22021
383.239 22389
383.252 22476
383.266 22506
383.279 22485
383.293 22649
383.306 22855
383.320 23222
383.333 23562
383.347 23988
383.360 23804
383.374 23666
383.387 23899
383.401 24040
383.414 23988
383.428 23838
383.441 23881
383.455 24147
383.468 23804
383.482 24177
383.496 24876
383.509 24955
383.523 24584
383.536 24916
383.550 24831
383.563 25104
383.577 25009
383.590 25298
383.604 25370
383.617 24871
383.631 24986
383.644 24658
383.658 24691
383.671 24634
383.685 24800
383.698 25071
383.712 25451
383.725 25237
383.739 24834
383.752 24869
383.766 24740
383.779 24612
383.793 24816
383.806 25044
383.820 25452
383.833 25266
383.847 25132
383.860 25322
383.874 25543
383.887 24722
383.901 24794
383.914 24912
383.928 25136
383.941 24900
383.955 24573
383.968 24454
383.982 24128
383.995 24263
384.009 24107
384.022 24005
384.036 24113
384.049 23894
384.063 23949
384.076 24245
384.090 24385
384.103 24692
384.117 24404
384.130 23947
384.144 23390
384.157 23005
384.171 22738
384.184 22761
384.198 22454
384.211 22298
384.225 22042
384.238 22239
384.252 22172
384.265 21860
384.279 21618
384.292 21393
384.306 21306
384.319 20820
384.333 20352
384.346 19848
384.360 19516
384.373 19244
384.387 18870
384.400 18627
384.414 18196
384.427 18082
384.441 17522
384.454 17169
384.468 16753
384.481 16593
384.495 16121
384.508 15601
384.522 15339
384.535 14989
384.549 14575
384.562 14125
384.575 13807
384.589 13670
384.602 13577
384.616 13163
384.629 12792
384.643 12546
384.656 12134
384.670 11776
384.683 11330
384.697 10989
384.710 10604
384.724 10369
384.737 10011
384.751 9712
384.764 9467
384.778 9168
384.791 9019
384.805 8706
384.818 8500
384.832 8114
384.845 8085
384.859 7717
384.872 7452
384.885 7213
384.899 7017
384.912 6782
384.926 6649
384.939 6407
384.953 6283
384.966 6140
384.980 6104
384.993 5810
385.007 5727
385.020 5546
385.034 5522
385.047 5318
385.061 5207
385.074 5144
385.088 4988
385.101 4939
385.114 4920
385.128 4747
385.141 4736
385.155 4554
385.168 4648
385.182 4643
385.195 4564
385.209 4476
385.222 4362
385.236 4284
385.249 4202
385.263 4175
385.276 4090
385.290 3982
385.303 3936
385.316 3790
385.330 3835
385.343 3765
385.357 3778
385.370 3714
385.384 3639
385.397 3574
385.411 3592
385.424 3549
385.438 3495
385.451 3512
385.464 3445
385.478 3453
385.491 3411
385.505 3369
385.518 3296
385.532 3400
385.545 3248
385.559 3208
385.572 3227
385.586 3198
385.599 3136
385.612 3146
385.626 3180
385.639 3059
385.653 3105
385.666 3114
385.680 3062
385.693 3058
385.707 2999
385.720 2971
385.734 2977
385.747 2930
385.760 2876
385.774 2833
385.787 2860
385.801 2805
385.814 2727
385.828 2756
385.841 2715
385.855 2700
385.868 2695
385.881 2615
385.895 2598
385.908 2634
385.922 2610
385.935 2617
385.949 2558
385.962 2495
385.976 2535
385.989 2555
386.002 2595
386.016 2520
386.029 2546
386.043 2496
386.056 2474
386.070 2415
386.083 2402
386.097 2429
386.110 2448
386.123 2432
386.137 2357
386.150 2371
386.164 2347
386.177 2344
386.191 2379
386.204 2351
386.217 2302
386.231 2314
386.244 2305
386.258 2311
386.271 2282
386.285 2277
386.298 2269
386.311 2258
386.325 2261
386.338 2226
386.352 2155
386.365 2225
386.379 2192
386.392 2176
386.405 2126
386.419 2137
386.432 2120
386.446 2197
386.459 2133
386.473 2140
386.486 2112
386.499 2070
386.513 2089
386.526 2059
386.540 2056
386.553 2014
386.567 2022
386.580 2077
386.593 2060
386.607 2092
386.620 2020
386.634 2072
386.647 2010
386.661 2091
386.674 1969
386.687 1943
386.701 1965
386.714 1928
386.728 1924
386.741 1913
386.754 1937
386.768 1903
386.781 1902
386.795 1883
386.808 1854
386.822 1857
386.835 1854
386.848 1841
386.862 1779
386.875 1815
386.889 1785
386.902 1800
386.915 1821
386.929 1794
386.942 1760
386.956 1751
386.969 1756
386.983 1761
386.996 1759
387.009 1725
387.023 1731
387.036 1744
387.050 1746
387.063 1701
387.076 1699
387.090 1683
387.103 1695
387.117 1646
387.130 1682
387.143 1678
387.157 1690
387.170 1696
387.184 1636
387.197 1634
387.210 1621
387.224 1609
387.237 1606
387.251 1590
387.264 1606
387.278 1580
387.291 1560
387.304 1552
387.318 1596
387.331 1538
387.345 1556
387.358 1585
387.371 1541
387.385 1502
387.398 1529
387.412 1490
387.425 1506
387.438 1470
387.452 1412
387.465 1450
387.478 1436
387.492 1420
387.505 1405
387.519 1450
387.532 1447
387.545 1476
387.559 1453
387.572 1458
387.586 1439
387.599 1447
387.612 1451
387.626 1434
387.639 1411
387.653 1418
387.666 1385
387.679 1347
387.693 1323
387.706 1315
387.720 1341
387.733 1332
387.746 1326
387.760 1346
387.773 1326
387.787 1345
387.800 1327
387.813 1321
387.827 1319
387.840 1296
387.853 1288
387.867 1281
387.880 1335
387.894 1312
387.907 1340
387.920 1298
387.934 1248
387.947 1255
387.961 1266
387.974 1272
387.987 1252
388.001 1224
388.014 1230
388.027 1210
388.041 1247
388.054 1239
388.068 1212
388.081 1209
388.094 1248
388.108 1228
388.121 1217
388.134 1199
388.148 1196
388.161 1170
388.175 1160
388.188 1141
388.201 1165
388.215 1178
388.228 1180
388.241 1158
388.255 1129
388.268 1170
388.282 1148
388.295 1137
388.308 1155
388.322 1128
388.335 1141
388.348 1128
388.362 1141
388.375 1118
388.389 1170
388.402 1139
388.415 1116
388.429 1119
388.442 1157
388.455 1138
388.469 1131
388.482 1154
388.495 1167
388.509 1173
388.522 1165
388.536 1103
388.549 1114
388.562 1115
388.576 1119
388.589 1123
388.602 1127
388.616 1115
388.629 1127
388.642 1141
388.656 1108
388.669 1110
388.683 1098
388.696 1121
388.709 1102
388.723 1114
388.736 1103
388.749 1119
388.763 1092
388.776 1096
388.789 1118
388.803 1093
388.816 1086
388.829 1094
388.843 1082
388.856 1082
388.870 1087
388.883 1113
388.896 1089
388.910 1091
388.923 1106
388.936 1066
388.950 1091
388.963 1057
388.976 1072
388.990 1103
389.003 1095
389.016 1064
389.030 1063
389.043 1087
389.056 1063
389.070 1102
389.083 1084
389.097 1065
389.110 1056
389.123 1056
389.137 1055
389.150 1077
389.163 1064
389.177 1076
389.190 1076
389.203 1052
389.217 1047
389.230 1048
389.243 1025
389.257 1021
389.270 1047
389.283 1001
389.297 1022
389.310 1044
389.323 1033
389.337 1051
389.350 1042
389.363 1025
389.377 1017
389.390 1042
389.403 1031
389.417 1036
389.430 1049
389.443 1033
389.457 1026
389.470 1026
389.483 1044
389.497 1043
389.510 1030
389.523 1003
389.537 1043
389.550 1035
389.563 1005
389.577 1000
389.590 1017
389.603 991
389.617 1000
389.630 991
389.643 1005
389.657 967
389.670 1006
389.683 1008
389.697 1002
389.710 992
389.723 996
389.737 990
389.750 1004
389.763 972
389.777 988
389.790 985
389.803 960
389.817 988
389.830 990
389.843 976
389.857 945
389.870 963
389.883 948
389.897 959
389.910 955
389.923 938
389.937 943
389.950 936
389.963 935
389.977 954
389.990 936
390.003 940
390.017 938
390.030 939
390.043 929
390.057 924
390.070 934
390.083 932
390.096 926
390.110 922
390.123 927
390.136 925
390.150 919
390.163 908
390.176 907
390.190 894
390.203 888
390.216 898
390.230 902
390.243 885
390.256 876
390.270 889
390.283 886
390.296 886
390.310 899
390.323 884
390.336 854
390.349 855
390.363 861
390.376 874
390.389 879
390.403 873
390.416 874
390.429 856
390.443 853
390.456 860
390.469 845
390.483 843
390.496 858
390.509 837
390.522 831
390.536 807
390.549 836
390.562 823
390.576 818
390.589 819
390.602 820
390.616 811
390.629 814
390.642 804
390.655 804
390.669 814
390.682 815
390.695 820
390.709 797
390.722 805
390.735 806
390.749 788
390.762 794
390.775 796
390.788 802
390.802 787
390.815 794
390.828 777
390.842 801
390.855 788
390.868 781
390.882 781
390.895 777
390.908 777
390.921 764
390.935 772
390.948 759
390.961 756
390.975 751
390.988 776
391.001 763
391.014 754
391.028 764
391.041 770
391.054 752
391.068 754
391.081 750
391.094 751
391.107 756
391.121 747
391.134 748
391.147 750
391.161 756
391.174 743
391.187 735
391.200 742
391.214 747
391.227 734
391.240 737
391.254 740
391.267 743
391.280 742
391.293 729
391.307 741
391.320 720
391.333 732
391.347 742
391.360 721
391.373 719
391.386 739
391.400 726
391.413 726
391.426 735
391.440 729
391.453 729
391.466 726
391.479 724
391.493 728
391.506 740
391.519 721
391.532 731
391.546 726
391.559 728
391.572 728
391.586 716
391.599 722
391.612 699
391.625 724
391.639 718
391.652 700
391.665 723
391.678 723
391.692 724
391.705 703
391.718 700
391.732 721
391.745 683
391.758 721
391.771 713
391.785 695
391.798 701
391.811 713
391.824 702
391.838 711
391.851 707
391.864 699
391.877 694
391.891 717
391.904 701
391.917 687
391.931 711
391.944 693
391.957 704
391.970 696
391.984 716
391.997 703
392.010 710
392.023 707
392.037 707
392.050 708
392.063 702
392.076 705
392.090 699
392.103 700
392.116 694
392.129 702
392.143 696
392.156 688
392.169 695
392.182 698
392.196 707
392.209 698
392.222 680
392.235 700
392.249 703
392.262 688
392.275 693
392.288 688
392.302 689
392.315 700
392.328 676
392.341 697
392.355 702
392.368 700
392.381 689
392.394 691
392.408 687
392.421 690
392.434 696
392.447 684
392.461 687
392.474 684
392.487 695
392.500 686
392.514 683
392.527 693
392.540 690
392.553 691
392.567 685
392.580 690
392.593 696
392.606 682
392.620 694
392.633 690
392.646 672
392.659 682
392.673 693
392.686 683
392.699 696
392.712 679
392.726 685
392.739 700
392.752 690
392.765 682
392.778 691
392.792 690
392.805 680
392.818 683
392.831 684
392.845 696
392.858 687
392.871 686
392.884 695
392.898 681
392.911 683
392.924 693
392.937 678
392.951 676
392.964 680
392.977 682
392.990 680
393.003 683
393.017 675
393.030 677
393.043 674
393.056 668
393.070 676
393.083 686
393.096 685
393.109 690
393.122 686
393.136 680
393.149 691
393.162 683
393.175 672
393.189 679
393.202 689
393.215 677
393.228 685
393.242 669
393.255 674
393.268 679
393.281 677
393.294 680
393.308 677
393.321 671
393.334 672
393.347 689
393.360 672
393.374 678
393.387 670
393.400 684
393.413 671
393.427 675
393.440 677
393.453 670
393.466 672
393.479 681
393.493 675
393.506 665
393.519 681
393.532 671
393.546 673
393.559 671
393.572 681
393.585 673
393.598 672
393.612 675
393.625 673
393.638 670
393.651 677
393.664 667
393.678 665
393.691 681
393.704 676
393.717 667
393.730 676
393.744 680
393.757 677
393.770 677
393.783 679
393.796 665
393.810 674
393.823 670
393.836 663
393.849 668
393.863 675
393.876 661
393.889 661
393.902 680
393.915 669
393.929 665
