375.891 767
375.905 753
375.919 779
375.933 761
375.946 765
375.960 777
375.974 761
375.987 762
376.001 784
376.015 748
376.029 771
376.042 791
376.056 774
376.070 799
376.084 794
376.097 779
376.111 768
376.125 796
376.139 790
376.152 786
376.166 795
376.180 819
376.193 820
376.207 796
376.221 819
376.235 798
376.248 810
376.262 824
376.276 831
376.290 812
376.303 839
376.317 819
376.331 824
376.345 834
376.358 813
376.372 821
376.386 851
376.399 828
376.413 848
376.427 843
376.441 840
376.454 848
376.468 845
376.482 832
376.495 865
376.509 869
376.523 869
376.537 884
376.550 879
376.564 875
376.578 887
376.592 875
376.605 901
376.619 880
376.633 883
376.646 878
376.660 890
376.674 908
376.688 916
376.701 895
376.715 913
376.729 914
376.742 922
376.756 930
376.770 906
376.784 925
376.797 924
376.811 920
376.825 921
376.838 931
376.852 963
376.866 949
376.880 937
376.893 956
376.907 960
376.921 953
376.934 954
376.948 983
376.962 978
376.976 992
376.989 960
377.003 968
377.017 984
377.030 989
377.044 1033
377.058 1007
377.071 1017
377.085 993
377.099 991
377.113 975
377.126 1015
377.140 1044
377.154 1045
377.167 1025
377.181 1014
377.195 1038
377.208 1029
377.222 1054
377.236 1021
377.250 1054
377.263 1065
377.277 1063
377.291 1073
377.304 1059
377.318 1078
377.332 1108
377.345 1077
377.359 1077
377.373 1087
377.387 1082
377.400 1076
377.414 1109
377.428 1102
377.441 1114
377.455 1142
377.469 1100
377.482 1094
377.496 1145
377.510 1125
377.524 1115
377.537 1162
377.551 1154
377.565 1145
377.578 1139
377.592 1128
377.606 1151
377.619 1169
377.633 1135
377.647 1141
377.660 1156
377.674 1179
377.688 1175
377.701 1158
377.715 1133
377.729 1185
377.743 1141
377.756 1207
377.770 1202
377.784 1188
377.797 1151
377.811 1215
377.825 1183
377.838 1184
377.852 1188
377.866 1212
377.879 1217
377.893 1221
377.907 1177
377.920 1216
377.934 1220
377.948 1186
377.961 1190
377.975 1189
377.989 1232
378.002 1202
378.016 1219
378.030 1223
378.044 1188
378.057 1226
378.071 1217
378.085 1250
378.098 1234
378.112 1250
378.126 1273
378.139 1269
378.153 1246
378.167 1266
378.180 1239
378.194 1249
378.208 1256
378.221 1255
378.235 1283
378.249 1262
378.262 1245
378.276 1273
378.290 1294
378.303 1284
378.317 1269
378.331 1238
378.344 1280
378.358 1292
378.372 1275
378.385 1300
378.399 1300
378.413 1293
378.426 1332
378.440 1328
378.454 1314
378.467 1316
378.481 1275
378.495 1303
378.508 1349
378.522 1291
378.536 1327
378.549 1328
378.563 1317
378.577 1329
378.590 1319
378.604 1348
378.618 1368
378.631 1319
378.645 1369
378.659 1365
378.672 1359
378.686 1404
378.700 1438
378.713 1423
378.727 1418
378.740 1420
378.754 1414
378.768 1420
378.781 1475
378.795 1413
378.809 1445
378.822 1467
378.836 1463
378.850 1409
378.863 1442
378.877 1404
378.891 1449
378.904 1417
378.918 1421
378.932 1458
378.945 1440
378.959 1442
378.973 1448
378.986 1473
379.000 1435
379.014 1434
379.027 1475
379.041 1448
379.054 1458
379.068 1451
379.082 1491
379.095 1487
379.109 1491
379.123 1476
379.136 1514
379.150 1470
379.164 1497
379.177 1511
379.191 1526
379.205 1467
379.218 1550
379.232 1538
379.245 1544
379.259 1609
379.273 1555
379.286 1594
379.300 1565
379.314 1552
379.327 1583
379.341 1588
379.355 1563
379.368 1636
379.382 1664
379.396 1634
379.409 1636
379.423 1661
379.436 1657
379.450 1651
379.464 1648
379.477 1697
379.491 1708
379.505 1731
379.518 1733
379.532 1732
379.546 1742
379.559 1725
379.573 1753
379.586 1794
379.600 1753
379.614 1786
379.627 1816
379.641 1858
379.655 1864
379.668 1825
379.682 1871
379.695 1864
379.709 1922
379.723 1884
379.736 1937
379.750 2005
379.764 2051
379.777 2005
379.791 2114
379.804 2090
379.818 2115
379.832 2100
379.845 2022
379.859 2097
379.873 2101
379.886 2064
379.900 2144
379.913 2160
379.927 2198
379.941 2202
379.954 2249
379.968 2263
379.982 2286
379.995 2297
380.009 2340
380.022 2363
380.036 2323
380.050 2441
380.063 2429
380.077 2589
380.090 2664
380.104 2563
380.118 2633
380.131 2621
380.145 2668
380.159 2645
380.172 2741
380.186 2862
380.199 2870
380.213 2865
380.227 2947
380.240 3002
380.254 2934
380.267 2892
380.281 2868
380.295 2930
380.308 2963
380.322 3078
380.336 3089
380.349 3092
380.363 3172
380.376 3165
380.390 3278
380.404 3377
380.417 3364
380.431 3416
380.444 3405
380.458 3441
380.472 3491
380.485 3581
380.499 3567
380.512 3623
380.526 3677
380.540 3673
380.553 3718
380.567 3769
380.580 3906
380.594 3861
380.608 3968
380.621 4148
380.635 4263
380.648 4152
380.662 4203
380.676 4281
380.689 4373
380.703 4322
380.716 4442
380.730 4450
380.744 4554
380.757 4692
380.771 4777
380.784 4837
380.798 4826
380.812 4790
380.825 4945
380.839 5009
380.852 5087
380.866 5297
380.880 5231
380.893 5322
380.907 5245
380.920 5294
380.934 5389
380.948 5420
380.961 5477
380.975 5653
380.988 5597
381.002 5567
381.015 5671
381.029 5776
381.043 5823
381.056 5919
381.070 5909
381.083 5837
381.097 6013
381.111 6118
381.124 6186
381.138 6328
381.151 6211
381.165 6286
381.179 6322
381.192 6402
381.206 6464
381.219 6381
381.233 6363
381.246 6508
381.260 6615
381.274 6570
381.287 6758
381.301 6619
381.314 6805
381.328 6792
381.341 6877
381.355 7080
381.369 7002
381.382 7129
381.396 7126
381.409 7273
381.423 7263
381.437 7393
381.450 7221
381.464 7467
381.477 7597
381.491 7704
381.504 7818
381.518 7769
381.532 7692
381.545 7970
381.559 8207
381.572 8011
381.586 8099
381.599 8267
381.613 8207
381.627 8248
381.640 8502
381.654 8403
381.667 8369
381.681 8513
381.694 8509
381.708 8330
381.722 8262
381.735 8403
381.749 8432
381.762 8394
381.776 8561
381.789 8434
381.803 8551
381.817 8565
381.830 8691
381.844 8715
381.857 8851
381.871 8899
381.884 9033
381.898 8812
381.911 8938
381.925 9125
381.939 9020
381.952 9081
381.966 9229
381.979 9347
381.993 9398
382.006 9536
382.020 9679
382.034 9778
382.047 9641
382.061 9663
382.074 9662
382.088 9643
382.101 9766
382.115 9730
382.128 9778
382.142 10149
382.156 10510
382.169 10525
382.183 10349
382.196 10269
382.210 10402
382.223 10420
382.237 10462
382.250 10382
382.264 10546
382.278 10600
382.291 10820
382.305 10937
382.318 11080
382.332 11192
382.345 10915
382.359 10769
382.372 10864
382.386 10798
382.399 10955
382.413 11061
382.427 10943
382.440 11164
382.454 11266
382.467 11357
382.481 11455
382.494 11790
382.508 11916
382.521 12076
382.535 11814
382.548 11829
382.562 11986
382.576 11935
382.589 11938
382.603 12272
382.616 12205
382.630 12382
382.643 12505
382.657 12714
382.670 12775
382.684 12682
382.697 12815
382.711 12851
382.724 13050
382.738 12990
382.752 12923
382.765 13147
382.779 13256
382.792 13431
382.806 13592
382.819 13642
382.833 13812
382.846 13622
382.860 13854
382.873 13977
382.887 14095
382.900 14052
382.914 14402
382.928 14560
382.941 14613
382.955 14719
382.968 14862
382.982 15020
382.995 15150
383.009 15129
383.022 15248
383.036 15387
383.049 15494
383.063 15504
383.076 15503
383.090 15675
383.103 15805
383.117 15985
383.130 15977
383.144 16155
383.158 16322
383.171 16574
383.185 16678
383.198 16588
383.212 16870
383.225 17000
383.239 17218
383.252 17321
383.266 17461
383.279 17411
383.293 17548
383.306 17900
383.320 17927
383.333 18431
383.347 18562
383.360 18563
383.374 18377
383.387 18508
383.401 18641
383.414 18775
383.428 18555
383.441 18539
383.455 18715
383.468 18462
383.482 18931
383.496 19385
383.509 19427
383.523 19585
383.536 19412
383.550 19447
383.563 19422
383.577 19816
383.590 19971
383.604 20089
383.617 19668
383.631 19508
383.644 19410
383.658 19359
383.671 19313
383.685 19460
383.698 19577
383.712 19659
383.725 19763
383.739 19543
383.752 19694
383.766 19458
383.779 19695
383.793 19589
383.806 19752
383.820 20133
383.833 20012
383.847 19883
383.860 20263
383.874 20120
383.887 19667
383.901 19783
383.914 19758
383.928 19854
383.941 19753
383.955 19433
383.968 19297
383.982 19394
383.995 19206
384.009 19339
384.022 19146
384.036 18968
384.049 18927
384.063 19000
384.076 19270
384.090 19179
384.103 19332
384.117 19230
384.130 19120
384.144 18387
384.157 18300
384.171 17964
384.184 17729
384.198 17662
384.211 17503
384.225 17234
384.238 17307
384.252 17297
384.265 17079
384.279 16783
384.292 16430
384.306 16435
384.319 16035
384.333 15699
384.346 15342
384.360 15064
384.373 14601
384.387 14268
384.400 14208
384.414 13768
384.427 13437
384.441 13149
384.454 12837
384.468 12549
384.481 12252
384.495 11951
384.508 11514
384.522 11189
384.535 10863
384.549 10586
384.562 10265
384.575 10022
384.589 9782
384.602 9723
384.616 9559
384.629 9187
384.643 9013
384.656 8633
384.670 8303
384.683 7975
384.697 7790
384.710 7524
384.724 7340
384.737 7061
384.751 6758
384.764 6618
384.778 6575
384.791 6388
384.805 6101
384.818 5998
384.832 5841
384.845 5637
384.859 5494
384.872 5301
384.885 5211
384.899 5011
384.912 4838
384.926 4837
384.939 4670
384.953 4630
384.966 4535
384.980 4440
384.993 4493
385.007 4341
385.020 4255
385.034 4151
385.047 4089
385.061 4003
385.074 3908
385.088 3854
385.101 3791
385.114 3746
385.128 3679
385.141 3608
385.155 3629
385.168 3734
385.182 3629
385.195 3631
385.209 3579
385.222 3556
385.236 3407
385.249 3351
385.263 3329
385.276 3248
385.290 3212
385.303 3077
385.316 3108
385.330 3086
385.343 3097
385.357 3008
385.370 2985
385.384 2966
385.397 2909
385.411 2903
385.424 2809
385.438 2854
385.451 2825
385.464 2812
385.478 2781
385.491 2851
385.505 2706
385.518 2690
385.532 2732
385.545 2638
385.559 2589
385.572 2564
385.586 2606
385.599 2543
385.612 2545
385.626 2562
385.639 2474
385.653 2567
385.666 2567
385.680 2510
385.693 2480
385.707 2462
385.720 2423
385.734 2441
385.747 2394
385.760 2340
385.774 2349
385.787 2342
385.801 2267
385.814 2197
385.828 2272
385.841 2261
385.855 2185
385.868 2177
385.881 2176
385.895 2194
385.908 2170
385.922 2191
385.935 2117
385.949 2098
385.962 2078
385.976 2132
385.989 2091
386.002 2082
386.016 2071
386.029 2084
386.043 2072
386.056 2035
386.070 2004
386.083 2007
386.097 1967
386.110 2008
386.123 1989
386.137 1989
386.150 1979
386.164 1943
386.177 1964
386.191 1970
386.204 1939
386.217 1913
386.231 1899
386.244 1891
386.258 1888
386.271 1889
386.285 1935
386.298 1896
386.311 1854
386.325 1842
386.338 1795
386.352 1775
386.365 1848
386.379 1776
386.392 1709
386.405 1719
386.419 1787
386.432 1764
386.446 1759
386.459 1782
386.473 1779
386.486 1695
386.499 1702
386.513 1724
386.526 1720
386.540 1728
386.553 1702
386.567 1700
386.580 1688
386.593 1742
386.607 1724
386.620 1733
386.634 1715
386.647 1691
386.661 1682
386.674 1643
386.687 1639
386.701 1627
386.714 1646
386.728 1615
386.741 1615
386.754 1612
386.768 1561
386.781 1586
386.795 1587
386.808 1540
386.822 1537
386.835 1552
386.848 1549
386.862 1506
386.875 1510
386.889 1536
386.902 1535
386.915 1507
386.929 1499
386.942 1473
386.956 1489
386.969 1495
386.983 1451
386.996 1449
387.009 1437
387.023 1444
387.036 1467
387.050 1433
387.063 1466
387.076 1459
387.090 1424
387.103 1414
387.117 1403
387.130 1390
387.143 1413
387.157 1450
387.170 1445
387.184 1419
387.197 1352
387.210 1418
387.224 1363
387.237 1382
387.251 1363
387.264 1331
387.278 1333
387.291 1339
387.304 1339
387.318 1343
387.331 1333
387.345 1336
387.358 1361
387.371 1294
387.385 1305
387.398 1294
387.412 1264
387.425 1236
387.438 1280
387.452 1245
387.465 1214
387.478 1265
387.492 1251
387.505 1216
387.519 1209
387.532 1249
387.545 1227
387.559 1268
387.572 1247
387.586 1227
387.599 1239
387.612 1211
387.626 1233
387.639 1267
387.653 1222
387.666 1216
387.679 1168
387.693 1157
387.706 1168
387.720 1163
387.733 1185
387.746 1171
387.760 1172
387.773 1193
387.787 1172
387.800 1171
387.813 1164
387.827 1120
387.840 1133
387.853 1139
387.867 1131
387.880 1122
387.894 1141
387.907 1138
387.920 1102
387.934 1138
387.947 1106
387.961 1122
387.974 1136
387.987 1104
388.001 1084
388.014 1084
388.027 1111
388.041 1090
388.054 1082
388.068 1047
388.081 1067
388.094 1089
388.108 1083
388.121 1039
388.134 1069
388.148 1066
388.161 1024
388.175 1027
388.188 1040
388.201 1058
388.215 1004
388.228 1050
388.241 1025
388.255 1023
388.268 1056
388.282 1031
388.295 1048
388.308 1028
388.322 1045
388.335 1029
388.348 990
388.362 1012
388.375 1023
388.389 1033
388.402 1009
388.415 1014
388.429 1022
388.442 1022
388.455 1004
388.469 1014
388.482 1025
388.495 1048
388.509 1021
388.522 1049
388.536 1004
388.549 1016
388.562 991
388.576 1001
388.589 989
388.602 1000
388.616 1002
388.629 988
388.642 950
388.656 1003
388.669 983
388.683 1008
388.696 988
388.709 1027
388.723 1014
388.736 976
388.749 1001
388.763 1003
388.776 990
388.789 975
388.803 969
388.816 959
388.829 982
388.843 964
388.856 950
388.870 963
388.883 1002
388.896 965
388.910 979
388.923 992
388.936 978
388.950 1001
388.963 990
388.976 1003
388.990 951
389.003 983
389.016 960
389.030 965
389.043 962
389.056 955
389.070 981
389.083 976
389.097 988
389.110 950
389.123 989
389.137 946
389.150 960
389.163 966
389.177 946
389.190 958
389.203 927
389.217 926
389.230 942
389.243 956
389.257 925
389.270 953
389.283 947
389.297 934
389.310 955
389.323 924
389.337 929
389.350 908
389.363 925
389.377 937
389.390 923
389.403 944
389.417 933
389.430 926
389.443 917
389.457 932
389.470 947
389.483 939
389.497 930
389.510 949
389.523 945
389.537 919
389.550 948
389.563 936
389.577 913
389.590 918
389.603 890
389.617 898
389.630 907
389.643 914
389.657 903
389.670 923
389.683 887
389.697 901
389.710 870
389.723 892
389.737 900
389.750 901
389.763 881
389.777 892
389.790 897
389.803 880
389.817 888
389.830 889
389.843 863
389.857 879
389.870 862
389.883 864
389.897 884
389.910 865
389.923 867
389.937 852
389.950 867
389.963 885
389.977 857
389.990 860
390.003 851
390.017 873
390.030 849
390.043 866
390.057 848
390.070 841
390.083 859
390.096 841
390.110 839
390.123 820
390.136 864
390.150 816
390.163 823
390.176 831
390.190 816
390.203 818
390.216 850
390.230 826
390.243 804
390.256 805
390.270 800
390.283 816
390.296 823
390.310 821
390.323 820
390.336 816
390.349 802
390.363 794
390.376 803
390.389 818
390.403 803
390.416 794
390.429 796
390.443 795
390.456 777
390.469 770
390.483 796
390.496 783
390.509 791
390.522 791
390.536 787
390.549 763
390.562 789
390.576 760
390.589 766
390.602 763
390.616 775
390.629 769
390.642 758
390.655 760
390.669 761
390.682 736
390.695 749
390.709 754
390.722 753
390.735 752
390.749 739
390.762 735
390.775 747
390.788 742
390.802 719
390.815 736
390.828 748
390.842 718
390.855 730
390.868 736
390.882 730
390.895 724
390.908 746
390.921 733
390.935 726
390.948 742
390.961 722
390.975 708
390.988 737
391.001 741
391.014 728
391.028 727
391.041 724
391.054 711
391.068 710
391.081 735
391.094 716
391.107 729
391.121 725
391.134 700
391.147 708
391.161 711
391.174 715
391.187 721
391.200 726
391.214 720
391.227 705
391.240 698
391.254 713
391.267 705
391.280 702
391.293 703
391.307 707
391.320 699
391.333 698
391.347 691
391.360 702
391.373 705
391.386 709
391.400 711
391.413 704
391.426 695
391.440 698
391.453 695
391.466 705
391.479 684
391.493 701
391.506 684
391.519 703
391.532 701
391.546 702
391.559 684
391.572 700
391.586 677
391.599 688
391.612 684
391.625 677
391.639 696
391.652 699
391.665 693
391.678 696
391.692 685
391.705 696
391.718 689
391.732 702
391.745 690
391.758 668
391.771 696
391.785 691
391.798 685
391.811 701
391.824 679
391.838 681
391.851 686
391.864 686
391.877 676
391.891 696
391.904 682
391.917 676
391.931 693
391.944 691
391.957 677
391.970 672
391.984 692
391.997 672
392.010 674
392.023 682
392.037 668
392.050 688
392.063 684
392.076 669
392.090 677
392.103 677
392.116 690
392.129 670
392.143 671
392.156 688
392.169 686
392.182 668
392.196 675
392.209 663
392.222 682
392.235 685
392.249 663
392.262 666
392.275 672
392.288 678
392.302 671
392.315 673
392.328 666
392.341 678
392.355 675
392.368 681
392.381 671
392.394 662
392.408 683
392.421 673
392.434 668
392.447 680
392.461 672
392.474 674
392.487 653
392.500 685
392.514 676
392.527 665
392.540 661
392.553 664
392.567 684
392.580 681
392.593 658
392.606 660
392.620 677
392.633 663
392.646 678
392.659 661
392.673 679
392.686 661
392.699 668
392.712 677
392.726 664
392.739 664
392.752 665
392.765 668
392.778 661
392.792 677
392.805 673
392.818 664
392.831 650
392.845 679
392.858 666
392.871 664
392.884 669
392.898 665
392.911 670
392.924 668
392.937 664
392.951 675
392.964 672
392.977 665
392.990 662
393.003 672
393.017 670
393.030 667
393.043 644
393.056 666
393.070 653
393.083 670
393.096 661
393.109 672
393.122 659
393.136 671
393.149 660
393.162 671
393.175 670
393.189 674
393.202 667
393.215 652
393.228 653
393.242 669
393.255 669
393.268 660
393.281 660
393.294 655
393.308 667
393.321 666
393.334 654
393.347 662
393.360 649
393.374 650
393.387 660
393.400 663
393.413 661
393.427 651
393.440 676
393.453 662
393.466 655
393.479 660
393.493 663
393.506 650
393.519 657
393.532 654
393.546 657
393.559 661
393.572 662
393.585 654
393.598 651
393.612 651
393.625 656
393.638 670
393.651 657
393.664 660
393.678 660
393.691 651
393.704 641
393.717 661
393.730 650
393.744 662
393.757 656
393.770 656
393.783 662
393.796 648
393.810 647
393.823 655
393.836 645
393.849 654
393.863 655
393.876 647
393.889 655
393.902 648
393.915 650
393.929 658
