375.891 825
375.905 840
375.919 823
375.933 825
375.946 831
375.960 829
375.974 841
375.987 849
376.001 856
376.015 844
376.029 850
376.042 869
376.056 863
376.070 863
376.084 882
376.097 888
376.111 850
376.125 869
376.139 880
376.152 873
376.166 882
376.180 874
376.193 889
376.207 902
376.221 899
376.235 881
376.248 912
376.262 910
376.276 920
376.290 902
376.303 917
376.317 920
376.331 940
376.345 911
376.358 938
376.372 941
376.386 922
376.399 934
376.413 934
376.427 945
376.441 956
376.454 962
376.468 932
376.482 971
376.495 960
376.509 966
376.523 993
376.537 973
376.550 1010
376.564 991
376.578 1015
376.592 1008
376.605 1000
376.619 1007
376.633 985
376.646 1024
376.660 1019
376.674 1002
376.688 1002
376.701 1035
376.715 1039
376.729 1022
376.742 1047
376.756 1028
376.770 1044
376.784 1042
376.797 1089
376.811 1076
376.825 1083
376.838 1092
376.852 1113
376.866 1068
376.880 1088
376.893 1092
376.907 1107
376.921 1102
376.934 1117
376.948 1130
376.962 1116
376.976 1137
376.989 1124
377.003 1117
377.017 1148
377.030 1166
377.044 1166
377.058 1189
377.071 1197
377.085 1203
377.099 1157
377.113 1179
377.126 1195
377.140 1181
377.154 1229
377.167 1236
377.181 1187
377.195 1224
377.208 1227
377.222 1261
377.236 1220
377.250 1269
377.263 1227
377.277 1242
377.291 1318
377.304 1254
377.318 1276
377.332 1276
377.345 1291
377.359 1286
377.373 1270
377.387 1290
377.400 1320
377.414 1317
377.428 1324
377.441 1296
377.455 1283
377.469 1325
377.482 1316
377.496 1347
377.510 1328
377.524 1384
377.537 1378
377.551 1391
377.565 1397
377.578 1354
377.592 1388
377.606 1339
377.619 1347
377.633 1351
377.647 1401
377.660 1379
377.674 1385
377.688 1374
377.701 1418
377.715 1392
377.729 1418
377.743 1403
377.756 1397
377.770 1441
377.784 1435
377.797 1380
377.811 1399
377.825 1414
377.838 1420
377.852 1435
377.866 1476
377.879 1428
377.893 1447
377.907 1442
377.920 1520
377.934 1508
377.948 1461
377.961 1471
377.975 1461
377.989 1477
378.002 1450
378.016 1452
378.030 1488
378.044 1451
378.057 1496
378.071 1479
378.085 1504
378.098 1502
378.112 1461
378.126 1535
378.139 1479
378.153 1476
378.167 1533
378.180 1502
378.194 1537
378.208 1492
378.221 1513
378.235 1522
378.249 1568
378.262 1550
378.276 1519
378.290 1520
378.303 1528
378.317 1539
378.331 1561
378.344 1548
378.358 1563
378.372 1557
378.385 1570
378.399 1592
378.413 1590
378.426 1542
378.440 1614
378.454 1606
378.467 1608
378.481 1572
378.495 1585
378.508 1559
378.522 1600
378.536 1573
378.549 1627
378.563 1556
378.577 1650
378.590 1623
378.604 1597
378.618 1608
378.631 1655
378.645 1610
378.659 1648
378.672 1674
378.686 1659
378.700 1658
378.713 1662
378.727 1689
378.740 1679
378.754 1724
378.768 1730
378.781 1694
378.795 1707
378.809 1752
378.822 1711
378.836 1759
378.850 1666
378.863 1678
378.877 1749
378.891 1779
378.904 1718
378.918 1734
378.932 1775
378.945 1735
378.959 1720
378.973 1757
378.986 1767
379.000 1697
379.014 1786
379.027 1781
379.041 1784
379.054 1751
379.068 1779
379.082 1772
379.095 1787
379.109 1827
379.123 1810
379.136 1828
379.150 1811
379.164 1824
379.177 1819
379.191 1864
379.205 1799
379.218 1872
379.232 1842
379.245 1861
379.259 1948
379.273 1906
379.286 1873
379.300 1894
379.314 1903
379.327 1969
379.341 1965
379.355 1994
379.368 1956
379.382 2007
379.396 2034
379.409 2003
379.423 1974
379.436 2058
379.450 1997
379.464 2055
379.477 2034
379.491 2116
379.505 2141
379.518 2110
379.532 2121
379.546 2132
379.559 2193
379.573 2164
379.586 2158
379.600 2182
379.614 2210
379.627 2227
379.641 2252
379.655 2302
379.668 2287
379.682 2245
379.695 2303
379.709 2298
379.723 2317
379.736 2457
379.750 2501
379.764 2562
379.777 2450
379.791 2580
379.804 2591
379.818 2623
379.832 2535
379.845 2575
379.859 2500
379.873 2614
379.886 2632
379.900 2576
379.913 2732
379.927 2780
379.941 2862
379.954 2828
379.968 2828
379.982 2868
379.995 2905
380.009 2902
380.022 2934
380.036 3014
380.050 2981
380.063 3007
380.077 3161
380.090 3230
380.104 3296
380.118 3227
380.131 3346
380.145 3334
380.159 3420
380.172 3448
380.186 3522
380.199 3538
380.213 3580
380.227 3722
380.240 3738
380.254 3626
380.267 3673
380.281 3710
380.295 3741
380.308 3809
380.322 3809
380.336 3897
380.349 3952
380.363 4025
380.376 4070
380.390 4126
380.404 4229
380.417 4261
380.431 4342
380.444 4315
380.458 4342
380.472 4508
380.485 4491
380.499 4517
380.512 4645
380.526 4626
380.540 4725
380.553 4800
380.567 4844
380.580 4903
380.594 5007
380.608 5141
380.621 5353
380.635 5220
380.648 5324
380.662 5362
380.676 5438
380.689 5516
380.703 5592
380.716 5701
380.730 5600
380.744 5800
380.757 5862
380.771 6007
380.784 6169
380.798 6012
380.812 6165
380.825 6182
380.839 6356
380.852 6474
380.866 6562
380.880 6690
380.893 6708
380.907 6701
380.920 6782
380.934 6812
380.948 6951
380.961 7149
380.975 7085
380.988 7263
381.002 7291
381.015 7168
381.029 7285
381.043 7397
381.056 7427
381.070 7586
381.083 7607
381.097 7692
381.111 7752
381.124 7899
381.138 8004
381.151 7966
381.165 8135
381.179 8109
381.192 8206
381.206 8138
381.219 8349
381.233 8380
381.246 8422
381.260 8479
381.274 8508
381.287 8687
381.301 8594
381.314 8670
381.328 8842
381.341 8812
381.355 8851
381.369 9022
381.382 9091
381.396 9291
381.409 9283
381.423 9618
381.437 9545
381.450 9503
381.464 9766
381.477 9799
381.491 10009
381.504 9828
381.518 9767
381.532 9866
381.545 10166
381.559 10397
381.572 10454
381.586 10557
381.599 10573
381.613 10618
381.627 10774
381.640 10656
381.654 10920
381.667 10836
381.681 10969
381.694 10874
381.708 10795
381.722 10644
381.735 10746
381.749 10925
381.762 10759
381.776 10978
381.789 11077
381.803 11020
381.817 11125
381.830 11242
381.844 11354
381.857 11363
381.871 11536
381.884 11491
381.898 11595
381.911 11659
381.925 11647
381.939 11858
381.952 11994
381.966 11838
381.979 11988
381.993 12184
382.006 12364
382.020 12487
382.034 12414
382.047 12378
382.061 12537
382.074 12575
382.088 12493
382.101 12448
382.115 12649
382.128 12645
382.142 12986
382.156 13328
382.169 13358
382.183 13346
382.196 13360
382.210 13467
382.223 13413
382.237 13364
382.250 13666
382.264 13768
382.278 13795
382.291 13991
382.305 14106
382.318 14387
382.332 14258
382.345 14157
382.359 13980
382.372 14100
382.386 14188
382.399 14526
382.413 14328
382.427 14519
382.440 14512
382.454 14667
382.467 14716
382.481 14918
382.494 15393
382.508 15608
382.521 15794
382.535 15600
382.548 15573
382.562 15854
382.576 15766
382.589 15886
382.603 15999
382.616 15972
382.630 16294
382.643 16246
382.657 16371
382.670 16758
382.684 16746
382.697 16535
382.711 16668
382.724 17196
382.738 16878
382.752 16988
382.765 17032
382.779 17105
382.792 17281
382.806 17433
382.819 17570
382.833 17743
382.846 17961
382.860 17985
382.873 18063
382.887 18160
382.900 18447
382.914 18705
382.928 18865
382.941 18861
382.955 19128
382.968 19166
382.982 19600
382.995 19497
383.009 19599
383.022 19642
383.036 19909
383.049 20083
383.063 20178
383.076 20194
383.090 20172
383.103 20275
383.117 20444
383.130 20616
383.144 20724
383.158 20714
383.171 20799
383.185 21133
383.198 21407
383.212 21821
383.225 21765
383.239 22202
383.252 22418
383.266 22570
383.279 22449
383.293 22735
383.306 22668
383.320 23114
383.333 23515
383.347 23827
383.360 23625
383.374 23420
383.387 23771
383.401 24078
383.414 23707
383.428 23730
383.441 23855
383.455 23796
383.468 23797
383.482 23828
383.496 24236
383.509 24447
383.523 24286
383.536 24408
383.550 24495
383.563 24378
383.577 24758
383.590 24988
383.604 25073
383.617 24807
383.631 24814
383.644 24341
383.658 24409
383.671 24580
383.685 24515
383.698 24846
383.712 24983
383.725 25051
383.739 24678
383.752 24639
383.766 24518
383.779 24424
383.793 24445
383.806 24732
383.820 25002
383.833 24903
383.847 24958
383.860 25035
383.874 24992
383.887 24505
383.901 24725
383.914 24827
383.928 25003
383.941 24664
383.955 24492
383.968 24290
383.982 24240
383.995 24191
384.009 23952
384.022 24023
384.036 23905
384.049 23784
384.063 23770
384.076 24424
384.090 24518
384.103 24370
384.117 24644
384.130 24134
384.144 23417
384.157 22960
384.171 22743
384.184 22461
384.198 22359
384.211 22199
384.225 21998
384.238 22091
384.252 22007
384.265 21863
384.279 21514
384.292 21341
384.306 21167
384.319 20717
384.333 20032
384.346 19554
384.360 19288
384.373 19055
384.387 18717
384.400 18313
384.414 17984
384.427 17794
384.441 17306
384.454 17121
384.468 16629
384.481 16267
384.495 15774
384.508 15513
384.522 15206
384.535 14562
384.549 14415
384.562 14004
384.575 13549
384.589 13359
384.602 13281
384.616 13114
384.629 12658
384.643 12220
384.656 11881
384.670 11450
384.683 10946
384.697 10711
384.710 10415
384.724 10154
384.737 9786
384.751 9545
384.764 9315
384.778 8977
384.791 8834
384.805 8685
384.818 8215
384.832 8096
384.845 7812
384.859 7659
384.872 7318
384.885 7179
384.899 6887
384.912 6677
384.926 6434
384.939 6409
384.953 6240
384.966 6049
384.980 5908
384.993 5795
385.007 5642
385.020 5531
385.034 5462
385.047 5209
385.061 5200
385.074 4981
385.088 4991
385.101 4772
385.114 4739
385.128 4660
385.141 4535
385.155 4540
385.168 4551
385.182 4445
385.195 4489
385.209 4432
385.222 4259
385.236 4197
385.249 4082
385.263 4072
385.276 4050
385.290 3929
385.303 3848
385.316 3765
385.330 3873
385.343 3824
385.357 3652
385.370 3666
385.384 3546
385.397 3564
385.411 3506
385.424 3360
385.438 3408
385.451 3362
385.464 3307
385.478 3353
385.491 3248
385.505 3340
385.518 3239
385.532 3275
385.545 3076
385.559 3100
385.572 3046
385.586 3100
385.599 3098
385.612 3082
385.626 3083
385.639 2996
385.653 3008
385.666 3026
385.680 2949
385.693 2879
385.707 2935
385.720 2915
385.734 2919
385.747 2891
385.760 2804
385.774 2820
385.787 2771
385.801 2718
385.814 2655
385.828 2678
385.841 2662
385.855 2650
385.868 2643
385.881 2571
385.895 2632
385.908 2534
385.922 2537
385.935 2491
385.949 2491
385.962 2496
385.976 2486
385.989 2522
386.002 2560
386.016 2483
386.029 2505
386.043 2434
386.056 2503
386.070 2341
386.083 2355
386.097 2373
386.110 2400
386.123 2432
386.137 2383
386.150 2388
386.164 2294
386.177 2319
386.191 2298
386.204 2266
386.217 2278
386.231 2198
386.244 2255
386.258 2222
386.271 2249
386.285 2244
386.298 2174
386.311 2192
386.325 2204
386.338 2145
386.352 2128
386.365 2151
386.379 2146
386.392 2132
386.405 2083
386.419 2090
386.432 2122
386.446 2044
386.459 2075
386.473 2086
386.486 2084
386.499 1995
386.513 2094
386.526 2037
386.540 1976
386.553 1989
386.567 1970
386.580 1978
386.593 2081
386.607 2035
386.620 1975
386.634 1982
386.647 1960
386.661 1985
386.674 1934
386.687 1892
386.701 1891
386.714 1896
386.728 1960
386.741 1918
386.754 1845
386.768 1932
386.781 1890
386.795 1841
386.808 1835
386.822 1809
386.835 1804
386.848 1776
386.862 1747
386.875 1765
386.889 1744
386.902 1772
386.915 1751
386.929 1757
386.942 1718
386.956 1742
386.969 1698
386.983 1726
386.996 1715
387.009 1693
387.023 1710
387.036 1689
387.050 1669
387.063 1655
387.076 1673
387.090 1693
387.103 1629
387.117 1704
387.130 1674
387.143 1650
387.157 1647
387.170 1657
387.184 1606
387.197 1625
387.210 1628
387.224 1596
387.237 1594
387.251 1586
387.264 1565
387.278 1563
387.291 1562
387.304 1550
387.318 1536
387.331 1563
387.345 1524
387.358 1529
387.371 1518
387.385 1493
387.398 1462
387.412 1466
387.425 1461
387.438 1455
387.452 1462
387.465 1440
387.478 1456
387.492 1412
387.505 1435
387.519 1415
387.532 1442
387.545 1444
387.559 1472
387.572 1408
387.586 1400
387.599 1385
387.612 1395
387.626 1404
387.639 1380
387.653 1401
387.666 1323
387.679 1314
387.693 1327
387.706 1307
387.720 1330
387.733 1321
387.746 1335
387.760 1328
387.773 1279
387.787 1310
387.800 1305
387.813 1286
387.827 1292
387.840 1280
387.853 1248
387.867 1261
387.880 1291
387.894 1306
387.907 1259
387.920 1260
387.934 1287
387.947 1288
387.961 1229
387.974 1247
387.987 1238
388.001 1231
388.014 1241
388.027 1253
388.041 1225
388.054 1214
388.068 1212
388.081 1221
388.094 1206
388.108 1195
388.121 1183
388.134 1200
388.148 1179
388.161 1190
388.175 1148
388.188 1138
388.201 1169
388.215 1186
388.228 1135
388.241 1168
388.255 1136
388.268 1161
388.282 1133
388.295 1138
388.308 1158
388.322 1132
388.335 1156
388.348 1125
388.362 1123
388.375 1116
388.389 1166
388.402 1119
388.415 1122
388.429 1145
388.442 1139
388.455 1141
388.469 1123
388.482 1147
388.495 1126
388.509 1152
388.522 1148
388.536 1124
388.549 1109
388.562 1095
388.576 1087
388.589 1106
388.602 1128
388.616 1122
388.629 1109
388.642 1097
388.656 1111
388.669 1104
388.683 1107
388.696 1089
388.709 1087
388.723 1131
388.736 1099
388.749 1117
388.763 1125
388.776 1081
388.789 1106
388.803 1098
388.816 1077
388.829 1112
388.843 1084
388.856 1054
388.870 1084
388.883 1062
388.896 1087
388.910 1048
388.923 1118
388.936 1087
388.950 1061
388.963 1078
388.976 1080
388.990 1046
389.003 1027
389.016 1075
389.030 1045
389.043 1056
389.056 1085
389.070 1071
389.083 1061
389.097 1047
389.110 1054
389.123 1046
389.137 1073
389.150 1069
389.163 1040
389.177 1055
389.190 1039
389.203 1060
389.217 1027
389.230 1027
389.243 1036
389.257 1014
389.270 1033
389.283 1025
389.297 1010
389.310 1036
389.323 1047
389.337 1020
389.350 1010
389.363 1027
389.377 1013
389.390 1016
389.403 1031
389.417 1030
389.430 1000
389.443 999
389.457 1001
389.470 1052
389.483 1033
389.497 1033
389.510 1005
389.523 1031
389.537 1016
389.550 986
389.563 998
389.577 1028
389.590 991
389.603 988
389.617 981
389.630 972
389.643 968
389.657 1002
389.670 997
389.683 954
389.697 973
389.710 983
389.723 955
389.737 964
389.750 1001
389.763 979
389.777 991
389.790 975
389.803 955
389.817 964
389.830 937
389.843 939
389.857 955
389.870 935
389.883 928
389.897 941
389.910 950
389.923 956
389.937 946
389.950 920
389.963 958
389.977 939
389.990 960
390.003 978
390.017 924
390.030 937
390.043 964
390.057 901
390.070 929
390.083 938
390.096 924
390.110 936
390.123 901
390.136 906
390.150 932
390.163 920
390.176 880
390.190 906
390.203 888
390.216 905
390.230 894
390.243 892
390.256 891
390.270 893
390.283 891
390.296 886
390.310 870
390.323 877
390.336 859
390.349 858
390.363 872
390.376 847
390.389 881
390.403 841
390.416 880
390.429 840
390.443 853
390.456 828
390.469 844
390.483 852
390.496 843
390.509 822
390.522 843
390.536 828
390.549 836
390.562 825
390.576 827
390.589 830
390.602 827
390.616 833
390.629 810
390.642 811
390.655 816
390.669 814
390.682 804
390.695 806
390.709 799
390.722 811
390.735 800
390.749 805
390.762 808
390.775 770
390.788 802
390.802 770
390.815 778
390.828 803
390.842 773
390.855 770
390.868 776
390.882 777
390.895 767
390.908 753
390.921 757
390.935 763
390.948 766
390.961 775
390.975 759
390.988 756
391.001 785
391.014 770
391.028 761
391.041 746
391.054 744
391.068 759
391.081 761
391.094 754
391.107 758
391.121 773
391.134 759
391.147 743
391.161 743
391.174 742
391.187 736
391.200 733
391.214 727
391.227 742
391.240 737
391.254 742
391.267 726
391.280 739
391.293 711
391.307 726
391.320 727
391.333 736
391.347 736
391.360 715
391.373 728
391.386 738
391.400 736
391.413 730
391.426 738
391.440 743
391.453 727
391.466 727
391.479 727
391.493 712
391.506 730
391.519 731
391.532 726
391.546 727
391.559 734
391.572 718
391.586 733
391.599 706
391.612 718
391.625 722
391.639 716
391.652 720
391.665 716
391.678 706
391.692 725
391.705 707
391.718 715
391.732 719
391.745 720
391.758 711
391.771 719
391.785 705
391.798 716
391.811 701
391.824 713
391.838 706
391.851 692
391.864 708
391.877 707
391.891 690
391.904 724
391.917 714
391.931 713
391.944 688
391.957 708
391.970 704
391.984 705
391.997 717
392.010 701
392.023 707
392.037 703
392.050 698
392.063 707
392.076 708
392.090 707
392.103 705
392.116 714
392.129 700
392.143 701
392.156 697
392.169 703
392.182 699
392.196 697
392.209 702
392.222 682
392.235 706
392.249 693
392.262 704
392.275 693
392.288 698
392.302 691
392.315 697
392.328 698
392.341 684
392.355 687
392.368 704
392.381 702
392.394 690
392.408 692
392.421 698
392.434 678
392.447 704
392.461 699
392.474 700
392.487 693
392.500 685
392.514 696
392.527 695
392.540 675
392.553 703
392.567 694
392.580 692
392.593 698
392.606 686
392.620 681
392.633 697
392.646 689
392.659 677
392.673 684
392.686 688
392.699 702
392.712 692
392.726 694
392.739 684
392.752 694
392.765 701
392.778 680
392.792 695
392.805 702
392.818 681
392.831 687
392.845 707
392.858 673
392.871 685
392.884 695
392.898 682
392.911 688
392.924 674
392.937 698
392.951 683
392.964 688
392.977 692
392.990 680
393.003 684
393.017 675
393.030 675
393.043 686
393.056 686
393.070 684
393.083 703
393.096 670
393.109 690
393.122 676
393.136 685
393.149 691
393.162 668
393.175 684
393.189 688
393.202 683
393.215 679
393.228 679
393.242 690
393.255 680
393.268 679
393.281 681
393.294 670
393.308 678
393.321 681
393.334 673
393.347 685
393.360 676
393.374 672
393.387 686
393.400 671
393.413 677
393.427 686
393.440 669
393.453 674
393.466 675
393.479 680
393.493 685
393.506 666
393.519 680
393.532 680
393.546 672
393.559 669
393.572 682
393.585 669
393.598 681
393.612 673
393.625 675
393.638 677
393.651 674
393.664 678
393.678 675
393.691 683
393.704 679
393.717 675
393.730 673
393.744 669
393.757 671
393.770 659
393.783 671
393.796 675
393.810 654
393.823 666
393.836 669
393.849 674
393.863 666
393.876 673
393.889 662
393.902 675
393.915 665
393.929 661
