375.891 834
375.905 823
375.919 830
375.933 828
375.946 843
375.960 840
375.974 836
375.987 845
376.001 839
376.015 844
376.029 832
376.042 854
376.056 861
376.070 864
376.084 825
376.097 860
376.111 873
376.125 857
376.139 880
376.152 873
376.166 902
376.180 892
376.193 881
376.207 885
376.221 884
376.235 899
376.248 895
376.262 905
376.276 916
376.290 910
376.303 915
376.317 918
376.331 922
376.345 931
376.358 921
376.372 925
376.386 949
376.399 933
376.413 947
376.427 947
376.441 933
376.454 951
376.468 952
376.482 955
376.495 960
376.509 969
376.523 991
376.537 985
376.550 997
376.564 1009
376.578 1014
376.592 1007
376.605 1007
376.619 993
376.633 1015
376.646 1029
376.660 988
376.674 999
376.688 1016
376.701 1015
376.715 1037
376.729 1044
376.742 1062
376.756 1055
376.770 1070
376.784 1043
376.797 1076
376.811 1077
376.825 1070
376.838 1104
376.852 1083
376.866 1118
376.880 1096
376.893 1089
376.907 1111
376.921 1102
376.934 1105
376.948 1110
376.962 1143
376.976 1108
376.989 1126
377.003 1170
377.017 1151
377.030 1183
377.044 1159
377.058 1198
377.071 1178
377.085 1179
377.099 1161
377.113 1190
377.126 1187
377.140 1197
377.154 1216
377.167 1199
377.181 1241
377.195 1212
377.208 1222
377.222 1244
377.236 1223
377.250 1234
377.263 1236
377.277 1249
377.291 1275
377.304 1268
377.318 1282
377.332 1270
377.345 1269
377.359 1276
377.373 1287
377.387 1280
377.400 1281
377.414 1295
377.428 1286
377.441 1293
377.455 1292
377.469 1338
377.482 1350
377.496 1360
377.510 1365
377.524 1339
377.537 1403
377.551 1374
377.565 1381
377.578 1383
377.592 1367
377.606 1361
377.619 1338
377.633 1363
377.647 1361
377.660 1396
377.674 1361
377.688 1395
377.701 1402
377.715 1426
377.729 1409
377.743 1423
377.756 1427
377.770 1426
377.784 1427
377.797 1429
377.811 1430
377.825 1449
377.838 1426
377.852 1441
377.866 1453
377.879 1445
377.893 1473
377.907 1492
377.920 1478
377.934 1462
377.948 1461
377.961 1461
377.975 1485
377.989 1499
378.002 1457
378.016 1510
378.030 1495
378.044 1477
378.057 1504
378.071 1521
378.085 1522
378.098 1507
378.112 1525
378.126 1504
378.139 1522
378.153 1491
378.167 1514
378.180 1517
378.194 1533
378.208 1499
378.221 1519
378.235 1546
378.249 1571
378.262 1559
378.276 1540
378.290 1518
378.303 1556
378.317 1584
378.331 1540
378.344 1550
378.358 1564
378.372 1574
378.385 1566
378.399 1575
378.413 1589
378.426 1599
378.440 1617
378.454 1637
378.467 1571
378.481 1621
378.495 1600
378.508 1583
378.522 1583
378.536 1621
378.549 1627
378.563 1616
378.577 1650
378.590 1647
378.604 1667
378.618 1658
378.631 1675
378.645 1671
378.659 1670
378.672 1661
378.686 1718
378.700 1734
378.713 1772
378.727 1771
378.740 1743
378.754 1746
378.768 1757
378.781 1774
378.795 1757
378.809 1775
378.822 1809
378.836 1725
378.850 1738
378.863 1749
378.877 1814
378.891 1755
378.904 1776
378.918 1758
378.932 1826
378.945 1746
378.959 1764
378.973 1780
378.986 1807
379.000 1753
379.014 1785
379.027 1814
379.041 1770
379.054 1829
379.068 1776
379.082 1846
379.095 1825
379.109 1840
379.123 1838
379.136 1840
379.150 1839
379.164 1830
379.177 1853
379.191 1895
379.205 1887
379.218 1883
379.232 1890
379.245 1934
379.259 1975
379.273 1931
379.286 1919
379.300 1906
379.314 1993
379.327 2017
379.341 2011
379.355 2011
379.368 2061
379.382 2037
379.396 2062
379.409 2086
379.423 2078
379.436 2109
379.450 2132
379.464 2096
379.477 2162
379.491 2126
379.505 2151
379.518 2160
379.532 2213
379.546 2211
379.559 2240
379.573 2257
379.586 2251
379.600 2273
379.614 2298
379.627 2302
379.641 2352
379.655 2395
379.668 2358
379.682 2354
379.695 2359
379.709 2378
379.723 2388
379.736 2480
379.750 2563
379.764 2672
379.777 2660
379.791 2717
379.804 2692
379.818 2650
379.832 2660
379.845 2682
379.859 2652
379.873 2637
379.886 2722
379.900 2718
379.913 2782
379.927 2802
379.941 2820
379.954 2935
379.968 2891
379.982 2978
379.995 2970
380.009 3003
380.022 3072
380.036 3039
380.050 3108
380.063 3216
380.077 3341
380.090 3456
380.104 3458
380.118 3425
380.131 3495
380.145 3448
380.159 3575
380.172 3599
380.186 3633
380.199 3728
380.213 3823
380.227 3895
380.240 3916
380.254 3820
380.267 3806
380.281 3869
380.295 3975
380.308 3945
380.322 4080
380.336 4153
380.349 4139
380.363 4155
380.376 4321
380.390 4322
380.404 4374
380.417 4465
380.431 4507
380.444 4569
380.458 4636
380.472 4639
380.485 4671
380.499 4795
380.512 4849
380.526 4909
380.540 5015
380.553 5021
380.567 5096
380.580 5210
380.594 5232
380.608 5346
380.621 5634
380.635 5680
380.648 5633
380.662 5706
380.676 5670
380.689 5889
380.703 5879
380.716 5943
380.730 6027
380.744 6017
380.757 6262
380.771 6386
380.784 6498
380.798 6525
380.812 6435
380.825 6660
380.839 6679
380.852 6990
380.866 7131
380.880 7287
380.893 7216
380.907 7150
380.920 7223
380.934 7151
380.948 7398
380.961 7554
380.975 7564
380.988 7658
381.002 7575
381.015 7581
381.029 7791
381.043 7914
381.056 7928
381.070 8039
381.083 8009
381.097 8164
381.111 8251
381.124 8398
381.138 8563
381.151 8465
381.165 8579
381.179 8729
381.192 8646
381.206 8590
381.219 8661
381.233 8825
381.246 8901
381.260 9128
381.274 9103
381.287 9081
381.301 9197
381.314 9355
381.328 9323
381.341 9463
381.355 9530
381.369 9562
381.382 9644
381.396 9718
381.409 9971
381.423 10028
381.437 10031
381.450 10245
381.464 10226
381.477 10464
381.491 10725
381.504 10648
381.518 10524
381.532 10655
381.545 11011
381.559 11259
381.572 11225
381.586 11223
381.599 11554
381.613 11315
381.627 11493
381.640 11573
381.654 11542
381.667 11678
381.681 11768
381.694 11916
381.708 11649
381.722 11585
381.735 11540
381.749 11580
381.762 11619
381.776 11709
381.789 11856
381.803 11953
381.817 12011
381.830 12085
381.844 11932
381.857 12182
381.871 12399
381.884 12302
381.898 12455
381.911 12514
381.925 12529
381.939 12684
381.952 12840
381.966 12846
381.979 12908
381.993 13178
382.006 13437
382.020 13591
382.034 13614
382.047 13492
382.061 13303
382.074 13327
382.088 13393
382.101 13517
382.115 13444
382.128 13566
382.142 14148
382.156 14784
382.169 14649
382.183 14596
382.196 14507
382.210 14596
382.223 14590
382.237 14663
382.250 14841
382.264 14816
382.278 15075
382.291 15136
382.305 15288
382.318 15599
382.332 15591
382.345 15090
382.359 15057
382.372 15199
382.386 15195
382.399 15344
382.413 15512
382.427 15484
382.440 15546
382.454 15673
382.467 15791
382.481 16287
382.494 16632
382.508 16889
382.521 16953
382.535 16778
382.548 16546
382.562 16722
382.576 16838
382.589 16938
382.603 17172
382.616 17073
382.630 17457
382.643 17696
382.657 17723
382.670 17956
382.684 18012
382.697 17740
382.711 17877
382.724 18173
382.738 18018
382.752 18168
382.765 18286
382.779 18620
382.792 18649
382.806 18719
382.819 18940
382.833 19186
382.846 19226
382.860 19250
382.873 19640
382.887 19725
382.900 19768
382.914 19829
382.928 20195
382.941 20443
382.955 20552
382.968 20625
382.982 20912
382.995 21012
383.009 21119
383.022 21038
383.036 21331
383.049 21517
383.063 21678
383.076 21674
383.090 21744
383.103 21867
383.117 21977
383.130 22173
383.144 22265
383.158 22465
383.171 22590
383.185 22703
383.198 23110
383.212 23294
383.225 23385
383.239 23745
383.252 23985
383.266 24172
383.279 24116
383.293 24185
383.306 24265
383.320 24746
383.333 25113
383.347 25297
383.360 25220
383.374 25045
383.387 25466
383.401 25747
383.414 25652
383.428 25355
383.441 25413
383.455 25679
383.468 25408
383.482 25823
383.496 26535
383.509 26660
383.523 26283
383.536 26732
383.550 26545
383.563 26593
383.577 26922
383.590 27219
383.604 27111
383.617 26717
383.631 26871
383.644 26457
383.658 26295
383.671 26412
383.685 26352
383.698 26697
383.712 26734
383.725 26767
383.739 26690
383.752 26267
383.766 26510
383.779 26551
383.793 26418
383.806 26677
383.820 27243
383.833 27107
383.847 27014
383.860 27420
383.874 27082
383.887 26425
383.901 26357
383.914 26904
383.928 26906
383.941 26532
383.955 26309
383.968 25694
383.982 26080
383.995 25874
384.009 25714
384.022 25575
384.036 25711
384.049 25538
384.063 25648
384.076 25815
384.090 25857
384.103 26168
384.117 26099
384.130 25635
384.144 24898
384.157 24553
384.171 24215
384.184 24126
384.198 23898
384.211 23601
384.225 23410
384.238 23664
384.252 23301
384.265 23110
384.279 22890
384.292 22711
384.306 22443
384.319 22021
384.333 21321
384.346 20947
384.360 20674
384.373 19985
384.387 19927
384.400 19366
384.414 19150
384.427 18632
384.441 18324
384.454 17814
384.468 17468
384.481 16967
384.495 16645
384.508 16261
384.522 15685
384.535 15333
384.549 15089
384.562 14306
384.575 14024
384.589 13958
384.602 13821
384.616 13260
384.629 13055
384.643 12579
384.656 12059
384.670 11852
384.683 11303
384.697 10886
384.710 10559
384.724 10344
384.737 9899
384.751 9626
384.764 9358
384.778 9000
384.791 8965
384.805 8678
384.818 8538
384.832 8107
384.845 8052
384.859 7677
384.872 7488
384.885 7108
384.899 6948
384.912 6813
384.926 6656
384.939 6503
384.953 6312
384.966 6240
384.980 6104
384.993 5970
385.007 5831
385.020 5666
385.034 5563
385.047 5525
385.061 5367
385.074 5207
385.088 5152
385.101 5024
385.114 4912
385.128 4892
385.141 4763
385.155 4829
385.168 4736
385.182 4748
385.195 4747
385.209 4592
385.222 4524
385.236 4439
385.249 4395
385.263 4334
385.276 4189
385.290 4137
385.303 3991
385.316 4006
385.330 3938
385.343 3958
385.357 3935
385.370 3825
385.384 3746
385.397 3721
385.411 3685
385.424 3699
385.438 3628
385.451 3572
385.464 3533
385.478 3602
385.491 3547
385.505 3507
385.518 3429
385.532 3364
385.545 3342
385.559 3239
385.572 3217
385.586 3296
385.599 3281
385.612 3239
385.626 3181
385.639 3220
385.653 3152
385.666 3238
385.680 3210
385.693 3135
385.707 3028
385.720 3060
385.734 3100
385.747 3027
385.760 2949
385.774 2923
385.787 2982
385.801 2919
385.814 2831
385.828 2782
385.841 2809
385.855 2764
385.868 2722
385.881 2694
385.895 2687
385.908 2705
385.922 2694
385.935 2680
385.949 2649
385.962 2617
385.976 2590
385.989 2572
386.002 2624
386.016 2595
386.029 2616
386.043 2577
386.056 2535
386.070 2485
386.083 2401
386.097 2431
386.110 2464
386.123 2451
386.137 2455
386.150 2439
386.164 2430
386.177 2424
386.191 2393
386.204 2356
386.217 2354
386.231 2328
386.244 2331
386.258 2360
386.271 2360
386.285 2368
386.298 2363
386.311 2330
386.325 2324
386.338 2251
386.352 2218
386.365 2226
386.379 2208
386.392 2208
386.405 2181
386.419 2158
386.432 2159
386.446 2166
386.459 2221
386.473 2195
386.486 2153
386.499 2088
386.513 2104
386.526 2085
386.540 2074
386.553 2079
386.567 2068
386.580 2048
386.593 2074
386.607 2123
386.620 2094
386.634 2097
386.647 2067
386.661 1994
386.674 1996
386.687 2002
386.701 1983
386.714 1979
386.728 1976
386.741 1966
386.754 1979
386.768 1995
386.781 1922
386.795 1906
386.808 1887
386.822 1904
386.835 1848
386.848 1870
386.862 1854
386.875 1832
386.889 1845
386.902 1777
386.915 1791
386.929 1827
386.942 1794
386.956 1786
386.969 1799
386.983 1765
386.996 1720
387.009 1737
387.023 1712
387.036 1735
387.050 1741
387.063 1761
387.076 1705
387.090 1715
387.103 1723
387.117 1713
387.130 1684
387.143 1742
387.157 1706
387.170 1714
387.184 1662
387.197 1661
387.210 1662
387.224 1676
387.237 1631
387.251 1625
387.264 1634
387.278 1587
387.291 1589
387.304 1645
387.318 1570
387.331 1609
387.345 1551
387.358 1588
387.371 1556
387.385 1545
387.398 1570
387.412 1519
387.425 1520
387.438 1505
387.452 1498
387.465 1471
387.478 1473
387.492 1437
387.505 1470
387.519 1479
387.532 1475
387.545 1484
387.559 1496
387.572 1475
387.586 1452
387.599 1437
387.612 1421
387.626 1470
387.639 1429
387.653 1438
387.666 1397
387.679 1360
387.693 1371
387.706 1372
387.720 1365
387.733 1366
387.746 1414
387.760 1359
387.773 1337
387.787 1355
387.800 1347
387.813 1351
387.827 1298
387.840 1309
387.853 1339
387.867 1325
387.880 1308
387.894 1311
387.907 1330
387.920 1340
387.934 1288
387.947 1291
387.961 1307
387.974 1282
387.987 1281
388.001 1283
388.014 1251
388.027 1268
388.041 1248
388.054 1213
388.068 1244
388.081 1234
388.094 1213
388.108 1211
388.121 1244
388.134 1223
388.148 1210
388.161 1212
388.175 1195
388.188 1149
388.201 1155
388.215 1186
388.228 1158
388.241 1172
388.255 1165
388.268 1172
388.282 1164
388.295 1175
388.308 1179
388.322 1183
388.335 1151
388.348 1132
388.362 1152
388.375 1155
388.389 1150
388.402 1145
388.415 1148
388.429 1173
388.442 1168
388.455 1185
388.469 1166
388.482 1155
388.495 1145
388.509 1174
388.522 1174
388.536 1179
388.549 1153
388.562 1139
388.576 1126
388.589 1101
388.602 1138
388.616 1117
388.629 1136
388.642 1094
388.656 1123
388.669 1094
388.683 1117
388.696 1140
388.709 1140
388.723 1123
388.736 1127
388.749 1085
388.763 1124
388.776 1110
388.789 1126
388.803 1115
388.816 1099
388.829 1109
388.843 1072
388.856 1088
388.870 1106
388.883 1075
388.896 1072
388.910 1096
388.923 1093
388.936 1104
388.950 1121
388.963 1081
388.976 1093
388.990 1102
389.003 1097
389.016 1102
389.030 1113
389.043 1125
389.056 1082
389.070 1095
389.083 1090
389.097 1071
389.110 1092
389.123 1067
389.137 1072
389.150 1073
389.163 1053
389.177 1095
389.190 1076
389.203 1058
389.217 1058
389.230 1040
389.243 1049
389.257 1066
389.270 1028
389.283 1055
389.297 1031
389.310 1065
389.323 1045
389.337 1026
389.350 1034
389.363 1030
389.377 1034
389.390 1034
389.403 1060
389.417 1031
389.430 1031
389.443 1046
389.457 1013
389.470 1048
389.483 1013
389.497 1046
389.510 1049
389.523 1037
389.537 1056
389.550 1029
389.563 1018
389.577 993
389.590 1014
389.603 1027
389.617 1011
389.630 1011
389.643 1021
389.657 1006
389.670 1030
389.683 1016
389.697 1006
389.710 995
389.723 980
389.737 1012
389.750 1007
389.763 997
389.777 1002
389.790 1003
389.803 973
389.817 991
389.830 988
389.843 955
389.857 973
389.870 958
389.883 967
389.897 961
389.910 969
389.923 956
389.937 969
389.950 956
389.963 956
389.977 953
389.990 953
390.003 958
390.017 947
390.030 946
390.043 933
390.057 935
390.070 932
390.083 937
390.096 915
390.110 927
390.123 932
390.136 916
390.150 910
390.163 922
390.176 910
390.190 901
390.203 913
390.216 879
390.230 904
390.243 904
390.256 866
390.270 878
390.283 890
390.296 875
390.310 843
390.323 880
390.336 858
390.349 861
390.363 876
390.376 879
390.389 877
390.403 866
390.416 880
390.429 845
390.443 856
390.456 858
390.469 850
390.483 838
390.496 841
390.509 837
390.522 832
390.536 839
390.549 844
390.562 828
390.576 833
390.589 827
390.602 821
390.616 839
390.629 816
390.642 801
390.655 808
390.669 809
390.682 813
390.695 805
390.709 813
390.722 798
390.735 784
390.749 785
390.762 803
390.775 786
390.788 780
390.802 791
390.815 772
390.828 781
390.842 795
390.855 796
390.868 785
390.882 788
390.895 776
390.908 768
390.921 775
390.935 769
390.948 777
390.961 761
390.975 757
390.988 759
391.001 766
391.014 766
391.028 765
391.041 747
391.054 764
391.068 756
391.081 756
391.094 762
391.107 742
391.121 755
391.134 747
391.147 762
391.161 745
391.174 758
391.187 740
391.200 750
391.214 761
391.227 736
391.240 750
391.254 725
391.267 752
391.280 733
391.293 738
391.307 723
391.320 745
391.333 743
391.347 725
391.360 737
391.373 735
391.386 720
391.400 723
391.413 724
391.426 732
391.440 733
391.453 732
391.466 712
391.479 711
391.493 720
391.506 726
391.519 736
391.532 728
391.546 724
391.559 716
391.572 708
391.586 713
391.599 723
391.612 726
391.625 714
391.639 718
391.652 715
391.665 722
391.678 721
391.692 726
391.705 726
391.718 698
391.732 710
391.745 709
391.758 721
391.771 709
391.785 720
391.798 713
391.811 709
391.824 710
391.838 698
391.851 709
391.864 720
391.877 707
391.891 716
391.904 713
391.917 716
391.931 723
391.944 713
391.957 717
391.970 713
391.984 709
391.997 707
392.010 704
392.023 700
392.037 724
392.050 710
392.063 701
392.076 695
392.090 701
392.103 708
392.116 706
392.129 702
392.143 706
392.156 688
392.169 696
392.182 707
392.196 694
392.209 705
392.222 686
392.235 682
392.249 706
392.262 699
392.275 698
392.288 695
392.302 708
392.315 690
392.328 687
392.341 694
392.355 688
392.368 691
392.381 698
392.394 692
392.408 697
392.421 708
392.434 702
392.447 694
392.461 710
392.474 695
392.487 686
392.500 694
392.514 689
392.527 699
392.540 690
392.553 701
392.567 693
392.580 692
392.593 700
392.606 694
392.620 693
392.633 690
392.646 683
392.659 695
392.673 689
392.686 690
392.699 693
392.712 690
392.726 693
392.739 688
392.752 693
392.765 699
392.778 686
392.792 694
392.805 676
392.818 690
392.831 692
392.845 680
392.858 692
392.871 688
392.884 695
392.898 690
392.911 691
392.924 686
392.937 698
392.951 691
392.964 672
392.977 683
392.990 683
393.003 689
393.017 683
393.030 686
393.043 678
393.056 668
393.070 682
393.083 677
393.096 687
393.109 681
393.122 693
393.136 688
393.149 687
393.162 685
393.175 683
393.189 689
393.202 677
393.215 684
393.228 673
393.242 681
393.255 687
393.268 673
393.281 662
393.294 681
393.308 668
393.321 685
393.334 669
393.347 678
393.360 682
393.374 663
393.387 687
393.400 668
393.413 672
393.427 681
393.440 668
393.453 680
393.466 676
393.479 677
393.493 669
393.506 669
393.519 676
393.532 673
393.546 675
393.559 677
393.572 677
393.585 679
393.598 670
393.612 666
393.625 661
393.638 678
393.651 683
393.664 669
393.678 683
393.691 666
393.704 662
393.717 675
393.730 668
393.744 665
393.757 665
393.770 671
393.783 650
393.796 668
393.810 666
393.823 664
393.836 671
393.849 677
393.863 671
393.876 673
393.889 669
393.902 664
393.915 672
393.929 660
