375.891 800
375.905 798
375.919 798
375.933 830
375.946 825
375.960 816
375.974 837
375.987 842
376.001 844
376.015 843
376.029 813
376.042 831
376.056 839
376.070 846
376.084 845
376.097 862
376.111 858
376.125 862
376.139 856
376.152 859
376.166 866
376.180 888
376.193 871
376.207 884
376.221 881
376.235 871
376.248 878
376.262 900
376.276 909
376.290 882
376.303 918
376.317 885
376.331 904
376.345 914
376.358 918
376.372 896
376.386 927
376.399 910
376.413 953
376.427 931
376.441 944
376.454 953
376.468 942
376.482 948
376.495 917
376.509 955
376.523 982
376.537 978
376.550 956
376.564 1026
376.578 1008
376.592 1001
376.605 986
376.619 1002
376.633 994
376.646 995
376.660 1008
376.674 1006
376.688 982
376.701 1022
376.715 1029
376.729 1008
376.742 1042
376.756 1011
376.770 1070
376.784 1029
376.797 1059
376.811 1024
376.825 1052
376.838 1077
376.852 1083
376.866 1080
376.880 1086
376.893 1091
376.907 1092
376.921 1071
376.934 1105
376.948 1101
376.962 1117
376.976 1118
376.989 1096
377.003 1115
377.017 1116
377.030 1149
377.044 1149
377.058 1160
377.071 1148
377.085 1160
377.099 1163
377.113 1160
377.126 1184
377.140 1170
377.154 1193
377.167 1175
377.181 1182
377.195 1208
377.208 1214
377.222 1205
377.236 1183
377.250 1208
377.263 1207
377.277 1220
377.291 1234
377.304 1223
377.318 1249
377.332 1266
377.345 1256
377.359 1261
377.373 1247
377.387 1268
377.400 1294
377.414 1264
377.428 1287
377.441 1278
377.455 1295
377.469 1330
377.482 1307
377.496 1311
377.510 1359
377.524 1348
377.537 1367
377.551 1337
377.565 1355
377.578 1384
377.592 1371
377.606 1321
377.619 1332
377.633 1376
377.647 1349
377.660 1356
377.674 1370
377.688 1342
377.701 1406
377.715 1382
377.729 1382
377.743 1403
377.756 1395
377.770 1421
377.784 1399
377.797 1397
377.811 1382
377.825 1409
377.838 1410
377.852 1430
377.866 1442
377.879 1461
377.893 1434
377.907 1447
377.920 1428
377.934 1445
377.948 1468
377.961 1453
377.975 1428
377.989 1503
378.002 1450
378.016 1434
378.030 1467
378.044 1493
378.057 1476
378.071 1477
378.085 1513
378.098 1484
378.112 1484
378.126 1501
378.139 1530
378.153 1522
378.167 1492
378.180 1522
378.194 1502
378.208 1531
378.221 1535
378.235 1539
378.249 1529
378.262 1551
378.276 1528
378.290 1529
378.303 1513
378.317 1535
378.331 1534
378.344 1530
378.358 1507
378.372 1569
378.385 1568
378.399 1547
378.413 1562
378.426 1559
378.440 1564
378.454 1580
378.467 1593
378.481 1594
378.495 1595
378.508 1640
378.522 1594
378.536 1645
378.549 1602
378.563 1601
378.577 1611
378.590 1639
378.604 1574
378.618 1659
378.631 1645
378.645 1672
378.659 1612
378.672 1644
378.686 1673
378.700 1705
378.713 1723
378.727 1704
378.740 1667
378.754 1732
378.768 1749
378.781 1758
378.795 1757
378.809 1776
378.822 1776
378.836 1701
378.850 1678
378.863 1748
378.877 1755
378.891 1733
378.904 1715
378.918 1760
378.932 1740
378.945 1755
378.959 1754
378.973 1783
378.986 1759
379.000 1782
379.014 1770
379.027 1769
379.041 1759
379.054 1816
379.068 1783
379.082 1819
379.095 1792
379.109 1804
379.123 1820
379.136 1874
379.150 1808
379.164 1871
379.177 1894
379.191 1910
379.205 1831
379.218 1869
379.232 1890
379.245 1958
379.259 1899
379.273 1932
379.286 1907
379.300 1932
379.314 1909
379.327 1924
379.341 1938
379.355 2018
379.368 1983
379.382 1997
379.396 1993
379.409 1974
379.423 2094
379.436 2075
379.450 2099
379.464 2130
379.477 2069
379.491 2092
379.505 2152
379.518 2119
379.532 2164
379.546 2218
379.559 2218
379.573 2214
379.586 2189
379.600 2189
379.614 2245
379.627 2350
379.641 2372
379.655 2350
379.668 2329
379.682 2361
379.695 2356
379.709 2426
379.723 2366
379.736 2473
379.750 2581
379.764 2636
379.777 2550
379.791 2624
379.804 2677
379.818 2717
379.832 2639
379.845 2596
379.859 2596
379.873 2627
379.886 2691
379.900 2675
379.913 2738
379.927 2862
379.941 2861
379.954 2866
379.968 2926
379.982 2948
379.995 2941
380.009 2920
380.022 3001
380.036 3031
380.050 3049
380.063 3173
380.077 3250
380.090 3391
380.104 3385
380.118 3404
380.131 3396
380.145 3442
380.159 3494
380.172 3578
380.186 3572
380.199 3667
380.213 3758
380.227 3795
380.240 3833
380.254 3795
380.267 3727
380.281 3804
380.295 3834
380.308 3826
380.322 3946
380.336 4087
380.349 4136
380.363 4156
380.376 4245
380.390 4202
380.404 4326
380.417 4419
380.431 4501
380.444 4370
380.458 4454
380.472 4572
380.485 4711
380.499 4694
380.512 4802
380.526 4812
380.540 4953
380.553 4825
380.567 5000
380.580 5157
380.594 5198
380.608 5202
380.621 5454
380.635 5532
380.648 5551
380.662 5605
380.676 5563
380.689 5787
380.703 5794
380.716 5744
380.730 5942
380.744 5986
380.757 6115
380.771 6264
380.784 6327
380.798 6356
380.812 6534
380.825 6541
380.839 6576
380.852 6956
380.866 6836
380.880 6998
380.893 6919
380.907 6957
380.920 7065
380.934 7090
380.948 7192
380.961 7323
380.975 7492
380.988 7372
381.002 7412
381.015 7472
381.029 7618
381.043 7737
381.056 7830
381.070 7833
381.083 7980
381.097 8010
381.111 8117
381.124 8050
381.138 8311
381.151 8236
381.165 8413
381.179 8504
381.192 8548
381.206 8493
381.219 8490
381.233 8557
381.246 8726
381.260 8800
381.274 8876
381.287 9000
381.301 8922
381.314 9187
381.328 9219
381.341 9199
381.355 9312
381.369 9310
381.382 9513
381.396 9415
381.409 9730
381.423 9761
381.437 9807
381.450 9986
381.464 10051
381.477 10211
381.491 10302
381.504 10450
381.518 10440
381.532 10468
381.545 10601
381.559 10960
381.572 10942
381.586 10876
381.599 10837
381.613 11028
381.627 11176
381.640 11296
381.654 11211
381.667 11355
381.681 11338
381.694 11457
381.708 11267
381.722 11097
381.735 11133
381.749 11389
381.762 11133
381.776 11417
381.789 11666
381.803 11441
381.817 11674
381.830 11592
381.844 11659
381.857 11859
381.871 12111
381.884 12140
381.898 12102
381.911 12067
381.925 12034
381.939 12300
381.952 12438
381.966 12444
381.979 12485
381.993 12902
382.006 12884
382.020 13040
382.034 13031
382.047 13027
382.061 12994
382.074 12867
382.088 13149
382.101 13074
382.115 13136
382.128 13132
382.142 13641
382.156 14229
382.169 14340
382.183 14084
382.196 14153
382.210 13975
382.223 14106
382.237 14257
382.250 14246
382.264 14260
382.278 14401
382.291 14616
382.305 14911
382.318 15062
382.332 15197
382.345 14625
382.359 14522
382.372 14740
382.386 14631
382.399 14876
382.413 14767
382.427 14960
382.440 14999
382.454 15161
382.467 15358
382.481 15517
382.494 15908
382.508 16123
382.521 16163
382.535 16025
382.548 15966
382.562 16010
382.576 16134
382.589 16124
382.603 16421
382.616 16564
382.630 16615
382.643 16766
382.657 17045
382.670 17067
382.684 17161
382.697 17074
382.711 17215
382.724 17377
382.738 17498
382.752 17577
382.765 17758
382.779 17862
382.792 17808
382.806 18027
382.819 18221
382.833 18275
382.846 18539
382.860 18528
382.873 18654
382.887 18830
382.900 19042
382.914 18959
382.928 19430
382.941 19443
382.955 19822
382.968 19851
382.982 20022
382.995 20085
383.009 20069
383.022 20352
383.036 20317
383.049 20561
383.063 20580
383.076 20738
383.090 21002
383.103 20948
383.117 20932
383.130 21180
383.144 21258
383.158 21466
383.171 21482
383.185 21749
383.198 21865
383.212 22386
383.225 22367
383.239 22691
383.252 22887
383.266 23043
383.279 23018
383.293 23209
383.306 23181
383.320 23677
383.333 24317
383.347 24513
383.360 24154
383.374 24155
383.387 24423
383.401 24576
383.414 24478
383.428 24341
383.441 24371
383.455 24306
383.468 24398
383.482 24594
383.496 25463
383.509 25602
383.523 25361
383.536 25531
383.550 25421
383.563 25427
383.577 25755
383.590 25920
383.604 25980
383.617 25787
383.631 25756
383.644 25318
383.658 25229
383.671 25163
383.685 25249
383.698 25451
383.712 25865
383.725 25837
383.739 25563
383.752 25485
383.766 25288
383.779 25330
383.793 25350
383.806 25431
383.820 25989
383.833 25984
383.847 26027
383.860 26120
383.874 26055
383.887 25362
383.901 25548
383.914 25687
383.928 25733
383.941 25579
383.955 25194
383.968 25264
383.982 24982
383.995 24713
384.009 24668
384.022 24748
384.036 24719
384.049 24375
384.063 24460
384.076 24902
384.090 24841
384.103 25093
384.117 25146
384.130 24578
384.144 24153
384.157 23519
384.171 23351
384.184 23167
384.198 23044
384.211 22642
384.225 22559
384.238 22506
384.252 22342
384.265 22245
384.279 21933
384.292 21713
384.306 21433
384.319 20765
384.333 20201
384.346 19957
384.360 19458
384.373 19236
384.387 18912
384.400 18491
384.414 18220
384.427 17760
384.441 17335
384.454 16980
384.468 16634
384.481 16429
384.495 15683
384.508 15410
384.522 15014
384.535 14542
384.549 14219
384.562 13661
384.575 13391
384.589 13197
384.602 13046
384.616 12653
384.629 12376
384.643 12010
384.656 11646
384.670 11242
384.683 10745
384.697 10413
384.710 10040
384.724 9751
384.737 9465
384.751 9188
384.764 8935
384.778 8586
384.791 8562
384.805 8319
384.818 8033
384.832 7735
384.845 7574
384.859 7377
384.872 7122
384.885 6910
384.899 6618
384.912 6472
384.926 6322
384.939 6243
384.953 6104
384.966 6079
384.980 5851
384.993 5785
385.007 5733
385.020 5555
385.034 5390
385.047 5366
385.061 5177
385.074 5123
385.088 5025
385.101 4973
385.114 4893
385.128 4843
385.141 4711
385.155 4676
385.168 4699
385.182 4685
385.195 4575
385.209 4559
385.222 4440
385.236 4372
385.249 4254
385.263 4152
385.276 4105
385.290 4013
385.303 3948
385.316 3925
385.330 3804
385.343 3856
385.357 3873
385.370 3718
385.384 3650
385.397 3641
385.411 3638
385.424 3553
385.438 3492
385.451 3544
385.464 3425
385.478 3464
385.491 3448
385.505 3441
385.518 3342
385.532 3330
385.545 3240
385.559 3280
385.572 3187
385.586 3161
385.599 3270
385.612 3204
385.626 3133
385.639 3135
385.653 3138
385.666 3189
385.680 3141
385.693 3102
385.707 3022
385.720 3017
385.734 2989
385.747 2885
385.760 2898
385.774 2899
385.787 2881
385.801 2814
385.814 2813
385.828 2749
385.841 2714
385.855 2729
385.868 2710
385.881 2699
385.895 2687
385.908 2639
385.922 2622
385.935 2573
385.949 2570
385.962 2509
385.976 2565
385.989 2525
386.002 2559
386.016 2488
386.029 2516
386.043 2517
386.056 2472
386.070 2407
386.083 2443
386.097 2470
386.110 2446
386.123 2421
386.137 2447
386.150 2432
386.164 2370
386.177 2386
386.191 2347
386.204 2421
386.217 2277
386.231 2306
386.244 2338
386.258 2333
386.271 2316
386.285 2315
386.298 2261
386.311 2305
386.325 2206
386.338 2191
386.352 2225
386.365 2184
386.379 2177
386.392 2170
386.405 2095
386.419 2140
386.432 2145
386.446 2132
386.459 2194
386.473 2119
386.486 2097
386.499 2018
386.513 2080
386.526 2067
386.540 2069
386.553 2027
386.567 2057
386.580 2060
386.593 2097
386.607 2087
386.620 2049
386.634 2050
386.647 2008
386.661 2046
386.674 2005
386.687 1952
386.701 1931
386.714 1936
386.728 1905
386.741 1912
386.754 1976
386.768 1913
386.781 1902
386.795 1876
386.808 1867
386.822 1842
386.835 1848
386.848 1835
386.862 1774
386.875 1837
386.889 1783
386.902 1796
386.915 1763
386.929 1787
386.942 1798
386.956 1780
386.969 1802
386.983 1727
386.996 1763
387.009 1744
387.023 1698
387.036 1757
387.050 1753
387.063 1742
387.076 1711
387.090 1692
387.103 1739
387.117 1732
387.130 1703
387.143 1703
387.157 1715
387.170 1718
387.184 1695
387.197 1642
387.210 1638
387.224 1601
387.237 1598
387.251 1618
387.264 1568
387.278 1587
387.291 1593
387.304 1564
387.318 1582
387.331 1578
387.345 1573
387.358 1589
387.371 1547
387.385 1500
387.398 1527
387.412 1496
387.425 1492
387.438 1482
387.452 1506
387.465 1420
387.478 1489
387.492 1467
387.505 1392
387.519 1485
387.532 1463
387.545 1456
387.559 1474
387.572 1461
387.586 1470
387.599 1427
387.612 1460
387.626 1451
387.639 1432
387.653 1415
387.666 1406
387.679 1326
387.693 1382
387.706 1387
387.720 1326
387.733 1360
387.746 1374
387.760 1358
387.773 1358
387.787 1376
387.800 1330
387.813 1312
387.827 1342
387.840 1307
387.853 1303
387.867 1328
387.880 1310
387.894 1301
387.907 1341
387.920 1320
387.934 1308
387.947 1281
387.961 1313
387.974 1311
387.987 1259
388.001 1280
388.014 1269
388.027 1264
388.041 1225
388.054 1224
388.068 1233
388.081 1236
388.094 1239
388.108 1233
388.121 1209
388.134 1242
388.148 1202
388.161 1204
388.175 1190
388.188 1195
388.201 1153
388.215 1178
388.228 1155
388.241 1143
388.255 1153
388.268 1171
388.282 1180
388.295 1175
388.308 1159
388.322 1197
388.335 1145
388.348 1138
388.362 1140
388.375 1137
388.389 1175
388.402 1169
388.415 1159
388.429 1170
388.442 1199
388.455 1180
388.469 1159
388.482 1172
388.495 1161
388.509 1183
388.522 1169
388.536 1151
388.549 1111
388.562 1108
388.576 1129
388.589 1121
388.602 1120
388.616 1151
388.629 1154
388.642 1111
388.656 1136
388.669 1141
388.683 1118
388.696 1116
388.709 1077
388.723 1142
388.736 1119
388.749 1130
388.763 1108
388.776 1104
388.789 1102
388.803 1101
388.816 1125
388.829 1132
388.843 1128
388.856 1088
388.870 1086
388.883 1113
388.896 1071
388.910 1076
388.923 1110
388.936 1094
388.950 1060
388.963 1094
388.976 1088
388.990 1074
389.003 1110
389.016 1078
389.030 1103
389.043 1107
389.056 1105
389.070 1092
389.083 1086
389.097 1072
389.110 1063
389.123 1052
389.137 1090
389.150 1093
389.163 1075
389.177 1078
389.190 1066
389.203 1058
389.217 1061
389.230 1069
389.243 1063
389.257 1058
389.270 1071
389.283 1017
389.297 1047
389.310 1035
389.323 1049
389.337 1050
389.350 1054
389.363 1051
389.377 1033
389.390 1035
389.403 1022
389.417 1026
389.430 1031
389.443 1054
389.457 1030
389.470 1036
389.483 1058
389.497 1036
389.510 1058
389.523 1026
389.537 1016
389.550 1042
389.563 1019
389.577 1023
389.590 1014
389.603 1023
389.617 993
389.630 1010
389.643 1009
389.657 996
389.670 958
389.683 1003
389.697 959
389.710 977
389.723 993
389.737 978
389.750 1019
389.763 994
389.777 992
389.790 1002
389.803 985
389.817 995
389.830 997
389.843 937
389.857 971
389.870 931
389.883 963
389.897 975
389.910 960
389.923 969
389.937 955
389.950 951
389.963 965
389.977 960
389.990 937
390.003 948
390.017 953
390.030 924
390.043 950
390.057 914
390.070 932
390.083 930
390.096 927
390.110 899
390.123 918
390.136 936
390.150 888
390.163 904
390.176 921
390.190 924
390.203 916
390.216 902
390.230 877
390.243 884
390.256 878
390.270 878
390.283 894
390.296 866
390.310 869
390.323 876
390.336 886
390.349 888
390.363 857
390.376 891
390.389 875
390.403 869
390.416 846
390.429 874
390.443 850
390.456 857
390.469 827
390.483 835
390.496 831
390.509 835
390.522 850
390.536 849
390.549 833
390.562 844
390.576 819
390.589 815
390.602 822
390.616 807
390.629 802
390.642 804
390.655 817
390.669 793
390.682 806
390.695 812
390.709 798
390.722 790
390.735 818
390.749 768
390.762 782
390.775 775
390.788 800
390.802 794
390.815 774
390.828 770
390.842 788
390.855 775
390.868 787
390.882 788
390.895 770
390.908 777
390.921 758
390.935 773
390.948 772
390.961 780
390.975 773
390.988 747
391.001 773
391.014 770
391.028 762
391.041 756
391.054 756
391.068 751
391.081 767
391.094 757
391.107 757
391.121 749
391.134 748
391.147 749
391.161 771
391.174 754
391.187 736
391.200 745
391.214 744
391.227 734
391.240 751
391.254 754
391.267 729
391.280 740
391.293 738
391.307 726
391.320 739
391.333 722
391.347 735
391.360 736
391.373 734
391.386 736
391.400 739
391.413 729
391.426 737
391.440 715
391.453 749
391.466 736
391.479 721
391.493 718
391.506 724
391.519 731
391.532 720
391.546 727
391.559 728
391.572 720
391.586 709
391.599 708
391.612 715
391.625 718
391.639 714
391.652 723
391.665 713
391.678 706
391.692 717
391.705 699
391.718 705
391.732 717
391.745 705
391.758 707
391.771 726
391.785 696
391.798 700
391.811 703
391.824 707
391.838 700
391.851 718
391.864 701
391.877 700
391.891 710
391.904 712
391.917 711
391.931 717
391.944 709
391.957 704
391.970 699
391.984 712
391.997 713
392.010 705
392.023 704
392.037 705
392.050 710
392.063 711
392.076 699
392.090 710
392.103 694
392.116 706
392.129 707
392.143 678
392.156 722
392.169 697
392.182 704
392.196 697
392.209 697
392.222 697
392.235 692
392.249 698
392.262 694
392.275 705
392.288 692
392.302 700
392.315 697
392.328 696
392.341 687
392.355 692
392.368 710
392.381 680
392.394 703
392.408 713
392.421 698
392.434 687
392.447 685
392.461 702
392.474 686
392.487 706
392.500 694
392.514 696
392.527 677
392.540 708
392.553 683
392.567 692
392.580 691
392.593 679
392.606 692
392.620 693
392.633 687
392.646 687
392.659 694
392.673 689
392.686 683
392.699 690
392.712 694
392.726 675
392.739 701
392.752 690
392.765 678
392.778 696
392.792 671
392.805 691
392.818 696
392.831 691
392.845 692
392.858 679
392.871 693
392.884 705
392.898 695
392.911 677
392.924 695
392.937 679
392.951 691
392.964 682
392.977 671
392.990 691
393.003 681
393.017 691
393.030 680
393.043 687
393.056 682
393.070 674
393.083 676
393.096 695
393.109 687
393.122 683
393.136 684
393.149 683
393.162 685
393.175 677
393.189 690
393.202 680
393.215 687
393.228 677
393.242 671
393.255 686
393.268 681
393.281 679
393.294 674
393.308 676
393.321 680
393.334 685
393.347 681
393.360 676
393.374 674
393.387 684
393.400 682
393.413 680
393.427 679
393.440 677
393.453 672
393.466 660
393.479 670
393.493 674
393.506 682
393.519 678
393.532 688
393.546 658
393.559 668
393.572 668
393.585 665
393.598 685
393.612 684
393.625 675
393.638 679
393.651 667
393.664 658
393.678 668
393.691 672
393.704 679
393.717 677
393.730 672
393.744 682
393.757 667
393.770 670
393.783 681
393.796 654
393.810 665
393.823 663
393.836 668
393.849 670
393.863 659
393.876 675
393.889 667
393.902 667
393.915 663
393.929 660
