375.891 786
375.905 802
375.919 806
375.933 815
375.946 811
375.960 808
375.974 814
375.987 822
376.001 805
376.015 825
376.029 819
376.042 822
376.056 850
376.070 834
376.084 832
376.097 845
376.111 850
376.125 844
376.139 835
376.152 832
376.166 843
376.180 857
376.193 884
376.207 860
376.221 865
376.235 863
376.248 874
376.262 855
376.276 876
376.290 904
376.303 878
376.317 880
376.331 859
376.345 890
376.358 878
376.372 886
376.386 895
376.399 893
376.413 906
376.427 917
376.441 901
376.454 916
376.468 918
376.482 942
376.495 913
376.509 941
376.523 956
376.537 965
376.550 935
376.564 950
376.578 949
376.592 959
376.605 990
376.619 952
376.633 953
376.646 981
376.660 953
376.674 964
376.688 965
376.701 953
376.715 1001
376.729 1002
376.742 1011
376.756 986
376.770 1006
376.784 1010
376.797 1008
376.811 1043
376.825 1044
376.838 1064
376.852 1051
376.866 1043
376.880 1074
376.893 1038
376.907 1051
376.921 1089
376.934 1048
376.948 1081
376.962 1057
376.976 1057
376.989 1083
377.003 1100
377.017 1112
377.030 1104
377.044 1119
377.058 1124
377.071 1147
377.085 1133
377.099 1119
377.113 1119
377.126 1127
377.140 1127
377.154 1150
377.167 1164
377.181 1177
377.195 1159
377.208 1156
377.222 1165
377.236 1165
377.250 1193
377.263 1179
377.277 1200
377.291 1206
377.304 1221
377.318 1219
377.332 1209
377.345 1211
377.359 1217
377.373 1213
377.387 1220
377.400 1233
377.414 1223
377.428 1238
377.441 1238
377.455 1271
377.469 1253
377.482 1273
377.496 1271
377.510 1261
377.524 1304
377.537 1329
377.551 1266
377.565 1298
377.578 1292
377.592 1280
377.606 1273
377.619 1288
377.633 1309
377.647 1283
377.660 1312
377.674 1350
377.688 1308
377.701 1347
377.715 1288
377.729 1353
377.743 1337
377.756 1310
377.770 1334
377.784 1343
377.797 1364
377.811 1371
377.825 1327
377.838 1334
377.852 1389
377.866 1340
377.879 1392
377.893 1377
377.907 1355
377.920 1414
377.934 1405
377.948 1391
377.961 1387
377.975 1398
377.989 1383
378.002 1371
378.016 1418
378.030 1399
378.044 1398
378.057 1372
378.071 1441
378.085 1400
378.098 1419
378.112 1419
378.126 1425
378.139 1436
378.153 1408
378.167 1396
378.180 1415
378.194 1454
378.208 1447
378.221 1469
378.235 1458
378.249 1438
378.262 1469
378.276 1449
378.290 1500
378.303 1480
378.317 1477
378.331 1460
378.344 1490
378.358 1460
378.372 1478
378.385 1467
378.399 1470
378.413 1474
378.426 1495
378.440 1488
378.454 1523
378.467 1507
378.481 1508
378.495 1510
378.508 1483
378.522 1529
378.536 1531
378.549 1547
378.563 1541
378.577 1487
378.590 1528
378.604 1548
378.618 1547
378.631 1555
378.645 1550
378.659 1532
378.672 1559
378.686 1564
378.700 1618
378.713 1605
378.727 1638
378.740 1649
378.754 1632
378.768 1594
378.781 1621
378.795 1658
378.809 1653
378.822 1620
378.836 1625
378.850 1609
378.863 1596
378.877 1660
378.891 1622
378.904 1676
378.918 1698
378.932 1666
378.945 1648
378.959 1705
378.973 1669
378.986 1655
379.000 1685
379.014 1687
379.027 1678
379.041 1701
379.054 1690
379.068 1675
379.082 1744
379.095 1712
379.109 1666
379.123 1700
379.136 1746
379.150 1783
379.164 1746
379.177 1719
379.191 1767
379.205 1752
379.218 1768
379.232 1762
379.245 1800
379.259 1755
379.273 1797
379.286 1811
379.300 1804
379.314 1842
379.327 1857
379.341 1841
379.355 1853
379.368 1794
379.382 1896
379.396 1878
379.409 1895
379.423 1908
379.436 1930
379.450 1962
379.464 1935
379.477 1941
379.491 1997
379.505 1933
379.518 2041
379.532 2044
379.546 2081
379.559 2078
379.573 2066
379.586 1991
379.600 2043
379.614 2091
379.627 2126
379.641 2204
379.655 2150
379.668 2104
379.682 2197
379.695 2182
379.709 2214
379.723 2273
379.736 2295
379.750 2386
379.764 2367
379.777 2391
379.791 2403
379.804 2446
379.818 2446
379.832 2463
379.845 2395
379.859 2403
379.873 2416
379.886 2453
379.900 2534
379.913 2549
379.927 2567
379.941 2604
379.954 2683
379.968 2655
379.982 2698
379.995 2650
380.009 2756
380.022 2780
380.036 2784
380.050 2762
380.063 2893
380.077 2949
380.090 3051
380.104 3097
380.118 3115
380.131 3075
380.145 3112
380.159 3240
380.172 3246
380.186 3292
380.199 3320
380.213 3423
380.227 3489
380.240 3529
380.254 3457
380.267 3430
380.281 3561
380.295 3506
380.308 3562
380.322 3656
380.336 3745
380.349 3791
380.363 3756
380.376 3863
380.390 3880
380.404 3975
380.417 3987
380.431 3979
380.444 4016
380.458 4173
380.472 4096
380.485 4207
380.499 4259
380.512 4296
380.526 4348
380.540 4422
380.553 4452
380.567 4571
380.580 4564
380.594 4641
380.608 4785
380.621 5036
380.635 5066
380.648 4956
380.662 5083
380.676 5076
380.689 5085
380.703 5187
380.716 5259
380.730 5362
380.744 5470
380.757 5512
380.771 5734
380.784 5725
380.798 5724
380.812 5870
380.825 5946
380.839 6002
380.852 6128
380.866 6268
380.880 6373
380.893 6290
380.907 6304
380.920 6418
380.934 6465
380.948 6538
380.961 6609
380.975 6766
380.988 6685
381.002 6747
381.015 6883
381.029 6831
381.043 6906
381.056 7045
381.070 7106
381.083 7121
381.097 7138
381.111 7331
381.124 7510
381.138 7496
381.151 7590
381.165 7531
381.179 7652
381.192 7660
381.206 7751
381.219 7701
381.233 7781
381.246 7847
381.260 7948
381.274 7916
381.287 8065
381.301 8126
381.314 8181
381.328 8279
381.341 8352
381.355 8399
381.369 8543
381.382 8579
381.396 8537
381.409 8720
381.423 8745
381.437 8963
381.450 9054
381.464 9100
381.477 9221
381.491 9353
381.504 9236
381.518 9308
381.532 9354
381.545 9607
381.559 9773
381.572 9796
381.586 9908
381.599 9910
381.613 9982
381.627 9982
381.640 10059
381.654 10119
381.667 10222
381.681 10350
381.694 10306
381.708 10148
381.722 10073
381.735 10156
381.749 10254
381.762 10144
381.776 10282
381.789 10300
381.803 10413
381.817 10466
381.830 10535
381.844 10474
381.857 10804
381.871 10640
381.884 10716
381.898 10733
381.911 10974
381.925 10829
381.939 11093
381.952 11230
381.966 11097
381.979 11251
381.993 11409
382.006 11605
382.020 11677
382.034 11792
382.047 11544
382.061 11703
382.074 11654
382.088 11653
382.101 11795
382.115 11720
382.128 11792
382.142 12260
382.156 12609
382.169 12648
382.183 12625
382.196 12517
382.210 12739
382.223 12515
382.237 12742
382.250 12812
382.264 12973
382.278 12856
382.291 13116
382.305 13387
382.318 13477
382.332 13493
382.345 13115
382.359 13121
382.372 13096
382.386 13314
382.399 13189
382.413 13235
382.427 13373
382.440 13361
382.454 13513
382.467 13624
382.481 13970
382.494 14350
382.508 14405
382.521 14458
382.535 14334
382.548 14160
382.562 14693
382.576 14574
382.589 14491
382.603 14647
382.616 14810
382.630 14820
382.643 15041
382.657 15095
382.670 15365
382.684 15337
382.697 15116
382.711 15298
382.724 15692
382.738 15637
382.752 15748
382.765 15817
382.779 15970
382.792 16004
382.806 16137
382.819 16125
382.833 16440
382.846 16562
382.860 16541
382.873 16681
382.887 16707
382.900 17096
382.914 17203
382.928 17372
382.941 17383
382.955 17450
382.968 17752
382.982 17884
382.995 17976
383.009 17816
383.022 17982
383.036 18227
383.049 18323
383.063 18672
383.076 18356
383.090 18549
383.103 18506
383.117 18745
383.130 18726
383.144 18938
383.158 19166
383.171 19236
383.185 19271
383.198 19510
383.212 19935
383.225 19935
383.239 20250
383.252 20437
383.266 20345
383.279 20503
383.293 20761
383.306 20663
383.320 21040
383.333 21321
383.347 21669
383.360 21574
383.374 21351
383.387 21471
383.401 21653
383.414 21552
383.428 21504
383.441 21610
383.455 21649
383.468 21655
383.482 21874
383.496 22413
383.509 22586
383.523 22406
383.536 22270
383.550 22532
383.563 22633
383.577 22537
383.590 22912
383.604 22745
383.617 22532
383.631 22667
383.644 22292
383.658 22189
383.671 22137
383.685 22331
383.698 22416
383.712 22588
383.725 22659
383.739 22496
383.752 22236
383.766 22309
383.779 22276
383.793 22324
383.806 22417
383.820 22766
383.833 22716
383.847 22596
383.860 23006
383.874 22622
383.887 22173
383.901 22207
383.914 22450
383.928 22344
383.941 22555
383.955 22008
383.968 21590
383.982 21662
383.995 21678
384.009 21596
384.022 21572
384.036 21266
384.049 21486
384.063 21497
384.076 21698
384.090 21709
384.103 21879
384.117 21957
384.130 21451
384.144 20887
384.157 20471
384.171 20526
384.184 20117
384.198 20056
384.211 19747
384.225 19650
384.238 19751
384.252 19682
384.265 19451
384.279 19257
384.292 18875
384.306 18812
384.319 18489
384.333 18023
384.346 17540
384.360 17241
384.373 17039
384.387 16652
384.400 16360
384.414 15909
384.427 15855
384.441 15370
384.454 15103
384.468 14702
384.481 14384
384.495 13931
384.508 13762
384.522 13403
384.535 13006
384.549 12591
384.562 12371
384.575 12022
384.589 11787
384.602 11774
384.616 11475
384.629 11255
384.643 10795
384.656 10597
384.670 10165
384.683 9699
384.697 9507
384.710 9063
384.724 8891
384.737 8616
384.751 8513
384.764 8274
384.778 7898
384.791 7859
384.805 7604
384.818 7392
384.832 7166
384.845 6965
384.859 6736
384.872 6493
384.885 6331
384.899 6024
384.912 5965
384.926 5900
384.939 5712
384.953 5586
384.966 5490
384.980 5324
384.993 5160
385.007 5171
385.020 4866
385.034 4786
385.047 4690
385.061 4564
385.074 4546
385.088 4502
385.101 4325
385.114 4206
385.128 4213
385.141 4085
385.155 4061
385.168 4030
385.182 3980
385.195 3994
385.209 3898
385.222 3834
385.236 3680
385.249 3659
385.263 3643
385.276 3533
385.290 3420
385.303 3428
385.316 3335
385.330 3346
385.343 3318
385.357 3265
385.370 3132
385.384 3189
385.397 3078
385.411 3084
385.424 3037
385.438 3044
385.451 3030
385.464 2975
385.478 2909
385.491 2926
385.505 2951
385.518 2855
385.532 2905
385.545 2753
385.559 2766
385.572 2711
385.586 2704
385.599 2700
385.612 2756
385.626 2729
385.639 2685
385.653 2744
385.666 2731
385.680 2684
385.693 2647
385.707 2599
385.720 2595
385.734 2491
385.747 2577
385.760 2505
385.774 2499
385.787 2512
385.801 2466
385.814 2388
385.828 2394
385.841 2332
385.855 2335
385.868 2294
385.881 2257
385.895 2260
385.908 2312
385.922 2299
385.935 2246
385.949 2251
385.962 2245
385.976 2201
385.989 2174
386.002 2256
386.016 2129
386.029 2220
386.043 2214
386.056 2115
386.070 2087
386.083 2060
386.097 2134
386.110 2088
386.123 2143
386.137 2095
386.150 2101
386.164 2074
386.177 2050
386.191 2033
386.204 2052
386.217 2051
386.231 1997
386.244 1997
386.258 1965
386.271 1988
386.285 1964
386.298 1982
386.311 1950
386.325 1934
386.338 1922
386.352 1903
386.365 1909
386.379 1894
386.392 1848
386.405 1893
386.419 1836
386.432 1882
386.446 1903
386.459 1879
386.473 1840
386.486 1851
386.499 1809
386.513 1800
386.526 1788
386.540 1856
386.553 1776
386.567 1776
386.580 1794
386.593 1816
386.607 1840
386.620 1789
386.634 1755
386.647 1784
386.661 1730
386.674 1735
386.687 1726
386.701 1712
386.714 1714
386.728 1664
386.741 1697
386.754 1692
386.768 1712
386.781 1684
386.795 1669
386.808 1602
386.822 1621
386.835 1668
386.848 1645
386.862 1585
386.875 1570
386.889 1571
386.902 1608
386.915 1553
386.929 1560
386.942 1565
386.956 1548
386.969 1596
386.983 1507
386.996 1543
387.009 1533
387.023 1551
387.036 1547
387.050 1535
387.063 1526
387.076 1511
387.090 1493
387.103 1462
387.117 1459
387.130 1499
387.143 1491
387.157 1510
387.170 1508
387.184 1476
387.197 1478
387.210 1451
387.224 1472
387.237 1465
387.251 1408
387.264 1429
387.278 1383
387.291 1403
387.304 1410
387.318 1383
387.331 1426
387.345 1399
387.358 1419
387.371 1353
387.385 1370
387.398 1321
387.412 1349
387.425 1341
387.438 1321
387.452 1324
387.465 1324
387.478 1297
387.492 1314
387.505 1287
387.519 1302
387.532 1337
387.545 1326
387.559 1319
387.572 1288
387.586 1292
387.599 1300
387.612 1307
387.626 1273
387.639 1296
387.653 1260
387.666 1186
387.679 1225
387.693 1236
387.706 1230
387.720 1236
387.733 1216
387.746 1239
387.760 1256
387.773 1228
387.787 1222
387.800 1215
387.813 1197
387.827 1196
387.840 1191
387.853 1169
387.867 1193
387.880 1149
387.894 1199
387.907 1183
387.920 1160
387.934 1181
387.947 1157
387.961 1163
387.974 1146
387.987 1133
388.001 1126
388.014 1122
388.027 1153
388.041 1126
388.054 1127
388.068 1111
388.081 1118
388.094 1108
388.108 1090
388.121 1117
388.134 1128
388.148 1078
388.161 1110
388.175 1081
388.188 1098
388.201 1068
388.215 1069
388.228 1084
388.241 1064
388.255 1065
388.268 1066
388.282 1074
388.295 1039
388.308 1074
388.322 1059
388.335 1045
388.348 1036
388.362 1042
388.375 1050
388.389 1082
388.402 1084
388.415 1070
388.429 1051
388.442 1061
388.455 1050
388.469 1064
388.482 1062
388.495 1033
388.509 1060
388.522 1063
388.536 1082
388.549 1059
388.562 1045
388.576 1047
388.589 1058
388.602 1031
388.616 1032
388.629 1037
388.642 1036
388.656 1026
388.669 1008
388.683 1034
388.696 1037
388.709 1044
388.723 1058
388.736 1028
388.749 1019
388.763 1021
388.776 1028
388.789 1024
388.803 1014
388.816 976
388.829 1016
388.843 1021
388.856 999
388.870 997
388.883 1023
388.896 1016
388.910 998
388.923 1021
388.936 1010
388.950 1023
388.963 985
388.976 998
388.990 999
389.003 1022
389.016 1005
389.030 1012
389.043 1008
389.056 1025
389.070 1016
389.083 993
389.097 1002
389.110 980
389.123 1001
389.137 1004
389.150 1005
389.163 968
389.177 982
389.190 989
389.203 974
389.217 972
389.230 960
389.243 966
389.257 972
389.270 970
389.283 940
389.297 996
389.310 956
389.323 947
389.337 967
389.350 947
389.363 976
389.377 966
389.390 954
389.403 972
389.417 950
389.430 976
389.443 965
389.457 977
389.470 974
389.483 967
389.497 952
389.510 941
389.523 968
389.537 933
389.550 958
389.563 925
389.577 905
389.590 933
389.603 941
389.617 946
389.630 909
389.643 945
389.657 918
389.670 914
389.683 936
389.697 939
389.710 904
389.723 934
389.737 930
389.750 935
389.763 917
389.777 906
389.790 914
389.803 906
389.817 920
389.830 913
389.843 924
389.857 912
389.870 894
389.883 877
389.897 902
389.910 899
389.923 887
389.937 900
389.950 865
389.963 923
389.977 889
389.990 914
390.003 872
390.017 893
390.030 888
390.043 886
390.057 874
390.070 860
390.083 866
390.096 883
390.110 855
390.123 868
390.136 874
390.150 857
390.163 854
390.176 862
390.190 869
390.203 880
390.216 843
390.230 844
390.243 824
390.256 839
390.270 838
390.283 821
390.296 826
390.310 823
390.323 836
390.336 831
390.349 809
390.363 818
390.376 851
390.389 806
390.403 838
390.416 819
390.429 831
390.443 819
390.456 806
390.469 800
390.483 805
390.496 794
390.509 777
390.522 797
390.536 796
390.549 797
390.562 793
390.576 795
390.589 787
390.602 790
390.616 796
390.629 768
390.642 780
390.655 788
390.669 785
390.682 772
390.695 778
390.709 766
390.722 760
390.735 750
390.749 761
390.762 765
390.775 779
390.788 768
390.802 770
390.815 754
390.828 749
390.842 745
390.855 755
390.868 753
390.882 733
390.895 744
390.908 747
390.921 744
390.935 740
390.948 743
390.961 748
390.975 740
390.988 746
391.001 737
391.014 731
391.028 736
391.041 726
391.054 733
391.068 739
391.081 748
391.094 745
391.107 737
391.121 736
391.134 714
391.147 724
391.161 728
391.174 726
391.187 710
391.200 729
391.214 723
391.227 721
391.240 739
391.254 712
391.267 725
391.280 731
391.293 723
391.307 719
391.320 707
391.333 716
391.347 719
391.360 710
391.373 700
391.386 718
391.400 706
391.413 711
391.426 714
391.440 709
391.453 708
391.466 708
391.479 702
391.493 714
391.506 702
391.519 712
391.532 706
391.546 715
391.559 707
391.572 684
391.586 710
391.599 699
391.612 695
391.625 707
391.639 698
391.652 706
391.665 705
391.678 703
391.692 699
391.705 694
391.718 708
391.732 691
391.745 692
391.758 699
391.771 698
391.785 697
391.798 706
391.811 690
391.824 685
391.838 698
391.851 696
391.864 693
391.877 693
391.891 688
391.904 690
391.917 686
391.931 684
391.944 696
391.957 697
391.970 694
391.984 698
391.997 688
392.010 708
392.023 688
392.037 697
392.050 682
392.063 695
392.076 691
392.090 684
392.103 690
392.116 691
392.129 690
392.143 698
392.156 683
392.169 683
392.182 681
392.196 679
392.209 681
392.222 692
392.235 683
392.249 685
392.262 678
392.275 696
392.288 684
392.302 676
392.315 684
392.328 686
392.341 684
392.355 667
392.368 687
392.381 683
392.394 694
392.408 672
392.421 688
392.434 689
392.447 686
392.461 700
392.474 673
392.487 670
392.500 682
392.514 673
392.527 672
392.540 676
392.553 675
392.567 681
392.580 679
392.593 666
392.606 680
392.620 686
392.633 676
392.646 672
392.659 685
392.673 676
392.686 670
392.699 684
392.712 682
392.726 681
392.739 678
392.752 668
392.765 673
392.778 681
392.792 674
392.805 664
392.818 677
392.831 679
392.845 675
392.858 674
392.871 678
392.884 678
392.898 674
392.911 670
392.924 673
392.937 677
392.951 677
392.964 663
392.977 671
392.990 675
393.003 681
393.017 678
393.030 663
393.043 671
393.056 690
393.070 670
393.083 668
393.096 672
393.109 665
393.122 678
393.136 669
393.149 673
393.162 655
393.175 673
393.189 658
393.202 678
393.215 681
393.228 677
393.242 677
393.255 674
393.268 670
393.281 679
393.294 667
393.308 663
393.321 661
393.334 676
393.347 660
393.360 674
393.374 674
393.387 666
393.400 669
393.413 658
393.427 668
393.440 665
393.453 666
393.466 674
393.479 677
393.493 668
393.506 652
393.519 671
393.532 649
393.546 664
393.559 674
393.572 672
393.585 660
393.598 672
393.612 666
393.625 661
393.638 669
393.651 662
393.664 667
393.678 663
393.691 670
393.704 662
393.717 652
393.730 668
393.744 661
393.757 654
393.770 659
393.783 655
393.796 671
393.810 659
393.823 660
393.836 661
393.849 663
393.863 656
393.876 662
393.889 658
393.902 663
393.915 656
393.929 660
