375.891 815
375.905 827
375.919 807
375.933 807
375.946 845
375.960 836
375.974 835
375.987 825
376.001 855
376.015 844
376.029 834
376.042 862
376.056 861
376.070 857
376.084 850
376.097 865
376.111 854
376.125 864
376.139 880
376.152 874
376.166 877
376.180 857
376.193 894
376.207 884
376.221 890
376.235 889
376.248 886
376.262 905
376.276 909
376.290 909
376.303 916
376.317 918
376.331 927
376.345 933
376.358 893
376.372 925
376.386 903
376.399 933
376.413 933
376.427 949
376.441 960
376.454 951
376.468 935
376.482 951
376.495 960
376.509 972
376.523 984
376.537 981
376.550 1001
376.564 991
376.578 994
376.592 992
376.605 990
376.619 993
376.633 1012
376.646 995
376.660 997
376.674 999
376.688 1001
376.701 1002
376.715 1025
376.729 1039
376.742 1018
376.756 1043
376.770 1070
376.784 1031
376.797 1069
376.811 1083
376.825 1070
376.838 1102
376.852 1082
376.866 1085
376.880 1094
376.893 1089
376.907 1105
376.921 1087
376.934 1105
376.948 1110
376.962 1106
376.976 1108
376.989 1126
377.003 1139
377.017 1151
377.030 1183
377.044 1159
377.058 1165
377.071 1178
377.085 1157
377.099 1155
377.113 1155
377.126 1187
377.140 1196
377.154 1195
377.167 1199
377.181 1211
377.195 1209
377.208 1192
377.222 1209
377.236 1241
377.250 1234
377.263 1236
377.277 1250
377.291 1279
377.304 1284
377.318 1232
377.332 1275
377.345 1269
377.359 1259
377.373 1269
377.387 1262
377.400 1281
377.414 1297
377.428 1300
377.441 1292
377.455 1297
377.469 1338
377.482 1307
377.496 1360
377.510 1338
377.524 1379
377.537 1378
377.551 1371
377.565 1351
377.578 1367
377.592 1379
377.606 1394
377.619 1354
377.633 1316
377.647 1397
377.660 1387
377.674 1359
377.688 1421
377.701 1368
377.715 1394
377.729 1409
377.743 1423
377.756 1399
377.770 1430
377.784 1413
377.797 1383
377.811 1414
377.825 1419
377.838 1421
377.852 1436
377.866 1437
377.879 1420
377.893 1445
377.907 1479
377.920 1499
377.934 1462
377.948 1469
377.961 1458
377.975 1485
377.989 1454
378.002 1457
378.016 1476
378.030 1495
378.044 1477
378.057 1470
378.071 1450
378.085 1494
378.098 1498
378.112 1497
378.126 1504
378.139 1497
378.153 1477
378.167 1483
378.180 1517
378.194 1558
378.208 1528
378.221 1519
378.235 1528
378.249 1523
378.262 1530
378.276 1533
378.290 1518
378.303 1527
378.317 1571
378.331 1540
378.344 1550
378.358 1558
378.372 1533
378.385 1569
378.399 1574
378.413 1539
378.426 1542
378.440 1600
378.454 1573
378.467 1571
378.481 1592
378.495 1594
378.508 1589
378.522 1561
378.536 1584
378.549 1575
378.563 1595
378.577 1650
378.590 1605
378.604 1617
378.618 1658
378.631 1614
378.645 1671
378.659 1660
378.672 1656
378.686 1707
378.700 1712
378.713 1750
378.727 1703
378.740 1743
378.754 1744
378.768 1717
378.781 1720
378.795 1792
378.809 1726
378.822 1750
378.836 1725
378.850 1719
378.863 1706
378.877 1766
378.891 1755
378.904 1799
378.918 1785
378.932 1744
378.945 1759
378.959 1743
378.973 1772
378.986 1800
379.000 1753
379.014 1785
379.027 1773
379.041 1770
379.054 1783
379.068 1776
379.082 1828
379.095 1836
379.109 1784
379.123 1802
379.136 1824
379.150 1834
379.164 1830
379.177 1818
379.191 1866
379.205 1869
379.218 1877
379.232 1884
379.245 1934
379.259 1938
379.273 1940
379.286 1919
379.300 1906
379.314 1929
379.327 1948
379.341 1924
379.355 1973
379.368 2023
379.382 2037
379.396 1999
379.409 2067
379.423 2041
379.436 2075
379.450 2101
379.464 2086
379.477 2063
379.491 2126
379.505 2117
379.518 2139
379.532 2128
379.546 2192
379.559 2238
379.573 2172
379.586 2190
379.600 2225
379.614 2249
379.627 2254
379.641 2377
379.655 2395
379.668 2304
379.682 2342
379.695 2343
379.709 2338
379.723 2388
379.736 2480
379.750 2538
379.764 2624
379.777 2623
379.791 2578
379.804 2639
379.818 2650
379.832 2630
379.845 2662
379.859 2563
379.873 2577
379.886 2616
379.900 2677
379.913 2656
379.927 2741
379.941 2820
379.954 2833
379.968 2828
379.982 2887
379.995 2920
380.009 2980
380.022 2949
380.036 3039
380.050 3088
380.063 3120
380.077 3253
380.090 3368
380.104 3386
380.118 3373
380.131 3462
380.145 3376
380.159 3467
380.172 3548
380.186 3599
380.199 3659
380.213 3724
380.227 3744
380.240 3854
380.254 3776
380.267 3757
380.281 3752
380.295 3846
380.308 3868
380.322 3923
380.336 3995
380.349 4089
380.363 4085
380.376 4161
380.390 4215
380.404 4301
380.417 4372
380.431 4331
380.444 4423
380.458 4574
380.472 4577
380.485 4608
380.499 4625
380.512 4763
380.526 4742
380.540 4806
380.553 4879
380.567 4955
380.580 5036
380.594 5090
380.608 5266
380.621 5501
380.635 5487
380.648 5547
380.662 5514
380.676 5652
380.689 5759
380.703 5737
380.716 5870
380.730 5967
380.744 5930
380.757 6144
380.771 6313
380.784 6346
380.798 6351
380.812 6290
380.825 6437
380.839 6546
380.852 6717
380.866 6872
380.880 6987
380.893 7013
380.907 6967
380.920 6940
380.934 7070
380.948 7173
380.961 7234
380.975 7357
380.988 7422
381.002 7458
381.015 7411
381.029 7568
381.043 7712
381.056 7749
381.070 7817
381.083 7789
381.097 7933
381.111 8043
381.124 8147
381.138 8268
381.151 8370
381.165 8383
381.179 8544
381.192 8416
381.206 8400
381.219 8475
381.233 8669
381.246 8605
381.260 8750
381.274 8767
381.287 8902
381.301 8938
381.314 8952
381.328 9110
381.341 9090
381.355 9203
381.369 9341
381.382 9371
381.396 9508
381.409 9604
381.423 9834
381.437 9917
381.450 9930
381.464 10092
381.477 10185
381.491 10246
381.504 10318
381.518 10405
381.532 10402
381.545 10599
381.559 10883
381.572 11028
381.586 10831
381.599 11086
381.613 11226
381.627 11209
381.640 11159
381.654 11274
381.667 11313
381.681 11509
381.694 11473
381.708 11333
381.722 11239
381.735 11236
381.749 11338
381.762 11391
381.776 11431
381.789 11549
381.803 11512
381.817 11658
381.830 11637
381.844 11932
381.857 11869
381.871 11953
381.884 12187
381.898 12038
381.911 12030
381.925 12222
381.939 12414
381.952 12299
381.966 12569
381.979 12574
381.993 12771
382.006 12878
382.020 13075
382.034 13302
382.047 13082
382.061 12992
382.074 13046
382.088 13151
382.101 13077
382.115 13219
382.128 13294
382.142 13570
382.156 14110
382.169 14399
382.183 14194
382.196 14230
382.210 14194
382.223 14094
382.237 14224
382.250 14428
382.264 14402
382.278 14478
382.291 14719
382.305 14854
382.318 15247
382.332 15162
382.345 14814
382.359 14545
382.372 14717
382.386 14752
382.399 14961
382.413 14924
382.427 15177
382.440 15138
382.454 15432
382.467 15516
382.481 15831
382.494 16190
382.508 16280
382.521 16587
382.535 16227
382.548 16410
382.562 16245
382.576 16436
382.589 16284
382.603 16553
382.616 16774
382.630 17030
382.643 16965
382.657 17213
382.670 17388
382.684 17474
382.697 17338
382.711 17396
382.724 17766
382.738 17702
382.752 17655
382.765 17901
382.779 18022
382.792 18277
382.806 18373
382.819 18347
382.833 18712
382.846 18641
382.860 18907
382.873 19065
382.887 19232
382.900 19343
382.914 19498
382.928 19519
382.941 19813
382.955 20076
382.968 20237
382.982 20430
382.995 20480
383.009 20398
383.022 20345
383.036 20706
383.049 20799
383.063 20906
383.076 21276
383.090 21157
383.103 21182
383.117 21370
383.130 21513
383.144 21798
383.158 21933
383.171 21850
383.185 22136
383.198 22467
383.212 22664
383.225 22772
383.239 23154
383.252 23453
383.266 23488
383.279 23454
383.293 23526
383.306 23514
383.320 24002
383.333 24402
383.347 24757
383.360 24526
383.374 24560
383.387 24850
383.401 24790
383.414 24794
383.428 24767
383.441 24762
383.455 24778
383.468 24631
383.482 25197
383.496 25706
383.509 26081
383.523 25872
383.536 25678
383.550 25764
383.563 26045
383.577 26107
383.590 26270
383.604 26549
383.617 26164
383.631 25935
383.644 25589
383.658 25804
383.671 25670
383.685 25849
383.698 25934
383.712 26133
383.725 25999
383.739 25898
383.752 25992
383.766 25953
383.779 25744
383.793 25817
383.806 26000
383.820 26595
383.833 26297
383.847 26367
383.860 26705
383.874 26463
383.887 25886
383.901 25909
383.914 25950
383.928 26313
383.941 26136
383.955 25574
383.968 25482
383.982 25400
383.995 25103
384.009 25166
384.022 25246
384.036 25082
384.049 24952
384.063 25242
384.076 25263
384.090 25635
384.103 25850
384.117 25592
384.130 25456
384.144 24487
384.157 24191
384.171 24008
384.184 23770
384.198 23504
384.211 23398
384.225 23253
384.238 23475
384.252 23213
384.265 23050
384.279 22650
384.292 22538
384.306 22180
384.319 21714
384.333 21122
384.346 20813
384.360 20383
384.373 20188
384.387 19928
384.400 19504
384.414 19097
384.427 18798
384.441 18294
384.454 18040
384.468 17660
384.481 17229
384.495 16768
384.508 16622
384.522 16015
384.535 15586
384.549 15318
384.562 14870
384.575 14424
384.589 14413
384.602 14232
384.616 13819
384.629 13336
384.643 13067
384.656 12749
384.670 12125
384.683 11719
384.697 11348
384.710 11060
384.724 10612
384.737 10459
384.751 9966
384.764 9846
384.778 9392
384.791 9253
384.805 9086
384.818 8796
384.832 8467
384.845 8298
384.859 8024
384.872 7759
384.885 7369
384.899 7114
384.912 6924
384.926 6790
384.939 6567
384.953 6320
384.966 6337
384.980 6202
384.993 6037
385.007 5874
385.020 5791
385.034 5566
385.047 5471
385.061 5285
385.074 5216
385.088 5117
385.101 5058
385.114 4920
385.128 4852
385.141 4763
385.155 4654
385.168 4685
385.182 4675
385.195 4558
385.209 4513
385.222 4373
385.236 4254
385.249 4245
385.263 4166
385.276 4053
385.290 4021
385.303 3852
385.316 3841
385.330 3857
385.343 3766
385.357 3725
385.370 3670
385.384 3576
385.397 3555
385.411 3586
385.424 3514
385.438 3517
385.451 3454
385.464 3467
385.478 3375
385.491 3365
385.505 3324
385.518 3251
385.532 3308
385.545 3244
385.559 3149
385.572 3118
385.586 3123
385.599 3069
385.612 3124
385.626 3096
385.639 3002
385.653 3046
385.666 3070
385.680 3129
385.693 2988
385.707 2933
385.720 2918
385.734 2880
385.747 2872
385.760 2818
385.774 2800
385.787 2778
385.801 2820
385.814 2734
385.828 2638
385.841 2688
385.855 2638
385.868 2634
385.881 2577
385.895 2566
385.908 2541
385.922 2563
385.935 2550
385.949 2575
385.962 2483
385.976 2498
385.989 2489
386.002 2480
386.016 2472
386.029 2455
386.043 2459
386.056 2398
386.070 2398
386.083 2396
386.097 2398
386.110 2393
386.123 2422
386.137 2411
386.150 2314
386.164 2343
386.177 2288
386.191 2330
386.204 2193
386.217 2195
386.231 2209
386.244 2238
386.258 2236
386.271 2297
386.285 2232
386.298 2173
386.311 2215
386.325 2153
386.338 2176
386.352 2172
386.365 2158
386.379 2136
386.392 2117
386.405 2051
386.419 2066
386.432 2082
386.446 2090
386.459 2083
386.473 2066
386.486 2041
386.499 2021
386.513 2017
386.526 1975
386.540 1956
386.553 2024
386.567 2010
386.580 2030
386.593 2053
386.607 2011
386.620 1984
386.634 1975
386.647 2006
386.661 1922
386.674 1976
386.687 1894
386.701 1924
386.714 1888
386.728 1936
386.741 1872
386.754 1879
386.768 1909
386.781 1852
386.795 1778
386.808 1876
386.822 1813
386.835 1778
386.848 1815
386.862 1749
386.875 1776
386.889 1763
386.902 1745
386.915 1767
386.929 1719
386.942 1767
386.956 1752
386.969 1700
386.983 1728
386.996 1661
387.009 1686
387.023 1675
387.036 1684
387.050 1691
387.063 1705
387.076 1701
387.090 1650
387.103 1624
387.117 1623
387.130 1611
387.143 1659
387.157 1613
387.170 1639
387.184 1596
387.197 1613
387.210 1615
387.224 1589
387.237 1586
387.251 1596
387.264 1554
387.278 1531
387.291 1540
387.304 1576
387.318 1559
387.331 1542
387.345 1559
387.358 1549
387.371 1474
387.385 1480
387.398 1468
387.412 1448
387.425 1478
387.438 1469
387.452 1434
387.465 1406
387.478 1395
387.492 1397
387.505 1412
387.519 1448
387.532 1427
387.545 1455
387.559 1454
387.572 1444
387.586 1402
387.599 1404
387.612 1410
387.626 1387
387.639 1373
387.653 1388
387.666 1339
387.679 1283
387.693 1322
387.706 1310
387.720 1292
387.733 1298
387.746 1319
387.760 1332
387.773 1298
387.787 1301
387.800 1316
387.813 1320
387.827 1269
387.840 1289
387.853 1265
387.867 1261
387.880 1274
387.894 1286
387.907 1287
387.920 1278
387.934 1282
387.947 1255
387.961 1244
387.974 1247
387.987 1191
388.001 1227
388.014 1226
388.027 1229
388.041 1225
388.054 1198
388.068 1240
388.081 1204
388.094 1145
388.108 1211
388.121 1209
388.134 1188
388.148 1192
388.161 1151
388.175 1135
388.188 1149
388.201 1155
388.215 1136
388.228 1106
388.241 1141
388.255 1137
388.268 1144
388.282 1112
388.295 1144
388.308 1137
388.322 1125
388.335 1125
388.348 1102
388.362 1083
388.375 1120
388.389 1126
388.402 1083
388.415 1134
388.429 1159
388.442 1141
388.455 1118
388.469 1152
388.482 1140
388.495 1128
388.509 1145
388.522 1132
388.536 1123
388.549 1145
388.562 1103
388.576 1093
388.589 1101
388.602 1103
388.616 1117
388.629 1099
388.642 1119
388.656 1098
388.669 1095
388.683 1080
388.696 1107
388.709 1098
388.723 1088
388.736 1099
388.749 1085
388.763 1074
388.776 1077
388.789 1065
388.803 1082
388.816 1091
388.829 1090
388.843 1029
388.856 1074
388.870 1065
388.883 1079
388.896 1064
388.910 1054
388.923 1076
388.936 1075
388.950 1075
388.963 1040
388.976 1064
388.990 1080
389.003 1063
389.016 1059
389.030 1078
389.043 1047
389.056 1094
389.070 1049
389.083 1039
389.097 1029
389.110 1046
389.123 1067
389.137 1042
389.150 1041
389.163 1053
389.177 992
389.190 1033
389.203 1043
389.217 1046
389.230 1040
389.243 1024
389.257 1026
389.270 1025
389.283 1030
389.297 1031
389.310 1049
389.323 1039
389.337 1026
389.350 1026
389.363 1031
389.377 1000
389.390 1028
389.403 1029
389.417 1033
389.430 1018
389.443 996
389.457 1013
389.470 1028
389.483 1012
389.497 1017
389.510 1026
389.523 1024
389.537 1029
389.550 1009
389.563 980
389.577 987
389.590 984
389.603 980
389.617 969
389.630 991
389.643 992
389.657 984
389.670 976
389.683 978
389.697 980
389.710 981
389.723 988
389.737 978
389.750 966
389.763 986
389.777 958
389.790 969
389.803 973
389.817 962
389.830 961
389.843 974
389.857 944
389.870 938
389.883 938
389.897 921
389.910 924
389.923 944
389.937 947
389.950 941
389.963 937
389.977 943
389.990 923
390.003 942
390.017 935
390.030 949
390.043 913
390.057 937
390.070 933
390.083 927
390.096 909
390.110 918
390.123 932
390.136 931
390.150 893
390.163 884
390.176 891
390.190 891
390.203 901
390.216 879
390.230 894
390.243 878
390.256 866
390.270 866
390.283 869
390.296 875
390.310 883
390.323 879
390.336 858
390.349 865
390.363 856
390.376 864
390.389 837
390.403 867
390.416 863
390.429 860
390.443 849
390.456 855
390.469 835
390.483 831
390.496 817
390.509 819
390.522 827
390.536 831
390.549 821
390.562 808
390.576 818
390.589 834
390.602 809
390.616 820
390.629 818
390.642 824
390.655 808
390.669 805
390.682 789
390.695 799
390.709 808
390.722 798
390.735 784
390.749 790
390.762 809
390.775 786
390.788 784
390.802 789
390.815 772
390.828 785
390.842 778
390.855 777
390.868 765
390.882 764
390.895 774
390.908 780
390.921 775
390.935 769
390.948 777
390.961 772
390.975 741
390.988 762
391.001 772
391.014 768
391.028 752
391.041 747
391.054 764
391.068 749
391.081 751
391.094 752
391.107 756
391.121 747
391.134 743
391.147 752
391.161 741
391.174 749
391.187 740
391.200 740
391.214 742
391.227 714
391.240 735
391.254 725
391.267 726
391.280 732
391.293 733
391.307 723
391.320 738
391.333 720
391.347 725
391.360 725
391.373 730
391.386 719
391.400 723
391.413 716
391.426 734
391.440 715
391.453 722
391.466 712
391.479 706
391.493 727
391.506 726
391.519 727
391.532 719
391.546 719
391.559 724
391.572 717
391.586 706
391.599 711
391.612 712
391.625 711
391.639 716
391.652 715
391.665 710
391.678 704
391.692 711
391.705 726
391.718 698
391.732 722
391.745 712
391.758 705
391.771 705
391.785 723
391.798 705
391.811 700
391.824 698
391.838 698
391.851 699
391.864 708
391.877 701
391.891 706
391.904 714
391.917 719
391.931 711
391.944 709
391.957 718
391.970 708
391.984 705
391.997 720
392.010 704
392.023 694
392.037 707
392.050 694
392.063 694
392.076 693
392.090 694
392.103 698
392.116 704
392.129 708
392.143 703
392.156 694
392.169 696
392.182 697
392.196 694
392.209 693
392.222 704
392.235 682
392.249 706
392.262 692
392.275 698
392.288 695
392.302 688
392.315 689
392.328 685
392.341 704
392.355 688
392.368 679
392.381 698
392.394 681
392.408 689
392.421 701
392.434 701
392.447 694
392.461 701
392.474 692
392.487 686
392.500 696
392.514 689
392.527 674
392.540 683
392.553 705
392.567 680
392.580 686
392.593 700
392.606 687
392.620 682
392.633 692
392.646 683
392.659 685
392.673 689
392.686 680
392.699 697
392.712 690
392.726 690
392.739 679
392.752 693
392.765 680
392.778 691
392.792 680
392.805 687
392.818 683
392.831 689
392.845 693
392.858 683
392.871 678
392.884 676
392.898 685
392.911 688
392.924 682
392.937 682
392.951 689
392.964 672
392.977 688
392.990 683
393.003 684
393.017 675
393.030 677
393.043 680
393.056 675
393.070 687
393.083 689
393.096 675
393.109 673
393.122 690
393.136 674
393.149 684
393.162 680
393.175 675
393.189 681
393.202 677
393.215 665
393.228 672
393.242 669
393.255 668
393.268 666
393.281 690
393.294 681
393.308 668
393.321 682
393.334 677
393.347 677
393.360 671
393.374 663
393.387 672
393.400 678
393.413 674
393.427 681
393.440 670
393.453 679
393.466 678
393.479 676
393.493 669
393.506 674
393.519 670
393.532 679
393.546 679
393.559 674
393.572 678
393.585 683
393.598 670
393.612 666
393.625 662
393.638 673
393.651 662
393.664 671
393.678 676
393.691 675
393.704 681
393.717 661
393.730 668
393.744 665
393.757 665
393.770 671
393.783 650
393.796 668
393.810 671
393.823 661
393.836 672
393.849 670
393.863 665
393.876 671
393.889 665
393.902 664
393.915 672
393.929 660
