375.891 801
375.905 792
375.919 777
375.933 814
375.946 820
375.960 806
375.974 796
375.987 812
376.001 820
376.015 812
376.029 820
376.042 798
376.056 808
376.070 812
376.084 825
376.097 840
376.111 843
376.125 819
376.139 846
376.152 860
376.166 854
376.180 847
376.193 861
376.207 867
376.221 850
376.235 844
376.248 847
376.262 871
376.276 878
376.290 864
376.303 870
376.317 848
376.331 875
376.345 874
376.358 886
376.372 898
376.386 898
376.399 884
376.413 902
376.427 897
376.441 902
376.454 900
376.468 898
376.482 917
376.495 915
376.509 919
376.523 936
376.537 928
376.550 954
376.564 946
376.578 937
376.592 959
376.605 970
376.619 960
376.633 963
376.646 952
376.660 956
376.674 951
376.688 937
376.701 951
376.715 967
376.729 960
376.742 967
376.756 1020
376.770 1003
376.784 954
376.797 994
376.811 988
376.825 1016
376.838 987
376.852 1021
376.866 1022
376.880 1053
376.893 1006
376.907 1036
376.921 1042
376.934 1017
376.948 1030
376.962 1034
376.976 1065
376.989 1065
377.003 1089
377.017 1095
377.030 1055
377.044 1102
377.058 1099
377.071 1110
377.085 1069
377.099 1088
377.113 1117
377.126 1114
377.140 1087
377.154 1121
377.167 1147
377.181 1127
377.195 1116
377.208 1125
377.222 1123
377.236 1147
377.250 1162
377.263 1132
377.277 1186
377.291 1159
377.304 1191
377.318 1174
377.332 1188
377.345 1216
377.359 1175
377.373 1188
377.387 1184
377.400 1223
377.414 1176
377.428 1226
377.441 1173
377.455 1218
377.469 1235
377.482 1248
377.496 1255
377.510 1252
377.524 1266
377.537 1259
377.551 1260
377.565 1266
377.578 1285
377.592 1236
377.606 1250
377.619 1252
377.633 1248
377.647 1240
377.660 1282
377.674 1295
377.688 1293
377.701 1255
377.715 1284
377.729 1287
377.743 1292
377.756 1306
377.770 1300
377.784 1331
377.797 1302
377.811 1312
377.825 1299
377.838 1330
377.852 1358
377.866 1306
377.879 1352
377.893 1356
377.907 1333
377.920 1360
377.934 1341
377.948 1366
377.961 1339
377.975 1339
377.989 1387
378.002 1336
378.016 1344
378.030 1363
378.044 1365
378.057 1359
378.071 1391
378.085 1426
378.098 1369
378.112 1327
378.126 1366
378.139 1378
378.153 1368
378.167 1386
378.180 1373
378.194 1382
378.208 1422
378.221 1396
378.235 1408
378.249 1403
378.262 1424
378.276 1412
378.290 1438
378.303 1432
378.317 1381
378.331 1448
378.344 1425
378.358 1461
378.372 1438
378.385 1457
378.399 1441
378.413 1414
378.426 1454
378.440 1453
378.454 1459
378.467 1466
378.481 1484
378.495 1464
378.508 1472
378.522 1493
378.536 1454
378.549 1459
378.563 1486
378.577 1484
378.590 1502
378.604 1452
378.618 1481
378.631 1499
378.645 1517
378.659 1479
378.672 1526
378.686 1552
378.700 1564
378.713 1559
378.727 1552
378.740 1594
378.754 1546
378.768 1547
378.781 1598
378.795 1559
378.809 1641
378.822 1571
378.836 1552
378.850 1549
378.863 1581
378.877 1596
378.891 1570
378.904 1586
378.918 1607
378.932 1622
378.945 1621
378.959 1599
378.973 1630
378.986 1584
379.000 1626
379.014 1596
379.027 1601
379.041 1616
379.054 1581
379.068 1670
379.082 1638
379.095 1666
379.109 1642
379.123 1614
379.136 1656
379.150 1670
379.164 1660
379.177 1642
379.191 1684
379.205 1672
379.218 1699
379.232 1736
379.245 1733
379.259 1693
379.273 1750
379.286 1720
379.300 1768
379.314 1734
379.327 1750
379.341 1776
379.355 1789
379.368 1789
379.382 1793
379.396 1771
379.409 1815
379.423 1830
379.436 1872
379.450 1869
379.464 1859
379.477 1874
379.491 1895
379.505 1919
379.518 1925
379.532 1916
379.546 1929
379.559 1991
379.573 1958
379.586 1978
379.600 2010
379.614 2049
379.627 2040
379.641 2116
379.655 2060
379.668 2031
379.682 2087
379.695 2069
379.709 2110
379.723 2153
379.736 2186
379.750 2222
379.764 2323
379.777 2318
379.791 2357
379.804 2368
379.818 2354
379.832 2344
379.845 2280
379.859 2292
379.873 2342
379.886 2400
379.900 2359
379.913 2411
379.927 2452
379.941 2500
379.954 2540
379.968 2595
379.982 2603
379.995 2591
380.009 2609
380.022 2602
380.036 2721
380.050 2770
380.063 2740
380.077 2844
380.090 2859
380.104 2926
380.118 2923
380.131 2966
380.145 2991
380.159 3077
380.172 3075
380.186 3136
380.199 3196
380.213 3267
380.227 3282
380.240 3291
380.254 3289
380.267 3261
380.281 3335
380.295 3369
380.308 3405
380.322 3488
380.336 3528
380.349 3512
380.363 3593
380.376 3677
380.390 3685
380.404 3748
380.417 3761
380.431 3856
380.444 3861
380.458 3924
380.472 3970
380.485 3997
380.499 4128
380.512 4056
380.526 4141
380.540 4184
380.553 4265
380.567 4300
380.580 4305
380.594 4401
380.608 4587
380.621 4633
380.635 4859
380.648 4660
380.662 4804
380.676 4871
380.689 4942
380.703 4964
380.716 5014
380.730 4996
380.744 5214
380.757 5265
380.771 5325
380.784 5422
380.798 5466
380.812 5415
380.825 5631
380.839 5742
380.852 5779
380.866 5984
380.880 6044
380.893 6017
380.907 5946
380.920 6131
380.934 6079
380.948 6254
380.961 6274
380.975 6412
380.988 6382
381.002 6414
381.015 6504
381.029 6479
381.043 6565
381.056 6669
381.070 6708
381.083 6755
381.097 6801
381.111 7013
381.124 7013
381.138 7315
381.151 7202
381.165 7304
381.179 7352
381.192 7221
381.206 7275
381.219 7383
381.233 7296
381.246 7510
381.260 7604
381.274 7729
381.287 7655
381.301 7696
381.314 7660
381.328 7856
381.341 7971
381.355 8015
381.369 8070
381.382 8103
381.396 8093
381.409 8247
381.423 8407
381.437 8582
381.450 8614
381.464 8725
381.477 8773
381.491 8879
381.504 8826
381.518 8952
381.532 8931
381.545 9089
381.559 9184
381.572 9381
381.586 9396
381.599 9470
381.613 9472
381.627 9564
381.640 9646
381.654 9682
381.667 9650
381.681 9716
381.694 9785
381.708 9515
381.722 9741
381.735 9735
381.749 9733
381.762 9815
381.776 9767
381.789 9927
381.803 9941
381.817 9924
381.830 10024
381.844 10217
381.857 10165
381.871 10457
381.884 10381
381.898 10381
381.911 10477
381.925 10418
381.939 10629
381.952 10665
381.966 10694
381.979 10692
381.993 10823
382.006 11184
382.020 11149
382.034 11333
382.047 11198
382.061 11131
382.074 11187
382.088 11211
382.101 11236
382.115 11257
382.128 11269
382.142 11765
382.156 12053
382.169 12058
382.183 11953
382.196 12063
382.210 12004
382.223 12051
382.237 12097
382.250 12103
382.264 12276
382.278 12407
382.291 12504
382.305 12732
382.318 12753
382.332 12825
382.345 12515
382.359 12517
382.372 12524
382.386 12727
382.399 12806
382.413 12816
382.427 12849
382.440 13044
382.454 13054
382.467 13307
382.481 13457
382.494 13780
382.508 13996
382.521 14146
382.535 13954
382.548 13961
382.562 14037
382.576 13871
382.589 14165
382.603 14243
382.616 14285
382.630 14427
382.643 14700
382.657 14818
382.670 14793
382.684 14963
382.697 14602
382.711 14866
382.724 15042
382.738 15105
382.752 15323
382.765 15221
382.779 15519
382.792 15360
382.806 15506
382.819 15786
382.833 15963
382.846 15996
382.860 15980
382.873 16169
382.887 16427
382.900 16516
382.914 16452
382.928 16850
382.941 16875
382.955 17012
382.968 17151
382.982 17247
382.995 17489
383.009 17670
383.022 17687
383.036 17705
383.049 17802
383.063 17943
383.076 18058
383.090 17839
383.103 18009
383.117 18366
383.130 18579
383.144 18353
383.158 18636
383.171 18757
383.185 19042
383.198 18990
383.212 19266
383.225 19504
383.239 19804
383.252 20158
383.266 20011
383.279 20082
383.293 20227
383.306 20263
383.320 20633
383.333 21004
383.347 21161
383.360 20949
383.374 20932
383.387 21144
383.401 21250
383.414 21168
383.428 21000
383.441 21287
383.455 21157
383.468 21071
383.482 21292
383.496 21678
383.509 21862
383.523 21740
383.536 21672
383.550 21799
383.563 22135
383.577 22087
383.590 22362
383.604 22275
383.617 21967
383.631 22084
383.644 21477
383.658 21827
383.671 21583
383.685 21853
383.698 22184
383.712 22240
383.725 22092
383.739 21766
383.752 21979
383.766 21861
383.779 21717
383.793 21834
383.806 22036
383.820 22333
383.833 22236
383.847 22381
383.860 22536
383.874 22352
383.887 21980
383.901 21982
383.914 22073
383.928 21970
383.941 22245
383.955 21739
383.968 21659
383.982 21516
383.995 21555
384.009 21298
384.022 21351
384.036 21321
384.049 21374
384.063 21326
384.076 21716
384.090 21610
384.103 21717
384.117 21803
384.130 21330
384.144 20605
384.157 20528
384.171 20532
384.184 20189
384.198 19937
384.211 19846
384.225 19674
384.238 19858
384.252 19808
384.265 19492
384.279 19066
384.292 19253
384.306 18970
384.319 18592
384.333 18040
384.346 17755
384.360 17493
384.373 17169
384.387 17045
384.400 16668
384.414 16342
384.427 16080
384.441 15628
384.454 15344
384.468 15000
384.481 14631
384.495 14453
384.508 14272
384.522 13840
384.535 13605
384.549 13065
384.562 12795
384.575 12500
384.589 12237
384.602 12119
384.616 11989
384.629 11616
384.643 11356
384.656 11097
384.670 10782
384.683 10340
384.697 9920
384.710 9669
384.724 9405
384.737 9070
384.751 8902
384.764 8672
384.778 8431
384.791 8244
384.805 8027
384.818 7806
384.832 7453
384.845 7412
384.859 7160
384.872 6950
384.885 6660
384.899 6471
384.912 6332
384.926 6064
384.939 6003
384.953 5856
384.966 5749
384.980 5678
384.993 5586
385.007 5366
385.020 5233
385.034 5049
385.047 5050
385.061 4956
385.074 4780
385.088 4633
385.101 4569
385.114 4437
385.128 4442
385.141 4363
385.155 4331
385.168 4279
385.182 4287
385.195 4198
385.209 4073
385.222 4012
385.236 3999
385.249 3949
385.263 3831
385.276 3762
385.290 3723
385.303 3548
385.316 3576
385.330 3509
385.343 3564
385.357 3441
385.370 3435
385.384 3354
385.397 3307
385.411 3289
385.424 3248
385.438 3167
385.451 3182
385.464 3210
385.478 3129
385.491 3131
385.505 3043
385.518 3029
385.532 3042
385.545 2894
385.559 2897
385.572 2881
385.586 2914
385.599 2887
385.612 2854
385.626 2789
385.639 2831
385.653 2776
385.666 2804
385.680 2771
385.693 2717
385.707 2731
385.720 2668
385.734 2676
385.747 2646
385.760 2578
385.774 2592
385.787 2605
385.801 2576
385.814 2483
385.828 2499
385.841 2496
385.855 2456
385.868 2429
385.881 2407
385.895 2425
385.908 2379
385.922 2370
385.935 2361
385.949 2366
385.962 2356
385.976 2296
385.989 2302
386.002 2278
386.016 2315
386.029 2272
386.043 2281
386.056 2232
386.070 2192
386.083 2249
386.097 2211
386.110 2246
386.123 2195
386.137 2123
386.150 2162
386.164 2189
386.177 2136
386.191 2172
386.204 2080
386.217 2065
386.231 2088
386.244 2131
386.258 2112
386.271 2075
386.285 2075
386.298 2085
386.311 2053
386.325 2020
386.338 2041
386.352 2020
386.365 2022
386.379 1978
386.392 1951
386.405 1908
386.419 1946
386.432 1950
386.446 1967
386.459 1985
386.473 1982
386.486 1910
386.499 1879
386.513 1856
386.526 1878
386.540 1899
386.553 1847
386.567 1836
386.580 1871
386.593 1847
386.607 1891
386.620 1895
386.634 1890
386.647 1865
386.661 1809
386.674 1829
386.687 1770
386.701 1853
386.714 1778
386.728 1770
386.741 1750
386.754 1783
386.768 1765
386.781 1748
386.795 1717
386.808 1678
386.822 1696
386.835 1668
386.848 1702
386.862 1668
386.875 1682
386.889 1668
386.902 1611
386.915 1677
386.929 1680
386.942 1618
386.956 1601
386.969 1616
386.983 1615
386.996 1582
387.009 1576
387.023 1580
387.036 1607
387.050 1586
387.063 1607
387.076 1595
387.090 1568
387.103 1567
387.117 1548
387.130 1549
387.143 1536
387.157 1523
387.170 1528
387.184 1522
387.197 1527
387.210 1514
387.224 1511
387.237 1516
387.251 1534
387.264 1437
387.278 1442
387.291 1452
387.304 1504
387.318 1466
387.331 1441
387.345 1440
387.358 1453
387.371 1419
387.385 1436
387.398 1385
387.412 1406
387.425 1408
387.438 1418
387.452 1387
387.465 1375
387.478 1378
387.492 1348
387.505 1325
387.519 1346
387.532 1377
387.545 1363
387.559 1335
387.572 1373
387.586 1361
387.599 1350
387.612 1320
387.626 1328
387.639 1329
387.653 1342
387.666 1248
387.679 1270
387.693 1227
387.706 1247
387.720 1227
387.733 1289
387.746 1271
387.760 1268
387.773 1247
387.787 1258
387.800 1279
387.813 1262
387.827 1233
387.840 1223
387.853 1259
387.867 1183
387.880 1243
387.894 1249
387.907 1203
387.920 1210
387.934 1223
387.947 1208
387.961 1218
387.974 1188
387.987 1190
388.001 1132
388.014 1149
388.027 1161
388.041 1141
388.054 1174
388.068 1137
388.081 1152
388.094 1153
388.108 1167
388.121 1100
388.134 1128
388.148 1130
388.161 1108
388.175 1094
388.188 1115
388.201 1115
388.215 1120
388.228 1081
388.241 1121
388.255 1094
388.268 1055
388.282 1108
388.295 1098
388.308 1090
388.322 1086
388.335 1062
388.348 1062
388.362 1089
388.375 1070
388.389 1059
388.402 1090
388.415 1111
388.429 1074
388.442 1092
388.455 1076
388.469 1073
388.482 1098
388.495 1088
388.509 1105
388.522 1081
388.536 1096
388.549 1055
388.562 1061
388.576 1028
388.589 1074
388.602 1061
388.616 1056
388.629 1049
388.642 1074
388.656 1042
388.669 1048
388.683 1069
388.696 1028
388.709 1067
388.723 1080
388.736 1021
388.749 1044
388.763 1047
388.776 1033
388.789 1019
388.803 1046
388.816 1020
388.829 1022
388.843 1020
388.856 1051
388.870 1030
388.883 1019
388.896 1020
388.910 1017
388.923 1050
388.936 1035
388.950 1013
388.963 1031
388.976 1018
388.990 1036
389.003 1013
389.016 1050
389.030 1023
389.043 1014
389.056 1012
389.070 1027
389.083 1005
389.097 982
389.110 996
389.123 1025
389.137 1024
389.150 1015
389.163 1014
389.177 1000
389.190 985
389.203 991
389.217 1013
389.230 987
389.243 990
389.257 999
389.270 979
389.283 959
389.297 995
389.310 998
389.323 988
389.337 983
389.350 996
389.363 994
389.377 1003
389.390 994
389.403 1005
389.417 999
389.430 966
389.443 984
389.457 992
389.470 982
389.483 994
389.497 994
389.510 964
389.523 978
389.537 992
389.550 983
389.563 960
389.577 980
389.590 974
389.603 954
389.617 956
389.630 971
389.643 939
389.657 944
389.670 942
389.683 965
389.697 949
389.710 950
389.723 941
389.737 966
389.750 939
389.763 952
389.777 949
389.790 961
389.803 933
389.817 920
389.830 909
389.843 938
389.857 902
389.870 938
389.883 898
389.897 898
389.910 902
389.923 927
389.937 912
389.950 905
389.963 920
389.977 911
389.990 914
390.003 918
390.017 918
390.030 906
390.043 928
390.057 886
390.070 896
390.083 901
390.096 876
390.110 868
390.123 875
390.136 886
390.150 874
390.163 872
390.176 866
390.190 876
390.203 874
390.216 861
390.230 862
390.243 871
390.256 835
390.270 866
390.283 859
390.296 846
390.310 832
390.323 851
390.336 818
390.349 850
390.363 847
390.376 837
390.389 848
390.403 845
390.416 834
390.429 835
390.443 825
390.456 828
390.469 845
390.483 844
390.496 831
390.509 789
390.522 831
390.536 826
390.549 795
390.562 815
390.576 807
390.589 807
390.602 818
390.616 791
390.629 777
390.642 805
390.655 778
390.669 765
390.682 798
390.695 786
390.709 785
390.722 799
390.735 779
390.749 772
390.762 788
390.775 768
390.788 776
390.802 775
390.815 773
390.828 764
390.842 779
390.855 764
390.868 766
390.882 756
390.895 741
390.908 764
390.921 746
390.935 772
390.948 761
390.961 755
390.975 745
390.988 763
391.001 756
391.014 750
391.028 745
391.041 759
391.054 732
391.068 730
391.081 737
391.094 759
391.107 724
391.121 730
391.134 735
391.147 738
391.161 729
391.174 740
391.187 711
391.200 725
391.214 739
391.227 724
391.240 729
391.254 739
391.267 725
391.280 733
391.293 716
391.307 728
391.320 726
391.333 731
391.347 725
391.360 720
391.373 730
391.386 728
391.400 718
391.413 722
391.426 708
391.440 717
391.453 713
391.466 708
391.479 709
391.493 708
391.506 711
391.519 714
391.532 706
391.546 714
391.559 721
391.572 715
391.586 702
391.599 720
391.612 711
391.625 701
391.639 710
391.652 705
391.665 716
391.678 694
391.692 707
391.705 705
391.718 714
391.732 703
391.745 708
391.758 709
391.771 705
391.785 697
391.798 694
391.811 709
391.824 690
391.838 696
391.851 710
391.864 698
391.877 702
391.891 697
391.904 683
391.917 687
391.931 708
391.944 710
391.957 692
391.970 696
391.984 697
391.997 703
392.010 687
392.023 689
392.037 696
392.050 705
392.063 702
392.076 693
392.090 696
392.103 703
392.116 692
392.129 689
392.143 689
392.156 685
392.169 692
392.182 684
392.196 691
392.209 679
392.222 691
392.235 685
392.249 688
392.262 693
392.275 692
392.288 691
392.302 686
392.315 682
392.328 687
392.341 694
392.355 696
392.368 703
392.381 698
392.394 693
392.408 692
392.421 675
392.434 686
392.447 691
392.461 699
392.474 684
392.487 676
392.500 695
392.514 691
392.527 685
392.540 682
392.553 691
392.567 679
392.580 698
392.593 677
392.606 675
392.620 690
392.633 679
392.646 681
392.659 692
392.673 687
392.686 673
392.699 664
392.712 684
392.726 667
392.739 675
392.752 688
392.765 698
392.778 681
392.792 678
392.805 686
392.818 684
392.831 679
392.845 681
392.858 686
392.871 670
392.884 683
392.898 693
392.911 677
392.924 679
392.937 681
392.951 676
392.964 676
392.977 679
392.990 673
393.003 684
393.017 668
393.030 679
393.043 668
393.056 677
393.070 677
393.083 672
393.096 683
393.109 672
393.122 669
393.136 678
393.149 684
393.162 673
393.175 677
393.189 678
393.202 668
393.215 684
393.228 678
393.242 674
393.255 668
393.268 687
393.281 680
393.294 676
393.308 668
393.321 673
393.334 666
393.347 676
393.360 673
393.374 673
393.387 678
393.400 675
393.413 673
393.427 662
393.440 674
393.453 677
393.466 671
393.479 678
393.493 666
393.506 669
393.519 664
393.532 676
393.546 663
393.559 675
393.572 686
393.585 679
393.598 664
393.612 663
393.625 687
393.638 682
393.651 666
393.664 677
393.678 674
393.691 670
393.704 665
393.717 668
393.730 682
393.744 675
393.757 668
393.770 660
393.783 663
393.796 668
393.810 654
393.823 662
393.836 674
393.849 663
393.863 664
393.876 666
393.889 666
393.902 670
393.915 666
393.929 668
