375.891 794
375.905 807
375.919 804
375.933 819
375.946 814
375.960 812
375.974 835
375.987 836
376.001 853
376.015 827
376.029 827
376.042 841
376.056 821
376.070 837
376.084 833
376.097 858
376.111 853
376.125 847
376.139 865
376.152 873
376.166 859
376.180 868
376.193 860
376.207 874
376.221 886
376.235 864
376.248 876
376.262 890
376.276 894
376.290 892
376.303 897
376.317 884
376.331 903
376.345 905
376.358 901
376.372 898
376.386 893
376.399 900
376.413 931
376.427 916
376.441 932
376.454 933
376.468 924
376.482 942
376.495 947
376.509 963
376.523 980
376.537 959
376.550 978
376.564 964
376.578 981
376.592 977
376.605 993
376.619 990
376.633 986
376.646 993
376.660 974
376.674 975
376.688 1000
376.701 997
376.715 1013
376.729 1002
376.742 1027
376.756 1018
376.770 1017
376.784 1042
376.797 1008
376.811 1036
376.825 1031
376.838 1046
376.852 1066
376.866 1054
376.880 1057
376.893 1033
376.907 1073
376.921 1087
376.934 1090
376.948 1078
376.962 1112
376.976 1087
376.989 1099
377.003 1095
377.017 1108
377.030 1135
377.044 1139
377.058 1134
377.071 1174
377.085 1149
377.099 1156
377.113 1150
377.126 1159
377.140 1159
377.154 1168
377.167 1162
377.181 1176
377.195 1165
377.208 1196
377.222 1179
377.236 1213
377.250 1190
377.263 1199
377.277 1219
377.291 1229
377.304 1232
377.318 1237
377.332 1252
377.345 1251
377.359 1252
377.373 1253
377.387 1253
377.400 1257
377.414 1257
377.428 1258
377.441 1253
377.455 1271
377.469 1252
377.482 1276
377.496 1285
377.510 1310
377.524 1326
377.537 1324
377.551 1353
377.565 1330
377.578 1335
377.592 1314
377.606 1294
377.619 1328
377.633 1324
377.647 1328
377.660 1330
377.674 1340
377.688 1340
377.701 1349
377.715 1351
377.729 1374
377.743 1378
377.756 1403
377.770 1392
377.784 1381
377.797 1369
377.811 1365
377.825 1391
377.838 1385
377.852 1394
377.866 1398
377.879 1430
377.893 1413
377.907 1436
377.920 1436
377.934 1392
377.948 1449
377.961 1429
377.975 1410
377.989 1450
378.002 1420
378.016 1438
378.030 1422
378.044 1426
378.057 1456
378.071 1427
378.085 1444
378.098 1437
378.112 1451
378.126 1419
378.139 1439
378.153 1454
378.167 1473
378.180 1487
378.194 1490
378.208 1440
378.221 1487
378.235 1485
378.249 1498
378.262 1507
378.276 1501
378.290 1475
378.303 1461
378.317 1499
378.331 1476
378.344 1498
378.358 1536
378.372 1492
378.385 1549
378.399 1495
378.413 1523
378.426 1553
378.440 1542
378.454 1539
378.467 1527
378.481 1529
378.495 1543
378.508 1535
378.522 1559
378.536 1568
378.549 1524
378.563 1579
378.577 1575
378.590 1586
378.604 1580
378.618 1606
378.631 1577
378.645 1625
378.659 1587
378.672 1621
378.686 1589
378.700 1685
378.713 1669
378.727 1692
378.740 1687
378.754 1662
378.768 1652
378.781 1720
378.795 1649
378.809 1684
378.822 1735
378.836 1696
378.850 1663
378.863 1667
378.877 1715
378.891 1715
378.904 1698
378.918 1713
378.932 1677
378.945 1736
378.959 1677
378.973 1731
378.986 1739
379.000 1716
379.014 1735
379.027 1726
379.041 1735
379.054 1726
379.068 1731
379.082 1758
379.095 1733
379.109 1759
379.123 1745
379.136 1736
379.150 1794
379.164 1777
379.177 1811
379.191 1797
379.205 1807
379.218 1844
379.232 1830
379.245 1840
379.259 1830
379.273 1888
379.286 1858
379.300 1892
379.314 1893
379.327 1904
379.341 1901
379.355 1927
379.368 1948
379.382 1908
379.396 1962
379.409 1947
379.423 1934
379.436 2020
379.450 1984
379.464 2002
379.477 2010
379.491 2024
379.505 2057
379.518 2042
379.532 2085
379.546 2134
379.559 2097
379.573 2104
379.586 2175
379.600 2124
379.614 2174
379.627 2194
379.641 2240
379.655 2274
379.668 2249
379.682 2226
379.695 2260
379.709 2292
379.723 2256
379.736 2317
379.750 2477
379.764 2522
379.777 2551
379.791 2528
379.804 2524
379.818 2587
379.832 2517
379.845 2487
379.859 2546
379.873 2588
379.886 2588
379.900 2573
379.913 2646
379.927 2751
379.941 2611
379.954 2751
379.968 2869
379.982 2808
379.995 2847
380.009 2843
380.022 2835
380.036 2927
380.050 2888
380.063 2971
380.077 3143
380.090 3220
380.104 3288
380.118 3218
380.131 3315
380.145 3233
380.159 3313
380.172 3430
380.186 3475
380.199 3542
380.213 3605
380.227 3641
380.240 3669
380.254 3577
380.267 3582
380.281 3609
380.295 3690
380.308 3673
380.322 3814
380.336 3928
380.349 3952
380.363 3992
380.376 4061
380.390 4052
380.404 4149
380.417 4150
380.431 4207
380.444 4226
380.458 4268
380.472 4344
380.485 4330
380.499 4493
380.512 4416
380.526 4532
380.540 4608
380.553 4689
380.567 4767
380.580 4765
380.594 4885
380.608 4988
380.621 5114
380.635 5218
380.648 5284
380.662 5287
380.676 5309
380.689 5385
380.703 5531
380.716 5518
380.730 5659
380.744 5632
380.757 5807
380.771 5923
380.784 6092
380.798 6110
380.812 6049
380.825 6270
380.839 6185
380.852 6467
380.866 6653
380.880 6542
380.893 6594
380.907 6621
380.920 6722
380.934 6795
380.948 6843
380.961 6934
380.975 7115
380.988 7128
381.002 7040
381.015 7198
381.029 7232
381.043 7305
381.056 7430
381.070 7426
381.083 7501
381.097 7616
381.111 7629
381.124 7780
381.138 7922
381.151 7917
381.165 8019
381.179 8144
381.192 8050
381.206 8001
381.219 8223
381.233 8194
381.246 8284
381.260 8309
381.274 8322
381.287 8374
381.301 8409
381.314 8574
381.328 8687
381.341 8704
381.355 8840
381.369 8886
381.382 8910
381.396 9017
381.409 9277
381.423 9363
381.437 9361
381.450 9505
381.464 9464
381.477 9723
381.491 9857
381.504 9835
381.518 9848
381.532 9965
381.545 9988
381.559 10360
381.572 10473
381.586 10490
381.599 10452
381.613 10563
381.627 10637
381.640 10682
381.654 10608
381.667 10736
381.681 10752
381.694 10872
381.708 10750
381.722 10631
381.735 10603
381.749 10814
381.762 10899
381.776 10902
381.789 10915
381.803 10926
381.817 11116
381.830 11229
381.844 11250
381.857 11425
381.871 11398
381.884 11619
381.898 11446
381.911 11474
381.925 11600
381.939 11684
381.952 11888
381.966 11836
381.979 11863
381.993 12205
382.006 12222
382.020 12451
382.034 12532
382.047 12372
382.061 12491
382.074 12364
382.088 12420
382.101 12473
382.115 12453
382.128 12625
382.142 13161
382.156 13386
382.169 13526
382.183 13413
382.196 13327
382.210 13401
382.223 13334
382.237 13465
382.250 13552
382.264 13680
382.278 13669
382.291 13894
382.305 14085
382.318 14297
382.332 14418
382.345 13997
382.359 13906
382.372 13984
382.386 14060
382.399 14141
382.413 14129
382.427 14107
382.440 14275
382.454 14349
382.467 14483
382.481 15016
382.494 15164
382.508 15385
382.521 15422
382.535 15427
382.548 15465
382.562 15452
382.576 15445
382.589 15714
382.603 15694
382.616 15695
382.630 15999
382.643 16087
382.657 16282
382.670 16503
382.684 16393
382.697 16253
382.711 16467
382.724 16636
382.738 16707
382.752 16762
382.765 16965
382.779 17085
382.792 17185
382.806 17463
382.819 17509
382.833 17512
382.846 17495
382.860 17780
382.873 17925
382.887 17957
382.900 18140
382.914 18391
382.928 18365
382.941 18822
382.955 18704
382.968 19044
382.982 19317
382.995 19171
383.009 19429
383.022 19247
383.036 19654
383.049 19699
383.063 19672
383.076 19941
383.090 20001
383.103 20096
383.117 20382
383.130 20351
383.144 20492
383.158 20706
383.171 20687
383.185 20846
383.198 21083
383.212 21428
383.225 21556
383.239 21924
383.252 22092
383.266 21989
383.279 22147
383.293 22133
383.306 22395
383.320 22602
383.333 22972
383.347 23333
383.360 23205
383.374 23035
383.387 22975
383.401 23371
383.414 23364
383.428 23229
383.441 23140
383.455 23242
383.468 23116
383.482 23528
383.496 24178
383.509 24138
383.523 24248
383.536 24220
383.550 24041
383.563 24372
383.577 24558
383.590 24717
383.604 24658
383.617 24341
383.631 24193
383.644 24129
383.658 23882
383.671 24029
383.685 24170
383.698 24270
383.712 24504
383.725 24384
383.739 23960
383.752 24059
383.766 24187
383.779 24217
383.793 24216
383.806 24342
383.820 24914
383.833 24795
383.847 24540
383.860 24699
383.874 24552
383.887 24044
383.901 24079
383.914 24188
383.928 24360
383.941 24186
383.955 23851
383.968 23802
383.982 23602
383.995 23434
384.009 23403
384.022 23485
384.036 23474
384.049 23267
384.063 23425
384.076 23548
384.090 23905
384.103 23901
384.117 23854
384.130 23431
384.144 22647
384.157 22562
384.171 22057
384.184 21941
384.198 21732
384.211 21697
384.225 21544
384.238 21486
384.252 21302
384.265 21086
384.279 20975
384.292 20661
384.306 20595
384.319 20143
384.333 19643
384.346 19177
384.360 18751
384.373 18447
384.387 18190
384.400 17837
384.414 17549
384.427 17303
384.441 16817
384.454 16532
384.468 16282
384.481 15908
384.495 15526
384.508 15144
384.522 14723
384.535 14276
384.549 14153
384.562 13642
384.575 13446
384.589 13164
384.602 13090
384.616 12791
384.629 12366
384.643 12123
384.656 11591
384.670 11306
384.683 10960
384.697 10550
384.710 10347
384.724 9963
384.737 9559
384.751 9402
384.764 9130
384.778 8968
384.791 8666
384.805 8496
384.818 8261
384.832 7827
384.845 7829
384.859 7481
384.872 7148
384.885 7058
384.899 6754
384.912 6702
384.926 6422
384.939 6329
384.953 6173
384.966 6022
384.980 5925
384.993 5742
385.007 5654
385.020 5602
385.034 5385
385.047 5260
385.061 5156
385.074 5140
385.088 4948
385.101 4919
385.114 4833
385.128 4703
385.141 4690
385.155 4546
385.168 4534
385.182 4519
385.195 4495
385.209 4444
385.222 4306
385.236 4272
385.249 4252
385.263 4092
385.276 4022
385.290 3932
385.303 3877
385.316 3794
385.330 3849
385.343 3770
385.357 3733
385.370 3692
385.384 3585
385.397 3558
385.411 3533
385.424 3449
385.438 3491
385.451 3431
385.464 3372
385.478 3399
385.491 3321
385.505 3362
385.518 3301
385.532 3265
385.545 3180
385.559 3166
385.572 3144
385.586 3156
385.599 3129
385.612 3074
385.626 3047
385.639 3064
385.653 3102
385.666 3041
385.680 3004
385.693 3037
385.707 2972
385.720 2919
385.734 2978
385.747 2888
385.760 2847
385.774 2841
385.787 2831
385.801 2764
385.814 2693
385.828 2697
385.841 2683
385.855 2662
385.868 2628
385.881 2615
385.895 2623
385.908 2611
385.922 2536
385.935 2531
385.949 2572
385.962 2540
385.976 2492
385.989 2459
386.002 2502
386.016 2501
386.029 2465
386.043 2451
386.056 2478
386.070 2416
386.083 2393
386.097 2440
386.110 2364
386.123 2375
386.137 2361
386.150 2377
386.164 2340
386.177 2261
386.191 2303
386.204 2308
386.217 2233
386.231 2302
386.244 2269
386.258 2248
386.271 2232
386.285 2229
386.298 2184
386.311 2248
386.325 2183
386.338 2164
386.352 2182
386.365 2153
386.379 2108
386.392 2133
386.405 2127
386.419 2130
386.432 2098
386.446 2075
386.459 2127
386.473 2138
386.486 2088
386.499 2011
386.513 2089
386.526 2031
386.540 2025
386.553 1975
386.567 2031
386.580 2043
386.593 2059
386.607 2050
386.620 2005
386.634 2041
386.647 2034
386.661 1970
386.674 1948
386.687 1955
386.701 1907
386.714 1854
386.728 1938
386.741 1873
386.754 1931
386.768 1856
386.781 1845
386.795 1796
386.808 1842
386.822 1817
386.835 1804
386.848 1838
386.862 1819
386.875 1785
386.889 1794
386.902 1760
386.915 1776
386.929 1735
386.942 1730
386.956 1743
386.969 1703
386.983 1720
386.996 1753
387.009 1682
387.023 1712
387.036 1688
387.050 1686
387.063 1711
387.076 1659
387.090 1673
387.103 1675
387.117 1630
387.130 1662
387.143 1659
387.157 1648
387.170 1680
387.184 1623
387.197 1643
387.210 1643
387.224 1637
387.237 1606
387.251 1556
387.264 1570
387.278 1537
387.291 1582
387.304 1583
387.318 1558
387.331 1522
387.345 1528
387.358 1532
387.371 1524
387.385 1542
387.398 1536
387.412 1495
387.425 1486
387.438 1472
387.452 1473
387.465 1429
387.478 1434
387.492 1443
387.505 1447
387.519 1434
387.532 1466
387.545 1428
387.559 1455
387.572 1433
387.586 1434
387.599 1453
387.612 1401
387.626 1414
387.639 1442
387.653 1363
387.666 1375
387.679 1372
387.693 1379
387.706 1317
387.720 1353
387.733 1339
387.746 1356
387.760 1346
387.773 1350
387.787 1330
387.800 1324
387.813 1330
387.827 1336
387.840 1292
387.853 1283
387.867 1313
387.880 1310
387.894 1324
387.907 1304
387.920 1266
387.934 1258
387.947 1254
387.961 1264
387.974 1267
387.987 1270
388.001 1232
388.014 1186
388.027 1226
388.041 1226
388.054 1209
388.068 1227
388.081 1191
388.094 1207
388.108 1226
388.121 1221
388.134 1188
388.148 1216
388.161 1170
388.175 1152
388.188 1178
388.201 1182
388.215 1156
388.228 1142
388.241 1162
388.255 1161
388.268 1151
388.282 1135
388.295 1170
388.308 1180
388.322 1163
388.335 1139
388.348 1118
388.362 1130
388.375 1131
388.389 1129
388.402 1127
388.415 1132
388.429 1103
388.442 1164
388.455 1140
388.469 1166
388.482 1132
388.495 1140
388.509 1148
388.522 1146
388.536 1147
388.549 1121
388.562 1120
388.576 1096
388.589 1117
388.602 1103
388.616 1086
388.629 1112
388.642 1108
388.656 1096
388.669 1111
388.683 1111
388.696 1124
388.709 1101
388.723 1108
388.736 1110
388.749 1072
388.763 1118
388.776 1081
388.789 1110
388.803 1089
388.816 1040
388.829 1064
388.843 1079
388.856 1088
388.870 1058
388.883 1082
388.896 1084
388.910 1078
388.923 1085
388.936 1076
388.950 1080
388.963 1089
388.976 1085
388.990 1067
389.003 1074
389.016 1078
389.030 1072
389.043 1083
389.056 1083
389.070 1074
389.083 1041
389.097 1077
389.110 1042
389.123 1076
389.137 1055
389.150 1047
389.163 1068
389.177 1010
389.190 1068
389.203 1055
389.217 1049
389.230 1057
389.243 1030
389.257 1033
389.270 1037
389.283 1011
389.297 987
389.310 1017
389.323 1022
389.337 1016
389.350 1014
389.363 1032
389.377 1020
389.390 1019
389.403 1023
389.417 1040
389.430 1017
389.443 1007
389.457 1024
389.470 1014
389.483 1025
389.497 1017
389.510 1011
389.523 1027
389.537 1010
389.550 1020
389.563 986
389.577 984
389.590 995
389.603 989
389.617 1000
389.630 981
389.643 997
389.657 1006
389.670 989
389.683 977
389.697 982
389.710 976
389.723 975
389.737 966
389.750 990
389.763 1014
389.777 1004
389.790 962
389.803 968
389.817 970
389.830 986
389.843 960
389.857 952
389.870 944
389.883 944
389.897 953
389.910 928
389.923 950
389.937 954
389.950 935
389.963 923
389.977 950
389.990 936
390.003 938
390.017 953
390.030 913
390.043 921
390.057 919
390.070 903
390.083 915
390.096 933
390.110 913
390.123 910
390.136 892
390.150 903
390.163 911
390.176 919
390.190 913
390.203 911
390.216 869
390.230 880
390.243 887
390.256 867
390.270 875
390.283 874
390.296 869
390.310 866
390.323 887
390.336 854
390.349 859
390.363 865
390.376 883
390.389 865
390.403 866
390.416 840
390.429 843
390.443 855
390.456 837
390.469 858
390.483 834
390.496 828
390.509 816
390.522 829
390.536 830
390.549 823
390.562 813
390.576 826
390.589 804
390.602 806
390.616 815
390.629 817
390.642 807
390.655 808
390.669 808
390.682 804
390.695 806
390.709 796
390.722 789
390.735 783
390.749 795
390.762 805
390.775 793
390.788 806
390.802 770
390.815 782
390.828 795
390.842 782
390.855 754
390.868 769
390.882 767
390.895 786
390.908 784
390.921 773
390.935 768
390.948 772
390.961 761
390.975 773
390.988 751
391.001 756
391.014 778
391.028 743
391.041 746
391.054 747
391.068 747
391.081 751
391.094 756
391.107 755
391.121 747
391.134 752
391.147 743
391.161 745
391.174 743
391.187 736
391.200 738
391.214 717
391.227 737
391.240 736
391.254 742
391.267 727
391.280 735
391.293 730
391.307 736
391.320 720
391.333 732
391.347 736
391.360 725
391.373 720
391.386 722
391.400 713
391.413 722
391.426 725
391.440 722
391.453 735
391.466 723
391.479 719
391.493 718
391.506 721
391.519 733
391.532 724
391.546 719
391.559 726
391.572 731
391.586 721
391.599 719
391.612 709
391.625 717
391.639 708
391.652 723
391.665 722
391.678 694
391.692 732
391.705 722
391.718 718
391.732 719
391.745 710
391.758 702
391.771 705
391.785 700
391.798 704
391.811 702
391.824 706
391.838 715
391.851 707
391.864 722
391.877 698
391.891 706
391.904 709
391.917 707
391.931 696
391.944 702
391.957 711
391.970 701
391.984 707
391.997 704
392.010 704
392.023 711
392.037 701
392.050 688
392.063 697
392.076 708
392.090 683
392.103 697
392.116 693
392.129 705
392.143 700
392.156 692
392.169 698
392.182 694
392.196 701
392.209 696
392.222 696
392.235 694
392.249 696
392.262 697
392.275 686
392.288 691
392.302 692
392.315 690
392.328 699
392.341 697
392.355 693
392.368 702
392.381 688
392.394 688
392.408 698
392.421 697
392.434 703
392.447 686
392.461 697
392.474 697
392.487 702
392.500 695
392.514 692
392.527 688
392.540 692
392.553 682
392.567 693
392.580 687
392.593 691
392.606 691
392.620 688
392.633 694
392.646 688
392.659 678
392.673 686
392.686 674
392.699 691
392.712 674
392.726 684
392.739 674
392.752 682
392.765 682
392.778 680
392.792 676
392.805 690
392.818 681
392.831 682
392.845 690
392.858 694
392.871 678
392.884 688
392.898 694
392.911 681
392.924 683
392.937 683
392.951 687
392.964 678
392.977 684
392.990 682
393.003 678
393.017 674
393.030 675
393.043 686
393.056 676
393.070 681
393.083 692
393.096 683
393.109 682
393.122 686
393.136 689
393.149 682
393.162 688
393.175 683
393.189 687
393.202 680
393.215 677
393.228 679
393.242 659
393.255 675
393.268 669
393.281 684
393.294 676
393.308 676
393.321 674
393.334 664
393.347 676
393.360 668
393.374 670
393.387 674
393.400 674
393.413 675
393.427 675
393.440 674
393.453 668
393.466 672
393.479 670
393.493 670
393.506 665
393.519 666
393.532 663
393.546 677
393.559 685
393.572 671
393.585 660
393.598 678
393.612 674
393.625 670
393.638 671
393.651 665
393.664 677
393.678 666
393.691 665
393.704 676
393.717 665
393.730 672
393.744 665
393.757 668
393.770 671
393.783 672
393.796 669
393.810 668
393.823 664
393.836 670
393.849 664
393.863 677
393.876 675
393.889 661
393.902 677
393.915 663
393.929 656
