375.891 841
375.905 846
375.919 859
375.933 852
375.946 848
375.960 846
375.974 857
375.987 858
376.001 863
376.015 856
376.029 888
376.042 880
376.056 853
376.070 892
376.084 888
376.097 881
376.111 900
376.125 900
376.139 916
376.152 904
376.166 889
376.180 907
376.193 924
376.207 944
376.221 929
376.235 893
376.248 908
376.262 927
376.276 950
376.290 947
376.303 943
376.317 927
376.331 948
376.345 950
376.358 942
376.372 979
376.386 976
376.399 958
376.413 959
376.427 1004
376.441 987
376.454 1007
376.468 976
376.482 988
376.495 988
376.509 981
376.523 1037
376.537 1001
376.550 1041
376.564 1046
376.578 1052
376.592 1040
376.605 1038
376.619 1056
376.633 1060
376.646 1025
376.660 1056
376.674 1049
376.688 1047
376.701 1089
376.715 1063
376.729 1097
376.742 1094
376.756 1103
376.770 1094
376.784 1088
376.797 1118
376.811 1128
376.825 1127
376.838 1152
376.852 1145
376.866 1154
376.880 1150
376.893 1120
376.907 1163
376.921 1177
376.934 1160
376.948 1177
376.962 1202
376.976 1168
376.989 1189
377.003 1210
377.017 1201
377.030 1227
377.044 1237
377.058 1269
377.071 1240
377.085 1249
377.099 1226
377.113 1243
377.126 1249
377.140 1278
377.154 1248
377.167 1274
377.181 1307
377.195 1289
377.208 1264
377.222 1269
377.236 1308
377.250 1322
377.263 1343
377.277 1367
377.291 1329
377.304 1363
377.318 1375
377.332 1367
377.345 1348
377.359 1360
377.373 1350
377.387 1379
377.400 1389
377.414 1397
377.428 1399
377.441 1355
377.455 1378
377.469 1357
377.482 1425
377.496 1407
377.510 1408
377.524 1440
377.537 1447
377.551 1491
377.565 1428
377.578 1460
377.592 1462
377.606 1473
377.619 1464
377.633 1446
377.647 1450
377.660 1445
377.674 1477
377.688 1472
377.701 1478
377.715 1455
377.729 1475
377.743 1496
377.756 1497
377.770 1526
377.784 1522
377.797 1493
377.811 1460
377.825 1489
377.838 1519
377.852 1563
377.866 1526
377.879 1532
377.893 1538
377.907 1554
377.920 1569
377.934 1585
377.948 1536
377.961 1559
377.975 1564
377.989 1582
378.002 1585
378.016 1555
378.030 1548
378.044 1570
378.057 1600
378.071 1591
378.085 1586
378.098 1597
378.112 1562
378.126 1602
378.139 1620
378.153 1591
378.167 1609
378.180 1625
378.194 1608
378.208 1647
378.221 1600
378.235 1640
378.249 1638
378.262 1609
378.276 1632
378.290 1647
378.303 1642
378.317 1629
378.331 1654
378.344 1653
378.358 1637
378.372 1693
378.385 1689
378.399 1699
378.413 1723
378.426 1699
378.440 1697
378.454 1744
378.467 1749
378.481 1679
378.495 1711
378.508 1721
378.522 1744
378.536 1699
378.549 1698
378.563 1721
378.577 1771
378.590 1787
378.604 1748
378.618 1760
378.631 1682
378.645 1719
378.659 1770
378.672 1750
378.686 1780
378.700 1794
378.713 1796
378.727 1852
378.740 1854
378.754 1886
378.768 1838
378.781 1814
378.795 1855
378.809 1831
378.822 1883
378.836 1832
378.850 1797
378.863 1836
378.877 1901
378.891 1829
378.904 1895
378.918 1920
378.932 1837
378.945 1886
378.959 1903
378.973 1896
378.986 1875
379.000 1922
379.014 1957
379.027 1907
379.041 1896
379.054 1917
379.068 1923
379.082 1959
379.095 1944
379.109 1949
379.123 1973
379.136 1938
379.150 1955
379.164 1988
379.177 1973
379.191 2027
379.205 1990
379.218 2039
379.232 2043
379.245 2054
379.259 2025
379.273 2037
379.286 2079
379.300 2066
379.314 2092
379.327 2072
379.341 2054
379.355 2120
379.368 2118
379.382 2158
379.396 2148
379.409 2147
379.423 2190
379.436 2251
379.450 2189
379.464 2261
379.477 2203
379.491 2308
379.505 2225
379.518 2279
379.532 2269
379.546 2314
379.559 2379
379.573 2419
379.586 2394
379.600 2363
379.614 2374
379.627 2408
379.641 2467
379.655 2503
379.668 2462
379.682 2499
379.695 2517
379.709 2519
379.723 2586
379.736 2626
379.750 2735
379.764 2790
379.777 2733
379.791 2789
379.804 2797
379.818 2851
379.832 2810
379.845 2803
379.859 2755
379.873 2850
379.886 2844
379.900 2913
379.913 2945
379.927 2964
379.941 3026
379.954 3066
379.968 3095
379.982 3123
379.995 3176
380.009 3179
380.022 3279
380.036 3211
380.050 3326
380.063 3323
380.077 3458
380.090 3467
380.104 3620
380.118 3579
380.131 3653
380.145 3685
380.159 3739
380.172 3764
380.186 3835
380.199 3979
380.213 3917
380.227 4156
380.240 4140
380.254 4068
380.267 4012
380.281 4211
380.295 4145
380.308 4194
380.322 4310
380.336 4276
380.349 4350
380.363 4538
380.376 4453
380.390 4599
380.404 4568
380.417 4646
380.431 4735
380.444 4829
380.458 4853
380.472 4937
380.485 5017
380.499 5097
380.512 5108
380.526 5136
380.540 5191
380.553 5212
380.567 5281
380.580 5424
380.594 5484
380.608 5679
380.621 5853
380.635 5855
380.648 5875
380.662 6085
380.676 6000
380.689 6015
380.703 6138
380.716 6172
380.730 6367
380.744 6429
380.757 6663
380.771 6716
380.784 6849
380.798 6804
380.812 6861
380.825 6843
380.839 7113
380.852 7205
380.866 7469
380.880 7556
380.893 7538
380.907 7533
380.920 7612
380.934 7631
380.948 7865
380.961 7835
380.975 7903
380.988 8028
381.002 8041
381.015 8024
381.029 8157
381.043 8393
381.056 8343
381.070 8512
381.083 8466
381.097 8578
381.111 8705
381.124 8866
381.138 9021
381.151 8918
381.165 9116
381.179 9036
381.192 9270
381.206 9182
381.219 9093
381.233 9290
381.246 9317
381.260 9495
381.274 9431
381.287 9693
381.301 9755
381.314 9746
381.328 9863
381.341 9896
381.355 10012
381.369 10119
381.382 10110
381.396 10120
381.409 10606
381.423 10553
381.437 10661
381.450 10679
381.464 10805
381.477 11030
381.491 11116
381.504 11103
381.518 11017
381.532 11169
381.545 11511
381.559 11695
381.572 11946
381.586 11800
381.599 11971
381.613 11965
381.627 12097
381.640 12140
381.654 12283
381.667 12284
381.681 12297
381.694 12216
381.708 12039
381.722 11962
381.735 12178
381.749 12299
381.762 12439
381.776 12458
381.789 12536
381.803 12535
381.817 12468
381.830 12613
381.844 12782
381.857 12838
381.871 12907
381.884 13050
381.898 13018
381.911 13118
381.925 13056
381.939 13404
381.952 13429
381.966 13500
381.979 13664
381.993 13890
382.006 13931
382.020 14040
382.034 13976
382.047 14168
382.061 14184
382.074 14005
382.088 14128
382.101 14340
382.115 14311
382.128 14365
382.142 14715
382.156 15098
382.169 15177
382.183 15269
382.196 15195
382.210 15069
382.223 15200
382.237 15447
382.250 15306
382.264 15525
382.278 15704
382.291 15858
382.305 15952
382.318 16423
382.332 16395
382.345 16124
382.359 15980
382.372 15900
382.386 16071
382.399 16148
382.413 16181
382.427 16250
382.440 16477
382.454 16747
382.467 16690
382.481 17146
382.494 17487
382.508 17936
382.521 17890
382.535 17802
382.548 17772
382.562 17859
382.576 17933
382.589 17931
382.603 18059
382.616 18332
382.630 18254
382.643 18771
382.657 18801
382.670 18836
382.684 19207
382.697 18767
382.711 18946
382.724 19286
382.738 19234
382.752 19325
382.765 19497
382.779 19764
382.792 19838
382.806 20038
382.819 20024
382.833 20370
382.846 20381
382.860 20609
382.873 20829
382.887 20946
382.900 21183
382.914 21380
382.928 21499
382.941 21883
382.955 21806
382.968 22222
382.982 22649
382.995 22399
383.009 22596
383.022 22537
383.036 22825
383.049 22992
383.063 23004
383.076 23393
383.090 23067
383.103 23411
383.117 23522
383.130 23698
383.144 23707
383.158 23899
383.171 24171
383.185 24246
383.198 24762
383.212 24871
383.225 25125
383.239 25432
383.252 25760
383.266 26072
383.279 26052
383.293 26127
383.306 26198
383.320 26670
383.333 27290
383.347 27562
383.360 27227
383.374 27064
383.387 27261
383.401 27603
383.414 27619
383.428 27596
383.441 27545
383.455 27746
383.468 27414
383.482 27679
383.496 28651
383.509 28465
383.523 28400
383.536 28488
383.550 28593
383.563 28948
383.577 28840
383.590 28959
383.604 29404
383.617 28701
383.631 28663
383.644 28635
383.658 28563
383.671 28361
383.685 28649
383.698 28964
383.712 28881
383.725 29109
383.739 28715
383.752 28716
383.766 28320
383.779 28643
383.793 28382
383.806 28651
383.820 29181
383.833 29342
383.847 29009
383.860 29010
383.874 29183
383.887 28444
383.901 28533
383.914 28653
383.928 28902
383.941 28426
383.955 28161
383.968 28026
383.982 27816
383.995 27855
384.009 27772
384.022 27565
384.036 27522
384.049 27238
384.063 27452
384.076 28012
384.090 28149
384.103 28254
384.117 28009
384.130 27437
384.144 26694
384.157 26255
384.171 25988
384.184 25778
384.198 25447
384.211 25618
384.225 25010
384.238 25324
384.252 25299
384.265 25135
384.279 24602
384.292 24481
384.306 23863
384.319 23591
384.333 22859
384.346 22331
384.360 21872
384.373 21612
384.387 21445
384.400 21018
384.414 20508
384.427 20254
384.441 19721
384.454 19286
384.468 18925
384.481 18366
384.495 18132
384.508 17661
384.522 17234
384.535 16808
384.549 16561
384.562 16047
384.575 15674
384.589 15269
384.602 15260
384.616 15140
384.629 14475
384.643 14257
384.656 13644
384.670 13245
384.683 12648
384.697 12281
384.710 11983
384.724 11561
384.737 11309
384.751 10918
384.764 10609
384.778 10402
384.791 10178
384.805 9760
384.818 9522
384.832 9214
384.845 9043
384.859 8793
384.872 8498
384.885 7970
384.899 7838
384.912 7735
384.926 7537
384.939 7266
384.953 7210
384.966 6983
384.980 6845
384.993 6667
385.007 6505
385.020 6291
385.034 6278
385.047 6136
385.061 5916
385.074 5763
385.088 5705
385.101 5568
385.114 5582
385.128 5336
385.141 5196
385.155 5173
385.168 5097
385.182 5252
385.195 5051
385.209 4997
385.222 4897
385.236 4812
385.249 4664
385.263 4635
385.276 4591
385.290 4518
385.303 4321
385.316 4177
385.330 4241
385.343 4244
385.357 4213
385.370 4101
385.384 3906
385.397 3924
385.411 3962
385.424 3906
385.438 3809
385.451 3752
385.464 3845
385.478 3802
385.491 3733
385.505 3655
385.518 3631
385.532 3644
385.545 3584
385.559 3517
385.572 3456
385.586 3420
385.599 3502
385.612 3505
385.626 3444
385.639 3418
385.653 3418
385.666 3420
385.680 3295
385.693 3317
385.707 3213
385.720 3259
385.734 3282
385.747 3164
385.760 3181
385.774 3150
385.787 3115
385.801 3038
385.814 2986
385.828 2988
385.841 2872
385.855 2916
385.868 2919
385.881 2882
385.895 2877
385.908 2872
385.922 2908
385.935 2800
385.949 2801
385.962 2770
385.976 2788
385.989 2756
386.002 2749
386.016 2728
386.029 2722
386.043 2757
386.056 2678
386.070 2583
386.083 2644
386.097 2666
386.110 2573
386.123 2607
386.137 2649
386.150 2592
386.164 2549
386.177 2563
386.191 2545
386.204 2518
386.217 2528
386.231 2456
386.244 2518
386.258 2517
386.271 2533
386.285 2440
386.298 2481
386.311 2447
386.325 2399
386.338 2362
386.352 2370
386.365 2403
386.379 2367
386.392 2310
386.405 2313
386.419 2230
386.432 2353
386.446 2347
386.459 2283
386.473 2276
386.486 2224
386.499 2214
386.513 2231
386.526 2240
386.540 2254
386.553 2184
386.567 2177
386.580 2170
386.593 2240
386.607 2202
386.620 2214
386.634 2186
386.647 2177
386.661 2185
386.674 2130
386.687 2143
386.701 2125
386.714 2048
386.728 2090
386.741 2048
386.754 2066
386.768 2107
386.781 2045
386.795 2054
386.808 1978
386.822 1977
386.835 1995
386.848 1996
386.862 1964
386.875 1943
386.889 1917
386.902 1915
386.915 1939
386.929 1927
386.942 1954
386.956 1888
386.969 1886
386.983 1889
386.996 1862
387.009 1863
387.023 1861
387.036 1881
387.050 1870
387.063 1878
387.076 1812
387.090 1813
387.103 1778
387.117 1833
387.130 1809
387.143 1807
387.157 1784
387.170 1816
387.184 1790
387.197 1779
387.210 1754
387.224 1785
387.237 1807
387.251 1698
387.264 1694
387.278 1682
387.291 1697
387.304 1732
387.318 1701
387.331 1666
387.345 1684
387.358 1661
387.371 1636
387.385 1664
387.398 1612
387.412 1609
387.425 1580
387.438 1588
387.452 1549
387.465 1535
387.478 1551
387.492 1520
387.505 1521
387.519 1517
387.532 1607
387.545 1536
387.559 1583
387.572 1546
387.586 1541
387.599 1529
387.612 1527
387.626 1527
387.639 1519
387.653 1488
387.666 1477
387.679 1424
387.693 1431
387.706 1396
387.720 1402
387.733 1416
387.746 1450
387.760 1438
387.773 1417
387.787 1387
387.800 1410
387.813 1424
387.827 1373
387.840 1360
387.853 1371
387.867 1366
387.880 1394
387.894 1401
387.907 1396
387.920 1372
387.934 1366
387.947 1362
387.961 1354
387.974 1352
387.987 1336
388.001 1302
388.014 1297
388.027 1317
388.041 1299
388.054 1273
388.068 1298
388.081 1291
388.094 1285
388.108 1273
388.121 1293
388.134 1263
388.148 1278
388.161 1257
388.175 1229
388.188 1244
388.201 1207
388.215 1226
388.228 1224
388.241 1216
388.255 1195
388.268 1207
388.282 1203
388.295 1225
388.308 1195
388.322 1212
388.335 1199
388.348 1230
388.362 1188
388.375 1173
388.389 1211
388.402 1194
388.415 1204
388.429 1236
388.442 1214
388.455 1200
388.469 1192
388.482 1208
388.495 1225
388.509 1208
388.522 1193
388.536 1196
388.549 1186
388.562 1173
388.576 1185
388.589 1151
388.602 1195
388.616 1175
388.629 1160
388.642 1153
388.656 1162
388.669 1173
388.683 1169
388.696 1208
388.709 1181
388.723 1193
388.736 1132
388.749 1148
388.763 1172
388.776 1145
388.789 1161
388.803 1141
388.816 1156
388.829 1124
388.843 1141
388.856 1126
388.870 1108
388.883 1119
388.896 1128
388.910 1133
388.923 1152
388.936 1147
388.950 1149
388.963 1164
388.976 1169
388.990 1124
389.003 1136
389.016 1127
389.030 1143
389.043 1151
389.056 1136
389.070 1141
389.083 1115
389.097 1110
389.110 1103
389.123 1142
389.137 1110
389.150 1114
389.163 1123
389.177 1109
389.190 1107
389.203 1098
389.217 1103
389.230 1095
389.243 1062
389.257 1084
389.270 1078
389.283 1098
389.297 1080
389.310 1082
389.323 1106
389.337 1104
389.350 1048
389.363 1071
389.377 1077
389.390 1062
389.403 1081
389.417 1078
389.430 1071
389.443 1079
389.457 1071
389.470 1077
389.483 1066
389.497 1084
389.510 1075
389.523 1096
389.537 1057
389.550 1067
389.563 1055
389.577 1024
389.590 1064
389.603 1036
389.617 1040
389.630 1055
389.643 1039
389.657 1058
389.670 1022
389.683 1021
389.697 1014
389.710 1015
389.723 1053
389.737 1013
389.750 1049
389.763 992
389.777 1019
389.790 1016
389.803 1018
389.817 1030
389.830 1001
389.843 1045
389.857 1005
389.870 978
389.883 967
389.897 984
389.910 995
389.923 995
389.937 1008
389.950 979
389.963 1000
389.977 997
389.990 990
390.003 991
390.017 971
390.030 975
390.043 970
390.057 968
390.070 934
390.083 966
390.096 964
390.110 943
390.123 970
390.136 960
390.150 953
390.163 949
390.176 935
390.190 923
390.203 937
390.216 925
390.230 929
390.243 904
390.256 925
390.270 910
390.283 898
390.296 903
390.310 910
390.323 886
390.336 919
390.349 903
390.363 909
390.376 901
390.389 904
390.403 903
390.416 881
390.429 891
390.443 880
390.456 876
390.469 870
390.483 871
390.496 881
390.509 866
390.522 860
390.536 861
390.549 854
390.562 864
390.576 842
390.589 833
390.602 859
390.616 850
390.629 834
390.642 831
390.655 843
390.669 844
390.682 842
390.695 825
390.709 823
390.722 826
390.735 825
390.749 820
390.762 825
390.775 816
390.788 803
390.802 812
390.815 806
390.828 796
390.842 812
390.855 809
390.868 799
390.882 803
390.895 798
390.908 789
390.921 766
390.935 802
390.948 792
390.961 771
390.975 788
390.988 786
391.001 786
391.014 765
391.028 797
391.041 762
391.054 774
391.068 769
391.081 784
391.094 769
391.107 770
391.121 763
391.134 765
391.147 771
391.161 770
391.174 767
391.187 766
391.200 760
391.214 778
391.227 755
391.240 757
391.254 755
391.267 759
391.280 754
391.293 745
391.307 741
391.320 725
391.333 743
391.347 749
391.360 734
391.373 754
391.386 737
391.400 745
391.413 750
391.426 729
391.440 745
391.453 717
391.466 741
391.479 735
391.493 746
391.506 746
391.519 738
391.532 731
391.546 734
391.559 721
391.572 720
391.586 726
391.599 722
391.612 721
391.625 727
391.639 718
391.652 727
391.665 727
391.678 717
391.692 715
391.705 718
391.718 733
391.732 722
391.745 728
391.758 738
391.771 722
391.785 718
391.798 734
391.811 727
391.824 725
391.838 713
391.851 709
391.864 717
391.877 720
391.891 702
391.904 715
391.917 722
391.931 724
391.944 712
391.957 715
391.970 727
391.984 719
391.997 714
392.010 712
392.023 712
392.037 713
392.050 704
392.063 708
392.076 696
392.090 704
392.103 723
392.116 716
392.129 719
392.143 719
392.156 703
392.169 704
392.182 695
392.196 709
392.209 703
392.222 717
392.235 709
392.249 686
392.262 704
392.275 708
392.288 711
392.302 696
392.315 702
392.328 705
392.341 694
392.355 715
392.368 703
392.381 706
392.394 703
392.408 702
392.421 696
392.434 704
392.447 708
392.461 700
392.474 710
392.487 702
392.500 698
392.514 700
392.527 698
392.540 702
392.553 701
392.567 693
392.580 706
392.593 694
392.606 709
392.620 696
392.633 708
392.646 690
392.659 690
392.673 704
392.686 696
392.699 691
392.712 702
392.726 697
392.739 700
392.752 691
392.765 688
392.778 691
392.792 693
392.805 694
392.818 688
392.831 699
392.845 696
392.858 695
392.871 704
392.884 703
392.898 689
392.911 702
392.924 688
392.937 694
392.951 690
392.964 687
392.977 705
392.990 695
393.003 700
393.017 693
393.030 691
393.043 688
393.056 694
393.070 701
393.083 690
393.096 698
393.109 690
393.122 700
393.136 702
393.149 683
393.162 695
393.175 700
393.189 682
393.202 694
393.215 676
393.228 684
393.242 689
393.255 687
393.268 684
393.281 667
393.294 704
393.308 676
393.321 679
393.334 680
393.347 680
393.360 679
393.374 691
393.387 685
393.400 676
393.413 681
393.427 683
393.440 681
393.453 687
393.466 679
393.479 681
393.493 690
393.506 687
393.519 667
393.532 675
393.546 685
393.559 688
393.572 676
393.585 667
393.598 666
393.612 691
393.625 684
393.638 679
393.651 684
393.664 678
393.678 687
393.691 665
393.704 672
393.717 676
393.730 680
393.744 680
393.757 682
393.770 686
393.783 670
393.796 676
393.810 685
393.823 666
393.836 676
393.849 667
393.863 684
393.876 674
393.889 678
393.902 669
393.915 680
393.929 680
