375.891 815
375.905 833
375.919 822
375.933 825
375.946 824
375.960 819
375.974 829
375.987 838
376.001 836
376.015 835
376.029 838
376.042 832
376.056 862
376.070 854
376.084 861
376.097 859
376.111 858
376.125 868
376.139 843
376.152 880
376.166 885
376.180 889
376.193 910
376.207 883
376.221 900
376.235 897
376.248 895
376.262 904
376.276 913
376.290 906
376.303 926
376.317 913
376.331 917
376.345 907
376.358 905
376.372 920
376.386 928
376.399 925
376.413 948
376.427 936
376.441 932
376.454 960
376.468 943
376.482 934
376.495 963
376.509 983
376.523 966
376.537 1002
376.550 1001
376.564 998
376.578 993
376.592 997
376.605 1010
376.619 994
376.633 1023
376.646 988
376.660 981
376.674 985
376.688 1019
376.701 1036
376.715 1023
376.729 1015
376.742 1041
376.756 1077
376.770 1021
376.784 1041
376.797 1061
376.811 1081
376.825 1058
376.838 1084
376.852 1101
376.866 1122
376.880 1110
376.893 1085
376.907 1057
376.921 1075
376.934 1122
376.948 1093
376.962 1094
376.976 1114
376.989 1109
377.003 1150
377.017 1138
377.030 1156
377.044 1166
377.058 1199
377.071 1167
377.085 1154
377.099 1179
377.113 1188
377.126 1157
377.140 1183
377.154 1186
377.167 1198
377.181 1239
377.195 1202
377.208 1206
377.222 1226
377.236 1225
377.250 1234
377.263 1228
377.277 1271
377.291 1257
377.304 1256
377.318 1259
377.332 1272
377.345 1280
377.359 1280
377.373 1287
377.387 1301
377.400 1324
377.414 1298
377.428 1286
377.441 1282
377.455 1277
377.469 1324
377.482 1317
377.496 1321
377.510 1354
377.524 1383
377.537 1391
377.551 1376
377.565 1353
377.578 1359
377.592 1360
377.606 1314
377.619 1353
377.633 1388
377.647 1362
377.660 1374
377.674 1405
377.688 1408
377.701 1367
377.715 1384
377.729 1405
377.743 1383
377.756 1385
377.770 1415
377.784 1412
377.797 1456
377.811 1421
377.825 1407
377.838 1417
377.852 1395
377.866 1434
377.879 1477
377.893 1448
377.907 1469
377.920 1424
377.934 1460
377.948 1456
377.961 1444
377.975 1459
377.989 1472
378.002 1462
378.016 1463
378.030 1453
378.044 1464
378.057 1481
378.071 1472
378.085 1474
378.098 1466
378.112 1499
378.126 1473
378.139 1478
378.153 1516
378.167 1525
378.180 1482
378.194 1533
378.208 1492
378.221 1522
378.235 1530
378.249 1555
378.262 1489
378.276 1520
378.290 1534
378.303 1533
378.317 1538
378.331 1511
378.344 1532
378.358 1556
378.372 1563
378.385 1559
378.399 1568
378.413 1546
378.426 1615
378.440 1590
378.454 1591
378.467 1546
378.481 1582
378.495 1572
378.508 1586
378.522 1595
378.536 1580
378.549 1602
378.563 1611
378.577 1614
378.590 1615
378.604 1635
378.618 1650
378.631 1602
378.645 1616
378.659 1626
378.672 1615
378.686 1644
378.700 1721
378.713 1726
378.727 1736
378.740 1698
378.754 1723
378.768 1721
378.781 1744
378.795 1723
378.809 1714
378.822 1755
378.836 1707
378.850 1718
378.863 1732
378.877 1747
378.891 1726
378.904 1731
378.918 1767
378.932 1712
378.945 1738
378.959 1758
378.973 1777
378.986 1764
379.000 1769
379.014 1817
379.027 1759
379.041 1760
379.054 1777
379.068 1801
379.082 1799
379.095 1811
379.109 1758
379.123 1826
379.136 1819
379.150 1852
379.164 1860
379.177 1852
379.191 1800
379.205 1812
379.218 1853
379.232 1891
379.245 1923
379.259 1907
379.273 1924
379.286 1937
379.300 1934
379.314 1963
379.327 1935
379.341 1904
379.355 1998
379.368 1996
379.382 1938
379.396 2028
379.409 2053
379.423 2007
379.436 2050
379.450 2054
379.464 2086
379.477 2089
379.491 2096
379.505 2111
379.518 2144
379.532 2201
379.546 2221
379.559 2187
379.573 2173
379.586 2200
379.600 2260
379.614 2265
379.627 2357
379.641 2278
379.655 2340
379.668 2316
379.682 2284
379.695 2352
379.709 2356
379.723 2414
379.736 2384
379.750 2524
379.764 2534
379.777 2614
379.791 2643
379.804 2669
379.818 2641
379.832 2676
379.845 2581
379.859 2618
379.873 2608
379.886 2650
379.900 2718
379.913 2720
379.927 2763
379.941 2868
379.954 2853
379.968 2850
379.982 2858
379.995 2908
380.009 2969
380.022 2971
380.036 3030
380.050 3026
380.063 3118
380.077 3181
380.090 3361
380.104 3299
380.118 3312
380.131 3403
380.145 3467
380.159 3490
380.172 3558
380.186 3552
380.199 3609
380.213 3735
380.227 3781
380.240 3831
380.254 3730
380.267 3748
380.281 3785
380.295 3875
380.308 3813
380.322 4002
380.336 4020
380.349 4065
380.363 4038
380.376 4166
380.390 4197
380.404 4332
380.417 4389
380.431 4357
380.444 4366
380.458 4516
380.472 4487
380.485 4641
380.499 4607
380.512 4701
380.526 4730
380.540 4828
380.553 4889
380.567 4910
380.580 5072
380.594 5128
380.608 5176
380.621 5414
380.635 5454
380.648 5440
380.662 5513
380.676 5559
380.689 5585
380.703 5725
380.716 5777
380.730 5901
380.744 5990
380.757 6105
380.771 6277
380.784 6258
380.798 6228
380.812 6416
380.825 6451
380.839 6454
380.852 6675
380.866 6849
380.880 7035
380.893 6814
380.907 6883
380.920 7031
380.934 7002
380.948 7221
380.961 7114
380.975 7311
380.988 7524
381.002 7302
381.015 7442
381.029 7559
381.043 7636
381.056 7827
381.070 7794
381.083 7735
381.097 7920
381.111 8046
381.124 8119
381.138 8291
381.151 8234
381.165 8373
381.179 8455
381.192 8275
381.206 8488
381.219 8408
381.233 8571
381.246 8546
381.260 8700
381.274 8742
381.287 8892
381.301 8957
381.314 9061
381.328 9138
381.341 9143
381.355 9317
381.369 9314
381.382 9506
381.396 9393
381.409 9593
381.423 9787
381.437 9857
381.450 9814
381.464 10029
381.477 10108
381.491 10248
381.504 10319
381.518 10275
381.532 10376
381.545 10641
381.559 10945
381.572 10889
381.586 10911
381.599 10981
381.613 10995
381.627 11105
381.640 11184
381.654 11321
381.667 11297
381.681 11328
381.694 11246
381.708 11256
381.722 11092
381.735 11133
381.749 11282
381.762 11371
381.776 11326
381.789 11310
381.803 11547
381.817 11629
381.830 11730
381.844 11602
381.857 11834
381.871 12069
381.884 12102
381.898 12033
381.911 12172
381.925 12158
381.939 12249
381.952 12270
381.966 12388
381.979 12410
381.993 12731
382.006 12770
382.020 13132
382.034 13225
382.047 12970
382.061 12996
382.074 12972
382.088 13014
382.101 13222
382.115 13001
382.128 12970
382.142 13624
382.156 14161
382.169 13972
382.183 14155
382.196 13947
382.210 14102
382.223 14066
382.237 14163
382.250 14151
382.264 14287
382.278 14395
382.291 14419
382.305 14759
382.318 15005
382.332 15017
382.345 14699
382.359 14572
382.372 14678
382.386 14708
382.399 14785
382.413 14927
382.427 15061
382.440 15220
382.454 15111
382.467 15223
382.481 15677
382.494 16085
382.508 16315
382.521 16318
382.535 16095
382.548 16143
382.562 16221
382.576 16277
382.589 16426
382.603 16485
382.616 16503
382.630 16769
382.643 16900
382.657 17132
382.670 17312
382.684 17243
382.697 17279
382.711 17349
382.724 17679
382.738 17585
382.752 17739
382.765 17775
382.779 17995
382.792 18060
382.806 18172
382.819 18380
382.833 18565
382.846 18423
382.860 18693
382.873 18813
382.887 18908
382.900 19158
382.914 19333
382.928 19503
382.941 19705
382.955 19683
382.968 19925
382.982 20366
382.995 20227
383.009 20414
383.022 20548
383.036 20591
383.049 20831
383.063 20992
383.076 21093
383.090 21103
383.103 21195
383.117 21089
383.130 21416
383.144 21610
383.158 21597
383.171 21788
383.185 21838
383.198 22292
383.212 22583
383.225 22658
383.239 23001
383.252 23402
383.266 23305
383.279 23323
383.293 23480
383.306 23386
383.320 23854
383.333 24404
383.347 24740
383.360 24634
383.374 24421
383.387 24742
383.401 24787
383.414 24526
383.428 24451
383.441 24653
383.455 24555
383.468 24612
383.482 24944
383.496 25597
383.509 25722
383.523 25555
383.536 25830
383.550 25714
383.563 25669
383.577 26048
383.590 26365
383.604 26057
383.617 25884
383.631 25593
383.644 25576
383.658 25435
383.671 25668
383.685 25458
383.698 25751
383.712 25891
383.725 25881
383.739 25766
383.752 25667
383.766 25818
383.779 25649
383.793 25730
383.806 25865
383.820 26434
383.833 26197
383.847 26136
383.860 26396
383.874 26037
383.887 25524
383.901 25726
383.914 25944
383.928 25874
383.941 25775
383.955 25428
383.968 25232
383.982 25348
383.995 25241
384.009 25061
384.022 25106
384.036 24917
384.049 24741
384.063 24852
384.076 25199
384.090 25550
384.103 25639
384.117 25650
384.130 24989
384.144 24191
384.157 24114
384.171 23758
384.184 23508
384.198 23366
384.211 23342
384.225 22928
384.238 23204
384.252 23021
384.265 22724
384.279 22541
384.292 22091
384.306 22058
384.319 21543
384.333 21209
384.346 20449
384.360 20340
384.373 19862
384.387 19481
384.400 19364
384.414 18836
384.427 18693
384.441 18107
384.454 17910
384.468 17442
384.481 17156
384.495 16560
384.508 16314
384.522 15927
384.535 15675
384.549 15077
384.562 14691
384.575 14398
384.589 14076
384.602 13968
384.616 13726
384.629 13322
384.643 12951
384.656 12579
384.670 12229
384.683 11606
384.697 11283
384.710 11019
384.724 10537
384.737 10288
384.751 9986
384.764 9842
384.778 9471
384.791 9147
384.805 9085
384.818 8753
384.832 8457
384.845 8183
384.859 8053
384.872 7649
384.885 7451
384.899 7298
384.912 7001
384.926 6900
384.939 6736
384.953 6516
384.966 6418
384.980 6240
384.993 6118
385.007 5956
385.020 5879
385.034 5682
385.047 5591
385.061 5465
385.074 5301
385.088 5232
385.101 5236
385.114 5134
385.128 5049
385.141 4956
385.155 4909
385.168 4852
385.182 4844
385.195 4786
385.209 4701
385.222 4509
385.236 4558
385.249 4409
385.263 4286
385.276 4345
385.290 4200
385.303 4077
385.316 3955
385.330 3986
385.343 3985
385.357 3958
385.370 3858
385.384 3770
385.397 3766
385.411 3727
385.424 3660
385.438 3650
385.451 3594
385.464 3644
385.478 3538
385.491 3501
385.505 3488
385.518 3401
385.532 3447
385.545 3324
385.559 3303
385.572 3268
385.586 3300
385.599 3299
385.612 3277
385.626 3173
385.639 3182
385.653 3278
385.666 3213
385.680 3189
385.693 3157
385.707 3136
385.720 3099
385.734 3020
385.747 3012
385.760 2993
385.774 2918
385.787 2961
385.801 2904
385.814 2772
385.828 2814
385.841 2835
385.855 2762
385.868 2752
385.881 2709
385.895 2716
385.908 2774
385.922 2683
385.935 2668
385.949 2627
385.962 2633
385.976 2550
385.989 2592
386.002 2606
386.016 2650
386.029 2653
386.043 2542
386.056 2572
386.070 2477
386.083 2514
386.097 2497
386.110 2497
386.123 2503
386.137 2435
386.150 2431
386.164 2404
386.177 2420
386.191 2421
386.204 2372
386.217 2324
386.231 2411
386.244 2406
386.258 2356
386.271 2367
386.285 2336
386.298 2321
386.311 2357
386.325 2306
386.338 2259
386.352 2219
386.365 2269
386.379 2211
386.392 2168
386.405 2127
386.419 2198
386.432 2186
386.446 2187
386.459 2197
386.473 2147
386.486 2111
386.499 2045
386.513 2112
386.526 2171
386.540 2109
386.553 2050
386.567 2066
386.580 2075
386.593 2113
386.607 2159
386.620 2055
386.634 2082
386.647 2054
386.661 2041
386.674 2050
386.687 2010
386.701 1968
386.714 2022
386.728 1948
386.741 1976
386.754 1925
386.768 1980
386.781 1953
386.795 1917
386.808 1912
386.822 1858
386.835 1914
386.848 1885
386.862 1883
386.875 1820
386.889 1817
386.902 1820
386.915 1823
386.929 1850
386.942 1828
386.956 1795
386.969 1822
386.983 1780
386.996 1779
387.009 1743
387.023 1752
387.036 1759
387.050 1760
387.063 1755
387.076 1711
387.090 1699
387.103 1759
387.117 1728
387.130 1729
387.143 1746
387.157 1710
387.170 1726
387.184 1663
387.197 1698
387.210 1657
387.224 1680
387.237 1671
387.251 1622
387.264 1591
387.278 1586
387.291 1615
387.304 1633
387.318 1616
387.331 1581
387.345 1581
387.358 1557
387.371 1572
387.385 1574
387.398 1526
387.412 1488
387.425 1492
387.438 1498
387.452 1525
387.465 1454
387.478 1493
387.492 1500
387.505 1442
387.519 1506
387.532 1493
387.545 1499
387.559 1495
387.572 1513
387.586 1416
387.599 1460
387.612 1464
387.626 1488
387.639 1410
387.653 1415
387.666 1420
387.679 1370
387.693 1396
387.706 1384
387.720 1395
387.733 1405
387.746 1383
387.760 1409
387.773 1398
387.787 1372
387.800 1372
387.813 1357
387.827 1342
387.840 1340
387.853 1337
387.867 1346
387.880 1336
387.894 1356
387.907 1323
387.920 1317
387.934 1294
387.947 1301
387.961 1303
387.974 1306
387.987 1257
388.001 1253
388.014 1266
388.027 1273
388.041 1278
388.054 1224
388.068 1236
388.081 1244
388.094 1226
388.108 1250
388.121 1206
388.134 1212
388.148 1216
388.161 1214
388.175 1191
388.188 1204
388.201 1192
388.215 1184
388.228 1187
388.241 1159
388.255 1139
388.268 1187
388.282 1208
388.295 1151
388.308 1175
388.322 1152
388.335 1108
388.348 1156
388.362 1169
388.375 1169
388.389 1197
388.402 1146
388.415 1163
388.429 1184
388.442 1198
388.455 1142
388.469 1150
388.482 1153
388.495 1173
388.509 1177
388.522 1177
388.536 1157
388.549 1145
388.562 1150
388.576 1124
388.589 1124
388.602 1095
388.616 1129
388.629 1139
388.642 1131
388.656 1122
388.669 1141
388.683 1107
388.696 1140
388.709 1148
388.723 1123
388.736 1128
388.749 1113
388.763 1113
388.776 1105
388.789 1098
388.803 1117
388.816 1087
388.829 1109
388.843 1077
388.856 1074
388.870 1102
388.883 1081
388.896 1075
388.910 1085
388.923 1087
388.936 1101
388.950 1092
388.963 1113
388.976 1109
388.990 1101
389.003 1080
389.016 1086
389.030 1095
389.043 1115
389.056 1116
389.070 1110
389.083 1089
389.097 1097
389.110 1072
389.123 1086
389.137 1061
389.150 1102
389.163 1045
389.177 1082
389.190 1072
389.203 1059
389.217 1040
389.230 1057
389.243 1052
389.257 1061
389.270 1035
389.283 1061
389.297 1053
389.310 1060
389.323 1043
389.337 1049
389.350 1058
389.363 1042
389.377 1055
389.390 1041
389.403 1025
389.417 1039
389.430 1022
389.443 1043
389.457 1025
389.470 1054
389.483 1056
389.497 1031
389.510 1044
389.523 1042
389.537 1064
389.550 1034
389.563 1029
389.577 995
389.590 998
389.603 1002
389.617 1008
389.630 1029
389.643 1009
389.657 1011
389.670 987
389.683 1026
389.697 978
389.710 1003
389.723 984
389.737 988
389.750 1003
389.763 1026
389.777 997
389.790 997
389.803 990
389.817 989
389.830 994
389.843 962
389.857 984
389.870 936
389.883 977
389.897 955
389.910 981
389.923 980
389.937 957
389.950 967
389.963 957
389.977 985
389.990 950
390.003 975
390.017 962
390.030 962
390.043 946
390.057 944
390.070 930
390.083 932
390.096 959
390.110 936
390.123 909
390.136 933
390.150 915
390.163 930
390.176 910
390.190 928
390.203 909
390.216 907
390.230 891
390.243 907
390.256 904
390.270 901
390.283 898
390.296 865
390.310 898
390.323 886
390.336 878
390.349 899
390.363 878
390.376 878
390.389 862
390.403 870
390.416 878
390.429 862
390.443 867
390.456 883
390.469 834
390.483 860
390.496 838
390.509 830
390.522 852
390.536 848
390.549 866
390.562 838
390.576 837
390.589 841
390.602 829
390.616 828
390.629 827
390.642 816
390.655 818
390.669 817
390.682 812
390.695 815
390.709 821
390.722 814
390.735 812
390.749 806
390.762 798
390.775 789
390.788 788
390.802 803
390.815 788
390.828 788
390.842 777
390.855 780
390.868 780
390.882 790
390.895 773
390.908 765
390.921 788
390.935 765
390.948 766
390.961 771
390.975 772
390.988 771
391.001 768
391.014 766
391.028 764
391.041 770
391.054 750
391.068 772
391.081 764
391.094 774
391.107 771
391.121 759
391.134 752
391.147 758
391.161 741
391.174 754
391.187 749
391.200 736
391.214 744
391.227 730
391.240 753
391.254 732
391.267 739
391.280 735
391.293 736
391.307 740
391.320 740
391.333 730
391.347 727
391.360 731
391.373 727
391.386 730
391.400 732
391.413 732
391.426 728
391.440 739
391.453 722
391.466 727
391.479 727
391.493 716
391.506 721
391.519 728
391.532 733
391.546 714
391.559 718
391.572 731
391.586 716
391.599 711
391.612 719
391.625 716
391.639 703
391.652 739
391.665 716
391.678 713
391.692 721
391.705 721
391.718 713
391.732 719
391.745 708
391.758 718
391.771 723
391.785 708
391.798 720
391.811 716
391.824 724
391.838 708
391.851 705
391.864 714
391.877 704
391.891 706
391.904 724
391.917 697
391.931 718
391.944 711
391.957 717
391.970 706
391.984 713
391.997 713
392.010 698
392.023 711
392.037 709
392.050 702
392.063 699
392.076 701
392.090 700
392.103 708
392.116 717
392.129 706
392.143 696
392.156 723
392.169 681
392.182 703
392.196 693
392.209 698
392.222 689
392.235 688
392.249 698
392.262 698
392.275 698
392.288 701
392.302 690
392.315 692
392.328 705
392.341 702
392.355 688
392.368 705
392.381 711
392.394 690
392.408 687
392.421 707
392.434 688
392.447 687
392.461 704
392.474 691
392.487 705
392.500 710
392.514 693
392.527 690
392.540 688
392.553 691
392.567 703
392.580 700
392.593 695
392.606 698
392.620 678
392.633 706
392.646 701
392.659 685
392.673 693
392.686 690
392.699 690
392.712 697
392.726 695
392.739 676
392.752 694
392.765 708
392.778 687
392.792 692
392.805 694
392.818 693
392.831 688
392.845 692
392.858 684
392.871 686
392.884 695
392.898 692
392.911 692
392.924 691
392.937 684
392.951 675
392.964 680
392.977 695
392.990 694
393.003 688
393.017 696
393.030 681
393.043 674
393.056 691
393.070 688
393.083 682
393.096 683
393.109 688
393.122 677
393.136 681
393.149 676
393.162 682
393.175 669
393.189 682
393.202 679
393.215 670
393.228 680
393.242 681
393.255 678
393.268 670
393.281 693
393.294 669
393.308 671
393.321 679
393.334 679
393.347 671
393.360 676
393.374 671
393.387 683
393.400 683
393.413 683
393.427 677
393.440 680
393.453 682
393.466 674
393.479 671
393.493 683
393.506 673
393.519 658
393.532 679
393.546 675
393.559 671
393.572 679
393.585 674
393.598 679
393.612 680
393.625 682
393.638 668
393.651 678
393.664 666
393.678 668
393.691 662
393.704 670
393.717 676
393.730 667
393.744 674
393.757 664
393.770 672
393.783 684
393.796 681
393.810 667
393.823 670
393.836 672
393.849 672
393.863 669
393.876 669
393.889 669
393.902 662
393.915 664
393.929 674
