375.891 821
375.905 800
375.919 800
375.933 820
375.946 830
375.960 835
375.974 834
375.987 817
376.001 816
376.015 825
376.029 838
376.042 860
376.056 847
376.070 859
376.084 847
376.097 831
376.111 859
376.125 861
376.139 852
376.152 864
376.166 854
376.180 876
376.193 893
376.207 868
376.221 893
376.235 893
376.248 877
376.262 892
376.276 882
376.290 895
376.303 908
376.317 893
376.331 889
376.345 908
376.358 919
376.372 908
376.386 911
376.399 921
376.413 932
376.427 945
376.441 935
376.454 944
376.468 934
376.482 939
376.495 944
376.509 943
376.523 968
376.537 971
376.550 983
376.564 984
376.578 969
376.592 973
376.605 1003
376.619 966
376.633 978
376.646 977
376.660 993
376.674 984
376.688 995
376.701 1031
376.715 1009
376.729 982
376.742 1017
376.756 1031
376.770 1042
376.784 1031
376.797 1007
376.811 1056
376.825 1059
376.838 1059
376.852 1051
376.866 1064
376.880 1076
376.893 1037
376.907 1084
376.921 1064
376.934 1088
376.948 1090
376.962 1099
376.976 1085
376.989 1109
377.003 1104
377.017 1134
377.030 1119
377.044 1152
377.058 1145
377.071 1172
377.085 1132
377.099 1184
377.113 1123
377.126 1152
377.140 1161
377.154 1177
377.167 1193
377.181 1190
377.195 1178
377.208 1158
377.222 1193
377.236 1190
377.250 1210
377.263 1244
377.277 1231
377.291 1248
377.304 1264
377.318 1242
377.332 1223
377.345 1258
377.359 1241
377.373 1234
377.387 1239
377.400 1265
377.414 1271
377.428 1260
377.441 1273
377.455 1253
377.469 1288
377.482 1288
377.496 1295
377.510 1330
377.524 1318
377.537 1310
377.551 1311
377.565 1341
377.578 1347
377.592 1339
377.606 1292
377.619 1336
377.633 1330
377.647 1335
377.660 1357
377.674 1363
377.688 1383
377.701 1340
377.715 1349
377.729 1343
377.743 1381
377.756 1392
377.770 1391
377.784 1375
377.797 1359
377.811 1379
377.825 1394
377.838 1383
377.852 1361
377.866 1388
377.879 1408
377.893 1422
377.907 1401
377.920 1402
377.934 1438
377.948 1431
377.961 1439
377.975 1438
377.989 1410
378.002 1456
378.016 1412
378.030 1426
378.044 1410
378.057 1449
378.071 1434
378.085 1469
378.098 1426
378.112 1439
378.126 1449
378.139 1451
378.153 1433
378.167 1449
378.180 1459
378.194 1445
378.208 1505
378.221 1480
378.235 1458
378.249 1507
378.262 1487
378.276 1478
378.290 1458
378.303 1473
378.317 1481
378.331 1521
378.344 1489
378.358 1527
378.372 1513
378.385 1536
378.399 1520
378.413 1520
378.426 1521
378.440 1511
378.454 1567
378.467 1487
378.481 1557
378.495 1494
378.508 1546
378.522 1510
378.536 1525
378.549 1525
378.563 1576
378.577 1562
378.590 1585
378.604 1571
378.618 1539
378.631 1589
378.645 1568
378.659 1559
378.672 1605
378.686 1641
378.700 1639
378.713 1688
378.727 1698
378.740 1629
378.754 1680
378.768 1675
378.781 1709
378.795 1662
378.809 1704
378.822 1701
378.836 1698
378.850 1625
378.863 1666
378.877 1694
378.891 1694
378.904 1702
378.918 1689
378.932 1706
378.945 1682
378.959 1707
378.973 1717
378.986 1719
379.000 1734
379.014 1671
379.027 1707
379.041 1675
379.054 1774
379.068 1717
379.082 1712
379.095 1755
379.109 1730
379.123 1779
379.136 1728
379.150 1767
379.164 1755
379.177 1786
379.191 1786
379.205 1792
379.218 1807
379.232 1857
379.245 1838
379.259 1858
379.273 1833
379.286 1829
379.300 1888
379.314 1859
379.327 1847
379.341 1879
379.355 1901
379.368 1906
379.382 1962
379.396 1968
379.409 1931
379.423 1918
379.436 1953
379.450 1945
379.464 1977
379.477 2027
379.491 2027
379.505 2025
379.518 2041
379.532 2050
379.546 2103
379.559 2083
379.573 2126
379.586 2137
379.600 2154
379.614 2197
379.627 2197
379.641 2240
379.655 2227
379.668 2251
379.682 2194
379.695 2230
379.709 2209
379.723 2310
379.736 2371
379.750 2423
379.764 2463
379.777 2499
379.791 2505
379.804 2502
379.818 2477
379.832 2540
379.845 2496
379.859 2481
379.873 2487
379.886 2512
379.900 2573
379.913 2616
379.927 2654
379.941 2635
379.954 2681
379.968 2761
379.982 2803
379.995 2799
380.009 2823
380.022 2846
380.036 2848
380.050 2916
380.063 2910
380.077 3020
380.090 3154
380.104 3141
380.118 3188
380.131 3185
380.145 3265
380.159 3266
380.172 3282
380.186 3311
380.199 3445
380.213 3431
380.227 3537
380.240 3627
380.254 3602
380.267 3541
380.281 3586
380.295 3600
380.308 3664
380.322 3756
380.336 3792
380.349 3855
380.363 3967
380.376 3925
380.390 3984
380.404 4050
380.417 4064
380.431 4153
380.444 4219
380.458 4201
380.472 4190
380.485 4328
380.499 4357
380.512 4495
380.526 4450
380.540 4557
380.553 4662
380.567 4670
380.580 4728
380.594 4818
380.608 4866
380.621 5111
380.635 5136
380.648 5150
380.662 5240
380.676 5263
380.689 5322
380.703 5279
380.716 5501
380.730 5571
380.744 5545
380.757 5732
380.771 5816
380.784 5925
380.798 5981
380.812 5967
380.825 6023
380.839 6107
380.852 6323
380.866 6419
380.880 6609
380.893 6479
380.907 6471
380.920 6578
380.934 6695
380.948 6760
380.961 6817
380.975 6934
380.988 6950
381.002 6943
381.015 6879
381.029 7225
381.043 7166
381.056 7221
381.070 7216
381.083 7226
381.097 7368
381.111 7579
381.124 7464
381.138 7750
381.151 7683
381.165 7878
381.179 7957
381.192 8012
381.206 7908
381.219 8038
381.233 8076
381.246 8023
381.260 8183
381.274 8229
381.287 8333
381.301 8458
381.314 8494
381.328 8481
381.341 8656
381.355 8622
381.369 8613
381.382 8830
381.396 8881
381.409 8931
381.423 9240
381.437 9168
381.450 9236
381.464 9376
381.477 9459
381.491 9522
381.504 9615
381.518 9514
381.532 9680
381.545 9858
381.559 10114
381.572 10196
381.586 10125
381.599 10256
381.613 10309
381.627 10309
381.640 10422
381.654 10529
381.667 10633
381.681 10616
381.694 10646
381.708 10530
381.722 10260
381.735 10545
381.749 10576
381.762 10469
381.776 10579
381.789 10791
381.803 10851
381.817 10650
381.830 10884
381.844 10878
381.857 11125
381.871 11198
381.884 11223
381.898 11140
381.911 11316
381.925 11348
381.939 11460
381.952 11572
381.966 11430
381.979 11534
381.993 11854
382.006 12016
382.020 12142
382.034 12066
382.047 12154
382.061 12110
382.074 12285
382.088 12166
382.101 12031
382.115 12228
382.128 12194
382.142 12514
382.156 13136
382.169 13030
382.183 12875
382.196 13022
382.210 13053
382.223 13157
382.237 13072
382.250 13149
382.264 13187
382.278 13410
382.291 13490
382.305 13552
382.318 13818
382.332 13932
382.345 13571
382.359 13554
382.372 13617
382.386 13678
382.399 13722
382.413 13727
382.427 13955
382.440 14050
382.454 14175
382.467 14126
382.481 14510
382.494 14938
382.508 14839
382.521 15312
382.535 15013
382.548 14920
382.562 14964
382.576 15277
382.589 15110
382.603 15330
382.616 15434
382.630 15562
382.643 15829
382.657 15973
382.670 15970
382.684 16122
382.697 15845
382.711 16005
382.724 16215
382.738 16328
382.752 16229
382.765 16442
382.779 16678
382.792 16710
382.806 16876
382.819 17038
382.833 17092
382.846 17122
382.860 17404
382.873 17309
382.887 17408
382.900 17746
382.914 17831
382.928 17986
382.941 18007
382.955 18240
382.968 18644
382.982 18624
382.995 18682
383.009 18960
383.022 18769
383.036 19073
383.049 18980
383.063 19247
383.076 19277
383.090 19542
383.103 19472
383.117 19663
383.130 19608
383.144 19691
383.158 19961
383.171 20032
383.185 20312
383.198 20562
383.212 20803
383.225 20855
383.239 21171
383.252 21218
383.266 21383
383.279 21438
383.293 21629
383.306 21563
383.320 22008
383.333 22364
383.347 22680
383.360 22635
383.374 22314
383.387 22597
383.401 22480
383.414 22847
383.428 22571
383.441 22589
383.455 22706
383.468 22523
383.482 22839
383.496 23427
383.509 23346
383.523 23117
383.536 23494
383.550 23326
383.563 23430
383.577 23657
383.590 24195
383.604 24052
383.617 23631
383.631 23491
383.644 23337
383.658 23331
383.671 23336
383.685 23535
383.698 23435
383.712 23722
383.725 23717
383.739 23605
383.752 23387
383.766 23262
383.779 23295
383.793 23597
383.806 23509
383.820 23925
383.833 23950
383.847 23842
383.860 23920
383.874 23949
383.887 23392
383.901 23388
383.914 23727
383.928 23523
383.941 23299
383.955 23037
383.968 22836
383.982 22694
383.995 22997
384.009 22671
384.022 22573
384.036 22552
384.049 22413
384.063 22423
384.076 22659
384.090 23138
384.103 23196
384.117 23051
384.130 22635
384.144 22033
384.157 21555
384.171 21446
384.184 21331
384.198 21086
384.211 20804
384.225 20692
384.238 20780
384.252 20734
384.265 20416
384.279 20171
384.292 20072
384.306 19807
384.319 19303
384.333 18997
384.346 18348
384.360 18129
384.373 17906
384.387 17634
384.400 17349
384.414 16990
384.427 16587
384.441 16295
384.454 15860
384.468 15670
384.481 15218
384.495 14940
384.508 14574
384.522 14152
384.535 13746
384.549 13546
384.562 13190
384.575 12773
384.589 12625
384.602 12514
384.616 12389
384.629 11794
384.643 11581
384.656 11148
384.670 10829
384.683 10411
384.697 10132
384.710 9791
384.724 9517
384.737 9328
384.751 8882
384.764 8676
384.778 8516
384.791 8368
384.805 8165
384.818 7856
384.832 7605
384.845 7387
384.859 7207
384.872 6954
384.885 6662
384.899 6528
384.912 6316
384.926 6127
384.939 5983
384.953 5820
384.966 5717
384.980 5524
384.993 5442
385.007 5316
385.020 5208
385.034 5087
385.047 4932
385.061 4887
385.074 4775
385.088 4642
385.101 4563
385.114 4468
385.128 4378
385.141 4348
385.155 4259
385.168 4192
385.182 4188
385.195 4125
385.209 4039
385.222 3936
385.236 3831
385.249 3831
385.263 3732
385.276 3616
385.290 3619
385.303 3584
385.316 3481
385.330 3472
385.343 3410
385.357 3338
385.370 3306
385.384 3269
385.397 3244
385.411 3198
385.424 3170
385.438 3081
385.451 3055
385.464 3050
385.478 2997
385.491 3034
385.505 3028
385.518 2980
385.532 2925
385.545 2861
385.559 2812
385.572 2786
385.586 2845
385.599 2776
385.612 2751
385.626 2767
385.639 2710
385.653 2727
385.666 2749
385.680 2755
385.693 2709
385.707 2650
385.720 2682
385.734 2582
385.747 2543
385.760 2551
385.774 2537
385.787 2575
385.801 2495
385.814 2456
385.828 2461
385.841 2399
385.855 2375
385.868 2354
385.881 2353
385.895 2318
385.908 2315
385.922 2305
385.935 2250
385.949 2292
385.962 2246
385.976 2228
385.989 2255
386.002 2240
386.016 2250
386.029 2240
386.043 2238
386.056 2161
386.070 2130
386.083 2167
386.097 2136
386.110 2125
386.123 2162
386.137 2124
386.150 2089
386.164 2113
386.177 2074
386.191 2038
386.204 2078
386.217 2033
386.231 2038
386.244 2035
386.258 2025
386.271 2036
386.285 2068
386.298 1997
386.311 2005
386.325 1949
386.338 1975
386.352 1925
386.365 1940
386.379 1912
386.392 1897
386.405 1828
386.419 1872
386.432 1900
386.446 1902
386.459 1881
386.473 1892
386.486 1869
386.499 1841
386.513 1825
386.526 1808
386.540 1818
386.553 1799
386.567 1791
386.580 1799
386.593 1795
386.607 1855
386.620 1833
386.634 1811
386.647 1778
386.661 1791
386.674 1779
386.687 1790
386.701 1727
386.714 1713
386.728 1736
386.741 1722
386.754 1668
386.768 1740
386.781 1686
386.795 1691
386.808 1636
386.822 1685
386.835 1639
386.848 1670
386.862 1633
386.875 1620
386.889 1622
386.902 1612
386.915 1551
386.929 1599
386.942 1584
386.956 1574
386.969 1579
386.983 1564
386.996 1509
387.009 1582
387.023 1548
387.036 1531
387.050 1527
387.063 1552
387.076 1486
387.090 1514
387.103 1490
387.117 1528
387.130 1514
387.143 1515
387.157 1536
387.170 1515
387.184 1505
387.197 1498
387.210 1498
387.224 1453
387.237 1454
387.251 1472
387.264 1407
387.278 1417
387.291 1419
387.304 1433
387.318 1423
387.331 1418
387.345 1392
387.358 1404
387.371 1388
387.385 1382
387.398 1369
387.412 1363
387.425 1348
387.438 1344
387.452 1318
387.465 1309
387.478 1307
387.492 1299
387.505 1284
387.519 1331
387.532 1314
387.545 1328
387.559 1327
387.572 1302
387.586 1310
387.599 1288
387.612 1326
387.626 1324
387.639 1295
387.653 1269
387.666 1221
387.679 1255
387.693 1238
387.706 1268
387.720 1232
387.733 1232
387.746 1239
387.760 1237
387.773 1227
387.787 1197
387.800 1194
387.813 1225
387.827 1209
387.840 1189
387.853 1194
387.867 1186
387.880 1220
387.894 1197
387.907 1167
387.920 1178
387.934 1181
387.947 1175
387.961 1143
387.974 1158
387.987 1132
388.001 1145
388.014 1129
388.027 1136
388.041 1155
388.054 1111
388.068 1099
388.081 1123
388.094 1106
388.108 1124
388.121 1083
388.134 1087
388.148 1103
388.161 1108
388.175 1095
388.188 1081
388.201 1035
388.215 1077
388.228 1069
388.241 1049
388.255 1062
388.268 1072
388.282 1061
388.295 1074
388.308 1067
388.322 1060
388.335 1071
388.348 1055
388.362 1049
388.375 1049
388.389 1078
388.402 1044
388.415 1061
388.429 1064
388.442 1074
388.455 1058
388.469 1053
388.482 1074
388.495 1062
388.509 1102
388.522 1098
388.536 1061
388.549 1034
388.562 1044
388.576 1055
388.589 1055
388.602 1040
388.616 1059
388.629 1034
388.642 1029
388.656 1022
388.669 1035
388.683 1033
388.696 1042
388.709 1019
388.723 1032
388.736 1020
388.749 1025
388.763 1038
388.776 997
388.789 1043
388.803 1007
388.816 972
388.829 993
388.843 1019
388.856 998
388.870 1009
388.883 1029
388.896 1004
388.910 1007
388.923 1001
388.936 1020
388.950 1016
388.963 1022
388.976 1009
388.990 998
389.003 999
389.016 1011
389.030 1006
389.043 1022
389.056 998
389.070 1011
389.083 997
389.097 1002
389.110 979
389.123 983
389.137 981
389.150 988
389.163 974
389.177 1009
389.190 980
389.203 974
389.217 994
389.230 967
389.243 999
389.257 997
389.270 975
389.283 943
389.297 974
389.310 963
389.323 962
389.337 966
389.350 982
389.363 971
389.377 957
389.390 983
389.403 965
389.417 971
389.430 971
389.443 962
389.457 940
389.470 965
389.483 967
389.497 957
389.510 944
389.523 980
389.537 947
389.550 932
389.563 955
389.577 946
389.590 931
389.603 917
389.617 943
389.630 932
389.643 950
389.657 936
389.670 934
389.683 929
389.697 943
389.710 923
389.723 932
389.737 927
389.750 914
389.763 926
389.777 926
389.790 939
389.803 889
389.817 922
389.830 921
389.843 902
389.857 925
389.870 893
389.883 887
389.897 889
389.910 914
389.923 896
389.937 908
389.950 916
389.963 918
389.977 895
389.990 883
390.003 898
390.017 906
390.030 906
390.043 887
390.057 880
390.070 864
390.083 869
390.096 875
390.110 870
390.123 869
390.136 867
390.150 863
390.163 844
390.176 844
390.190 869
390.203 860
390.216 860
390.230 843
390.243 838
390.256 839
390.270 836
390.283 822
390.296 856
390.310 846
390.323 804
390.336 841
390.349 835
390.363 824
390.376 833
390.389 846
390.403 829
390.416 842
390.429 810
390.443 815
390.456 809
390.469 807
390.483 803
390.496 782
390.509 800
390.522 819
390.536 797
390.549 788
390.562 781
390.576 794
390.589 799
390.602 797
390.616 780
390.629 791
390.642 796
390.655 794
390.669 752
390.682 779
390.695 775
390.709 769
390.722 774
390.735 773
390.749 758
390.762 769
390.775 759
390.788 756
390.802 765
390.815 775
390.828 742
390.842 748
390.855 753
390.868 756
390.882 753
390.895 744
390.908 743
390.921 747
390.935 751
390.948 745
390.961 733
390.975 735
390.988 741
391.001 739
391.014 740
391.028 742
391.041 744
391.054 719
391.068 732
391.081 741
391.094 736
391.107 732
391.121 727
391.134 713
391.147 742
391.161 732
391.174 724
391.187 732
391.200 730
391.214 728
391.227 724
391.240 716
391.254 705
391.267 720
391.280 723
391.293 724
391.307 703
391.320 719
391.333 707
391.347 712
391.360 713
391.373 715
391.386 710
391.400 702
391.413 720
391.426 708
391.440 710
391.453 698
391.466 716
391.479 702
391.493 702
391.506 714
391.519 709
391.532 696
391.546 703
391.559 696
391.572 684
391.586 707
391.599 708
391.612 691
391.625 710
391.639 695
391.652 705
391.665 697
391.678 699
391.692 708
391.705 690
391.718 700
391.732 697
391.745 688
391.758 697
391.771 707
391.785 705
391.798 702
391.811 700
391.824 704
391.838 697
391.851 697
391.864 699
391.877 690
391.891 693
391.904 693
391.917 698
391.931 700
391.944 687
391.957 690
391.970 691
391.984 691
391.997 695
392.010 692
392.023 689
392.037 683
392.050 690
392.063 701
392.076 692
392.090 697
392.103 677
392.116 683
392.129 693
392.143 689
392.156 683
392.169 691
392.182 691
392.196 683
392.209 696
392.222 685
392.235 684
392.249 682
392.262 675
392.275 674
392.288 682
392.302 677
392.315 683
392.328 685
392.341 687
392.355 688
392.368 690
392.381 681
392.394 684
392.408 685
392.421 672
392.434 671
392.447 690
392.461 676
392.474 677
392.487 682
392.500 689
392.514 685
392.527 689
392.540 686
392.553 675
392.567 686
392.580 681
392.593 680
392.606 675
392.620 690
392.633 675
392.646 684
392.659 678
392.673 686
392.686 686
392.699 675
392.712 678
392.726 675
392.739 686
392.752 680
392.765 676
392.778 679
392.792 679
392.805 683
392.818 657
392.831 681
392.845 670
392.858 679
392.871 677
392.884 676
392.898 679
392.911 674
392.924 682
392.937 671
392.951 683
392.964 684
392.977 662
392.990 665
393.003 681
393.017 681
393.030 677
393.043 676
393.056 662
393.070 673
393.083 672
393.096 679
393.109 674
393.122 676
393.136 688
393.149 656
393.162 665
393.175 676
393.189 671
393.202 664
393.215 683
393.228 674
393.242 671
393.255 654
393.268 669
393.281 667
393.294 668
393.308 675
393.321 661
393.334 673
393.347 677
393.360 670
393.374 656
393.387 668
393.400 661
393.413 671
393.427 656
393.440 663
393.453 670
393.466 666
393.479 672
393.493 666
393.506 659
393.519 661
393.532 669
393.546 652
393.559 667
393.572 661
393.585 662
393.598 671
393.612 668
393.625 664
393.638 671
393.651 668
393.664 650
393.678 665
393.691 674
393.704 670
393.717 650
393.730 658
393.744 668
393.757 664
393.770 667
393.783 658
393.796 660
393.810 658
393.823 658
393.836 663
393.849 663
393.863 650
393.876 653
393.889 655
393.902 661
393.915 661
393.929 661
