375.891 812
375.905 845
375.919 832
375.933 830
375.946 828
375.960 820
375.974 830
375.987 844
376.001 839
376.015 838
376.029 841
376.042 840
376.056 847
376.070 861
376.084 880
376.097 872
376.111 863
376.125 878
376.139 871
376.152 882
376.166 900
376.180 872
376.193 888
376.207 887
376.221 892
376.235 897
376.248 905
376.262 910
376.276 920
376.290 932
376.303 904
376.317 926
376.331 913
376.345 901
376.358 915
376.372 917
376.386 943
376.399 944
376.413 935
376.427 910
376.441 923
376.454 925
376.468 942
376.482 954
376.495 962
376.509 951
376.523 974
376.537 991
376.550 994
376.564 995
376.578 1004
376.592 1022
376.605 1022
376.619 1014
376.633 1008
376.646 994
376.660 1007
376.674 999
376.688 992
376.701 1015
376.715 1026
376.729 1026
376.742 1035
376.756 1069
376.770 1065
376.784 1037
376.797 1041
376.811 1064
376.825 1064
376.838 1093
376.852 1087
376.866 1072
376.880 1090
376.893 1116
376.907 1105
376.921 1118
376.934 1109
376.948 1116
376.962 1121
376.976 1099
376.989 1142
377.003 1144
377.017 1145
377.030 1174
377.044 1173
377.058 1208
377.071 1169
377.085 1164
377.099 1156
377.113 1178
377.126 1193
377.140 1209
377.154 1198
377.167 1202
377.181 1210
377.195 1229
377.208 1237
377.222 1212
377.236 1225
377.250 1232
377.263 1245
377.277 1257
377.291 1255
377.304 1291
377.318 1305
377.332 1271
377.345 1284
377.359 1305
377.373 1256
377.387 1303
377.400 1286
377.414 1275
377.428 1305
377.441 1307
377.455 1340
377.469 1309
377.482 1327
377.496 1344
377.510 1379
377.524 1361
377.537 1404
377.551 1342
377.565 1368
377.578 1368
377.592 1356
377.606 1368
377.619 1371
377.633 1346
377.647 1384
377.660 1336
377.674 1385
377.688 1393
377.701 1334
377.715 1393
377.729 1404
377.743 1435
377.756 1410
377.770 1438
377.784 1433
377.797 1411
377.811 1418
377.825 1436
377.838 1418
377.852 1432
377.866 1483
377.879 1494
377.893 1449
377.907 1485
377.920 1452
377.934 1468
377.948 1473
377.961 1482
377.975 1464
377.989 1474
378.002 1437
378.016 1464
378.030 1494
378.044 1466
378.057 1519
378.071 1474
378.085 1508
378.098 1489
378.112 1476
378.126 1476
378.139 1482
378.153 1502
378.167 1484
378.180 1513
378.194 1515
378.208 1524
378.221 1500
378.235 1514
378.249 1547
378.262 1567
378.276 1528
378.290 1496
378.303 1533
378.317 1554
378.331 1559
378.344 1545
378.358 1538
378.372 1556
378.385 1604
378.399 1544
378.413 1590
378.426 1588
378.440 1572
378.454 1604
378.467 1613
378.481 1596
378.495 1602
378.508 1605
378.522 1566
378.536 1629
378.549 1613
378.563 1597
378.577 1630
378.590 1642
378.604 1621
378.618 1649
378.631 1625
378.645 1638
378.659 1639
378.672 1661
378.686 1688
378.700 1695
378.713 1723
378.727 1704
378.740 1700
378.754 1698
378.768 1779
378.781 1756
378.795 1749
378.809 1783
378.822 1767
378.836 1761
378.850 1705
378.863 1689
378.877 1738
378.891 1778
378.904 1751
378.918 1761
378.932 1758
378.945 1750
378.959 1734
378.973 1786
378.986 1793
379.000 1784
379.014 1804
379.027 1781
379.041 1804
379.054 1771
379.068 1800
379.082 1795
379.095 1799
379.109 1768
379.123 1781
379.136 1856
379.150 1831
379.164 1845
379.177 1846
379.191 1852
379.205 1859
379.218 1870
379.232 1909
379.245 1916
379.259 1907
379.273 1902
379.286 1901
379.300 1930
379.314 1907
379.327 1948
379.341 1933
379.355 1977
379.368 1943
379.382 2019
379.396 1972
379.409 1987
379.423 2025
379.436 2053
379.450 2047
379.464 2064
379.477 2044
379.491 2060
379.505 2097
379.518 2107
379.532 2145
379.546 2161
379.559 2203
379.573 2169
379.586 2130
379.600 2208
379.614 2206
379.627 2261
379.641 2301
379.655 2275
379.668 2244
379.682 2286
379.695 2315
379.709 2298
379.723 2338
379.736 2446
379.750 2449
379.764 2578
379.777 2530
379.791 2500
379.804 2575
379.818 2605
379.832 2551
379.845 2556
379.859 2533
379.873 2581
379.886 2611
379.900 2673
379.913 2714
379.927 2719
379.941 2812
379.954 2725
379.968 2806
379.982 2813
379.995 2927
380.009 2882
380.022 2943
380.036 3000
380.050 2934
380.063 3049
380.077 3184
380.090 3255
380.104 3258
380.118 3291
380.131 3293
380.145 3389
380.159 3304
380.172 3428
380.186 3438
380.199 3488
380.213 3656
380.227 3661
380.240 3722
380.254 3714
380.267 3686
380.281 3772
380.295 3771
380.308 3776
380.322 3867
380.336 3899
380.349 4004
380.363 4047
380.376 4021
380.390 4141
380.404 4212
380.417 4211
380.431 4282
380.444 4350
380.458 4382
380.472 4455
380.485 4448
380.499 4532
380.512 4636
380.526 4612
380.540 4717
380.553 4788
380.567 4841
380.580 4929
380.594 4923
380.608 5109
380.621 5334
380.635 5321
380.648 5259
380.662 5456
380.676 5396
380.689 5419
380.703 5595
380.716 5523
380.730 5743
380.744 5825
380.757 5941
380.771 6044
380.784 6035
380.798 6151
380.812 6227
380.825 6275
380.839 6384
380.852 6534
380.866 6748
380.880 6763
380.893 6704
380.907 6899
380.920 6894
380.934 6835
380.948 6927
380.961 6982
380.975 7255
380.988 7189
381.002 7157
381.015 7127
381.029 7339
381.043 7486
381.056 7611
381.070 7528
381.083 7771
381.097 7744
381.111 7692
381.124 7931
381.138 8059
381.151 8000
381.165 8237
381.179 8245
381.192 8220
381.206 8264
381.219 8203
381.233 8331
381.246 8338
381.260 8449
381.274 8614
381.287 8610
381.301 8662
381.314 8753
381.328 8823
381.341 8974
381.355 9084
381.369 8991
381.382 9133
381.396 9179
381.409 9255
381.423 9464
381.437 9600
381.450 9633
381.464 9662
381.477 9805
381.491 10053
381.504 9835
381.518 9911
381.532 10026
381.545 10258
381.559 10462
381.572 10691
381.586 10511
381.599 10548
381.613 10619
381.627 10855
381.640 10716
381.654 11005
381.667 10957
381.681 10928
381.694 11016
381.708 10798
381.722 10844
381.735 10821
381.749 10953
381.762 11198
381.776 11042
381.789 11226
381.803 11150
381.817 11286
381.830 11524
381.844 11434
381.857 11479
381.871 11718
381.884 11698
381.898 11688
381.911 11848
381.925 11824
381.939 11918
381.952 11978
381.966 12059
381.979 12113
381.993 12508
382.006 12537
382.020 12705
382.034 12647
382.047 12507
382.061 12566
382.074 12592
382.088 12757
382.101 12749
382.115 12884
382.128 12841
382.142 13347
382.156 13649
382.169 13569
382.183 13770
382.196 13683
382.210 13707
382.223 13796
382.237 13833
382.250 13896
382.264 13960
382.278 14026
382.291 14150
382.305 14673
382.318 14705
382.332 14637
382.345 14466
382.359 14309
382.372 14436
382.386 14390
382.399 14502
382.413 14652
382.427 14618
382.440 14864
382.454 15147
382.467 15150
382.481 15316
382.494 15984
382.508 16153
382.521 16203
382.535 16077
382.548 16049
382.562 16114
382.576 16348
382.589 16373
382.603 16315
382.616 16431
382.630 16863
382.643 17069
382.657 17071
382.670 17298
382.684 17327
382.697 17167
382.711 17156
382.724 17398
382.738 17356
382.752 17717
382.765 17828
382.779 17860
382.792 18069
382.806 18219
382.819 18408
382.833 18577
382.846 18595
382.860 18833
382.873 18956
382.887 19005
382.900 19201
382.914 19501
382.928 19567
382.941 19860
382.955 19913
382.968 20239
382.982 20376
382.995 20672
383.009 20541
383.022 20706
383.036 20922
383.049 21166
383.063 21095
383.076 21337
383.090 21275
383.103 21482
383.117 21570
383.130 21806
383.144 22050
383.158 22284
383.171 22242
383.185 22565
383.198 22827
383.212 23010
383.225 23302
383.239 23691
383.252 23761
383.266 23966
383.279 24065
383.293 24232
383.306 24330
383.320 24744
383.333 25169
383.347 25496
383.360 25275
383.374 25106
383.387 25242
383.401 25549
383.414 25533
383.428 25297
383.441 25650
383.455 25570
383.468 25433
383.482 25578
383.496 26486
383.509 26814
383.523 26379
383.536 26319
383.550 26291
383.563 26790
383.577 26772
383.590 27039
383.604 27259
383.617 26725
383.631 26599
383.644 26415
383.658 26479
383.671 26382
383.685 26570
383.698 26886
383.712 27098
383.725 27090
383.739 26667
383.752 26683
383.766 26765
383.779 26429
383.793 26657
383.806 26877
383.820 27552
383.833 27254
383.847 27295
383.860 27654
383.874 27361
383.887 27132
383.901 26730
383.914 27137
383.928 27042
383.941 26980
383.955 26752
383.968 26448
383.982 26487
383.995 26162
384.009 26295
384.022 26231
384.036 26076
384.049 25980
384.063 26234
384.076 26596
384.090 26789
384.103 27003
384.117 27033
384.130 26180
384.144 25423
384.157 25292
384.171 25037
384.184 24848
384.198 24693
384.211 24280
384.225 24256
384.238 24446
384.252 24459
384.265 24282
384.279 24045
384.292 23581
384.306 23527
384.319 22951
384.333 22307
384.346 21918
384.360 21507
384.373 21267
384.387 20993
384.400 20518
384.414 20026
384.427 19772
384.441 19238
384.454 19093
384.468 18516
384.481 18135
384.495 17851
384.508 17390
384.522 17025
384.535 16516
384.549 16277
384.562 15782
384.575 15479
384.589 15096
384.602 15015
384.616 14745
384.629 14323
384.643 14047
384.656 13540
384.670 13032
384.683 12661
384.697 12073
384.710 11931
384.724 11521
384.737 11098
384.751 10895
384.764 10604
384.778 10341
384.791 10063
384.805 9759
384.818 9388
384.832 9198
384.845 8862
384.859 8635
384.872 8339
384.885 7976
384.899 7760
384.912 7658
384.926 7362
384.939 7175
384.953 7054
384.966 6803
384.980 6613
384.993 6471
385.007 6298
385.020 6091
385.034 6062
385.047 5906
385.061 5639
385.074 5529
385.088 5374
385.101 5342
385.114 5261
385.128 5154
385.141 5020
385.155 4956
385.168 4954
385.182 4853
385.195 4745
385.209 4714
385.222 4546
385.236 4483
385.249 4469
385.263 4319
385.276 4275
385.290 4179
385.303 4063
385.316 3934
385.330 4051
385.343 3916
385.357 3883
385.370 3790
385.384 3749
385.397 3704
385.411 3639
385.424 3560
385.438 3493
385.451 3589
385.464 3452
385.478 3508
385.491 3462
385.505 3438
385.518 3347
385.532 3344
385.545 3205
385.559 3170
385.572 3228
385.586 3166
385.599 3146
385.612 3218
385.626 3108
385.639 3051
385.653 3094
385.666 3172
385.680 3030
385.693 3071
385.707 2927
385.720 2977
385.734 2937
385.747 2889
385.760 2882
385.774 2882
385.787 2885
385.801 2874
385.814 2763
385.828 2669
385.841 2665
385.855 2626
385.868 2685
385.881 2608
385.895 2661
385.908 2698
385.922 2610
385.935 2554
385.949 2559
385.962 2557
385.976 2481
385.989 2530
386.002 2484
386.016 2550
386.029 2493
386.043 2489
386.056 2403
386.070 2403
386.083 2439
386.097 2437
386.110 2406
386.123 2359
386.137 2386
386.150 2383
386.164 2379
386.177 2347
386.191 2363
386.204 2325
386.217 2238
386.231 2265
386.244 2270
386.258 2257
386.271 2264
386.285 2254
386.298 2202
386.311 2232
386.325 2231
386.338 2164
386.352 2137
386.365 2166
386.379 2188
386.392 2096
386.405 2084
386.419 2143
386.432 2105
386.446 2156
386.459 2086
386.473 2053
386.486 2073
386.499 2041
386.513 2000
386.526 2023
386.540 2018
386.553 1963
386.567 1965
386.580 2030
386.593 2085
386.607 2023
386.620 2036
386.634 2024
386.647 1998
386.661 1956
386.674 1959
386.687 1962
386.701 1925
386.714 1888
386.728 1924
386.741 1921
386.754 1906
386.768 1882
386.781 1860
386.795 1843
386.808 1821
386.822 1837
386.835 1855
386.848 1804
386.862 1829
386.875 1791
386.889 1802
386.902 1789
386.915 1748
386.929 1770
386.942 1810
386.956 1739
386.969 1717
386.983 1756
386.996 1736
387.009 1682
387.023 1680
387.036 1724
387.050 1683
387.063 1701
387.076 1682
387.090 1662
387.103 1693
387.117 1675
387.130 1642
387.143 1653
387.157 1710
387.170 1636
387.184 1638
387.197 1627
387.210 1605
387.224 1632
387.237 1622
387.251 1594
387.264 1586
387.278 1545
387.291 1551
387.304 1578
387.318 1569
387.331 1540
387.345 1550
387.358 1508
387.371 1531
387.385 1459
387.398 1488
387.412 1482
387.425 1453
387.438 1455
387.452 1446
387.465 1406
387.478 1406
387.492 1413
387.505 1403
387.519 1421
387.532 1447
387.545 1406
387.559 1442
387.572 1426
387.586 1364
387.599 1397
387.612 1417
387.626 1420
387.639 1367
387.653 1380
387.666 1339
387.679 1326
387.693 1303
387.706 1308
387.720 1343
387.733 1333
387.746 1335
387.760 1338
387.773 1343
387.787 1310
387.800 1291
387.813 1308
387.827 1288
387.840 1298
387.853 1291
387.867 1270
387.880 1269
387.894 1309
387.907 1301
387.920 1269
387.934 1253
387.947 1247
387.961 1262
387.974 1244
387.987 1213
388.001 1220
388.014 1225
388.027 1216
388.041 1206
388.054 1182
388.068 1206
388.081 1224
388.094 1177
388.108 1218
388.121 1168
388.134 1179
388.148 1159
388.161 1172
388.175 1122
388.188 1166
388.201 1153
388.215 1134
388.228 1159
388.241 1125
388.255 1152
388.268 1127
388.282 1139
388.295 1122
388.308 1140
388.322 1148
388.335 1105
388.348 1084
388.362 1102
388.375 1131
388.389 1134
388.402 1115
388.415 1134
388.429 1117
388.442 1120
388.455 1125
388.469 1106
388.482 1114
388.495 1150
388.509 1116
388.522 1099
388.536 1121
388.549 1127
388.562 1077
388.576 1128
388.589 1119
388.602 1102
388.616 1126
388.629 1083
388.642 1117
388.656 1090
388.669 1086
388.683 1095
388.696 1100
388.709 1096
388.723 1084
388.736 1114
388.749 1093
388.763 1086
388.776 1095
388.789 1062
388.803 1086
388.816 1083
388.829 1076
388.843 1065
388.856 1058
388.870 1058
388.883 1065
388.896 1058
388.910 1071
388.923 1066
388.936 1075
388.950 1073
388.963 1065
388.976 1079
388.990 1088
389.003 1050
389.016 1071
389.030 1075
389.043 1064
389.056 1078
389.070 1044
389.083 1051
389.097 1047
389.110 1059
389.123 1045
389.137 1027
389.150 1056
389.163 1060
389.177 1041
389.190 1048
389.203 1028
389.217 1017
389.230 1034
389.243 1016
389.257 1025
389.270 1033
389.283 1025
389.297 1034
389.310 999
389.323 1003
389.337 1027
389.350 1022
389.363 1008
389.377 1019
389.390 1021
389.403 1013
389.417 1019
389.430 995
389.443 1006
389.457 996
389.470 1009
389.483 1014
389.497 1022
389.510 1014
389.523 1015
389.537 1000
389.550 1013
389.563 1011
389.577 977
389.590 997
389.603 982
389.617 992
389.630 964
389.643 1006
389.657 988
389.670 983
389.683 965
389.697 994
389.710 957
389.723 971
389.737 983
389.750 970
389.763 971
389.777 988
389.790 978
389.803 952
389.817 979
389.830 966
389.843 974
389.857 955
389.870 935
389.883 942
389.897 956
389.910 941
389.923 965
389.937 954
389.950 960
389.963 955
389.977 929
389.990 925
390.003 927
390.017 927
390.030 953
390.043 907
390.057 916
390.070 902
390.083 938
390.096 912
390.110 902
390.123 906
390.136 914
390.150 924
390.163 898
390.176 906
390.190 896
390.203 891
390.216 886
390.230 890
390.243 892
390.256 872
390.270 869
390.283 858
390.296 879
390.310 861
390.323 872
390.336 872
390.349 842
390.363 850
390.376 857
390.389 876
390.403 871
390.416 842
390.429 847
390.443 842
390.456 844
390.469 822
390.483 833
390.496 812
390.509 816
390.522 841
390.536 838
390.549 829
390.562 826
390.576 830
390.589 817
390.602 819
390.616 828
390.629 818
390.642 798
390.655 807
390.669 801
390.682 805
390.695 805
390.709 802
390.722 783
390.735 810
390.749 794
390.762 773
390.775 777
390.788 787
390.802 804
390.815 781
390.828 785
390.842 771
390.855 773
390.868 773
390.882 771
390.895 786
390.908 742
390.921 772
390.935 778
390.948 755
390.961 760
390.975 777
390.988 768
391.001 761
391.014 752
391.028 757
391.041 757
391.054 752
391.068 754
391.081 755
391.094 747
391.107 753
391.121 742
391.134 738
391.147 755
391.161 747
391.174 739
391.187 745
391.200 719
391.214 745
391.227 738
391.240 731
391.254 739
391.267 735
391.280 729
391.293 732
391.307 734
391.320 724
391.333 714
391.347 724
391.360 725
391.373 718
391.386 707
391.400 714
391.413 732
391.426 720
391.440 718
391.453 719
391.466 722
391.479 709
391.493 725
391.506 723
391.519 727
391.532 711
391.546 703
391.559 705
391.572 710
391.586 708
391.599 711
391.612 704
391.625 729
391.639 713
391.652 715
391.665 715
391.678 710
391.692 715
391.705 703
391.718 716
391.732 703
391.745 715
391.758 698
391.771 707
391.785 703
391.798 708
391.811 711
391.824 703
391.838 708
391.851 705
391.864 704
391.877 700
391.891 703
391.904 702
391.917 704
391.931 704
391.944 713
391.957 700
391.970 703
391.984 705
391.997 686
392.010 704
392.023 701
392.037 712
392.050 718
392.063 700
392.076 699
392.090 702
392.103 695
392.116 694
392.129 704
392.143 711
392.156 699
392.169 682
392.182 696
392.196 703
392.209 698
392.222 689
392.235 677
392.249 693
392.262 680
392.275 689
392.288 692
392.302 684
392.315 686
392.328 698
392.341 674
392.355 687
392.368 691
392.381 685
392.394 679
392.408 684
392.421 691
392.434 694
392.447 690
392.461 695
392.474 678
392.487 693
392.500 685
392.514 687
392.527 682
392.540 699
392.553 700
392.567 677
392.580 676
392.593 701
392.606 688
392.620 686
392.633 691
392.646 680
392.659 680
392.673 697
392.686 678
392.699 671
392.712 691
392.726 682
392.739 690
392.752 682
392.765 686
392.778 688
392.792 674
392.805 693
392.818 686
392.831 683
392.845 682
392.858 670
392.871 684
392.884 690
392.898 683
392.911 674
392.924 680
392.937 676
392.951 683
392.964 693
392.977 688
392.990 684
393.003 679
393.017 681
393.030 682
393.043 677
393.056 684
393.070 672
393.083 675
393.096 682
393.109 676
393.122 681
393.136 676
393.149 688
393.162 683
393.175 683
393.189 686
393.202 675
393.215 675
393.228 669
393.242 678
393.255 683
393.268 675
393.281 676
393.294 693
393.308 670
393.321 674
393.334 676
393.347 672
393.360 682
393.374 672
393.387 679
393.400 676
393.413 670
393.427 675
393.440 682
393.453 663
393.466 675
393.479 671
393.493 681
393.506 660
393.519 673
393.532 678
393.546 672
393.559 670
393.572 670
393.585 654
393.598 678
393.612 671
393.625 677
393.638 669
393.651 667
393.664 673
393.678 667
393.691 662
393.704 674
393.717 674
393.730 663
393.744 674
393.757 660
393.770 672
393.783 671
393.796 657
393.810 673
393.823 658
393.836 673
393.849 680
393.863 668
393.876 666
393.889 672
393.902 667
393.915 667
393.929 654
