375.891 812
375.905 826
375.919 846
375.933 818
375.946 812
375.960 836
375.974 834
375.987 851
376.001 835
376.015 833
376.029 846
376.042 854
376.056 855
376.070 872
376.084 857
376.097 869
376.111 860
376.125 864
376.139 870
376.152 875
376.166 895
376.180 895
376.193 895
376.207 894
376.221 891
376.235 892
376.248 882
376.262 889
376.276 905
376.290 905
376.303 928
376.317 911
376.331 901
376.345 912
376.358 913
376.372 939
376.386 916
376.399 930
376.413 919
376.427 936
376.441 961
376.454 961
376.468 959
376.482 946
376.495 956
376.509 943
376.523 985
376.537 1002
376.550 989
376.564 1009
376.578 1007
376.592 987
376.605 996
376.619 1034
376.633 992
376.646 999
376.660 1008
376.674 1027
376.688 996
376.701 1027
376.715 1059
376.729 1043
376.742 1058
376.756 1042
376.770 1041
376.784 1050
376.797 1048
376.811 1064
376.825 1047
376.838 1086
376.852 1095
376.866 1096
376.880 1114
376.893 1051
376.907 1085
376.921 1129
376.934 1104
376.948 1128
376.962 1116
376.976 1132
376.989 1160
377.003 1120
377.017 1170
377.030 1175
377.044 1162
377.058 1176
377.071 1189
377.085 1183
377.099 1148
377.113 1143
377.126 1214
377.140 1199
377.154 1208
377.167 1215
377.181 1205
377.195 1225
377.208 1230
377.222 1231
377.236 1265
377.250 1235
377.263 1260
377.277 1275
377.291 1267
377.304 1264
377.318 1291
377.332 1303
377.345 1295
377.359 1294
377.373 1277
377.387 1319
377.400 1314
377.414 1338
377.428 1306
377.441 1292
377.455 1276
377.469 1321
377.482 1330
377.496 1350
377.510 1349
377.524 1359
377.537 1366
377.551 1390
377.565 1387
377.578 1330
377.592 1372
377.606 1332
377.619 1390
377.633 1378
377.647 1410
377.660 1379
377.674 1413
377.688 1401
377.701 1412
377.715 1396
377.729 1425
377.743 1418
377.756 1374
377.770 1436
377.784 1421
377.797 1431
377.811 1428
377.825 1447
377.838 1405
377.852 1433
377.866 1441
377.879 1451
377.893 1474
377.907 1476
377.920 1465
377.934 1471
377.948 1453
377.961 1467
377.975 1500
377.989 1503
378.002 1472
378.016 1470
378.030 1505
378.044 1498
378.057 1474
378.071 1482
378.085 1500
378.098 1532
378.112 1495
378.126 1521
378.139 1477
378.153 1478
378.167 1525
378.180 1535
378.194 1516
378.208 1523
378.221 1563
378.235 1515
378.249 1532
378.262 1520
378.276 1520
378.290 1507
378.303 1546
378.317 1536
378.331 1537
378.344 1547
378.358 1570
378.372 1590
378.385 1577
378.399 1577
378.413 1545
378.426 1537
378.440 1571
378.454 1577
378.467 1602
378.481 1607
378.495 1614
378.508 1565
378.522 1579
378.536 1626
378.549 1598
378.563 1624
378.577 1615
378.590 1633
378.604 1670
378.618 1614
378.631 1650
378.645 1636
378.659 1677
378.672 1639
378.686 1662
378.700 1695
378.713 1735
378.727 1724
378.740 1738
378.754 1762
378.768 1744
378.781 1757
378.795 1736
378.809 1806
378.822 1718
378.836 1717
378.850 1726
378.863 1711
378.877 1764
378.891 1759
378.904 1762
378.918 1722
378.932 1796
378.945 1776
378.959 1772
378.973 1777
378.986 1794
379.000 1732
379.014 1769
379.027 1790
379.041 1767
379.054 1802
379.068 1757
379.082 1834
379.095 1810
379.109 1809
379.123 1847
379.136 1876
379.150 1826
379.164 1867
379.177 1791
379.191 1866
379.205 1872
379.218 1852
379.232 1898
379.245 1978
379.259 1915
379.273 1903
379.286 1949
379.300 1943
379.314 1976
379.327 1966
379.341 1988
379.355 2001
379.368 2024
379.382 2057
379.396 2023
379.409 2057
379.423 2125
379.436 2101
379.450 2072
379.464 2149
379.477 2097
379.491 2138
379.505 2127
379.518 2132
379.532 2124
379.546 2191
379.559 2209
379.573 2226
379.586 2226
379.600 2265
379.614 2335
379.627 2277
379.641 2348
379.655 2347
379.668 2313
379.682 2313
379.695 2339
379.709 2304
379.723 2316
379.736 2469
379.750 2528
379.764 2586
379.777 2607
379.791 2618
379.804 2627
379.818 2664
379.832 2675
379.845 2550
379.859 2567
379.873 2596
379.886 2685
379.900 2734
379.913 2732
379.927 2788
379.941 2798
379.954 2900
379.968 2940
379.982 2913
379.995 2900
380.009 2927
380.022 2956
380.036 3052
380.050 3045
380.063 3154
380.077 3286
380.090 3274
380.104 3323
380.118 3417
380.131 3356
380.145 3426
380.159 3488
380.172 3488
380.186 3643
380.199 3583
380.213 3647
380.227 3773
380.240 3741
380.254 3740
380.267 3776
380.281 3820
380.295 3916
380.308 3906
380.322 4041
380.336 4018
380.349 3991
380.363 4193
380.376 4204
380.390 4212
380.404 4351
380.417 4296
380.431 4418
380.444 4485
380.458 4447
380.472 4587
380.485 4583
380.499 4674
380.512 4700
380.526 4768
380.540 4869
380.553 4972
380.567 4977
380.580 5018
380.594 5159
380.608 5271
380.621 5360
380.635 5465
380.648 5439
380.662 5541
380.676 5508
380.689 5564
380.703 5755
380.716 5785
380.730 5930
380.744 5862
380.757 5888
380.771 6219
380.784 6243
380.798 6291
380.812 6304
380.825 6489
380.839 6582
380.852 6760
380.866 6921
380.880 7015
380.893 6988
380.907 6960
380.920 6917
380.934 7069
380.948 7265
380.961 7205
380.975 7378
380.988 7421
381.002 7386
381.015 7449
381.029 7475
381.043 7595
381.056 7738
381.070 7735
381.083 7914
381.097 7960
381.111 8087
381.124 8161
381.138 8204
381.151 8278
381.165 8317
381.179 8481
381.192 8477
381.206 8443
381.219 8500
381.233 8540
381.246 8713
381.260 8694
381.274 8816
381.287 8926
381.301 9000
381.314 9056
381.328 9088
381.341 9170
381.355 9308
381.369 9263
381.382 9402
381.396 9485
381.409 9611
381.423 9852
381.437 9852
381.450 9929
381.464 9996
381.477 10133
381.491 10458
381.504 10238
381.518 10282
381.532 10399
381.545 10709
381.559 11020
381.572 10984
381.586 10883
381.599 10997
381.613 11062
381.627 11172
381.640 11202
381.654 11236
381.667 11325
381.681 11435
381.694 11399
381.708 11363
381.722 11047
381.735 11200
381.749 11364
381.762 11340
381.776 11419
381.789 11534
381.803 11728
381.817 11514
381.830 11721
381.844 11755
381.857 11902
381.871 12076
381.884 12026
381.898 12002
381.911 12019
381.925 12258
381.939 12312
381.952 12406
381.966 12428
381.979 12517
381.993 12546
382.006 12987
382.020 12883
382.034 13114
382.047 12952
382.061 12826
382.074 12908
382.088 12938
382.101 13049
382.115 13242
382.128 13195
382.142 13574
382.156 14064
382.169 14006
382.183 14112
382.196 13999
382.210 14017
382.223 14016
382.237 14121
382.250 14120
382.264 14370
382.278 14346
382.291 14593
382.305 14746
382.318 14948
382.332 15146
382.345 14607
382.359 14554
382.372 14611
382.386 14668
382.399 14839
382.413 14775
382.427 14940
382.440 15096
382.454 15152
382.467 15384
382.481 15631
382.494 16002
382.508 16229
382.521 16423
382.535 16220
382.548 16169
382.562 16126
382.576 16323
382.589 16367
382.603 16433
382.616 16557
382.630 16758
382.643 16835
382.657 16980
382.670 17320
382.684 17147
382.697 17016
382.711 17114
382.724 17614
382.738 17408
382.752 17695
382.765 17754
382.779 18086
382.792 17947
382.806 18045
382.819 18211
382.833 18340
382.846 18500
382.860 18632
382.873 18739
382.887 18897
382.900 19159
382.914 19205
382.928 19318
382.941 19631
382.955 19632
382.968 19908
382.982 20192
382.995 20381
383.009 20267
383.022 20469
383.036 20456
383.049 20651
383.063 20816
383.076 20840
383.090 20818
383.103 20918
383.117 20913
383.130 21146
383.144 21554
383.158 21351
383.171 21611
383.185 21814
383.198 22191
383.212 22104
383.225 22578
383.239 22632
383.252 23063
383.266 23121
383.279 23045
383.293 23403
383.306 23314
383.320 23772
383.333 24231
383.347 24445
383.360 24199
383.374 24087
383.387 24250
383.401 24680
383.414 24344
383.428 24277
383.441 24295
383.455 24336
383.468 24311
383.482 24548
383.496 25146
383.509 25438
383.523 25384
383.536 25342
383.550 25304
383.563 25500
383.577 25740
383.590 25948
383.604 25643
383.617 25535
383.631 25412
383.644 24970
383.658 25205
383.671 25086
383.685 25360
383.698 25488
383.712 25587
383.725 25669
383.739 25444
383.752 25513
383.766 25089
383.779 25120
383.793 25210
383.806 25444
383.820 25979
383.833 25835
383.847 25760
383.860 26034
383.874 25780
383.887 25274
383.901 25258
383.914 25508
383.928 25533
383.941 25263
383.955 25032
383.968 24824
383.982 24812
383.995 24789
384.009 24535
384.022 24568
384.036 24514
384.049 24326
384.063 24293
384.076 24974
384.090 24796
384.103 25025
384.117 25056
384.130 24717
384.144 23833
384.157 23574
384.171 23200
384.184 23153
384.198 22953
384.211 22746
384.225 22454
384.238 22671
384.252 22944
384.265 22608
384.279 22181
384.292 21857
384.306 21724
384.319 21106
384.333 20760
384.346 20263
384.360 19994
384.373 19607
384.387 19364
384.400 19116
384.414 18583
384.427 18426
384.441 17777
384.454 17428
384.468 17278
384.481 16638
384.495 16466
384.508 16049
384.522 15675
384.535 15130
384.549 14850
384.562 14423
384.575 14067
384.589 14010
384.602 13858
384.616 13522
384.629 13012
384.643 12647
384.656 12344
384.670 11920
384.683 11442
384.697 11228
384.710 10822
384.724 10608
384.737 9972
384.751 9835
384.764 9620
384.778 9375
384.791 9034
384.805 8921
384.818 8549
384.832 8341
384.845 8123
384.859 7916
384.872 7516
384.885 7347
384.899 7126
384.912 6851
384.926 6705
384.939 6599
384.953 6490
384.966 6208
384.980 6111
384.993 5983
385.007 5825
385.020 5762
385.034 5575
385.047 5500
385.061 5369
385.074 5210
385.088 5191
385.101 4913
385.114 4945
385.128 4888
385.141 4825
385.155 4742
385.168 4702
385.182 4745
385.195 4583
385.209 4646
385.222 4414
385.236 4329
385.249 4271
385.263 4109
385.276 4134
385.290 4045
385.303 3978
385.316 3947
385.330 3914
385.343 3926
385.357 3830
385.370 3762
385.384 3685
385.397 3674
385.411 3507
385.424 3599
385.438 3515
385.451 3479
385.464 3468
385.478 3421
385.491 3379
385.505 3465
385.518 3371
385.532 3234
385.545 3293
385.559 3188
385.572 3121
385.586 3229
385.599 3085
385.612 3178
385.626 3135
385.639 3138
385.653 3093
385.666 3179
385.680 3144
385.693 3073
385.707 3014
385.720 2988
385.734 2991
385.747 2902
385.760 2908
385.774 2915
385.787 2849
385.801 2788
385.814 2758
385.828 2731
385.841 2662
385.855 2665
385.868 2688
385.881 2661
385.895 2610
385.908 2627
385.922 2602
385.935 2622
385.949 2617
385.962 2564
385.976 2564
385.989 2485
386.002 2484
386.016 2574
386.029 2543
386.043 2494
386.056 2480
386.070 2454
386.083 2439
386.097 2414
386.110 2435
386.123 2431
386.137 2388
386.150 2418
386.164 2400
386.177 2347
386.191 2416
386.204 2248
386.217 2344
386.231 2293
386.244 2280
386.258 2295
386.271 2288
386.285 2297
386.298 2263
386.311 2238
386.325 2233
386.338 2196
386.352 2158
386.365 2184
386.379 2170
386.392 2160
386.405 2146
386.419 2110
386.432 2132
386.446 2153
386.459 2148
386.473 2071
386.486 2038
386.499 2023
386.513 2084
386.526 1999
386.540 2060
386.553 2007
386.567 2018
386.580 2068
386.593 2021
386.607 2122
386.620 2047
386.634 2044
386.647 1983
386.661 2015
386.674 1964
386.687 2018
386.701 1975
386.714 1896
386.728 1907
386.741 1873
386.754 1906
386.768 1868
386.781 1918
386.795 1856
386.808 1852
386.822 1850
386.835 1847
386.848 1819
386.862 1838
386.875 1801
386.889 1780
386.902 1786
386.915 1805
386.929 1813
386.942 1768
386.956 1750
386.969 1798
386.983 1748
386.996 1735
387.009 1730
387.023 1697
387.036 1721
387.050 1751
387.063 1717
387.076 1679
387.090 1739
387.103 1705
387.117 1658
387.130 1692
387.143 1705
387.157 1690
387.170 1685
387.184 1652
387.197 1658
387.210 1612
387.224 1648
387.237 1622
387.251 1634
387.264 1602
387.278 1580
387.291 1617
387.304 1549
387.318 1575
387.331 1574
387.345 1566
387.358 1555
387.371 1549
387.385 1551
387.398 1482
387.412 1500
387.425 1506
387.438 1483
387.452 1506
387.465 1457
387.478 1465
387.492 1440
387.505 1423
387.519 1444
387.532 1489
387.545 1460
387.559 1472
387.572 1482
387.586 1454
387.599 1439
387.612 1454
387.626 1418
387.639 1395
387.653 1390
387.666 1390
387.679 1369
387.693 1376
387.706 1330
387.720 1361
387.733 1378
387.746 1365
387.760 1353
387.773 1365
387.787 1365
387.800 1315
387.813 1328
387.827 1323
387.840 1283
387.853 1269
387.867 1265
387.880 1282
387.894 1340
387.907 1307
387.920 1319
387.934 1265
387.947 1281
387.961 1255
387.974 1292
387.987 1264
388.001 1221
388.014 1252
388.027 1279
388.041 1251
388.054 1186
388.068 1251
388.081 1225
388.094 1207
388.108 1207
388.121 1202
388.134 1207
388.148 1207
388.161 1197
388.175 1194
388.188 1199
388.201 1154
388.215 1136
388.228 1180
388.241 1173
388.255 1134
388.268 1141
388.282 1186
388.295 1159
388.308 1180
388.322 1146
388.335 1122
388.348 1125
388.362 1173
388.375 1152
388.389 1154
388.402 1152
388.415 1140
388.429 1143
388.442 1158
388.455 1134
388.469 1155
388.482 1169
388.495 1130
388.509 1186
388.522 1146
388.536 1144
388.549 1108
388.562 1097
388.576 1095
388.589 1131
388.602 1117
388.616 1092
388.629 1108
388.642 1122
388.656 1103
388.669 1110
388.683 1143
388.696 1118
388.709 1118
388.723 1118
388.736 1130
388.749 1119
388.763 1107
388.776 1108
388.789 1106
388.803 1061
388.816 1106
388.829 1098
388.843 1095
388.856 1108
388.870 1074
388.883 1098
388.896 1107
388.910 1083
388.923 1111
388.936 1090
388.950 1095
388.963 1091
388.976 1087
388.990 1073
389.003 1092
389.016 1077
389.030 1068
389.043 1107
389.056 1106
389.070 1074
389.083 1049
389.097 1069
389.110 1071
389.123 1058
389.137 1089
389.150 1063
389.163 1064
389.177 1033
389.190 1055
389.203 1069
389.217 1034
389.230 1064
389.243 1071
389.257 1030
389.270 1028
389.283 1051
389.297 1029
389.310 1052
389.323 1044
389.337 1044
389.350 1040
389.363 1050
389.377 1041
389.390 1046
389.403 1035
389.417 1069
389.430 1038
389.443 1052
389.457 1025
389.470 1050
389.483 1012
389.497 1033
389.510 1032
389.523 1029
389.537 1038
389.550 1048
389.563 1013
389.577 1008
389.590 1014
389.603 1005
389.617 995
389.630 1004
389.643 985
389.657 983
389.670 1015
389.683 1013
389.697 1004
389.710 1012
389.723 1015
389.737 1009
389.750 1010
389.763 999
389.777 993
389.790 999
389.803 992
389.817 1000
389.830 945
389.843 980
389.857 956
389.870 950
389.883 971
389.897 968
389.910 944
389.923 944
389.937 958
389.950 950
389.963 951
389.977 930
389.990 953
390.003 938
390.017 941
390.030 932
390.043 935
390.057 945
390.070 930
390.083 900
390.096 938
390.110 924
390.123 925
390.136 922
390.150 912
390.163 905
390.176 909
390.190 925
390.203 885
390.216 893
390.230 888
390.243 901
390.256 876
390.270 897
390.283 893
390.296 871
390.310 885
390.323 880
390.336 871
390.349 878
390.363 865
390.376 880
390.389 842
390.403 862
390.416 852
390.429 863
390.443 851
390.456 850
390.469 854
390.483 843
390.496 837
390.509 846
390.522 850
390.536 841
390.549 839
390.562 816
390.576 818
390.589 828
390.602 822
390.616 825
390.629 810
390.642 799
390.655 806
390.669 799
390.682 809
390.695 812
390.709 796
390.722 813
390.735 809
390.749 799
390.762 804
390.775 794
390.788 798
390.802 782
390.815 795
390.828 783
390.842 779
390.855 780
390.868 786
390.882 780
390.895 792
390.908 778
390.921 770
390.935 783
390.948 767
390.961 775
390.975 771
390.988 757
391.001 770
391.014 776
391.028 769
391.041 758
391.054 752
391.068 760
391.081 770
391.094 761
391.107 768
391.121 756
391.134 744
391.147 757
391.161 744
391.174 739
391.187 745
391.200 741
391.214 740
391.227 750
391.240 730
391.254 730
391.267 737
391.280 730
391.293 729
391.307 725
391.320 736
391.333 724
391.347 741
391.360 730
391.373 713
391.386 731
391.400 732
391.413 730
391.426 725
391.440 724
391.453 725
391.466 739
391.479 722
391.493 728
391.506 727
391.519 713
391.532 732
391.546 716
391.559 736
391.572 722
391.586 736
391.599 701
391.612 729
391.625 715
391.639 717
391.652 722
391.665 727
391.678 707
391.692 720
391.705 734
391.718 722
391.732 716
391.745 709
391.758 706
391.771 703
391.785 717
391.798 712
391.811 710
391.824 710
391.838 711
391.851 719
391.864 688
391.877 701
391.891 704
391.904 710
391.917 711
391.931 704
391.944 705
391.957 714
391.970 714
391.984 702
391.997 705
392.010 707
392.023 696
392.037 708
392.050 693
392.063 698
392.076 689
392.090 714
392.103 696
392.116 696
392.129 701
392.143 697
392.156 711
392.169 698
392.182 706
392.196 705
392.209 708
392.222 695
392.235 704
392.249 697
392.262 693
392.275 694
392.288 692
392.302 694
392.315 693
392.328 696
392.341 695
392.355 682
392.368 691
392.381 698
392.394 699
392.408 693
392.421 700
392.434 685
392.447 700
392.461 688
392.474 701
392.487 692
392.500 683
392.514 705
392.527 690
392.540 696
392.553 693
392.567 691
392.580 691
392.593 700
392.606 692
392.620 688
392.633 684
392.646 700
392.659 692
392.673 689
392.686 695
392.699 673
392.712 684
392.726 681
392.739 684
392.752 690
392.765 690
392.778 682
392.792 690
392.805 681
392.818 678
392.831 672
392.845 676
392.858 691
392.871 682
392.884 681
392.898 681
392.911 691
392.924 695
392.937 690
392.951 677
392.964 679
392.977 692
392.990 676
393.003 692
393.017 681
393.030 695
393.043 686
393.056 682
393.070 680
393.083 695
393.096 677
393.109 678
393.122 690
393.136 694
393.149 684
393.162 674
393.175 672
393.189 681
393.202 680
393.215 678
393.228 679
393.242 679
393.255 678
393.268 684
393.281 680
393.294 687
393.308 682
393.321 682
393.334 683
393.347 681
393.360 679
393.374 672
393.387 668
393.400 687
393.413 673
393.427 678
393.440 675
393.453 669
393.466 671
393.479 672
393.493 665
393.506 658
393.519 687
393.532 676
393.546 674
393.559 672
393.572 677
393.585 672
393.598 674
393.612 678
393.625 667
393.638 672
393.651 672
393.664 668
393.678 675
393.691 673
393.704 679
393.717 666
393.730 669
393.744 676
393.757 676
393.770 670
393.783 673
393.796 668
393.810 660
393.823 677
393.836 667
393.849 673
393.863 668
393.876 672
393.889 663
393.902 663
393.915 668
393.929 661
