375.891 817
375.905 840
375.919 839
375.933 866
375.946 863
375.960 861
375.974 852
375.987 860
376.001 848
376.015 851
376.029 864
376.042 874
376.056 871
376.070 865
376.084 882
376.097 867
376.111 866
376.125 872
376.139 898
376.152 873
376.166 880
376.180 898
376.193 904
376.207 916
376.221 905
376.235 918
376.248 932
376.262 917
376.276 904
376.290 950
376.303 934
376.317 928
376.331 934
376.345 936
376.358 978
376.372 942
376.386 961
376.399 964
376.413 944
376.427 975
376.441 956
376.454 943
376.468 977
376.482 973
376.495 994
376.509 990
376.523 1003
376.537 1023
376.550 1029
376.564 1040
376.578 1041
376.592 1026
376.605 1034
376.619 1043
376.633 1007
376.646 1015
376.660 1027
376.674 1029
376.688 1024
376.701 1055
376.715 1077
376.729 1052
376.742 1082
376.756 1089
376.770 1085
376.784 1085
376.797 1095
376.811 1124
376.825 1130
376.838 1103
376.852 1139
376.866 1115
376.880 1161
376.893 1125
376.907 1131
376.921 1141
376.934 1142
376.948 1128
376.962 1158
376.976 1148
376.989 1152
377.003 1174
377.017 1202
377.030 1186
377.044 1175
377.058 1202
377.071 1194
377.085 1198
377.099 1202
377.113 1198
377.126 1196
377.140 1237
377.154 1209
377.167 1240
377.181 1299
377.195 1230
377.208 1261
377.222 1282
377.236 1279
377.250 1244
377.263 1292
377.277 1324
377.291 1343
377.304 1331
377.318 1369
377.332 1309
377.345 1315
377.359 1364
377.373 1345
377.387 1351
377.400 1298
377.414 1353
377.428 1372
377.441 1376
377.455 1365
377.469 1360
377.482 1406
377.496 1363
377.510 1392
377.524 1404
377.537 1402
377.551 1417
377.565 1446
377.578 1435
377.592 1446
377.606 1423
377.619 1403
377.633 1430
377.647 1417
377.660 1422
377.674 1434
377.688 1415
377.701 1428
377.715 1449
377.729 1466
377.743 1466
377.756 1450
377.770 1517
377.784 1469
377.797 1457
377.811 1476
377.825 1468
377.838 1472
377.852 1496
377.866 1495
377.879 1520
377.893 1540
377.907 1537
377.920 1548
377.934 1543
377.948 1487
377.961 1528
377.975 1510
377.989 1493
378.002 1536
378.016 1504
378.030 1550
378.044 1561
378.057 1558
378.071 1544
378.085 1535
378.098 1573
378.112 1540
378.126 1593
378.139 1565
378.153 1536
378.167 1552
378.180 1539
378.194 1558
378.208 1561
378.221 1537
378.235 1584
378.249 1606
378.262 1624
378.276 1581
378.290 1569
378.303 1599
378.317 1625
378.331 1632
378.344 1608
378.358 1653
378.372 1658
378.385 1653
378.399 1645
378.413 1612
378.426 1677
378.440 1657
378.454 1650
378.467 1629
378.481 1650
378.495 1640
378.508 1684
378.522 1619
378.536 1656
378.549 1665
378.563 1657
378.577 1663
378.590 1701
378.604 1705
378.618 1668
378.631 1714
378.645 1712
378.659 1654
378.672 1721
378.686 1738
378.700 1789
378.713 1787
378.727 1803
378.740 1812
378.754 1751
378.768 1816
378.781 1823
378.795 1822
378.809 1815
378.822 1803
378.836 1797
378.850 1765
378.863 1798
378.877 1807
378.891 1798
378.904 1785
378.918 1797
378.932 1853
378.945 1836
378.959 1817
378.973 1810
378.986 1831
379.000 1831
379.014 1869
379.027 1849
379.041 1865
379.054 1844
379.068 1891
379.082 1893
379.095 1888
379.109 1898
379.123 1845
379.136 1896
379.150 1905
379.164 1902
379.177 1900
379.191 1904
379.205 1951
379.218 1948
379.232 2025
379.245 2002
379.259 1938
379.273 1957
379.286 2000
379.300 1986
379.314 1987
379.327 2004
379.341 2043
379.355 2037
379.368 2091
379.382 2064
379.396 2092
379.409 2150
379.423 2113
379.436 2161
379.450 2163
379.464 2192
379.477 2187
379.491 2171
379.505 2205
379.518 2208
379.532 2197
379.546 2269
379.559 2247
379.573 2240
379.586 2280
379.600 2289
379.614 2303
379.627 2372
379.641 2370
379.655 2390
379.668 2361
379.682 2371
379.695 2413
379.709 2461
379.723 2463
379.736 2557
379.750 2654
379.764 2664
379.777 2641
379.791 2696
379.804 2681
379.818 2744
379.832 2732
379.845 2668
379.859 2665
379.873 2689
379.886 2735
379.900 2786
379.913 2819
379.927 2834
379.941 2901
379.954 2960
379.968 3026
379.982 2981
379.995 3046
380.009 3013
380.022 3152
380.036 3109
380.050 3136
380.063 3231
380.077 3281
380.090 3442
380.104 3470
380.118 3418
380.131 3480
380.145 3575
380.159 3582
380.172 3644
380.186 3785
380.199 3786
380.213 3770
380.227 3840
380.240 3928
380.254 3960
380.267 3882
380.281 3912
380.295 4004
380.308 4007
380.322 4106
380.336 4241
380.349 4213
380.363 4213
380.376 4270
380.390 4389
380.404 4466
380.417 4499
380.431 4478
380.444 4614
380.458 4672
380.472 4700
380.485 4880
380.499 4817
380.512 4850
380.526 4883
380.540 4981
380.553 5074
380.567 5110
380.580 5202
380.594 5276
380.608 5440
380.621 5617
380.635 5567
380.648 5701
380.662 5650
380.676 5634
380.689 5786
380.703 5814
380.716 5874
380.730 6002
380.744 6200
380.757 6311
380.771 6422
380.784 6413
380.798 6535
380.812 6491
380.825 6596
380.839 6718
380.852 6900
380.866 7156
380.880 7128
380.893 7053
380.907 7142
380.920 7189
380.934 7306
380.948 7445
380.961 7512
380.975 7509
380.988 7505
381.002 7476
381.015 7633
381.029 7749
381.043 7814
381.056 7946
381.070 7879
381.083 8074
381.097 8035
381.111 8255
381.124 8249
381.138 8398
381.151 8469
381.165 8468
381.179 8508
381.192 8460
381.206 8509
381.219 8613
381.233 8559
381.246 8656
381.260 8698
381.274 8848
381.287 8902
381.301 9024
381.314 9011
381.328 9019
381.341 9219
381.355 9215
381.369 9302
381.382 9383
381.396 9611
381.409 9676
381.423 9788
381.437 9788
381.450 9727
381.464 10014
381.477 10062
381.491 10346
381.504 10313
381.518 10293
381.532 10364
381.545 10523
381.559 10757
381.572 10895
381.586 10702
381.599 10827
381.613 11017
381.627 11046
381.640 11015
381.654 11094
381.667 11227
381.681 11176
381.694 11209
381.708 11077
381.722 11035
381.735 10975
381.749 11057
381.762 11191
381.776 11216
381.789 11243
381.803 11218
381.817 11333
381.830 11295
381.844 11452
381.857 11528
381.871 11711
381.884 11708
381.898 11587
381.911 11709
381.925 11723
381.939 11868
381.952 11848
381.966 12029
381.979 12062
381.993 12235
382.006 12347
382.020 12588
382.034 12564
382.047 12577
382.061 12598
382.074 12454
382.088 12313
382.101 12596
382.115 12535
382.128 12551
382.142 12957
382.156 13484
382.169 13508
382.183 13337
382.196 13249
382.210 13261
382.223 13462
382.237 13528
382.250 13408
382.264 13458
382.278 13526
382.291 13866
382.305 14006
382.318 14073
382.332 14235
382.345 13574
382.359 13580
382.372 13480
382.386 13643
382.399 13552
382.413 13766
382.427 13846
382.440 13883
382.454 14002
382.467 13958
382.481 14257
382.494 14531
382.508 14822
382.521 14827
382.535 14827
382.548 14601
382.562 14676
382.576 14778
382.589 14842
382.603 14798
382.616 14977
382.630 15218
382.643 15351
382.657 15358
382.670 15428
382.684 15518
382.697 15393
382.711 15538
382.724 15694
382.738 15720
382.752 15689
382.765 15871
382.779 15942
382.792 15922
382.806 15966
382.819 16085
382.833 16166
382.846 16231
382.860 16293
382.873 16520
382.887 16676
382.900 16660
382.914 16847
382.928 16926
382.941 17009
382.955 17003
382.968 17223
382.982 17451
382.995 17408
383.009 17410
383.022 17430
383.036 17598
383.049 17767
383.063 17801
383.076 17917
383.090 17863
383.103 18006
383.117 18159
383.130 18237
383.144 18224
383.158 18314
383.171 18393
383.185 18481
383.198 18573
383.212 18861
383.225 19019
383.239 18845
383.252 19179
383.266 19282
383.279 19275
383.293 19390
383.306 19217
383.320 19453
383.333 20099
383.347 20140
383.360 19947
383.374 19724
383.387 20004
383.401 20208
383.414 20005
383.428 19995
383.441 19789
383.455 19879
383.468 19648
383.482 19942
383.496 20627
383.509 20564
383.523 20298
383.536 20329
383.550 20425
383.563 20452
383.577 20618
383.590 20711
383.604 20733
383.617 20279
383.631 20201
383.644 20048
383.658 20051
383.671 19892
383.685 19865
383.698 20038
383.712 20047
383.725 19955
383.739 19822
383.752 19719
383.766 19646
383.779 19721
383.793 19548
383.806 19695
383.820 20023
383.833 19938
383.847 19763
383.860 20005
383.874 19765
383.887 19246
383.901 19104
383.914 19260
383.928 19575
383.941 19195
383.955 18912
383.968 18802
383.982 18675
383.995 18553
384.009 18405
384.022 18379
384.036 18191
384.049 18039
384.063 18073
384.076 18100
384.090 18314
384.103 18556
384.117 18205
384.130 18160
384.144 17364
384.157 17194
384.171 16791
384.184 16755
384.198 16522
384.211 16301
384.225 16218
384.238 16188
384.252 16110
384.265 16027
384.279 15743
384.292 15482
384.306 15356
384.319 14992
384.333 14440
384.346 14384
384.360 13943
384.373 13795
384.387 13460
384.400 13301
384.414 13090
384.427 12867
384.441 12478
384.454 12233
384.468 11842
384.481 11581
384.495 11418
384.508 11044
384.522 10926
384.535 10594
384.549 10234
384.562 10011
384.575 9811
384.589 9542
384.602 9483
384.616 9211
384.629 8955
384.643 8801
384.656 8497
384.670 8272
384.683 7888
384.697 7618
384.710 7431
384.724 7242
384.737 7112
384.751 6970
384.764 6619
384.778 6523
384.791 6378
384.805 6221
384.818 6051
384.832 5969
384.845 5766
384.859 5627
384.872 5403
384.885 5218
384.899 5097
384.912 4999
384.926 4897
384.939 4822
384.953 4790
384.966 4531
384.980 4480
384.993 4467
385.007 4425
385.020 4330
385.034 4161
385.047 4143
385.061 4028
385.074 4022
385.088 3887
385.101 3879
385.114 3874
385.128 3729
385.141 3701
385.155 3650
385.168 3711
385.182 3646
385.195 3609
385.209 3690
385.222 3444
385.236 3407
385.249 3445
385.263 3357
385.276 3276
385.290 3219
385.303 3249
385.316 3161
385.330 3173
385.343 3120
385.357 3077
385.370 2964
385.384 2995
385.397 3079
385.411 3012
385.424 2890
385.438 2930
385.451 2863
385.464 2913
385.478 2833
385.491 2878
385.505 2831
385.518 2726
385.532 2772
385.545 2666
385.559 2662
385.572 2680
385.586 2632
385.599 2691
385.612 2620
385.626 2651
385.639 2609
385.653 2661
385.666 2612
385.680 2623
385.693 2580
385.707 2492
385.720 2515
385.734 2479
385.747 2444
385.760 2436
385.774 2456
385.787 2388
385.801 2379
385.814 2329
385.828 2288
385.841 2305
385.855 2296
385.868 2296
385.881 2254
385.895 2277
385.908 2187
385.922 2255
385.935 2241
385.949 2147
385.962 2158
385.976 2185
385.989 2159
386.002 2188
386.016 2146
386.029 2164
386.043 2125
386.056 2127
386.070 2065
386.083 2106
386.097 2065
386.110 2107
386.123 2058
386.137 2079
386.150 2046
386.164 1997
386.177 2046
386.191 2041
386.204 2000
386.217 2026
386.231 1981
386.244 1956
386.258 1968
386.271 1943
386.285 1966
386.298 2026
386.311 1931
386.325 1914
386.338 1879
386.352 1891
386.365 1852
386.379 1858
386.392 1868
386.405 1822
386.419 1810
386.432 1795
386.446 1842
386.459 1870
386.473 1816
386.486 1776
386.499 1794
386.513 1759
386.526 1749
386.540 1753
386.553 1748
386.567 1729
386.580 1762
386.593 1808
386.607 1758
386.620 1822
386.634 1765
386.647 1759
386.661 1720
386.674 1715
386.687 1743
386.701 1660
386.714 1661
386.728 1663
386.741 1650
386.754 1627
386.768 1595
386.781 1628
386.795 1638
386.808 1593
386.822 1597
386.835 1601
386.848 1580
386.862 1566
386.875 1543
386.889 1583
386.902 1576
386.915 1525
386.929 1527
386.942 1559
386.956 1550
386.969 1496
386.983 1518
386.996 1527
387.009 1545
387.023 1536
387.036 1518
387.050 1479
387.063 1487
387.076 1488
387.090 1488
387.103 1470
387.117 1495
387.130 1480
387.143 1462
387.157 1465
387.170 1488
387.184 1430
387.197 1431
387.210 1469
387.224 1412
387.237 1428
387.251 1438
387.264 1440
387.278 1393
387.291 1398
387.304 1393
387.318 1397
387.331 1398
387.345 1358
387.358 1378
387.371 1343
387.385 1342
387.398 1354
387.412 1347
387.425 1364
387.438 1326
387.452 1298
387.465 1280
387.478 1300
387.492 1273
387.505 1330
387.519 1325
387.532 1294
387.545 1317
387.559 1325
387.572 1287
387.586 1324
387.599 1294
387.612 1273
387.626 1278
387.639 1263
387.653 1303
387.666 1223
387.679 1221
387.693 1248
387.706 1235
387.720 1209
387.733 1204
387.746 1216
387.760 1242
387.773 1205
387.787 1203
387.800 1206
387.813 1210
387.827 1206
387.840 1174
387.853 1198
387.867 1185
387.880 1214
387.894 1201
387.907 1168
387.920 1160
387.934 1173
387.947 1170
387.961 1153
387.974 1162
387.987 1135
388.001 1144
388.014 1156
388.027 1159
388.041 1149
388.054 1102
388.068 1124
388.081 1130
388.094 1118
388.108 1084
388.121 1130
388.134 1106
388.148 1100
388.161 1105
388.175 1106
388.188 1077
388.201 1098
388.215 1071
388.228 1050
388.241 1106
388.255 1073
388.268 1071
388.282 1055
388.295 1069
388.308 1034
388.322 1070
388.335 1053
388.348 1041
388.362 1047
388.375 1081
388.389 1073
388.402 1074
388.415 1051
388.429 1054
388.442 1060
388.455 1083
388.469 1111
388.482 1072
388.495 1077
388.509 1074
388.522 1057
388.536 1061
388.549 1044
388.562 1036
388.576 1012
388.589 1052
388.602 1025
388.616 1030
388.629 1047
388.642 1027
388.656 1041
388.669 1020
388.683 1036
388.696 1038
388.709 1050
388.723 1025
388.736 1025
388.749 1035
388.763 1030
388.776 1024
388.789 1014
388.803 1017
388.816 1036
388.829 1002
388.843 1042
388.856 1012
388.870 992
388.883 1024
388.896 1019
388.910 991
388.923 1009
388.936 1002
388.950 1031
388.963 989
388.976 1000
388.990 1034
389.003 1013
389.016 1010
389.030 1009
389.043 1018
389.056 1014
389.070 1026
389.083 993
389.097 979
389.110 1027
389.123 959
389.137 980
389.150 993
389.163 977
389.177 956
389.190 980
389.203 977
389.217 973
389.230 948
389.243 993
389.257 945
389.270 959
389.283 946
389.297 970
389.310 937
389.323 976
389.337 966
389.350 947
389.363 977
389.377 953
389.390 966
389.403 962
389.417 958
389.430 955
389.443 965
389.457 963
389.470 952
389.483 951
389.497 956
389.510 972
389.523 930
389.537 941
389.550 949
389.563 949
389.577 928
389.590 925
389.603 914
389.617 934
389.630 928
389.643 944
389.657 917
389.670 920
389.683 934
389.697 913
389.710 924
389.723 925
389.737 924
389.750 930
389.763 914
389.777 937
389.790 922
389.803 901
389.817 917
389.830 901
389.843 895
389.857 900
389.870 877
389.883 892
389.897 901
389.910 856
389.923 911
389.937 913
389.950 884
389.963 882
389.977 878
389.990 882
390.003 870
390.017 900
390.030 897
390.043 884
390.057 862
390.070 871
390.083 846
390.096 871
390.110 860
390.123 873
390.136 852
390.150 859
390.163 852
390.176 866
390.190 862
390.203 835
390.216 843
390.230 836
390.243 823
390.256 823
390.270 833
390.283 847
390.296 812
390.310 816
390.323 826
390.336 830
390.349 821
390.363 834
390.376 830
390.389 822
390.403 800
390.416 808
390.429 832
390.443 821
390.456 830
390.469 788
390.483 790
390.496 770
390.509 790
390.522 819
390.536 798
390.549 803
390.562 796
390.576 792
390.589 778
390.602 778
390.616 777
390.629 794
390.642 765
390.655 777
390.669 771
390.682 775
390.695 780
390.709 758
390.722 763
390.735 781
390.749 786
390.762 775
390.775 761
390.788 763
390.802 763
390.815 771
390.828 736
390.842 744
390.855 753
390.868 747
390.882 751
390.895 731
390.908 741
390.921 746
390.935 749
390.948 728
390.961 736
390.975 744
390.988 738
391.001 752
391.014 733
391.028 744
391.041 727
391.054 719
391.068 735
391.081 732
391.094 724
391.107 748
391.121 735
391.134 740
391.147 726
391.161 730
391.174 723
391.187 731
391.200 715
391.214 709
391.227 724
391.240 726
391.254 729
391.267 711
391.280 718
391.293 719
391.307 716
391.320 721
391.333 729
391.347 727
391.360 724
391.373 711
391.386 711
391.400 700
391.413 709
391.426 697
391.440 708
391.453 711
391.466 699
391.479 708
391.493 712
391.506 708
391.519 708
391.532 712
391.546 713
391.559 698
391.572 705
391.586 696
391.599 696
391.612 708
391.625 692
391.639 714
391.652 701
391.665 714
391.678 693
391.692 706
391.705 706
391.718 697
391.732 705
391.745 695
391.758 702
391.771 694
391.785 702
391.798 676
391.811 699
391.824 703
391.838 680
391.851 696
391.864 704
391.877 693
391.891 700
391.904 701
391.917 690
391.931 682
391.944 688
391.957 706
391.970 690
391.984 693
391.997 701
392.010 688
392.023 690
392.037 706
392.050 686
392.063 670
392.076 700
392.090 690
392.103 693
392.116 682
392.129 690
392.143 684
392.156 686
392.169 700
392.182 695
392.196 685
392.209 686
392.222 681
392.235 679
392.249 682
392.262 671
392.275 689
392.288 683
392.302 688
392.315 688
392.328 680
392.341 682
392.355 689
392.368 674
392.381 696
392.394 701
392.408 684
392.421 679
392.434 682
392.447 671
392.461 695
392.474 677
392.487 675
392.500 675
392.514 687
392.527 676
392.540 670
392.553 692
392.567 672
392.580 683
392.593 683
392.606 665
392.620 681
392.633 680
392.646 672
392.659 678
392.673 675
392.686 677
392.699 671
392.712 675
392.726 689
392.739 686
392.752 675
392.765 675
392.778 677
392.792 672
392.805 667
392.818 664
392.831 669
392.845 672
392.858 676
392.871 679
392.884 672
392.898 691
392.911 675
392.924 672
392.937 670
392.951 683
392.964 665
392.977 680
392.990 674
393.003 675
393.017 675
393.030 662
393.043 677
393.056 676
393.070 674
393.083 658
393.096 670
393.109 670
393.122 670
393.136 665
393.149 668
393.162 669
393.175 680
393.189 678
393.202 675
393.215 668
393.228 675
393.242 667
393.255 669
393.268 678
393.281 665
393.294 675
393.308 666
393.321 669
393.334 666
393.347 656
393.360 659
393.374 672
393.387 669
393.400 663
393.413 664
393.427 659
393.440 665
393.453 668
393.466 659
393.479 657
393.493 674
393.506 669
393.519 651
393.532 660
393.546 678
393.559 661
393.572 668
393.585 662
393.598 672
393.612 659
393.625 678
393.638 660
393.651 670
393.664 664
393.678 666
393.691 664
393.704 654
393.717 670
393.730 658
393.744 659
393.757 657
393.770 662
393.783 674
393.796 672
393.810 672
393.823 655
393.836 667
393.849 664
393.863 659
393.876 664
393.889 665
393.902 662
393.915 660
393.929 656
