375.891 809
375.905 833
375.919 838
375.933 851
375.946 842
375.960 834
375.974 843
375.987 855
376.001 857
376.015 853
376.029 840
376.042 865
376.056 873
376.070 876
376.084 857
376.097 868
376.111 890
376.125 882
376.139 874
376.152 896
376.166 899
376.180 900
376.193 891
376.207 894
376.221 907
376.235 907
376.248 901
376.262 900
376.276 926
376.290 901
376.303 914
376.317 938
376.331 936
376.345 929
376.358 930
376.372 961
376.386 949
376.399 941
376.413 947
376.427 958
376.441 972
376.454 958
376.468 953
376.482 976
376.495 982
376.509 996
376.523 1003
376.537 1002
376.550 1022
376.564 999
376.578 1012
376.592 998
376.605 1032
376.619 1023
376.633 1017
376.646 1014
376.660 1018
376.674 1039
376.688 1014
376.701 1028
376.715 1078
376.729 1054
376.742 1071
376.756 1084
376.770 1097
376.784 1093
376.797 1085
376.811 1077
376.825 1112
376.838 1118
376.852 1100
376.866 1113
376.880 1132
376.893 1094
376.907 1100
376.921 1091
376.934 1135
376.948 1116
376.962 1143
376.976 1110
376.989 1157
377.003 1186
377.017 1166
377.030 1186
377.044 1191
377.058 1189
377.071 1233
377.085 1161
377.099 1195
377.113 1217
377.126 1229
377.140 1210
377.154 1243
377.167 1247
377.181 1245
377.195 1239
377.208 1257
377.222 1267
377.236 1277
377.250 1222
377.263 1282
377.277 1331
377.291 1298
377.304 1330
377.318 1302
377.332 1344
377.345 1332
377.359 1306
377.373 1314
377.387 1307
377.400 1357
377.414 1345
377.428 1330
377.441 1343
377.455 1342
377.469 1346
377.482 1360
377.496 1371
377.510 1406
377.524 1370
377.537 1419
377.551 1408
377.565 1437
377.578 1407
377.592 1401
377.606 1410
377.619 1381
377.633 1378
377.647 1378
377.660 1381
377.674 1460
377.688 1402
377.701 1436
377.715 1423
377.729 1455
377.743 1437
377.756 1463
377.770 1425
377.784 1452
377.797 1450
377.811 1460
377.825 1461
377.838 1459
377.852 1437
377.866 1485
377.879 1516
377.893 1490
377.907 1485
377.920 1525
377.934 1497
377.948 1450
377.961 1506
377.975 1524
377.989 1533
378.002 1524
378.016 1542
378.030 1530
378.044 1503
378.057 1519
378.071 1541
378.085 1580
378.098 1567
378.112 1561
378.126 1534
378.139 1524
378.153 1543
378.167 1549
378.180 1526
378.194 1561
378.208 1578
378.221 1541
378.235 1583
378.249 1588
378.262 1591
378.276 1538
378.290 1555
378.303 1576
378.317 1586
378.331 1592
378.344 1586
378.358 1613
378.372 1587
378.385 1588
378.399 1605
378.413 1663
378.426 1596
378.440 1634
378.454 1620
378.467 1612
378.481 1644
378.495 1636
378.508 1620
378.522 1657
378.536 1648
378.549 1660
378.563 1638
378.577 1648
378.590 1644
378.604 1720
378.618 1666
378.631 1696
378.645 1703
378.659 1709
378.672 1707
378.686 1721
378.700 1723
378.713 1800
378.727 1789
378.740 1803
378.754 1817
378.768 1763
378.781 1789
378.795 1803
378.809 1825
378.822 1781
378.836 1774
378.850 1757
378.863 1783
378.877 1760
378.891 1816
378.904 1829
378.918 1804
378.932 1826
378.945 1845
378.959 1781
378.973 1831
378.986 1823
379.000 1864
379.014 1784
379.027 1834
379.041 1844
379.054 1830
379.068 1827
379.082 1854
379.095 1818
379.109 1827
379.123 1863
379.136 1849
379.150 1897
379.164 1906
379.177 1908
379.191 1897
379.205 1917
379.218 1923
379.232 1988
379.245 1982
379.259 1969
379.273 1947
379.286 2009
379.300 2009
379.314 1988
379.327 2006
379.341 2015
379.355 2043
379.368 2034
379.382 2053
379.396 2062
379.409 2075
379.423 2066
379.436 2167
379.450 2131
379.464 2143
379.477 2136
379.491 2170
379.505 2172
379.518 2216
379.532 2232
379.546 2259
379.559 2260
379.573 2282
379.586 2253
379.600 2270
379.614 2368
379.627 2370
379.641 2351
379.655 2400
379.668 2393
379.682 2353
379.695 2378
379.709 2415
379.723 2436
379.736 2523
379.750 2565
379.764 2664
379.777 2607
379.791 2658
379.804 2667
379.818 2767
379.832 2743
379.845 2635
379.859 2708
379.873 2721
379.886 2766
379.900 2822
379.913 2812
379.927 2847
379.941 2901
379.954 2916
379.968 2986
379.982 3069
379.995 2988
380.009 3078
380.022 3072
380.036 3148
380.050 3113
380.063 3181
380.077 3316
380.090 3383
380.104 3490
380.118 3432
380.131 3530
380.145 3597
380.159 3624
380.172 3669
380.186 3695
380.199 3745
380.213 3835
380.227 3976
380.240 3923
380.254 3903
380.267 3900
380.281 3972
380.295 3986
380.308 3999
380.322 4109
380.336 4188
380.349 4184
380.363 4255
380.376 4449
380.390 4302
380.404 4456
380.417 4489
380.431 4546
380.444 4556
380.458 4618
380.472 4650
380.485 4754
380.499 4818
380.512 4846
380.526 4936
380.540 5054
380.553 5110
380.567 5207
380.580 5150
380.594 5323
380.608 5493
380.621 5690
380.635 5734
380.648 5719
380.662 5695
380.676 5766
380.689 5862
380.703 5898
380.716 5999
380.730 6109
380.744 6156
380.757 6347
380.771 6372
380.784 6598
380.798 6507
380.812 6644
380.825 6706
380.839 6684
380.852 7096
380.866 7138
380.880 7188
380.893 7211
380.907 7243
380.920 7266
380.934 7278
380.948 7592
380.961 7593
380.975 7672
380.988 7751
381.002 7630
381.015 7638
381.029 7832
381.043 8019
381.056 8060
381.070 8025
381.083 8085
381.097 8198
381.111 8324
381.124 8430
381.138 8601
381.151 8684
381.165 8770
381.179 8822
381.192 8756
381.206 8787
381.219 8783
381.233 8958
381.246 8932
381.260 9183
381.274 9046
381.287 9239
381.301 9346
381.314 9457
381.328 9481
381.341 9651
381.355 9588
381.369 9567
381.382 9685
381.396 9839
381.409 9957
381.423 10093
381.437 10276
381.450 10366
381.464 10510
381.477 10548
381.491 10763
381.504 10532
381.518 10772
381.532 10709
381.545 10987
381.559 11157
381.572 11434
381.586 11344
381.599 11418
381.613 11470
381.627 11610
381.640 11711
381.654 11687
381.667 11762
381.681 11871
381.694 11904
381.708 11689
381.722 11631
381.735 11761
381.749 11726
381.762 11874
381.776 11937
381.789 12047
381.803 11990
381.817 12041
381.830 12201
381.844 12115
381.857 12374
381.871 12442
381.884 12453
381.898 12459
381.911 12591
381.925 12773
381.939 12857
381.952 12864
381.966 12792
381.979 12996
381.993 13344
382.006 13465
382.020 13545
382.034 13779
382.047 13635
382.061 13644
382.074 13568
382.088 13633
382.101 13697
382.115 13706
382.128 13714
382.142 14196
382.156 14644
382.169 14773
382.183 14659
382.196 14670
382.210 14752
382.223 14588
382.237 14747
382.250 14799
382.264 14946
382.278 15039
382.291 15269
382.305 15322
382.318 15721
382.332 15733
382.345 15362
382.359 15202
382.372 15277
382.386 15316
382.399 15440
382.413 15634
382.427 15774
382.440 15823
382.454 15906
382.467 16088
382.481 16263
382.494 16816
382.508 17166
382.521 17177
382.535 17004
382.548 17011
382.562 16953
382.576 17019
382.589 17369
382.603 17510
382.616 17484
382.630 17544
382.643 17862
382.657 18042
382.670 18166
382.684 18146
382.697 17932
382.711 18313
382.724 18569
382.738 18336
382.752 18519
382.765 18755
382.779 18642
382.792 19124
382.806 18969
382.819 19265
382.833 19429
382.846 19479
382.860 19661
382.873 19824
382.887 19965
382.900 20196
382.914 20355
382.928 20704
382.941 20733
382.955 20935
382.968 20976
382.982 21296
382.995 21202
383.009 21460
383.022 21660
383.036 21758
383.049 22001
383.063 21860
383.076 22248
383.090 22353
383.103 22272
383.117 22499
383.130 22368
383.144 22620
383.158 22803
383.171 22906
383.185 23189
383.198 23588
383.212 23753
383.225 23850
383.239 24148
383.252 24432
383.266 24760
383.279 24744
383.293 24796
383.306 24877
383.320 25239
383.333 25718
383.347 25949
383.360 25671
383.374 25734
383.387 25818
383.401 26059
383.414 26120
383.428 25944
383.441 26090
383.455 26092
383.468 26038
383.482 26423
383.496 26858
383.509 27223
383.523 26969
383.536 26900
383.550 27136
383.563 27264
383.577 27561
383.590 27620
383.604 27657
383.617 27426
383.631 27192
383.644 27051
383.658 26866
383.671 27075
383.685 27104
383.698 27518
383.712 27586
383.725 27544
383.739 27454
383.752 27352
383.766 27086
383.779 27010
383.793 27239
383.806 27472
383.820 27812
383.833 27756
383.847 27776
383.860 27798
383.874 27922
383.887 27210
383.901 27250
383.914 27394
383.928 27517
383.941 27548
383.955 26894
383.968 26809
383.982 26819
383.995 26662
384.009 26640
384.022 26712
384.036 26475
384.049 26545
384.063 26510
384.076 26874
384.090 27150
384.103 27252
384.117 27337
384.130 26658
384.144 26088
384.157 25593
384.171 25438
384.184 25029
384.198 24809
384.211 24710
384.225 24663
384.238 24637
384.252 24780
384.265 24552
384.279 24180
384.292 23992
384.306 23662
384.319 23232
384.333 22609
384.346 22090
384.360 21619
384.373 21350
384.387 21186
384.400 20784
384.414 20318
384.427 20071
384.441 19492
384.454 19025
384.468 18653
384.481 18267
384.495 17826
384.508 17581
384.522 17011
384.535 16729
384.549 16098
384.562 15816
384.575 15474
384.589 15148
384.602 14888
384.616 14741
384.629 14373
384.643 14015
384.656 13513
384.670 13187
384.683 12471
384.697 12169
384.710 11836
384.724 11609
384.737 11109
384.751 10974
384.764 10605
384.778 10213
384.791 10075
384.805 9830
384.818 9420
384.832 9165
384.845 9008
384.859 8545
384.872 8361
384.885 8009
384.899 7854
384.912 7468
384.926 7336
384.939 7150
384.953 7123
384.966 6929
384.980 6731
384.993 6551
385.007 6505
385.020 6283
385.034 6057
385.047 5971
385.061 5824
385.074 5703
385.088 5596
385.101 5405
385.114 5366
385.128 5309
385.141 5209
385.155 5135
385.168 5134
385.182 5026
385.195 5075
385.209 4826
385.222 4755
385.236 4707
385.249 4647
385.263 4546
385.276 4457
385.290 4404
385.303 4271
385.316 4156
385.330 4142
385.343 4204
385.357 4141
385.370 3982
385.384 3956
385.397 3890
385.411 3910
385.424 3824
385.438 3846
385.451 3800
385.464 3771
385.478 3634
385.491 3691
385.505 3592
385.518 3658
385.532 3525
385.545 3449
385.559 3420
385.572 3458
385.586 3405
385.599 3408
385.612 3388
385.626 3418
385.639 3383
385.653 3289
385.666 3373
385.680 3345
385.693 3283
385.707 3264
385.720 3205
385.734 3217
385.747 3143
385.760 3112
385.774 3090
385.787 3058
385.801 3072
385.814 2907
385.828 2897
385.841 2894
385.855 2905
385.868 2877
385.881 2796
385.895 2752
385.908 2818
385.922 2796
385.935 2752
385.949 2783
385.962 2701
385.976 2661
385.989 2680
386.002 2681
386.016 2749
386.029 2690
386.043 2684
386.056 2680
386.070 2591
386.083 2588
386.097 2594
386.110 2606
386.123 2598
386.137 2588
386.150 2560
386.164 2533
386.177 2507
386.191 2512
386.204 2476
386.217 2423
386.231 2441
386.244 2437
386.258 2459
386.271 2460
386.285 2421
386.298 2429
386.311 2386
386.325 2392
386.338 2355
386.352 2308
386.365 2289
386.379 2324
386.392 2312
386.405 2277
386.419 2292
386.432 2287
386.446 2261
386.459 2281
386.473 2250
386.486 2281
386.499 2172
386.513 2209
386.526 2212
386.540 2198
386.553 2172
386.567 2141
386.580 2174
386.593 2206
386.607 2212
386.620 2208
386.634 2173
386.647 2160
386.661 2141
386.674 2115
386.687 2081
386.701 2072
386.714 2040
386.728 2042
386.741 2069
386.754 2033
386.768 1991
386.781 2028
386.795 2009
386.808 1923
386.822 1925
386.835 1937
386.848 1918
386.862 1904
386.875 1931
386.889 1906
386.902 1921
386.915 1928
386.929 1924
386.942 1857
386.956 1875
386.969 1828
386.983 1817
386.996 1824
387.009 1849
387.023 1799
387.036 1838
387.050 1806
387.063 1795
387.076 1806
387.090 1802
387.103 1780
387.117 1752
387.130 1785
387.143 1831
387.157 1804
387.170 1760
387.184 1711
387.197 1741
387.210 1728
387.224 1744
387.237 1714
387.251 1684
387.264 1699
387.278 1693
387.291 1680
387.304 1678
387.318 1649
387.331 1630
387.345 1637
387.358 1616
387.371 1617
387.385 1566
387.398 1584
387.412 1603
387.425 1575
387.438 1563
387.452 1550
387.465 1546
387.478 1510
387.492 1522
387.505 1501
387.519 1502
387.532 1550
387.545 1567
387.559 1572
387.572 1517
387.586 1512
387.599 1492
387.612 1492
387.626 1498
387.639 1459
387.653 1463
387.666 1438
387.679 1429
387.693 1417
387.706 1386
387.720 1414
387.733 1420
387.746 1400
387.760 1432
387.773 1370
387.787 1406
387.800 1391
387.813 1416
387.827 1383
387.840 1372
387.853 1324
387.867 1332
387.880 1360
387.894 1371
387.907 1394
387.920 1326
387.934 1361
387.947 1324
387.961 1337
387.974 1344
387.987 1290
388.001 1278
388.014 1293
388.027 1299
388.041 1285
388.054 1248
388.068 1276
388.081 1273
388.094 1276
388.108 1277
388.121 1263
388.134 1254
388.148 1250
388.161 1242
388.175 1233
388.188 1242
388.201 1234
388.215 1217
388.228 1189
388.241 1209
388.255 1203
388.268 1200
388.282 1181
388.295 1226
388.308 1187
388.322 1193
388.335 1195
388.348 1183
388.362 1150
388.375 1172
388.389 1167
388.402 1195
388.415 1196
388.429 1201
388.442 1236
388.455 1170
388.469 1203
388.482 1167
388.495 1176
388.509 1194
388.522 1190
388.536 1201
388.549 1160
388.562 1138
388.576 1161
388.589 1148
388.602 1171
388.616 1155
388.629 1138
388.642 1163
388.656 1119
388.669 1140
388.683 1154
388.696 1154
388.709 1163
388.723 1154
388.736 1150
388.749 1126
388.763 1157
388.776 1155
388.789 1112
388.803 1156
388.816 1137
388.829 1086
388.843 1132
388.856 1111
388.870 1093
388.883 1131
388.896 1119
388.910 1095
388.923 1151
388.936 1136
388.950 1147
388.963 1142
388.976 1113
388.990 1113
389.003 1143
389.016 1120
389.030 1115
389.043 1132
389.056 1133
389.070 1119
389.083 1073
389.097 1100
389.110 1099
389.123 1093
389.137 1111
389.150 1093
389.163 1091
389.177 1072
389.190 1081
389.203 1085
389.217 1074
389.230 1076
389.243 1069
389.257 1060
389.270 1063
389.283 1087
389.297 1055
389.310 1048
389.323 1068
389.337 1062
389.350 1076
389.363 1051
389.377 1059
389.390 1062
389.403 1040
389.417 1071
389.430 1075
389.443 1091
389.457 1063
389.470 1055
389.483 1064
389.497 1060
389.510 1059
389.523 1084
389.537 1070
389.550 1028
389.563 1065
389.577 1044
389.590 1023
389.603 1032
389.617 1046
389.630 1033
389.643 1042
389.657 983
389.670 1029
389.683 1010
389.697 1046
389.710 1012
389.723 1024
389.737 1019
389.750 1026
389.763 1015
389.777 1046
389.790 993
389.803 1020
389.817 997
389.830 992
389.843 1018
389.857 996
389.870 975
389.883 960
389.897 993
389.910 998
389.923 1007
389.937 970
389.950 992
389.963 973
389.977 966
389.990 975
390.003 972
390.017 970
390.030 959
390.043 976
390.057 947
390.070 913
390.083 926
390.096 932
390.110 927
390.123 928
390.136 934
390.150 950
390.163 929
390.176 947
390.190 931
390.203 896
390.216 893
390.230 930
390.243 896
390.256 919
390.270 898
390.283 901
390.296 892
390.310 909
390.323 887
390.336 880
390.349 890
390.363 885
390.376 896
390.389 890
390.403 879
390.416 890
390.429 893
390.443 878
390.456 872
390.469 866
390.483 865
390.496 868
390.509 861
390.522 847
390.536 849
390.549 866
390.562 855
390.576 859
390.589 858
390.602 834
390.616 843
390.629 818
390.642 837
390.655 811
390.669 811
390.682 829
390.695 815
390.709 819
390.722 799
390.735 816
390.749 805
390.762 784
390.775 802
390.788 820
390.802 827
390.815 800
390.828 799
390.842 804
390.855 798
390.868 783
390.882 776
390.895 802
390.908 778
390.921 773
390.935 790
390.948 788
390.961 782
390.975 786
390.988 774
391.001 775
391.014 790
391.028 768
391.041 771
391.054 765
391.068 773
391.081 777
391.094 773
391.107 754
391.121 754
391.134 763
391.147 773
391.161 765
391.174 759
391.187 753
391.200 752
391.214 752
391.227 747
391.240 755
391.254 740
391.267 763
391.280 745
391.293 743
391.307 742
391.320 742
391.333 737
391.347 713
391.360 750
391.373 737
391.386 722
391.400 733
391.413 746
391.426 734
391.440 733
391.453 733
391.466 747
391.479 737
391.493 736
391.506 738
391.519 735
391.532 740
391.546 740
391.559 720
391.572 742
391.586 726
391.599 722
391.612 719
391.625 710
391.639 722
391.652 729
391.665 715
391.678 728
391.692 720
391.705 743
391.718 719
391.732 722
391.745 715
391.758 722
391.771 708
391.785 702
391.798 708
391.811 712
391.824 713
391.838 715
391.851 720
391.864 711
391.877 724
391.891 705
391.904 712
391.917 710
391.931 720
391.944 722
391.957 722
391.970 713
391.984 710
391.997 713
392.010 721
392.023 715
392.037 704
392.050 722
392.063 703
392.076 703
392.090 716
392.103 715
392.116 695
392.129 708
392.143 703
392.156 700
392.169 703
392.182 699
392.196 709
392.209 701
392.222 707
392.235 701
392.249 697
392.262 705
392.275 704
392.288 708
392.302 693
392.315 700
392.328 684
392.341 701
392.355 699
392.368 700
392.381 695
392.394 690
392.408 701
392.421 705
392.434 701
392.447 690
392.461 691
392.474 703
392.487 711
392.500 698
392.514 690
392.527 699
392.540 696
392.553 706
392.567 701
392.580 713
392.593 698
392.606 691
392.620 700
392.633 706
392.646 694
392.659 695
392.673 703
392.686 695
392.699 695
392.712 700
392.726 691
392.739 692
392.752 692
392.765 694
392.778 688
392.792 685
392.805 691
392.818 696
392.831 688
392.845 688
392.858 692
392.871 686
392.884 691
392.898 699
392.911 696
392.924 692
392.937 692
392.951 685
392.964 698
392.977 694
392.990 683
393.003 690
393.017 689
393.030 698
393.043 690
393.056 687
393.070 690
393.083 696
393.096 685
393.109 687
393.122 679
393.136 677
393.149 687
393.162 690
393.175 687
393.189 689
393.202 684
393.215 685
393.228 684
393.242 685
393.255 680
393.268 676
393.281 681
393.294 680
393.308 690
393.321 685
393.334 686
393.347 678
393.360 680
393.374 679
393.387 672
393.400 677
393.413 680
393.427 676
393.440 688
393.453 686
393.466 672
393.479 667
393.493 680
393.506 679
393.519 682
393.532 669
393.546 682
393.559 689
393.572 661
393.585 672
393.598 675
393.612 686
393.625 685
393.638 672
393.651 674
393.664 680
393.678 676
393.691 672
393.704 679
393.717 681
393.730 680
393.744 664
393.757 680
393.770 676
393.783 669
393.796 677
393.810 673
393.823 658
393.836 676
393.849 680
393.863 671
393.876 672
393.889 668
393.902 670
393.915 672
393.929 670
