375.891 827
375.905 841
375.919 814
375.933 841
375.946 852
375.960 839
375.974 851
375.987 844
376.001 861
376.015 863
376.029 853
376.042 867
376.056 865
376.070 861
376.084 896
376.097 866
376.111 873
376.125 889
376.139 854
376.152 884
376.166 892
376.180 897
376.193 891
376.207 912
376.221 906
376.235 910
376.248 915
376.262 904
376.276 884
376.290 925
376.303 932
376.317 921
376.331 903
376.345 924
376.358 928
376.372 952
376.386 957
376.399 954
376.413 934
376.427 982
376.441 959
376.454 981
376.468 965
376.482 986
376.495 957
376.509 992
376.523 1012
376.537 989
376.550 1012
376.564 1004
376.578 994
376.592 1033
376.605 1040
376.619 1036
376.633 1020
376.646 1018
376.660 1029
376.674 991
376.688 1054
376.701 1030
376.715 1033
376.729 1050
376.742 1084
376.756 1075
376.770 1072
376.784 1076
376.797 1098
376.811 1101
376.825 1109
376.838 1101
376.852 1133
376.866 1122
376.880 1130
376.893 1098
376.907 1158
376.921 1156
376.934 1124
376.948 1153
376.962 1101
376.976 1127
376.989 1141
377.003 1132
377.017 1169
377.030 1175
377.044 1208
377.058 1211
377.071 1216
377.085 1217
377.099 1180
377.113 1227
377.126 1225
377.140 1212
377.154 1234
377.167 1240
377.181 1243
377.195 1245
377.208 1243
377.222 1264
377.236 1278
377.250 1271
377.263 1261
377.277 1308
377.291 1344
377.304 1255
377.318 1312
377.332 1309
377.345 1322
377.359 1314
377.373 1299
377.387 1328
377.400 1310
377.414 1300
377.428 1350
377.441 1325
377.455 1381
377.469 1358
377.482 1399
377.496 1344
377.510 1383
377.524 1429
377.537 1408
377.551 1400
377.565 1383
377.578 1401
377.592 1423
377.606 1409
377.619 1406
377.633 1426
377.647 1412
377.660 1380
377.674 1397
377.688 1419
377.701 1455
377.715 1419
377.729 1462
377.743 1476
377.756 1461
377.770 1490
377.784 1440
377.797 1466
377.811 1446
377.825 1453
377.838 1482
377.852 1470
377.866 1528
377.879 1522
377.893 1502
377.907 1537
377.920 1524
377.934 1515
377.948 1484
377.961 1474
377.975 1545
377.989 1557
378.002 1525
378.016 1486
378.030 1522
378.044 1532
378.057 1537
378.071 1512
378.085 1493
378.098 1514
378.112 1564
378.126 1564
378.139 1542
378.153 1536
378.167 1544
378.180 1552
378.194 1591
378.208 1588
378.221 1554
378.235 1549
378.249 1593
378.262 1532
378.276 1602
378.290 1598
378.303 1563
378.317 1575
378.331 1600
378.344 1599
378.358 1619
378.372 1579
378.385 1567
378.399 1620
378.413 1565
378.426 1630
378.440 1615
378.454 1650
378.467 1628
378.481 1648
378.495 1612
378.508 1653
378.522 1614
378.536 1659
378.549 1654
378.563 1642
378.577 1651
378.590 1677
378.604 1660
378.618 1668
378.631 1680
378.645 1712
378.659 1711
378.672 1693
378.686 1721
378.700 1794
378.713 1764
378.727 1741
378.740 1765
378.754 1746
378.768 1753
378.781 1760
378.795 1798
378.809 1778
378.822 1798
378.836 1810
378.850 1788
378.863 1795
378.877 1798
378.891 1827
378.904 1780
378.918 1819
378.932 1795
378.945 1773
378.959 1812
378.973 1797
378.986 1815
379.000 1812
379.014 1859
379.027 1845
379.041 1816
379.054 1860
379.068 1822
379.082 1865
379.095 1845
379.109 1860
379.123 1885
379.136 1883
379.150 1908
379.164 1925
379.177 1910
379.191 1945
379.205 1928
379.218 1913
379.232 1933
379.245 2022
379.259 1962
379.273 1977
379.286 1938
379.300 1919
379.314 2026
379.327 2013
379.341 1993
379.355 2056
379.368 2054
379.382 2086
379.396 2075
379.409 2099
379.423 2138
379.436 2129
379.450 2171
379.464 2164
379.477 2137
379.491 2164
379.505 2149
379.518 2187
379.532 2233
379.546 2255
379.559 2258
379.573 2295
379.586 2272
379.600 2311
379.614 2328
379.627 2364
379.641 2382
379.655 2333
379.668 2375
379.682 2393
379.695 2439
379.709 2425
379.723 2410
379.736 2574
379.750 2619
379.764 2643
379.777 2636
379.791 2691
379.804 2687
379.818 2743
379.832 2709
379.845 2654
379.859 2694
379.873 2723
379.886 2758
379.900 2757
379.913 2758
379.927 2788
379.941 2876
379.954 2906
379.968 2973
379.982 3040
379.995 3024
380.009 3044
380.022 3110
380.036 3085
380.050 3131
380.063 3230
380.077 3337
380.090 3467
380.104 3413
380.118 3482
380.131 3477
380.145 3472
380.159 3540
380.172 3598
380.186 3667
380.199 3805
380.213 3865
380.227 3878
380.240 3904
380.254 3908
380.267 3842
380.281 3926
380.295 3942
380.308 4071
380.322 4099
380.336 4129
380.349 4224
380.363 4234
380.376 4296
380.390 4371
380.404 4417
380.417 4492
380.431 4480
380.444 4580
380.458 4627
380.472 4700
380.485 4721
380.499 4846
380.512 4821
380.526 4894
380.540 5004
380.553 5040
380.567 5044
380.580 5140
380.594 5327
380.608 5499
380.621 5611
380.635 5653
380.648 5724
380.662 5741
380.676 5808
380.689 5900
380.703 5874
380.716 5995
380.730 6146
380.744 6165
380.757 6214
380.771 6381
380.784 6628
380.798 6469
380.812 6613
380.825 6752
380.839 6814
380.852 6996
380.866 7206
380.880 7273
380.893 7149
380.907 7226
380.920 7283
380.934 7347
380.948 7404
380.961 7509
380.975 7652
380.988 7751
381.002 7606
381.015 7649
381.029 7819
381.043 7923
381.056 7990
381.070 8003
381.083 8159
381.097 8255
381.111 8340
381.124 8469
381.138 8543
381.151 8564
381.165 8639
381.179 8719
381.192 8754
381.206 8734
381.219 8862
381.233 8793
381.246 8880
381.260 9004
381.274 9074
381.287 9268
381.301 9252
381.314 9423
381.328 9451
381.341 9473
381.355 9632
381.369 9684
381.382 9851
381.396 9881
381.409 10040
381.423 10146
381.437 10001
381.450 10233
381.464 10211
381.477 10446
381.491 10552
381.504 10508
381.518 10551
381.532 10710
381.545 11000
381.559 11218
381.572 11344
381.586 11254
381.599 11250
381.613 11451
381.627 11332
381.640 11721
381.654 11612
381.667 11705
381.681 11790
381.694 11769
381.708 11430
381.722 11461
381.735 11536
381.749 11743
381.762 11799
381.776 11864
381.789 11910
381.803 11849
381.817 11900
381.830 11986
381.844 12114
381.857 12229
381.871 12484
381.884 12588
381.898 12462
381.911 12527
381.925 12604
381.939 12640
381.952 12845
381.966 12800
381.979 12943
381.993 13210
382.006 13362
382.020 13569
382.034 13547
382.047 13468
382.061 13482
382.074 13548
382.088 13328
382.101 13557
382.115 13710
382.128 13768
382.142 14029
382.156 14693
382.169 14686
382.183 14465
382.196 14585
382.210 14587
382.223 14603
382.237 14687
382.250 14723
382.264 14806
382.278 14929
382.291 15060
382.305 15428
382.318 15557
382.332 15669
382.345 15233
382.359 15221
382.372 15191
382.386 15205
382.399 15412
382.413 15357
382.427 15518
382.440 15813
382.454 15839
382.467 15862
382.481 16213
382.494 16738
382.508 16927
382.521 16968
382.535 16997
382.548 16847
382.562 16853
382.576 16845
382.589 17215
382.603 17218
382.616 17293
382.630 17392
382.643 17790
382.657 18098
382.670 18115
382.684 18032
382.697 17874
382.711 17925
382.724 18349
382.738 18094
382.752 18341
382.765 18473
382.779 18607
382.792 18789
382.806 18960
382.819 19115
382.833 19133
382.846 19325
382.860 19592
382.873 19624
382.887 19640
382.900 19906
382.914 20178
382.928 20443
382.941 20665
382.955 20863
382.968 20993
382.982 21189
382.995 21277
383.009 21459
383.022 21560
383.036 21572
383.049 21750
383.063 21652
383.076 21935
383.090 22006
383.103 22091
383.117 22342
383.130 22371
383.144 22366
383.158 22727
383.171 22853
383.185 23212
383.198 23423
383.212 23548
383.225 23809
383.239 24205
383.252 24364
383.266 24622
383.279 24455
383.293 24867
383.306 24850
383.320 25272
383.333 25726
383.347 25777
383.360 25710
383.374 25719
383.387 25780
383.401 26124
383.414 26123
383.428 25777
383.441 26057
383.455 25998
383.468 25910
383.482 26181
383.496 27174
383.509 27088
383.523 27044
383.536 27135
383.550 26932
383.563 27175
383.577 27343
383.590 27765
383.604 27642
383.617 27222
383.631 27384
383.644 26918
383.658 26878
383.671 26956
383.685 27166
383.698 27327
383.712 27470
383.725 27625
383.739 27205
383.752 27168
383.766 27149
383.779 27197
383.793 27351
383.806 27556
383.820 28123
383.833 27842
383.847 27788
383.860 28174
383.874 28026
383.887 27392
383.901 27375
383.914 27630
383.928 27727
383.941 27633
383.955 26951
383.968 26816
383.982 26833
383.995 26883
384.009 26812
384.022 26673
384.036 26502
384.049 26511
384.063 26660
384.076 26866
384.090 27206
384.103 27590
384.117 27265
384.130 26743
384.144 25930
384.157 25649
384.171 25481
384.184 25323
384.198 25122
384.211 24805
384.225 24765
384.238 24846
384.252 24713
384.265 24346
384.279 24304
384.292 24106
384.306 23775
384.319 23318
384.333 22637
384.346 22239
384.360 21828
384.373 21336
384.387 21059
384.400 20706
384.414 20322
384.427 20049
384.441 19516
384.454 19117
384.468 18851
384.481 18229
384.495 18049
384.508 17308
384.522 17046
384.535 16722
384.549 16223
384.562 15930
384.575 15258
384.589 15173
384.602 15035
384.616 14824
384.629 14184
384.643 13788
384.656 13554
384.670 13111
384.683 12629
384.697 12121
384.710 11721
384.724 11226
384.737 11112
384.751 10812
384.764 10404
384.778 10060
384.791 10014
384.805 9598
384.818 9336
384.832 8998
384.845 8703
384.859 8309
384.872 8098
384.885 7860
384.899 7549
384.912 7534
384.926 7173
384.939 6932
384.953 6833
384.966 6589
384.980 6495
384.993 6284
385.007 6289
385.020 6059
385.034 5889
385.047 5704
385.061 5613
385.074 5475
385.088 5366
385.101 5173
385.114 5107
385.128 5017
385.141 4847
385.155 4853
385.168 4888
385.182 4886
385.195 4736
385.209 4519
385.222 4528
385.236 4510
385.249 4349
385.263 4294
385.276 4153
385.290 4142
385.303 4081
385.316 3988
385.330 3966
385.343 3865
385.357 3832
385.370 3795
385.384 3679
385.397 3666
385.411 3633
385.424 3557
385.438 3541
385.451 3475
385.464 3489
385.478 3474
385.491 3386
385.505 3372
385.518 3392
385.532 3320
385.545 3241
385.559 3218
385.572 3163
385.586 3204
385.599 3184
385.612 3160
385.626 3097
385.639 3092
385.653 3029
385.666 3073
385.680 3039
385.693 3036
385.707 2973
385.720 2941
385.734 2895
385.747 2921
385.760 2896
385.774 2877
385.787 2875
385.801 2773
385.814 2776
385.828 2668
385.841 2728
385.855 2640
385.868 2662
385.881 2590
385.895 2638
385.908 2603
385.922 2593
385.935 2600
385.949 2534
385.962 2499
385.976 2493
385.989 2472
386.002 2544
386.016 2461
386.029 2498
386.043 2453
386.056 2428
386.070 2425
386.083 2459
386.097 2402
386.110 2404
386.123 2359
386.137 2370
386.150 2374
386.164 2347
386.177 2346
386.191 2327
386.204 2314
386.217 2290
386.231 2226
386.244 2243
386.258 2272
386.271 2247
386.285 2271
386.298 2214
386.311 2239
386.325 2192
386.338 2191
386.352 2124
386.365 2149
386.379 2128
386.392 2112
386.405 2100
386.419 2121
386.432 2111
386.446 2148
386.459 2133
386.473 2141
386.486 2080
386.499 2026
386.513 2070
386.526 1991
386.540 2043
386.553 2036
386.567 1996
386.580 2038
386.593 2046
386.607 2041
386.620 2022
386.634 2038
386.647 1994
386.661 1959
386.674 1989
386.687 1974
386.701 1952
386.714 1921
386.728 1911
386.741 1876
386.754 1918
386.768 1923
386.781 1912
386.795 1836
386.808 1824
386.822 1785
386.835 1828
386.848 1804
386.862 1789
386.875 1774
386.889 1759
386.902 1773
386.915 1798
386.929 1763
386.942 1752
386.956 1708
386.969 1701
386.983 1722
386.996 1736
387.009 1696
387.023 1694
387.036 1762
387.050 1694
387.063 1702
387.076 1633
387.090 1672
387.103 1653
387.117 1666
387.130 1652
387.143 1651
387.157 1678
387.170 1660
387.184 1629
387.197 1660
387.210 1609
387.224 1610
387.237 1614
387.251 1607
387.264 1568
387.278 1557
387.291 1555
387.304 1582
387.318 1529
387.331 1541
387.345 1485
387.358 1565
387.371 1497
387.385 1513
387.398 1509
387.412 1468
387.425 1436
387.438 1430
387.452 1417
387.465 1436
387.478 1422
387.492 1400
387.505 1445
387.519 1439
387.532 1424
387.545 1451
387.559 1406
387.572 1437
387.586 1402
387.599 1408
387.612 1377
387.626 1372
387.639 1403
387.653 1381
387.666 1307
387.679 1333
387.693 1320
387.706 1319
387.720 1330
387.733 1333
387.746 1314
387.760 1319
387.773 1299
387.787 1315
387.800 1319
387.813 1299
387.827 1267
387.840 1282
387.853 1271
387.867 1271
387.880 1279
387.894 1279
387.907 1274
387.920 1266
387.934 1252
387.947 1248
387.961 1260
387.974 1253
387.987 1234
388.001 1245
388.014 1241
388.027 1235
388.041 1207
388.054 1180
388.068 1189
388.081 1223
388.094 1220
388.108 1187
388.121 1178
388.134 1177
388.148 1178
388.161 1179
388.175 1159
388.188 1130
388.201 1160
388.215 1156
388.228 1163
388.241 1130
388.255 1133
388.268 1124
388.282 1124
388.295 1143
388.308 1136
388.322 1127
388.335 1092
388.348 1103
388.362 1128
388.375 1138
388.389 1135
388.402 1140
388.415 1114
388.429 1161
388.442 1130
388.455 1133
388.469 1103
388.482 1143
388.495 1130
388.509 1149
388.522 1129
388.536 1150
388.549 1109
388.562 1118
388.576 1074
388.589 1120
388.602 1104
388.616 1081
388.629 1086
388.642 1088
388.656 1097
388.669 1100
388.683 1094
388.696 1090
388.709 1114
388.723 1078
388.736 1070
388.749 1076
388.763 1076
388.776 1064
388.789 1085
388.803 1090
388.816 1077
388.829 1086
388.843 1072
388.856 1052
388.870 1033
388.883 1073
388.896 1077
388.910 1049
388.923 1064
388.936 1091
388.950 1074
388.963 1042
388.976 1073
388.990 1067
389.003 1053
389.016 1052
389.030 1050
389.043 1064
389.056 1082
389.070 1060
389.083 1067
389.097 1059
389.110 1062
389.123 1043
389.137 1048
389.150 1025
389.163 1040
389.177 1049
389.190 1045
389.203 1045
389.217 1023
389.230 1031
389.243 1016
389.257 1024
389.270 1033
389.283 1044
389.297 1014
389.310 1031
389.323 1024
389.337 1036
389.350 1004
389.363 1021
389.377 1027
389.390 1011
389.403 1028
389.417 996
389.430 1012
389.443 992
389.457 999
389.470 1033
389.483 992
389.497 1050
389.510 1023
389.523 1001
389.537 1009
389.550 1003
389.563 987
389.577 1035
389.590 984
389.603 1004
389.617 1008
389.630 968
389.643 1008
389.657 976
389.670 999
389.683 987
389.697 971
389.710 965
389.723 982
389.737 961
389.750 978
389.763 959
389.777 980
389.790 971
389.803 977
389.817 955
389.830 971
389.843 954
389.857 966
389.870 936
389.883 918
389.897 947
389.910 936
389.923 959
389.937 930
389.950 938
389.963 943
389.977 949
389.990 940
390.003 925
390.017 935
390.030 948
390.043 940
390.057 919
390.070 896
390.083 916
390.096 898
390.110 906
390.123 918
390.136 919
390.150 900
390.163 899
390.176 904
390.190 891
390.203 887
390.216 879
390.230 867
390.243 868
390.256 885
390.270 885
390.283 860
390.296 861
390.310 863
390.323 868
390.336 851
390.349 874
390.363 853
390.376 880
390.389 854
390.403 855
390.416 858
390.429 868
390.443 848
390.456 845
390.469 827
390.483 838
390.496 836
390.509 826
390.522 825
390.536 827
390.549 824
390.562 837
390.576 814
390.589 838
390.602 818
390.616 824
390.629 805
390.642 813
390.655 806
390.669 784
390.682 788
390.695 811
390.709 816
390.722 811
390.735 802
390.749 795
390.762 775
390.775 799
390.788 789
390.802 778
390.815 786
390.828 762
390.842 773
390.855 767
390.868 770
390.882 770
390.895 767
390.908 781
390.921 748
390.935 771
390.948 750
390.961 767
390.975 765
390.988 762
391.001 764
391.014 746
391.028 752
391.041 744
391.054 753
391.068 750
391.081 749
391.094 759
391.107 741
391.121 748
391.134 738
391.147 737
391.161 745
391.174 740
391.187 741
391.200 738
391.214 743
391.227 741
391.240 740
391.254 722
391.267 736
391.280 734
391.293 740
391.307 728
391.320 719
391.333 720
391.347 730
391.360 722
391.373 723
391.386 727
391.400 726
391.413 726
391.426 710
391.440 722
391.453 719
391.466 717
391.479 706
391.493 727
391.506 714
391.519 705
391.532 720
391.546 703
391.559 716
391.572 710
391.586 705
391.599 707
391.612 710
391.625 712
391.639 713
391.652 714
391.665 710
391.678 710
391.692 714
391.705 709
391.718 703
391.732 699
391.745 697
391.758 709
391.771 707
391.785 711
391.798 692
391.811 700
391.824 693
391.838 697
391.851 716
391.864 704
391.877 707
391.891 705
391.904 718
391.917 692
391.931 703
391.944 713
391.957 714
391.970 702
391.984 704
391.997 699
392.010 706
392.023 698
392.037 693
392.050 700
392.063 714
392.076 704
392.090 703
392.103 690
392.116 697
392.129 691
392.143 706
392.156 697
392.169 695
392.182 700
392.196 695
392.209 702
392.222 690
392.235 694
392.249 693
392.262 696
392.275 679
392.288 693
392.302 687
392.315 700
392.328 693
392.341 698
392.355 707
392.368 684
392.381 690
392.394 695
392.408 701
392.421 686
392.434 698
392.447 683
392.461 690
392.474 694
392.487 683
392.500 699
392.514 699
392.527 694
392.540 695
392.553 682
392.567 690
392.580 704
392.593 697
392.606 697
392.620 687
392.633 694
392.646 673
392.659 669
392.673 693
392.686 683
392.699 690
392.712 690
392.726 679
392.739 684
392.752 674
392.765 690
392.778 668
392.792 678
392.805 688
392.818 679
392.831 677
392.845 698
392.858 675
392.871 677
392.884 684
392.898 681
392.911 683
392.924 687
392.937 684
392.951 685
392.964 683
392.977 684
392.990 690
393.003 675
393.017 685
393.030 691
393.043 685
393.056 686
393.070 668
393.083 679
393.096 688
393.109 675
393.122 679
393.136 672
393.149 678
393.162 670
393.175 684
393.189 688
393.202 682
393.215 681
393.228 684
393.242 681
393.255 675
393.268 686
393.281 668
393.294 674
393.308 670
393.321 692
393.334 680
393.347 682
393.360 671
393.374 662
393.387 659
393.400 683
393.413 686
393.427 670
393.440 687
393.453 675
393.466 661
393.479 671
393.493 666
393.506 669
393.519 668
393.532 691
393.546 672
393.559 675
393.572 674
393.585 680
393.598 673
393.612 670
393.625 666
393.638 678
393.651 666
393.664 659
393.678 665
393.691 670
393.704 667
393.717 666
393.730 669
393.744 672
393.757 669
393.770 669
393.783 675
393.796 670
393.810 662
393.823 668
393.836 663
393.849 670
393.863 665
393.876 664
393.889 666
393.902 662
393.915 677
393.929 671
