375.891 904
375.905 909
375.919 907
375.933 885
375.946 889
375.960 892
375.974 906
375.987 923
376.001 937
376.015 941
376.029 917
376.042 941
376.056 936
376.070 975
376.084 957
376.097 964
376.111 911
376.125 970
376.139 958
376.152 949
376.166 969
376.180 973
376.193 978
376.207 967
376.221 989
376.235 982
376.248 977
376.262 994
376.276 1018
376.290 1020
376.303 1003
376.317 1000
376.331 1007
376.345 1017
376.358 1013
376.372 994
376.386 1029
376.399 1019
376.413 1044
376.427 1039
376.441 1032
376.454 1061
376.468 1010
376.482 1037
376.495 1074
376.509 1097
376.523 1099
376.537 1124
376.550 1131
376.564 1107
376.578 1130
376.592 1099
376.605 1137
376.619 1120
376.633 1139
376.646 1073
376.660 1095
376.674 1122
376.688 1106
376.701 1114
376.715 1129
376.729 1172
376.742 1168
376.756 1163
376.770 1145
376.784 1133
376.797 1177
376.811 1183
376.825 1183
376.838 1199
376.852 1198
376.866 1191
376.880 1209
376.893 1182
376.907 1198
376.921 1194
376.934 1232
376.948 1233
376.962 1231
376.976 1218
376.989 1258
377.003 1282
377.017 1300
377.030 1295
377.044 1285
377.058 1321
377.071 1305
377.085 1305
377.099 1313
377.113 1284
377.126 1300
377.140 1315
377.154 1339
377.167 1311
377.181 1335
377.195 1346
377.208 1304
377.222 1333
377.236 1321
377.250 1327
377.263 1330
377.277 1417
377.291 1404
377.304 1418
377.318 1408
377.332 1419
377.345 1372
377.359 1420
377.373 1412
377.387 1417
377.400 1415
377.414 1401
377.428 1470
377.441 1386
377.455 1469
377.469 1434
377.482 1489
377.496 1452
377.510 1488
377.524 1501
377.537 1501
377.551 1509
377.565 1520
377.578 1520
377.592 1499
377.606 1484
377.619 1524
377.633 1507
377.647 1468
377.660 1531
377.674 1547
377.688 1495
377.701 1535
377.715 1548
377.729 1538
377.743 1574
377.756 1505
377.770 1567
377.784 1544
377.797 1628
377.811 1541
377.825 1537
377.838 1573
377.852 1578
377.866 1563
377.879 1622
377.893 1589
377.907 1623
377.920 1622
377.934 1555
377.948 1599
377.961 1583
377.975 1620
377.989 1631
378.002 1593
378.016 1613
378.030 1621
378.044 1646
378.057 1618
378.071 1612
378.085 1662
378.098 1666
378.112 1626
378.126 1634
378.139 1691
378.153 1643
378.167 1645
378.180 1637
378.194 1655
378.208 1701
378.221 1655
378.235 1663
378.249 1696
378.262 1698
378.276 1657
378.290 1638
378.303 1634
378.317 1699
378.331 1668
378.344 1679
378.358 1706
378.372 1721
378.385 1737
378.399 1740
378.413 1674
378.426 1716
378.440 1735
378.454 1742
378.467 1746
378.481 1717
378.495 1690
378.508 1757
378.522 1736
378.536 1751
378.549 1720
378.563 1762
378.577 1790
378.590 1772
378.604 1795
378.618 1773
378.631 1805
378.645 1773
378.659 1801
378.672 1774
378.686 1813
378.700 1886
378.713 1964
378.727 1886
378.740 1862
378.754 1870
378.768 1871
378.781 1923
378.795 1930
378.809 1912
378.822 1842
378.836 1951
378.850 1916
378.863 1867
378.877 1884
378.891 1905
378.904 1947
378.918 1999
378.932 1921
378.945 1881
378.959 1912
378.973 1894
378.986 1936
379.000 1922
379.014 1992
379.027 1928
379.041 1945
379.054 1994
379.068 1917
379.082 1963
379.095 2011
379.109 2010
379.123 2016
379.136 2023
379.150 2052
379.164 1979
379.177 1970
379.191 2056
379.205 2073
379.218 2075
379.232 2064
379.245 2115
379.259 2054
379.273 2088
379.286 2104
379.300 2114
379.314 2095
379.327 2129
379.341 2083
379.355 2131
379.368 2155
379.382 2190
379.396 2217
379.409 2215
379.423 2291
379.436 2214
379.450 2201
379.464 2242
379.477 2273
379.491 2274
379.505 2309
379.518 2367
379.532 2329
379.546 2407
379.559 2412
379.573 2396
379.586 2414
379.600 2412
379.614 2498
379.627 2566
379.641 2553
379.655 2543
379.668 2571
379.682 2477
379.695 2553
379.709 2552
379.723 2625
379.736 2696
379.750 2786
379.764 2839
379.777 2809
379.791 2872
379.804 2914
379.818 2960
379.832 2850
379.845 2820
379.859 2839
379.873 2862
379.886 2908
379.900 2910
379.913 2944
379.927 2964
379.941 3139
379.954 3097
379.968 3071
379.982 3194
379.995 3198
380.009 3257
380.022 3213
380.036 3298
380.050 3332
380.063 3412
380.077 3522
380.090 3643
380.104 3641
380.118 3707
380.131 3676
380.145 3708
380.159 3802
380.172 3772
380.186 3987
380.199 3927
380.213 4061
380.227 4130
380.240 4157
380.254 4051
380.267 3966
380.281 4138
380.295 4112
380.308 4146
380.322 4247
380.336 4250
380.349 4319
380.363 4370
380.376 4520
380.390 4502
380.404 4565
380.417 4626
380.431 4635
380.444 4688
380.458 4741
380.472 4820
380.485 4880
380.499 4949
380.512 4998
380.526 5050
380.540 5057
380.553 5122
380.567 5234
380.580 5363
380.594 5287
380.608 5549
380.621 5692
380.635 5795
380.648 5734
380.662 5875
380.676 5832
380.689 5885
380.703 6028
380.716 6040
380.730 6199
380.744 6306
380.757 6425
380.771 6591
380.784 6671
380.798 6619
380.812 6764
380.825 6694
380.839 6718
380.852 7059
380.866 7184
380.880 7212
380.893 7119
380.907 7142
380.920 7189
380.934 7380
380.948 7445
380.961 7512
380.975 7509
380.988 7505
381.002 7476
381.015 7633
381.029 7874
381.043 7814
381.056 7983
381.070 7879
381.083 8074
381.097 8035
381.111 8255
381.124 8296
381.138 8398
381.151 8469
381.165 8468
381.179 8508
381.192 8460
381.206 8509
381.219 8613
381.233 8559
381.246 8656
381.260 8698
381.274 8848
381.287 8902
381.301 9024
381.314 9011
381.328 9019
381.341 9219
381.355 9215
381.369 9302
381.382 9383
381.396 9611
381.409 9676
381.423 9788
381.437 9788
381.450 9727
381.464 10014
381.477 10062
381.491 10346
381.504 10313
381.518 10293
381.532 10364
381.545 10523
381.559 10757
381.572 10895
381.586 10702
381.599 10827
381.613 11017
381.627 11046
381.640 11015
381.654 11094
381.667 11227
381.681 11176
381.694 11209
381.708 11077
381.722 11035
381.735 10975
381.749 11057
381.762 11191
381.776 11216
381.789 11243
381.803 11218
381.817 11333
381.830 11295
381.844 11452
381.857 11528
381.871 11711
381.884 11708
381.898 11587
381.911 11709
381.925 11723
381.939 11868
381.952 11848
381.966 12029
381.979 12062
381.993 12235
382.006 12347
382.020 12588
382.034 12564
382.047 12577
382.061 12598
382.074 12454
382.088 12313
382.101 12596
382.115 12535
382.128 12551
382.142 12957
382.156 13484
382.169 13508
382.183 13337
382.196 13249
382.210 13261
382.223 13462
382.237 13528
382.250 13408
382.264 13458
382.278 13526
382.291 13866
382.305 14006
382.318 14073
382.332 14235
382.345 13574
382.359 13580
382.372 13480
382.386 13643
382.399 13552
382.413 13766
382.427 13846
382.440 13883
382.454 14002
382.467 13958
382.481 14257
382.494 14531
382.508 14822
382.521 14827
382.535 14827
382.548 14601
382.562 14676
382.576 14778
382.589 14842
382.603 14798
382.616 14977
382.630 15164
382.643 15156
382.657 15248
382.670 15353
382.684 15296
382.697 15089
382.711 15099
382.724 15223
382.738 15321
382.752 15395
382.765 15340
382.779 15256
382.792 15510
382.806 15472
382.819 15458
382.833 15529
382.846 15585
382.860 15490
382.873 15733
382.887 15758
382.900 15803
382.914 15763
382.928 15864
382.941 16058
382.955 16072
382.968 16073
382.982 16195
382.995 16261
383.009 16173
383.022 16094
383.036 16132
383.049 16379
383.063 16278
383.076 16300
383.090 16222
383.103 16096
383.117 16162
383.130 16225
383.144 16269
383.158 16308
383.171 16351
383.185 16348
383.198 16512
383.212 16560
383.225 16742
383.239 16690
383.252 16843
383.266 16912
383.279 16633
383.293 16908
383.306 16770
383.320 16904
383.333 17311
383.347 17290
383.360 17024
383.374 16960
383.387 17013
383.401 17007
383.414 16968
383.428 16963
383.441 16729
383.455 16803
383.468 16580
383.482 16677
383.496 17189
383.509 16966
383.523 16880
383.536 16845
383.550 16735
383.563 16578
383.577 16734
383.590 16930
383.604 16794
383.617 16463
383.631 16359
383.644 16033
383.658 16067
383.671 16204
383.685 16180
383.698 16018
383.712 16007
383.725 15970
383.739 15670
383.752 15653
383.766 15599
383.779 15485
383.793 15475
383.806 15483
383.820 15714
383.833 15488
383.847 15439
383.860 15433
383.874 15372
383.887 14946
383.901 14954
383.914 14898
383.928 14933
383.941 14878
383.955 14450
383.968 14318
383.982 14149
383.995 14278
384.009 14198
384.022 14153
384.036 13946
384.049 13787
384.063 13983
384.076 14020
384.090 13872
384.103 14012
384.117 13859
384.130 13708
384.144 13126
384.157 13239
384.171 12864
384.184 12759
384.198 12651
384.211 12678
384.225 12484
384.238 12444
384.252 12241
384.265 12287
384.279 12115
384.292 11975
384.306 11826
384.319 11529
384.333 11244
384.346 11065
384.360 11080
384.373 10734
384.387 10570
384.400 10410
384.414 10120
384.427 10020
384.441 9681
384.454 9688
384.468 9521
384.481 9221
384.495 9099
384.508 8897
384.522 8771
384.535 8464
384.549 8266
384.562 8181
384.575 7925
384.589 7858
384.602 7780
384.616 7487
384.629 7580
384.643 7252
384.656 7067
384.670 6816
384.683 6633
384.697 6531
384.710 6290
384.724 6153
384.737 5999
384.751 5807
384.764 5686
384.778 5544
384.791 5515
384.805 5229
384.818 5214
384.832 5033
384.845 4992
384.859 4893
384.872 4729
384.885 4500
384.899 4423
384.912 4312
384.926 4207
384.939 4191
384.953 4084
384.966 3979
384.980 3874
384.993 3871
385.007 3783
385.020 3757
385.034 3702
385.047 3534
385.061 3599
385.074 3539
385.088 3367
385.101 3342
385.114 3289
385.128 3344
385.141 3252
385.155 3226
385.168 3233
385.182 3172
385.195 3216
385.209 3193
385.222 3058
385.236 3007
385.249 3050
385.263 2966
385.276 2877
385.290 2850
385.303 2797
385.316 2717
385.330 2760
385.343 2717
385.357 2768
385.370 2709
385.384 2648
385.397 2647
385.411 2562
385.424 2556
385.438 2556
385.451 2533
385.464 2605
385.478 2518
385.491 2540
385.505 2504
385.518 2482
385.532 2484
385.545 2380
385.559 2399
385.572 2417
385.586 2342
385.599 2380
385.612 2374
385.626 2281
385.639 2299
385.653 2358
385.666 2387
385.680 2293
385.693 2203
385.707 2271
385.720 2257
385.734 2235
385.747 2195
385.760 2189
385.774 2209
385.787 2146
385.801 2127
385.814 2092
385.828 2040
385.841 2088
385.855 2050
385.868 2045
385.881 2063
385.895 2036
385.908 1980
385.922 1965
385.935 1974
385.949 1925
385.962 1923
385.976 1932
385.989 1914
386.002 1970
386.016 1956
386.029 1935
386.043 1906
386.056 1920
386.070 1888
386.083 1904
386.097 1861
386.110 1867
386.123 1852
386.137 1887
386.150 1882
386.164 1817
386.177 1838
386.191 1833
386.204 1811
386.217 1791
386.231 1781
386.244 1805
386.258 1757
386.271 1819
386.285 1763
386.298 1775
386.311 1783
386.325 1723
386.338 1716
386.352 1706
386.365 1741
386.379 1697
386.392 1666
386.405 1676
386.419 1684
386.432 1673
386.446 1692
386.459 1668
386.473 1640
386.486 1668
386.499 1640
386.513 1622
386.526 1613
386.540 1605
386.553 1612
386.567 1587
386.580 1611
386.593 1657
386.607 1630
386.620 1644
386.634 1609
386.647 1636
386.661 1538
386.674 1564
386.687 1561
386.701 1545
386.714 1490
386.728 1522
386.741 1516
386.754 1504
386.768 1516
386.781 1515
386.795 1453
386.808 1496
386.822 1481
386.835 1444
386.848 1432
386.862 1449
386.875 1475
386.889 1445
386.902 1420
386.915 1410
386.929 1423
386.942 1444
386.956 1386
386.969 1417
386.983 1392
386.996 1389
387.009 1386
387.023 1386
387.036 1396
387.050 1389
387.063 1416
387.076 1353
387.090 1337
387.103 1376
387.117 1331
387.130 1355
387.143 1340
387.157 1395
387.170 1374
387.184 1352
387.197 1332
387.210 1328
387.224 1331
387.237 1309
387.251 1316
387.264 1277
387.278 1309
387.291 1297
387.304 1273
387.318 1302
387.331 1258
387.345 1304
387.358 1260
387.371 1270
387.385 1295
387.398 1227
387.412 1227
387.425 1299
387.438 1257
387.452 1224
387.465 1204
387.478 1204
387.492 1229
387.505 1185
387.519 1208
387.532 1235
387.545 1254
387.559 1237
387.572 1184
387.586 1257
387.599 1233
387.612 1240
387.626 1227
387.639 1194
387.653 1209
387.666 1179
387.679 1162
387.693 1161
387.706 1124
387.720 1142
387.733 1148
387.746 1167
387.760 1149
387.773 1154
387.787 1160
387.800 1154
387.813 1125
387.827 1151
387.840 1132
387.853 1148
387.867 1117
387.880 1125
387.894 1129
387.907 1107
387.920 1125
387.934 1158
387.947 1089
387.961 1121
387.974 1089
387.987 1090
388.001 1100
388.014 1076
388.027 1077
388.041 1104
388.054 1089
388.068 1082
388.081 1079
388.094 1089
388.108 1071
388.121 1069
388.134 1049
388.148 1060
388.161 1044
388.175 1038
388.188 1011
388.201 1061
388.215 1036
388.228 1036
388.241 1029
388.255 1033
388.268 1022
388.282 1022
388.295 1028
388.308 1017
388.322 1014
388.335 1010
388.348 1026
388.362 1003
388.375 1035
388.389 1037
388.402 1042
388.415 1051
388.429 1035
388.442 1060
388.455 1032
388.469 1031
388.482 1025
388.495 1038
388.509 1025
388.522 1006
388.536 1041
388.549 1003
388.562 1000
388.576 999
388.589 1013
388.602 997
388.616 998
388.629 1010
388.642 994
388.656 1004
388.669 992
388.683 987
388.696 971
388.709 987
388.723 976
388.736 1017
388.749 966
388.763 979
388.776 994
388.789 974
388.803 972
388.816 978
388.829 976
388.843 970
388.856 931
388.870 975
388.883 981
388.896 947
388.910 931
388.923 998
388.936 954
388.950 985
388.963 962
388.976 979
388.990 958
389.003 961
389.016 972
389.030 954
389.043 982
389.056 944
389.070 963
389.083 937
389.097 951
389.110 969
389.123 959
389.137 940
389.150 933
389.163 940
389.177 956
389.190 934
389.203 964
389.217 935
389.230 924
389.243 919
389.257 914
389.270 918
389.283 935
389.297 912
389.310 908
389.323 935
389.337 929
389.350 899
389.363 929
389.377 907
389.390 918
389.403 916
389.417 876
389.430 909
389.443 921
389.457 902
389.470 927
389.483 900
389.497 926
389.510 927
389.523 912
389.537 889
389.550 908
389.563 910
389.577 903
389.590 880
389.603 902
389.617 852
389.630 874
389.643 864
389.657 902
389.670 900
389.683 890
389.697 869
389.710 862
389.723 871
389.737 884
389.750 884
389.763 879
389.777 866
389.790 868
389.803 873
389.817 853
389.830 874
389.843 869
389.857 864
389.870 843
389.883 842
389.897 855
389.910 844
389.923 872
389.937 866
389.950 837
389.963 860
389.977 847
389.990 867
390.003 838
390.017 855
390.030 843
390.043 837
390.057 843
390.070 817
390.083 816
390.096 833
390.110 839
390.123 822
390.136 831
390.150 816
390.163 809
390.176 815
390.190 815
390.203 797
390.216 788
390.230 796
390.243 810
390.256 772
390.270 802
390.283 800
390.296 783
390.310 789
390.323 788
390.336 789
390.349 795
390.363 789
390.376 797
390.389 789
390.403 796
390.416 800
390.429 782
390.443 794
390.456 772
390.469 788
390.483 771
390.496 770
390.509 770
390.522 768
390.536 761
390.549 780
390.562 778
390.576 772
390.589 778
390.602 764
390.616 768
390.629 756
390.642 753
390.655 730
390.669 759
390.682 756
390.695 762
390.709 758
390.722 738
390.735 758
390.749 748
390.762 737
390.775 732
390.788 745
390.802 737
390.815 734
390.828 736
390.842 744
390.855 741
390.868 747
390.882 728
390.895 721
390.908 739
390.921 729
390.935 732
390.948 728
390.961 736
390.975 731
390.988 709
391.001 718
391.014 708
391.028 724
391.041 727
391.054 719
391.068 711
391.081 732
391.094 724
391.107 728
391.121 709
391.134 719
391.147 708
391.161 699
391.174 723
391.187 712
391.200 707
391.214 704
391.227 713
391.240 699
391.254 709
391.267 704
391.280 702
391.293 690
391.307 702
391.320 699
391.333 708
391.347 701
391.360 700
391.373 702
391.386 708
391.400 700
391.413 689
391.426 697
391.440 707
391.453 705
391.466 699
391.479 696
391.493 674
391.506 695
391.519 693
391.532 682
391.546 698
391.559 698
391.572 701
391.586 696
391.599 696
391.612 702
391.625 688
391.639 693
391.652 700
391.665 705
391.678 690
391.692 697
391.705 694
391.718 695
391.732 699
391.745 679
391.758 698
391.771 691
391.785 680
391.798 676
391.811 697
391.824 676
391.838 680
391.851 696
391.864 691
391.877 687
391.891 669
391.904 701
391.917 683
391.931 682
391.944 688
391.957 681
391.970 687
391.984 693
391.997 692
392.010 680
392.023 687
392.037 682
392.050 682
392.063 670
392.076 682
392.090 687
392.103 674
392.116 682
392.129 674
392.143 684
392.156 680
392.169 675
392.182 679
392.196 685
392.209 686
392.222 681
392.235 672
392.249 687
392.262 671
392.275 671
392.288 683
392.302 670
392.315 684
392.328 678
392.341 675
392.355 676
392.368 674
392.381 684
392.394 676
392.408 669
392.421 677
392.434 683
392.447 671
392.461 691
392.474 672
392.487 675
392.500 675
392.514 680
392.527 676
392.540 670
392.553 674
392.567 666
392.580 683
392.593 665
392.606 660
392.620 666
392.633 683
392.646 672
392.659 678
392.673 675
392.686 677
392.699 667
392.712 682
392.726 668
392.739 657
392.752 669
392.765 675
392.778 660
392.792 665
392.805 667
392.818 664
392.831 663
392.845 672
392.858 676
392.871 676
392.884 672
392.898 664
392.911 666
392.924 672
392.937 670
392.951 674
392.964 665
392.977 669
392.990 674
393.003 665
393.017 669
393.030 662
393.043 676
393.056 675
393.070 674
393.083 658
393.096 666
393.109 670
393.122 668
393.136 659
393.149 668
393.162 669
393.175 662
393.189 674
393.202 662
393.215 668
393.228 667
393.242 667
393.255 661
393.268 669
393.281 659
393.294 675
393.308 666
393.321 656
393.334 665
393.347 656
393.360 659
393.374 661
393.387 661
393.400 663
393.413 656
393.427 659
393.440 665
393.453 660
393.466 659
393.479 657
393.493 675
393.506 659
393.519 651
393.532 660
393.546 670
393.559 647
393.572 664
393.585 662
393.598 653
393.612 659
393.625 658
393.638 653
393.651 657
393.664 663
393.678 650
393.691 657
393.704 654
393.717 655
393.730 658
393.744 659
393.757 660
393.770 650
393.783 674
393.796 655
393.810 665
393.823 655
393.836 664
393.849 660
393.863 650
393.876 663
393.889 664
393.902 649
393.915 660
393.929 659
