375.891 826
375.905 820
375.919 829
375.933 825
375.946 841
375.960 845
375.974 816
375.987 840
376.001 829
376.015 857
376.029 848
376.042 853
376.056 870
376.070 855
376.084 874
376.097 872
376.111 867
376.125 889
376.139 858
376.152 893
376.166 881
376.180 911
376.193 880
376.207 915
376.221 892
376.235 884
376.248 890
376.262 899
376.276 923
376.290 929
376.303 919
376.317 909
376.331 921
376.345 920
376.358 948
376.372 919
376.386 951
376.399 943
376.413 943
376.427 914
376.441 966
376.454 959
376.468 974
376.482 964
376.495 941
376.509 971
376.523 971
376.537 985
376.550 1005
376.564 1001
376.578 1003
376.592 1018
376.605 1007
376.619 1017
376.633 1002
376.646 1008
376.660 1025
376.674 1041
376.688 1033
376.701 1034
376.715 1040
376.729 1074
376.742 1056
376.756 1076
376.770 1074
376.784 1054
376.797 1076
376.811 1052
376.825 1093
376.838 1112
376.852 1121
376.866 1087
376.880 1097
376.893 1108
376.907 1124
376.921 1105
376.934 1130
376.948 1113
376.962 1125
376.976 1144
376.989 1159
377.003 1143
377.017 1173
377.030 1191
377.044 1196
377.058 1206
377.071 1232
377.085 1184
377.099 1196
377.113 1200
377.126 1234
377.140 1216
377.154 1197
377.167 1200
377.181 1221
377.195 1255
377.208 1252
377.222 1260
377.236 1262
377.250 1252
377.263 1291
377.277 1266
377.291 1296
377.304 1309
377.318 1299
377.332 1291
377.345 1269
377.359 1318
377.373 1323
377.387 1296
377.400 1343
377.414 1354
377.428 1306
377.441 1333
377.455 1353
377.469 1371
377.482 1360
377.496 1385
377.510 1395
377.524 1430
377.537 1396
377.551 1410
377.565 1417
377.578 1391
377.592 1364
377.606 1384
377.619 1411
377.633 1425
377.647 1394
377.660 1402
377.674 1440
377.688 1426
377.701 1437
377.715 1426
377.729 1469
377.743 1481
377.756 1423
377.770 1475
377.784 1456
377.797 1466
377.811 1467
377.825 1457
377.838 1437
377.852 1515
377.866 1490
377.879 1505
377.893 1518
377.907 1499
377.920 1524
377.934 1521
377.948 1497
377.961 1497
377.975 1505
377.989 1515
378.002 1539
378.016 1511
378.030 1525
378.044 1517
378.057 1530
378.071 1525
378.085 1542
378.098 1540
378.112 1523
378.126 1541
378.139 1546
378.153 1489
378.167 1536
378.180 1588
378.194 1570
378.208 1578
378.221 1591
378.235 1558
378.249 1589
378.262 1578
378.276 1575
378.290 1581
378.303 1588
378.317 1594
378.331 1595
378.344 1557
378.358 1595
378.372 1641
378.385 1576
378.399 1617
378.413 1610
378.426 1665
378.440 1638
378.454 1637
378.467 1633
378.481 1672
378.495 1624
378.508 1624
378.522 1643
378.536 1601
378.549 1688
378.563 1664
378.577 1672
378.590 1649
378.604 1684
378.618 1646
378.631 1676
378.645 1707
378.659 1745
378.672 1702
378.686 1746
378.700 1725
378.713 1796
378.727 1793
378.740 1755
378.754 1790
378.768 1804
378.781 1797
378.795 1777
378.809 1823
378.822 1862
378.836 1795
378.850 1797
378.863 1745
378.877 1796
378.891 1838
378.904 1841
378.918 1816
378.932 1836
378.945 1794
378.959 1788
378.973 1846
378.986 1824
379.000 1856
379.014 1857
379.027 1843
379.041 1846
379.054 1874
379.068 1876
379.082 1867
379.095 1842
379.109 1884
379.123 1928
379.136 1872
379.150 1898
379.164 1910
379.177 1869
379.191 1899
379.205 1906
379.218 1927
379.232 1979
379.245 1966
379.259 1973
379.273 1969
379.286 1964
379.300 2005
379.314 2002
379.327 2039
379.341 2013
379.355 1988
379.368 2031
379.382 2085
379.396 2059
379.409 2085
379.423 2127
379.436 2137
379.450 2156
379.464 2181
379.477 2208
379.491 2189
379.505 2218
379.518 2213
379.532 2204
379.546 2249
379.559 2296
379.573 2258
379.586 2320
379.600 2275
379.614 2361
379.627 2383
379.641 2386
379.655 2402
379.668 2394
379.682 2466
379.695 2425
379.709 2450
379.723 2439
379.736 2558
379.750 2611
379.764 2634
379.777 2669
379.791 2690
379.804 2720
379.818 2755
379.832 2713
379.845 2682
379.859 2681
379.873 2747
379.886 2778
379.900 2745
379.913 2866
379.927 2856
379.941 2914
379.954 2980
379.968 3063
379.982 3004
379.995 3038
380.009 3069
380.022 3050
380.036 3189
380.050 3151
380.063 3269
380.077 3397
380.090 3406
380.104 3479
380.118 3463
380.131 3505
380.145 3573
380.159 3595
380.172 3659
380.186 3746
380.199 3786
380.213 3839
380.227 3939
380.240 3895
380.254 3806
380.267 3894
380.281 3915
380.295 4023
380.308 3996
380.322 4152
380.336 4194
380.349 4233
380.363 4265
380.376 4374
380.390 4496
380.404 4538
380.417 4507
380.431 4524
380.444 4652
380.458 4658
380.472 4644
380.485 4740
380.499 4883
380.512 4891
380.526 4939
380.540 4965
380.553 5028
380.567 5080
380.580 5213
380.594 5287
380.608 5482
380.621 5622
380.635 5571
380.648 5736
380.662 5651
380.676 5774
380.689 5861
380.703 5749
380.716 6014
380.730 6143
380.744 6168
380.757 6316
380.771 6454
380.784 6472
380.798 6570
380.812 6669
380.825 6673
380.839 6742
380.852 7075
380.866 7172
380.880 7202
380.893 7266
380.907 7222
380.920 7268
380.934 7414
380.948 7445
380.961 7507
380.975 7634
380.988 7730
381.002 7661
381.015 7762
381.029 7769
381.043 7928
381.056 7939
381.070 8168
381.083 8151
381.097 8194
381.111 8414
381.124 8432
381.138 8688
381.151 8551
381.165 8677
381.179 8786
381.192 8741
381.206 8698
381.219 8798
381.233 8860
381.246 8892
381.260 9020
381.274 9128
381.287 9210
381.301 9255
381.314 9473
381.328 9432
381.341 9509
381.355 9537
381.369 9570
381.382 9704
381.396 9826
381.409 9944
381.423 10164
381.437 10332
381.450 10137
381.464 10299
381.477 10511
381.491 10722
381.504 10639
381.518 10622
381.532 10642
381.545 11087
381.559 11043
381.572 11267
381.586 11154
381.599 11339
381.613 11359
381.627 11415
381.640 11529
381.654 11614
381.667 11628
381.681 11776
381.694 11876
381.708 11706
381.722 11486
381.735 11649
381.749 11782
381.762 11675
381.776 11922
381.789 11976
381.803 11869
381.817 12036
381.830 12103
381.844 12089
381.857 12226
381.871 12453
381.884 12326
381.898 12379
381.911 12550
381.925 12693
381.939 12600
381.952 12864
381.966 12940
381.979 12842
381.993 13259
382.006 13486
382.020 13514
382.034 13612
382.047 13580
382.061 13368
382.074 13359
382.088 13493
382.101 13469
382.115 13737
382.128 13669
382.142 14086
382.156 14485
382.169 14514
382.183 14492
382.196 14495
382.210 14461
382.223 14471
382.237 14508
382.250 14636
382.264 14780
382.278 14878
382.291 15147
382.305 15322
382.318 15577
382.332 15438
382.345 15180
382.359 15345
382.372 15187
382.386 15251
382.399 15452
382.413 15419
382.427 15516
382.440 15593
382.454 15785
382.467 16094
382.481 16502
382.494 16719
382.508 17078
382.521 16994
382.535 17014
382.548 16962
382.562 16900
382.576 17047
382.589 17155
382.603 17084
382.616 17271
382.630 17581
382.643 17682
382.657 17741
382.670 18076
382.684 18266
382.697 17827
382.711 18182
382.724 18255
382.738 18364
382.752 18349
382.765 18455
382.779 18822
382.792 18825
382.806 18903
382.819 19083
382.833 19378
382.846 19355
382.860 19498
382.873 19691
382.887 19824
382.900 20125
382.914 20213
382.928 20444
382.941 20595
382.955 20754
382.968 20980
382.982 21303
382.995 21306
383.009 21293
383.022 21504
383.036 21682
383.049 21742
383.063 22087
383.076 22076
383.090 21908
383.103 21958
383.117 22220
383.130 22594
383.144 22642
383.158 22838
383.171 23044
383.185 23132
383.198 23271
383.212 23590
383.225 23780
383.239 24215
383.252 24683
383.266 24562
383.279 24529
383.293 24738
383.306 24856
383.320 25308
383.333 25709
383.347 26093
383.360 25861
383.374 25721
383.387 25936
383.401 26210
383.414 26111
383.428 25909
383.441 25950
383.455 26217
383.468 25959
383.482 26390
383.496 26987
383.509 27029
383.523 27130
383.536 27092
383.550 26905
383.563 27140
383.577 27232
383.590 27782
383.604 27584
383.617 27333
383.631 27305
383.644 27030
383.658 27154
383.671 27041
383.685 27286
383.698 27635
383.712 27694
383.725 27815
383.739 27457
383.752 27245
383.766 27410
383.779 27362
383.793 27317
383.806 27465
383.820 27835
383.833 27911
383.847 27673
383.860 28183
383.874 28290
383.887 27374
383.901 27303
383.914 27852
383.928 27680
383.941 27611
383.955 27124
383.968 27115
383.982 26905
383.995 27125
384.009 26997
384.022 26768
384.036 26775
384.049 26604
384.063 26889
384.076 27297
384.090 27382
384.103 27481
384.117 27506
384.130 27112
384.144 26145
384.157 25746
384.171 25485
384.184 25448
384.198 25234
384.211 24748
384.225 24947
384.238 25027
384.252 24937
384.265 24707
384.279 24357
384.292 24128
384.306 23857
384.319 23369
384.333 22821
384.346 22393
384.360 22010
384.373 21442
384.387 21180
384.400 21140
384.414 20507
384.427 20277
384.441 19800
384.454 19299
384.468 18949
384.481 18583
384.495 18160
384.508 17753
384.522 17396
384.535 16902
384.549 16524
384.562 16105
384.575 15721
384.589 15605
384.602 15376
384.616 14975
384.629 14677
384.643 14226
384.656 13899
384.670 13301
384.683 12812
384.697 12583
384.710 12163
384.724 11723
384.737 11526
384.751 11100
384.764 10789
384.778 10566
384.791 10335
384.805 10147
384.818 9791
384.832 9368
384.845 9129
384.859 8887
384.872 8570
384.885 8282
384.899 8014
384.912 7696
384.926 7473
384.939 7378
384.953 7237
384.966 6996
384.980 6935
384.993 6732
385.007 6689
385.020 6442
385.034 6288
385.047 6101
385.061 5927
385.074 5735
385.088 5749
385.101 5590
385.114 5499
385.128 5426
385.141 5287
385.155 5180
385.168 5234
385.182 5134
385.195 5153
385.209 5070
385.222 4918
385.236 4857
385.249 4772
385.263 4701
385.276 4556
385.290 4430
385.303 4320
385.316 4379
385.330 4314
385.343 4224
385.357 4133
385.370 4066
385.384 4126
385.397 4013
385.411 3932
385.424 3961
385.438 3830
385.451 3721
385.464 3855
385.478 3710
385.491 3735
385.505 3724
385.518 3670
385.532 3623
385.545 3547
385.559 3462
385.572 3531
385.586 3465
385.599 3412
385.612 3468
385.626 3410
385.639 3342
385.653 3368
385.666 3410
385.680 3385
385.693 3352
385.707 3286
385.720 3203
385.734 3228
385.747 3188
385.760 3178
385.774 3102
385.787 3132
385.801 3003
385.814 2975
385.828 2953
385.841 2969
385.855 2926
385.868 2852
385.881 2914
385.895 2806
385.908 2862
385.922 2837
385.935 2777
385.949 2844
385.962 2750
385.976 2798
385.989 2756
386.002 2797
386.016 2775
386.029 2761
386.043 2675
386.056 2717
386.070 2658
386.083 2625
386.097 2614
386.110 2626
386.123 2615
386.137 2595
386.150 2620
386.164 2546
386.177 2543
386.191 2545
386.204 2574
386.217 2505
386.231 2472
386.244 2442
386.258 2498
386.271 2503
386.285 2403
386.298 2491
386.311 2413
386.325 2412
386.338 2346
386.352 2368
386.365 2383
386.379 2328
386.392 2306
386.405 2302
386.419 2305
386.432 2306
386.446 2345
386.459 2293
386.473 2308
386.486 2282
386.499 2224
386.513 2220
386.526 2249
386.540 2249
386.553 2179
386.567 2154
386.580 2184
386.593 2257
386.607 2224
386.620 2233
386.634 2167
386.647 2180
386.661 2134
386.674 2103
386.687 2101
386.701 2095
386.714 2100
386.728 2101
386.741 2058
386.754 2065
386.768 2065
386.781 2047
386.795 2034
386.808 2003
386.822 1983
386.835 1981
386.848 1990
386.862 1955
386.875 1923
386.889 1892
386.902 1929
386.915 1943
386.929 1888
386.942 1957
386.956 1851
386.969 1884
386.983 1877
386.996 1880
387.009 1863
387.023 1850
387.036 1854
387.050 1874
387.063 1827
387.076 1838
387.090 1790
387.103 1795
387.117 1828
387.130 1806
387.143 1818
387.157 1800
387.170 1803
387.184 1761
387.197 1779
387.210 1770
387.224 1771
387.237 1727
387.251 1718
387.264 1684
387.278 1692
387.291 1719
387.304 1653
387.318 1697
387.331 1677
387.345 1705
387.358 1675
387.371 1644
387.385 1643
387.398 1641
387.412 1616
387.425 1600
387.438 1598
387.452 1552
387.465 1535
387.478 1522
387.492 1556
387.505 1564
387.519 1529
387.532 1553
387.545 1563
387.559 1571
387.572 1536
387.586 1565
387.599 1511
387.612 1535
387.626 1525
387.639 1493
387.653 1494
387.666 1490
387.679 1433
387.693 1442
387.706 1398
387.720 1403
387.733 1409
387.746 1424
387.760 1427
387.773 1420
387.787 1388
387.800 1402
387.813 1422
387.827 1410
387.840 1366
387.853 1380
387.867 1343
387.880 1369
387.894 1379
387.907 1400
387.920 1397
387.934 1325
387.947 1351
387.961 1353
387.974 1330
387.987 1309
388.001 1312
388.014 1287
388.027 1301
388.041 1282
388.054 1275
388.068 1311
388.081 1262
388.094 1295
388.108 1295
388.121 1258
388.134 1255
388.148 1246
388.161 1244
388.175 1241
388.188 1223
388.201 1231
388.215 1181
388.228 1200
388.241 1219
388.255 1226
388.268 1206
388.282 1223
388.295 1228
388.308 1235
388.322 1194
388.335 1218
388.348 1206
388.362 1189
388.375 1200
388.389 1214
388.402 1213
388.415 1229
388.429 1207
388.442 1217
388.455 1183
388.469 1203
388.482 1223
388.495 1215
388.509 1243
388.522 1190
388.536 1202
388.549 1210
388.562 1174
388.576 1175
388.589 1160
388.602 1181
388.616 1148
388.629 1126
388.642 1194
388.656 1153
388.669 1159
388.683 1162
388.696 1152
388.709 1186
388.723 1172
388.736 1154
388.749 1146
388.763 1155
388.776 1135
388.789 1162
388.803 1150
388.816 1140
388.829 1137
388.843 1152
388.856 1132
388.870 1111
388.883 1143
388.896 1135
388.910 1129
388.923 1132
388.936 1164
388.950 1140
388.963 1148
388.976 1128
388.990 1144
389.003 1124
389.016 1122
389.030 1129
389.043 1135
389.056 1129
389.070 1133
389.083 1119
389.097 1123
389.110 1102
389.123 1110
389.137 1116
389.150 1101
389.163 1113
389.177 1116
389.190 1106
389.203 1101
389.217 1101
389.230 1092
389.243 1092
389.257 1076
389.270 1094
389.283 1107
389.297 1100
389.310 1092
389.323 1080
389.337 1100
389.350 1077
389.363 1090
389.377 1076
389.390 1096
389.403 1068
389.417 1071
389.430 1088
389.443 1054
389.457 1064
389.470 1056
389.483 1082
389.497 1074
389.510 1077
389.523 1066
389.537 1093
389.550 1074
389.563 1050
389.577 1053
389.590 1044
389.603 1038
389.617 1023
389.630 1032
389.643 1020
389.657 1028
389.670 1023
389.683 1037
389.697 1036
389.710 1030
389.723 1041
389.737 1011
389.750 1022
389.763 1031
389.777 1023
389.790 1013
389.803 1014
389.817 1032
389.830 994
389.843 1020
389.857 1003
389.870 1000
389.883 980
389.897 976
389.910 980
389.923 998
389.937 996
389.950 999
389.963 983
389.977 970
389.990 985
390.003 976
390.017 984
390.030 983
390.043 989
390.057 968
390.070 968
390.083 955
390.096 967
390.110 946
390.123 949
390.136 936
390.150 937
390.163 923
390.176 942
390.190 952
390.203 932
390.216 935
390.230 935
390.243 905
390.256 920
390.270 917
390.283 918
390.296 883
390.310 882
390.323 904
390.336 893
390.349 895
390.363 896
390.376 886
390.389 916
390.403 899
390.416 891
390.429 900
390.443 900
390.456 873
390.469 871
390.483 876
390.496 840
390.509 866
390.522 839
390.536 842
390.549 865
390.562 848
390.576 852
390.589 856
390.602 848
390.616 849
390.629 836
390.642 829
390.655 843
390.669 832
390.682 830
390.695 833
390.709 835
390.722 828
390.735 818
390.749 821
390.762 812
390.775 812
390.788 816
390.802 823
390.815 816
390.828 803
390.842 803
390.855 791
390.868 785
390.882 808
390.895 800
390.908 802
390.921 791
390.935 777
390.948 792
390.961 796
390.975 779
390.988 787
391.001 781
391.014 768
391.028 780
391.041 771
391.054 772
391.068 772
391.081 763
391.094 769
391.107 767
391.121 755
391.134 772
391.147 772
391.161 773
391.174 756
391.187 754
391.200 759
391.214 752
391.227 754
391.240 751
391.254 758
391.267 749
391.280 722
391.293 729
391.307 741
391.320 744
391.333 748
391.347 745
391.360 738
391.373 741
391.386 743
391.400 731
391.413 746
391.426 730
391.440 730
391.453 734
391.466 733
391.479 738
391.493 735
391.506 738
391.519 739
391.532 742
391.546 738
391.559 718
391.572 723
391.586 731
391.599 725
391.612 729
391.625 726
391.639 720
391.652 733
391.665 728
391.678 731
391.692 725
391.705 716
391.718 723
391.732 725
391.745 715
391.758 740
391.771 713
391.785 716
391.798 704
391.811 726
391.824 715
391.838 723
391.851 722
391.864 728
391.877 719
391.891 714
391.904 703
391.917 719
391.931 710
391.944 719
391.957 713
391.970 708
391.984 695
391.997 722
392.010 711
392.023 701
392.037 726
392.050 705
392.063 720
392.076 706
392.090 709
392.103 723
392.116 709
392.129 699
392.143 713
392.156 697
392.169 722
392.182 707
392.196 718
392.209 710
392.222 697
392.235 697
392.249 690
392.262 690
392.275 697
392.288 701
392.302 694
392.315 702
392.328 705
392.341 700
392.355 706
392.368 698
392.381 710
392.394 706
392.408 688
392.421 703
392.434 692
392.447 716
392.461 698
392.474 693
392.487 702
392.500 700
392.514 705
392.527 696
392.540 687
392.553 701
392.567 697
392.580 706
392.593 704
392.606 695
392.620 699
392.633 695
392.646 680
392.659 700
392.673 696
392.686 702
392.699 694
392.712 690
392.726 698
392.739 690
392.752 694
392.765 705
392.778 697
392.792 689
392.805 701
392.818 688
392.831 689
392.845 700
392.858 706
392.871 692
392.884 694
392.898 696
392.911 690
392.924 701
392.937 692
392.951 685
392.964 699
392.977 695
392.990 688
393.003 692
393.017 681
393.030 695
393.043 688
393.056 691
393.070 680
393.083 686
393.096 688
393.109 681
393.122 689
393.136 687
393.149 700
393.162 676
393.175 688
393.189 698
393.202 704
393.215 684
393.228 677
393.242 678
393.255 683
393.268 688
393.281 680
393.294 679
393.308 683
393.321 686
393.334 674
393.347 686
393.360 676
393.374 684
393.387 686
393.400 681
393.413 689
393.427 683
393.440 680
393.453 687
393.466 670
393.479 672
393.493 681
393.506 682
393.519 667
393.532 689
393.546 678
393.559 685
393.572 681
393.585 681
393.598 686
393.612 679
393.625 689
393.638 669
393.651 689
393.664 683
393.678 687
393.691 676
393.704 681
393.717 666
393.730 668
393.744 670
393.757 672
393.770 678
393.783 682
393.796 681
393.810 673
393.823 676
393.836 679
393.849 679
393.863 674
393.876 680
393.889 679
393.902 675
393.915 675
393.929 680
