375.891 852
375.905 859
375.919 856
375.933 880
375.946 860
375.960 882
375.974 896
375.987 876
376.001 864
376.015 875
376.029 886
376.042 895
376.056 896
376.070 913
376.084 910
376.097 911
376.111 908
376.125 905
376.139 921
376.152 943
376.166 913
376.180 947
376.193 943
376.207 949
376.221 962
376.235 953
376.248 953
376.262 952
376.276 950
376.290 972
376.303 976
376.317 974
376.331 964
376.345 972
376.358 978
376.372 994
376.386 979
376.399 992
376.413 1008
376.427 999
376.441 1010
376.454 998
376.468 1013
376.482 1035
376.495 1053
376.509 1041
376.523 1047
376.537 1049
376.550 1049
376.564 1071
376.578 1060
376.592 1074
376.605 1074
376.619 1079
376.633 1087
376.646 1083
376.660 1058
376.674 1081
376.688 1096
376.701 1089
376.715 1067
376.729 1138
376.742 1123
376.756 1139
376.770 1139
376.784 1133
376.797 1150
376.811 1145
376.825 1134
376.838 1186
376.852 1172
376.866 1201
376.880 1165
376.893 1133
376.907 1181
376.921 1181
376.934 1193
376.948 1232
376.962 1215
376.976 1222
376.989 1249
377.003 1222
377.017 1221
377.030 1256
377.044 1301
377.058 1263
377.071 1269
377.085 1290
377.099 1278
377.113 1297
377.126 1283
377.140 1302
377.154 1279
377.167 1316
377.181 1343
377.195 1326
377.208 1356
377.222 1325
377.236 1340
377.250 1338
377.263 1360
377.277 1359
377.291 1415
377.304 1422
377.318 1423
377.332 1425
377.345 1405
377.359 1432
377.373 1422
377.387 1425
377.400 1405
377.414 1430
377.428 1433
377.441 1437
377.455 1411
377.469 1428
377.482 1473
377.496 1437
377.510 1472
377.524 1502
377.537 1532
377.551 1521
377.565 1493
377.578 1487
377.592 1456
377.606 1524
377.619 1521
377.633 1476
377.647 1498
377.660 1508
377.674 1516
377.688 1496
377.701 1515
377.715 1546
377.729 1582
377.743 1494
377.756 1539
377.770 1543
377.784 1571
377.797 1594
377.811 1567
377.825 1569
377.838 1601
377.852 1578
377.866 1552
377.879 1649
377.893 1598
377.907 1610
377.920 1664
377.934 1610
377.948 1596
377.961 1589
377.975 1635
377.989 1642
378.002 1687
378.016 1593
378.030 1620
378.044 1609
378.057 1650
378.071 1655
378.085 1690
378.098 1627
378.112 1628
378.126 1631
378.139 1660
378.153 1675
378.167 1675
378.180 1685
378.194 1681
378.208 1610
378.221 1703
378.235 1704
378.249 1692
378.262 1692
378.276 1670
378.290 1714
378.303 1692
378.317 1678
378.331 1668
378.344 1695
378.358 1687
378.372 1725
378.385 1750
378.399 1739
378.413 1759
378.426 1735
378.440 1806
378.454 1749
378.467 1801
378.481 1733
378.495 1762
378.508 1729
378.522 1721
378.536 1784
378.549 1764
378.563 1792
378.577 1789
378.590 1769
378.604 1800
378.618 1769
378.631 1831
378.645 1834
378.659 1828
378.672 1822
378.686 1842
378.700 1891
378.713 1852
378.727 1938
378.740 1886
378.754 1868
378.768 1888
378.781 1886
378.795 1892
378.809 1909
378.822 1936
378.836 1897
378.850 1848
378.863 1892
378.877 1958
378.891 1910
378.904 1939
378.918 1968
378.932 1959
378.945 2000
378.959 1914
378.973 1950
378.986 1960
379.000 1999
379.014 1973
379.027 1983
379.041 2012
379.054 1954
379.068 2014
379.082 1952
379.095 2003
379.109 2021
379.123 2026
379.136 1992
379.150 1989
379.164 2119
379.177 2013
379.191 2047
379.205 2064
379.218 2138
379.232 2147
379.245 2160
379.259 2148
379.273 2161
379.286 2132
379.300 2146
379.314 2195
379.327 2129
379.341 2214
379.355 2205
379.368 2211
379.382 2228
379.396 2168
379.409 2169
379.423 2214
379.436 2328
379.450 2277
379.464 2319
379.477 2333
379.491 2339
379.505 2359
379.518 2402
379.532 2385
379.546 2412
379.559 2434
379.573 2417
379.586 2494
379.600 2418
379.614 2508
379.627 2561
379.641 2526
379.655 2575
379.668 2620
379.682 2546
379.695 2533
379.709 2677
379.723 2656
379.736 2743
379.750 2817
379.764 2856
379.777 2872
379.791 2909
379.804 2947
379.818 2881
379.832 2893
379.845 2884
379.859 2896
379.873 2949
379.886 2941
379.900 2964
379.913 3056
379.927 3100
379.941 3102
379.954 3202
379.968 3252
379.982 3207
379.995 3269
380.009 3297
380.022 3367
380.036 3364
380.050 3417
380.063 3427
380.077 3617
380.090 3689
380.104 3687
380.118 3759
380.131 3877
380.145 3832
380.159 3911
380.172 3887
380.186 3974
380.199 4054
380.213 4126
380.227 4196
380.240 4182
380.254 4244
380.267 4202
380.281 4243
380.295 4346
380.308 4425
380.322 4438
380.336 4529
380.349 4598
380.363 4657
380.376 4773
380.390 4636
380.404 4872
380.417 4958
380.431 4999
380.444 5055
380.458 5027
380.472 5121
380.485 5183
380.499 5245
380.512 5394
380.526 5374
380.540 5456
380.553 5453
380.567 5621
380.580 5565
380.594 5763
380.608 5900
380.621 6014
380.635 6114
380.648 6199
380.662 6220
380.676 6282
380.689 6339
380.703 6401
380.716 6485
380.730 6569
380.744 6671
380.757 6828
380.771 6898
380.784 7024
380.798 7012
380.812 7090
380.825 7178
380.839 7257
380.852 7497
380.866 7700
380.880 7813
380.893 7766
380.907 7813
380.920 7862
380.934 7968
380.948 8178
380.961 8179
380.975 8233
380.988 8473
381.002 8291
381.015 8403
381.029 8538
381.043 8651
381.056 8750
381.070 8676
381.083 8733
381.097 8759
381.111 9082
381.124 9212
381.138 9244
381.151 9280
381.165 9436
381.179 9531
381.192 9530
381.206 9500
381.219 9674
381.233 9604
381.246 9841
381.260 9889
381.274 9787
381.287 9954
381.301 10086
381.314 9989
381.328 10280
381.341 10340
381.355 10382
381.369 10388
381.382 10644
381.396 10687
381.409 10735
381.423 10963
381.437 10995
381.450 11194
381.464 11260
381.477 11446
381.491 11553
381.504 11527
381.518 11498
381.532 11643
381.545 11870
381.559 12204
381.572 12080
381.586 12231
381.599 12256
381.613 12329
381.627 12309
381.640 12410
381.654 12675
381.667 12664
381.681 12646
381.694 12701
381.708 12505
381.722 12347
381.735 12418
381.749 12715
381.762 12773
381.776 12830
381.789 12770
381.803 12966
381.817 12848
381.830 13097
381.844 12965
381.857 13045
381.871 13429
381.884 13460
381.898 13240
381.911 13342
381.925 13465
381.939 13756
381.952 13733
381.966 13541
381.979 13888
381.993 13959
382.006 14206
382.020 14243
382.034 14402
382.047 14291
382.061 14258
382.074 14271
382.088 14241
382.101 14464
382.115 14578
382.128 14448
382.142 14818
382.156 15272
382.169 15228
382.183 15265
382.196 15246
382.210 15177
382.223 15342
382.237 15431
382.250 15314
382.264 15507
382.278 15687
382.291 15710
382.305 15874
382.318 16264
382.332 16155
382.345 15862
382.359 15687
382.372 15837
382.386 15903
382.399 15847
382.413 16044
382.427 16056
382.440 16250
382.454 16354
382.467 16379
382.481 16686
382.494 17032
382.508 17268
382.521 17349
382.535 17269
382.548 17204
382.562 17263
382.576 17412
382.589 17389
382.603 17578
382.616 17711
382.630 17716
382.643 17937
382.657 18079
382.670 18171
382.684 18220
382.697 17944
382.711 18201
382.724 18415
382.738 18445
382.752 18412
382.765 18566
382.779 18616
382.792 18728
382.806 18824
382.819 18934
382.833 18999
382.846 19103
382.860 19276
382.873 19541
382.887 19472
382.900 19480
382.914 19805
382.928 19981
382.941 20268
382.955 20314
382.968 20534
382.982 20592
382.995 20591
383.009 20789
383.022 20991
383.036 21030
383.049 20790
383.063 20964
383.076 21205
383.090 21058
383.103 21110
383.117 21206
383.130 21368
383.144 21581
383.158 21749
383.171 21675
383.185 21853
383.198 22038
383.212 22148
383.225 22589
383.239 22693
383.252 23050
383.266 23142
383.279 23216
383.293 23092
383.306 23277
383.320 23390
383.333 23917
383.347 24202
383.360 23970
383.374 23597
383.387 24069
383.401 23958
383.414 23811
383.428 23861
383.441 23858
383.455 23856
383.468 23932
383.482 24014
383.496 24493
383.509 24571
383.523 24208
383.536 24478
383.550 24387
383.563 24328
383.577 24581
383.590 24639
383.604 24511
383.617 24372
383.631 24302
383.644 23944
383.658 24046
383.671 23848
383.685 24260
383.698 24195
383.712 24410
383.725 24504
383.739 23934
383.752 23868
383.766 23926
383.779 23773
383.793 23652
383.806 23749
383.820 24268
383.833 23896
383.847 24108
383.860 24024
383.874 23905
383.887 23389
383.901 23338
383.914 23394
383.928 23479
383.941 23233
383.955 22930
383.968 22932
383.982 22845
383.995 22671
384.009 22596
384.022 22491
384.036 22589
384.049 22042
384.063 22204
384.076 22371
384.090 22519
384.103 22698
384.117 22535
384.130 22312
384.144 21281
384.157 21090
384.171 20733
384.184 20478
384.198 20466
384.211 20184
384.225 20051
384.238 20262
384.252 20195
384.265 19921
384.279 19516
384.292 19278
384.306 19132
384.319 18426
384.333 18357
384.346 17753
384.360 17375
384.373 17072
384.387 16784
384.400 16610
384.414 16213
384.427 15935
384.441 15693
384.454 15135
384.468 14855
384.481 14654
384.495 14272
384.508 13964
384.522 13596
384.535 13212
384.549 12838
384.562 12732
384.575 12352
384.589 12150
384.602 11982
384.616 11727
384.629 11431
384.643 11062
384.656 10808
384.670 10419
384.683 10131
384.697 9771
384.710 9428
384.724 9175
384.737 8895
384.751 8650
384.764 8536
384.778 8305
384.791 8113
384.805 7819
384.818 7707
384.832 7420
384.845 7190
384.859 6864
384.872 6806
384.885 6537
384.899 6374
384.912 6269
384.926 6141
384.939 5944
384.953 5847
384.966 5718
384.980 5498
384.993 5404
385.007 5351
385.020 5149
385.034 5038
385.047 4961
385.061 4802
385.074 4743
385.088 4669
385.101 4523
385.114 4482
385.128 4469
385.141 4355
385.155 4263
385.168 4284
385.182 4288
385.195 4233
385.209 4180
385.222 4046
385.236 3954
385.249 3969
385.263 3924
385.276 3809
385.290 3776
385.303 3646
385.316 3582
385.330 3593
385.343 3602
385.357 3564
385.370 3490
385.384 3431
385.397 3410
385.411 3282
385.424 3356
385.438 3247
385.451 3185
385.464 3266
385.478 3235
385.491 3220
385.505 3218
385.518 3151
385.532 3139
385.545 3004
385.559 3025
385.572 3022
385.586 3028
385.599 3002
385.612 3005
385.626 2929
385.639 2904
385.653 2898
385.666 2929
385.680 2936
385.693 2873
385.707 2824
385.720 2828
385.734 2787
385.747 2718
385.760 2666
385.774 2757
385.787 2720
385.801 2679
385.814 2597
385.828 2577
385.841 2557
385.855 2548
385.868 2548
385.881 2506
385.895 2542
385.908 2478
385.922 2456
385.935 2460
385.949 2466
385.962 2382
385.976 2402
385.989 2413
386.002 2388
386.016 2452
386.029 2394
386.043 2326
386.056 2330
386.070 2355
386.083 2300
386.097 2250
386.110 2242
386.123 2324
386.137 2253
386.150 2298
386.164 2234
386.177 2243
386.191 2237
386.204 2230
386.217 2146
386.231 2187
386.244 2223
386.258 2181
386.271 2171
386.285 2274
386.298 2135
386.311 2156
386.325 2121
386.338 2107
386.352 2118
386.365 2112
386.379 2116
386.392 2011
386.405 2019
386.419 2034
386.432 2051
386.446 2074
386.459 2034
386.473 2052
386.486 2005
386.499 1955
386.513 1966
386.526 1979
386.540 1917
386.553 1942
386.567 1920
386.580 1956
386.593 2003
386.607 1970
386.620 1936
386.634 1897
386.647 1931
386.661 1887
386.674 1898
386.687 1915
386.701 1868
386.714 1816
386.728 1862
386.741 1796
386.754 1839
386.768 1814
386.781 1854
386.795 1824
386.808 1757
386.822 1762
386.835 1762
386.848 1745
386.862 1746
386.875 1764
386.889 1679
386.902 1746
386.915 1756
386.929 1699
386.942 1771
386.956 1667
386.969 1670
386.983 1614
386.996 1675
387.009 1647
387.023 1710
387.036 1607
387.050 1629
387.063 1675
387.076 1632
387.090 1602
387.103 1584
387.117 1605
387.130 1579
387.143 1602
387.157 1629
387.170 1632
387.184 1609
387.197 1521
387.210 1616
387.224 1576
387.237 1570
387.251 1531
387.264 1493
387.278 1539
387.291 1570
387.304 1507
387.318 1496
387.331 1499
387.345 1511
387.358 1514
387.371 1507
387.385 1489
387.398 1453
387.412 1450
387.425 1428
387.438 1399
387.452 1413
387.465 1401
387.478 1381
387.492 1407
387.505 1378
387.519 1370
387.532 1413
387.545 1361
387.559 1377
387.572 1432
387.586 1425
387.599 1375
387.612 1372
387.626 1364
387.639 1374
387.653 1380
387.666 1349
387.679 1311
387.693 1304
387.706 1303
387.720 1268
387.733 1292
387.746 1339
387.760 1266
387.773 1335
387.787 1298
387.800 1270
387.813 1278
387.827 1263
387.840 1260
387.853 1252
387.867 1238
387.880 1255
387.894 1304
387.907 1260
387.920 1251
387.934 1249
387.947 1260
387.961 1253
387.974 1249
387.987 1230
388.001 1191
388.014 1222
388.027 1202
388.041 1194
388.054 1185
388.068 1212
388.081 1187
388.094 1201
388.108 1193
388.121 1172
388.134 1210
388.148 1178
388.161 1155
388.175 1174
388.188 1121
388.201 1165
388.215 1177
388.228 1141
388.241 1130
388.255 1150
388.268 1125
388.282 1125
388.295 1154
388.308 1155
388.322 1129
388.335 1139
388.348 1115
388.362 1095
388.375 1126
388.389 1105
388.402 1112
388.415 1100
388.429 1144
388.442 1136
388.455 1123
388.469 1125
388.482 1103
388.495 1111
388.509 1116
388.522 1129
388.536 1124
388.549 1123
388.562 1102
388.576 1103
388.589 1089
388.602 1088
388.616 1101
388.629 1090
388.642 1093
388.656 1104
388.669 1092
388.683 1129
388.696 1127
388.709 1109
388.723 1112
388.736 1116
388.749 1087
388.763 1101
388.776 1080
388.789 1071
388.803 1098
388.816 1098
388.829 1055
388.843 1091
388.856 1057
388.870 1061
388.883 1092
388.896 1080
388.910 1044
388.923 1050
388.936 1061
388.950 1075
388.963 1079
388.976 1056
388.990 1054
389.003 1038
389.016 1089
389.030 1082
389.043 1044
389.056 1049
389.070 1053
389.083 1033
389.097 1056
389.110 1048
389.123 1039
389.137 1050
389.150 1035
389.163 1043
389.177 1020
389.190 1011
389.203 1027
389.217 1042
389.230 1043
389.243 1029
389.257 1033
389.270 1026
389.283 1061
389.297 1017
389.310 1015
389.323 1030
389.337 1024
389.350 997
389.363 1008
389.377 1019
389.390 1009
389.403 1005
389.417 1032
389.430 1007
389.443 1000
389.457 1008
389.470 1040
389.483 993
389.497 1023
389.510 1018
389.523 994
389.537 1001
389.550 1014
389.563 999
389.577 974
389.590 986
389.603 983
389.617 972
389.630 960
389.643 968
389.657 971
389.670 998
389.683 983
389.697 975
389.710 958
389.723 981
389.737 971
389.750 956
389.763 972
389.777 970
389.790 927
389.803 971
389.817 955
389.830 946
389.843 948
389.857 921
389.870 913
389.883 945
389.897 921
389.910 936
389.923 925
389.937 954
389.950 942
389.963 904
389.977 941
389.990 917
390.003 919
390.017 935
390.030 921
390.043 932
390.057 935
390.070 908
390.083 889
390.096 880
390.110 935
390.123 892
390.136 904
390.150 905
390.163 907
390.176 894
390.190 886
390.203 892
390.216 874
390.230 881
390.243 860
390.256 852
390.270 846
390.283 878
390.296 866
390.310 843
390.323 867
390.336 840
390.349 849
390.363 852
390.376 879
390.389 840
390.403 869
390.416 840
390.429 834
390.443 836
390.456 843
390.469 828
390.483 809
390.496 822
390.509 817
390.522 807
390.536 843
390.549 824
390.562 801
390.576 805
390.589 817
390.602 788
390.616 816
390.629 811
390.642 811
390.655 797
390.669 804
390.682 797
390.695 801
390.709 792
390.722 773
390.735 800
390.749 809
390.762 773
390.775 795
390.788 784
390.802 777
390.815 781
390.828 777
390.842 774
390.855 776
390.868 774
390.882 753
390.895 765
390.908 787
390.921 782
390.935 754
390.948 770
390.961 762
390.975 773
390.988 762
391.001 749
391.014 770
391.028 766
391.041 742
391.054 740
391.068 747
391.081 752
391.094 754
391.107 723
391.121 743
391.134 749
391.147 757
391.161 736
391.174 739
391.187 745
391.200 757
391.214 743
391.227 724
391.240 738
391.254 718
391.267 737
391.280 730
391.293 734
391.307 733
391.320 721
391.333 736
391.347 729
391.360 732
391.373 724
391.386 731
391.400 715
391.413 717
391.426 716
391.440 732
391.453 724
391.466 722
391.479 723
391.493 705
391.506 722
391.519 706
391.532 736
391.546 721
391.559 703
391.572 735
391.586 726
391.599 721
391.612 721
391.625 693
391.639 719
391.652 729
391.665 706
391.678 720
391.692 721
391.705 720
391.718 723
391.732 715
391.745 718
391.758 714
391.771 723
391.785 713
391.798 720
391.811 712
391.824 720
391.838 713
391.851 704
391.864 701
391.877 705
391.891 711
391.904 717
391.917 710
391.931 711
391.944 701
391.957 708
391.970 693
391.984 721
391.997 693
392.010 693
392.023 703
392.037 707
392.050 707
392.063 709
392.076 703
392.090 712
392.103 695
392.116 696
392.129 702
392.143 705
392.156 703
392.169 717
392.182 699
392.196 705
392.209 711
392.222 701
392.235 699
392.249 692
392.262 703
392.275 703
392.288 688
392.302 692
392.315 689
392.328 699
392.341 698
392.355 704
392.368 685
392.381 705
392.394 684
392.408 691
392.421 698
392.434 692
392.447 687
392.461 686
392.474 692
392.487 701
392.500 694
392.514 697
392.527 697
392.540 686
392.553 700
392.567 685
392.580 693
392.593 692
392.606 676
392.620 679
392.633 683
392.646 694
392.659 682
392.673 701
392.686 700
392.699 695
392.712 702
392.726 686
392.739 688
392.752 687
392.765 694
392.778 684
392.792 681
392.805 691
392.818 692
392.831 681
392.845 691
392.858 676
392.871 685
392.884 690
392.898 694
392.911 696
392.924 687
392.937 694
392.951 694
392.964 680
392.977 686
392.990 675
393.003 701
393.017 678
393.030 685
393.043 697
393.056 683
393.070 696
393.083 686
393.096 682
393.109 690
393.122 682
393.136 684
393.149 688
393.162 684
393.175 689
393.189 679
393.202 677
393.215 672
393.228 666
393.242 690
393.255 663
393.268 671
393.281 683
393.294 683
393.308 676
393.321 686
393.334 674
393.347 678
393.360 670
393.374 686
393.387 668
393.400 670
393.413 670
393.427 678
393.440 660
393.453 684
393.466 682
393.479 665
393.493 688
393.506 681
393.519 682
393.532 679
393.546 682
393.559 682
393.572 678
393.585 684
393.598 673
393.612 666
393.625 683
393.638 669
393.651 681
393.664 672
393.678 675
393.691 678
393.704 672
393.717 668
393.730 681
393.744 673
393.757 660
393.770 676
393.783 667
393.796 676
393.810 661
393.823 683
393.836 670
393.849 672
393.863 651
393.876 660
393.889 666
393.902 674
393.915 671
393.929 677
