375.891 816
375.905 837
375.919 847
375.933 842
375.946 825
375.960 862
375.974 843
375.987 852
376.001 865
376.015 864
376.029 839
376.042 879
376.056 877
376.070 854
376.084 882
376.097 880
376.111 848
376.125 879
376.139 875
376.152 899
376.166 894
376.180 905
376.193 918
376.207 908
376.221 907
376.235 914
376.248 908
376.262 924
376.276 903
376.290 914
376.303 941
376.317 939
376.331 927
376.345 935
376.358 936
376.372 943
376.386 970
376.399 958
376.413 966
376.427 982
376.441 957
376.454 975
376.468 977
376.482 1000
376.495 984
376.509 985
376.523 1024
376.537 1021
376.550 1007
376.564 1014
376.578 1013
376.592 1023
376.605 1014
376.619 1012
376.633 1009
376.646 1015
376.660 1009
376.674 1043
376.688 1031
376.701 1044
376.715 1043
376.729 1060
376.742 1062
376.756 1093
376.770 1070
376.784 1052
376.797 1092
376.811 1073
376.825 1086
376.838 1131
376.852 1099
376.866 1116
376.880 1117
376.893 1117
376.907 1125
376.921 1142
376.934 1150
376.948 1168
376.962 1164
376.976 1167
376.989 1196
377.003 1189
377.017 1198
377.030 1222
377.044 1218
377.058 1205
377.071 1202
377.085 1230
377.099 1173
377.113 1209
377.126 1234
377.140 1233
377.154 1234
377.167 1225
377.181 1283
377.195 1293
377.208 1226
377.222 1271
377.236 1299
377.250 1293
377.263 1306
377.277 1305
377.291 1350
377.304 1327
377.318 1320
377.332 1333
377.345 1337
377.359 1374
377.373 1352
377.387 1321
377.400 1349
377.414 1334
377.428 1337
377.441 1355
377.455 1341
377.469 1357
377.482 1335
377.496 1396
377.510 1381
377.524 1392
377.537 1445
377.551 1412
377.565 1442
377.578 1449
377.592 1430
377.606 1450
377.619 1415
377.633 1436
377.647 1439
377.660 1428
377.674 1424
377.688 1432
377.701 1429
377.715 1444
377.729 1461
377.743 1481
377.756 1464
377.770 1482
377.784 1427
377.797 1468
377.811 1495
377.825 1472
377.838 1487
377.852 1479
377.866 1520
377.879 1554
377.893 1538
377.907 1570
377.920 1532
377.934 1562
377.948 1486
377.961 1502
377.975 1536
377.989 1544
378.002 1560
378.016 1514
378.030 1560
378.044 1536
378.057 1559
378.071 1577
378.085 1594
378.098 1606
378.112 1575
378.126 1547
378.139 1596
378.153 1538
378.167 1535
378.180 1609
378.194 1587
378.208 1582
378.221 1574
378.235 1604
378.249 1607
378.262 1628
378.276 1569
378.290 1568
378.303 1583
378.317 1603
378.331 1577
378.344 1635
378.358 1590
378.372 1670
378.385 1644
378.399 1656
378.413 1635
378.426 1640
378.440 1671
378.454 1661
378.467 1664
378.481 1682
378.495 1692
378.508 1656
378.522 1675
378.536 1689
378.549 1669
378.563 1668
378.577 1701
378.590 1716
378.604 1743
378.618 1682
378.631 1723
378.645 1676
378.659 1724
378.672 1744
378.686 1760
378.700 1802
378.713 1810
378.727 1795
378.740 1778
378.754 1822
378.768 1816
378.781 1823
378.795 1813
378.809 1834
378.822 1790
378.836 1784
378.850 1803
378.863 1799
378.877 1787
378.891 1823
378.904 1832
378.918 1860
378.932 1863
378.945 1824
378.959 1833
378.973 1823
378.986 1826
379.000 1867
379.014 1852
379.027 1849
379.041 1880
379.054 1866
379.068 1832
379.082 1871
379.095 1908
379.109 1918
379.123 1904
379.136 1940
379.150 1930
379.164 1906
379.177 1929
379.191 1916
379.205 1928
379.218 1962
379.232 1967
379.245 2006
379.259 1945
379.273 1949
379.286 1993
379.300 1996
379.314 2027
379.327 2010
379.341 2005
379.355 2032
379.368 2083
379.382 2108
379.396 2091
379.409 2051
379.423 2122
379.436 2077
379.450 2163
379.464 2169
379.477 2167
379.491 2156
379.505 2193
379.518 2230
379.532 2236
379.546 2213
379.559 2256
379.573 2306
379.586 2224
379.600 2275
379.614 2317
379.627 2377
379.641 2411
379.655 2393
379.668 2393
379.682 2395
379.695 2383
379.709 2404
379.723 2521
379.736 2514
379.750 2595
379.764 2560
379.777 2633
379.791 2656
379.804 2645
379.818 2655
379.832 2719
379.845 2716
379.859 2654
379.873 2711
379.886 2704
379.900 2786
379.913 2840
379.927 2842
379.941 2907
379.954 2959
379.968 2998
379.982 3020
379.995 3072
380.009 3006
380.022 3034
380.036 3160
380.050 3102
380.063 3196
380.077 3301
380.090 3297
380.104 3362
380.118 3372
380.131 3482
380.145 3500
380.159 3494
380.172 3557
380.186 3628
380.199 3680
380.213 3847
380.227 3877
380.240 3833
380.254 3776
380.267 3826
380.281 3845
380.295 4018
380.308 4068
380.322 4149
380.336 4142
380.349 4133
380.363 4304
380.376 4343
380.390 4405
380.404 4446
380.417 4524
380.431 4536
380.444 4573
380.458 4586
380.472 4685
380.485 4720
380.499 4783
380.512 4987
380.526 5000
380.540 5077
380.553 5056
380.567 5049
380.580 5124
380.594 5277
380.608 5421
380.621 5542
380.635 5567
380.648 5663
380.662 5664
380.676 5716
380.689 5754
380.703 5928
380.716 5866
380.730 6062
380.744 6108
380.757 6240
380.771 6408
380.784 6439
380.798 6379
380.812 6565
380.825 6646
380.839 6769
380.852 6904
380.866 7098
380.880 7209
380.893 7171
380.907 7228
380.920 7236
380.934 7380
380.948 7523
380.961 7495
380.975 7631
380.988 7763
381.002 7670
381.015 7673
381.029 7832
381.043 8013
381.056 8136
381.070 8095
381.083 8174
381.097 8222
381.111 8373
381.124 8467
381.138 8606
381.151 8822
381.165 8860
381.179 8978
381.192 8856
381.206 8829
381.219 8998
381.233 9061
381.246 8888
381.260 9000
381.274 9322
381.287 9345
381.301 9319
381.314 9491
381.328 9372
381.341 9673
381.355 9724
381.369 9737
381.382 9770
381.396 9939
381.409 9987
381.423 10277
381.437 10468
381.450 10539
381.464 10515
381.477 10636
381.491 10852
381.504 10853
381.518 10813
381.532 10912
381.545 11157
381.559 11315
381.572 11504
381.586 11567
381.599 11543
381.613 11570
381.627 11760
381.640 11834
381.654 11976
381.667 11939
381.681 11970
381.694 11929
381.708 11765
381.722 11767
381.735 11821
381.749 11895
381.762 11890
381.776 12128
381.789 11954
381.803 12068
381.817 12216
381.830 12268
381.844 12309
381.857 12446
381.871 12489
381.884 12614
381.898 12699
381.911 12651
381.925 12832
381.939 12860
381.952 13105
381.966 13018
381.979 13181
381.993 13351
382.006 13632
382.020 13529
382.034 13616
382.047 13636
382.061 13655
382.074 13652
382.088 13879
382.101 13695
382.115 14075
382.128 14009
382.142 14309
382.156 14581
382.169 14576
382.183 14715
382.196 14591
382.210 14692
382.223 14790
382.237 14764
382.250 14972
382.264 15093
382.278 14990
382.291 15252
382.305 15524
382.318 15568
382.332 15649
382.345 15356
382.359 15443
382.372 15735
382.386 15384
382.399 15634
382.413 15829
382.427 15868
382.440 15894
382.454 16115
382.467 16321
382.481 16476
382.494 17073
382.508 17349
382.521 17570
382.535 17196
382.548 17303
382.562 17386
382.576 17343
382.589 17530
382.603 17484
382.616 17736
382.630 18087
382.643 18147
382.657 18198
382.670 18590
382.684 18494
382.697 18259
382.711 18590
382.724 18735
382.738 18911
382.752 18755
382.765 18948
382.779 19108
382.792 19326
382.806 19471
382.819 19657
382.833 19526
382.846 19801
382.860 20005
382.873 19888
382.887 20304
382.900 20563
382.914 20731
382.928 20845
382.941 21038
382.955 21641
382.968 21683
382.982 21827
382.995 22025
383.009 22112
383.022 22190
383.036 22243
383.049 22479
383.063 22535
383.076 22948
383.090 22663
383.103 22736
383.117 22872
383.130 23017
383.144 23418
383.158 23337
383.171 23630
383.185 23897
383.198 24168
383.212 24487
383.225 24647
383.239 25074
383.252 25424
383.266 25679
383.279 25716
383.293 25697
383.306 25899
383.320 26262
383.333 26972
383.347 27408
383.360 26906
383.374 26557
383.387 26945
383.401 27356
383.414 27322
383.428 27206
383.441 27281
383.455 27216
383.468 27043
383.482 27482
383.496 28088
383.509 27909
383.523 28148
383.536 28251
383.550 28120
383.563 28244
383.577 28519
383.590 28733
383.604 28778
383.617 28621
383.631 28624
383.644 28614
383.658 28399
383.671 28677
383.685 28624
383.698 29093
383.712 29391
383.725 29352
383.739 29179
383.752 29252
383.766 29011
383.779 29022
383.793 28981
383.806 29278
383.820 29280
383.833 29467
383.847 29583
383.860 29664
383.874 29775
383.887 29016
383.901 29150
383.914 29461
383.928 29456
383.941 29514
383.955 28877
383.968 28935
383.982 28916
383.995 28898
384.009 28631
384.022 29046
384.036 28894
384.049 28598
384.063 28991
384.076 29436
384.090 29409
384.103 29791
384.117 29725
384.130 29217
384.144 28418
384.157 27863
384.171 27632
384.184 27552
384.198 27300
384.211 27117
384.225 26902
384.238 27348
384.252 27362
384.265 27030
384.279 26653
384.292 26299
384.306 26101
384.319 25345
384.333 24749
384.346 24237
384.360 23912
384.373 23516
384.387 23161
384.400 22737
384.414 22419
384.427 21936
384.441 21510
384.454 21046
384.468 20690
384.481 20070
384.495 19842
384.508 19254
384.522 18980
384.535 18339
384.549 17995
384.562 17485
384.575 16982
384.589 16890
384.602 16452
384.616 15959
384.629 15498
384.643 15212
384.656 14632
384.670 14257
384.683 13568
384.697 13075
384.710 12681
384.724 12318
384.737 11963
384.751 11482
384.764 11321
384.778 10894
384.791 10720
384.805 10238
384.818 9979
384.832 9504
384.845 9367
384.859 9111
384.872 8779
384.885 8610
384.899 8229
384.912 8048
384.926 7831
384.939 7607
384.953 7445
384.966 7277
384.980 7179
384.993 6986
385.007 6688
385.020 6652
385.034 6446
385.047 6364
385.061 6065
385.074 5961
385.088 5843
385.101 5747
385.114 5683
385.128 5601
385.141 5450
385.155 5426
385.168 5438
385.182 5364
385.195 5315
385.209 5148
385.222 5001
385.236 4882
385.249 4801
385.263 4804
385.276 4649
385.290 4600
385.303 4476
385.316 4450
385.330 4374
385.343 4295
385.357 4225
385.370 4185
385.384 4062
385.397 4013
385.411 3972
385.424 3945
385.438 3896
385.451 3897
385.464 3801
385.478 3706
385.491 3793
385.505 3721
385.518 3738
385.532 3673
385.545 3564
385.559 3518
385.572 3517
385.586 3504
385.599 3568
385.612 3511
385.626 3413
385.639 3410
385.653 3393
385.666 3434
385.680 3304
385.693 3307
385.707 3292
385.720 3252
385.734 3278
385.747 3180
385.760 3131
385.774 3157
385.787 3144
385.801 3025
385.814 2997
385.828 2955
385.841 2973
385.855 2982
385.868 2905
385.881 2914
385.895 2876
385.908 2869
385.922 2839
385.935 2821
385.949 2826
385.962 2688
385.976 2688
385.989 2761
386.002 2799
386.016 2779
386.029 2726
386.043 2676
386.056 2689
386.070 2583
386.083 2671
386.097 2677
386.110 2627
386.123 2612
386.137 2646
386.150 2684
386.164 2552
386.177 2561
386.191 2503
386.204 2538
386.217 2537
386.231 2511
386.244 2469
386.258 2472
386.271 2467
386.285 2520
386.298 2450
386.311 2472
386.325 2429
386.338 2342
386.352 2441
386.365 2388
386.379 2341
386.392 2274
386.405 2315
386.419 2327
386.432 2294
386.446 2326
386.459 2352
386.473 2271
386.486 2253
386.499 2243
386.513 2307
386.526 2184
386.540 2219
386.553 2211
386.567 2176
386.580 2215
386.593 2259
386.607 2256
386.620 2206
386.634 2200
386.647 2177
386.661 2151
386.674 2165
386.687 2102
386.701 2097
386.714 2102
386.728 2071
386.741 2088
386.754 2103
386.768 2001
386.781 2047
386.795 2051
386.808 2029
386.822 1942
386.835 1973
386.848 2039
386.862 1955
386.875 1919
386.889 1926
386.902 1945
386.915 1925
386.929 1929
386.942 1874
386.956 1905
386.969 1883
386.983 1884
386.996 1868
387.009 1818
387.023 1859
387.036 1877
387.050 1838
387.063 1840
387.076 1842
387.090 1833
387.103 1835
387.117 1821
387.130 1797
387.143 1760
387.157 1770
387.170 1815
387.184 1798
387.197 1746
387.210 1791
387.224 1759
387.237 1752
387.251 1726
387.264 1722
387.278 1713
387.291 1736
387.304 1715
387.318 1713
387.331 1716
387.345 1698
387.358 1639
387.371 1628
387.385 1643
387.398 1655
387.412 1593
387.425 1593
387.438 1571
387.452 1570
387.465 1566
387.478 1548
387.492 1499
387.505 1528
387.519 1524
387.532 1533
387.545 1571
387.559 1541
387.572 1548
387.586 1482
387.599 1528
387.612 1547
387.626 1489
387.639 1537
387.653 1506
387.666 1475
387.679 1422
387.693 1446
387.706 1403
387.720 1423
387.733 1444
387.746 1462
387.760 1503
387.773 1443
387.787 1444
387.800 1394
387.813 1409
387.827 1422
387.840 1368
387.853 1386
387.867 1390
387.880 1385
387.894 1396
387.907 1367
387.920 1341
387.934 1346
387.947 1347
387.961 1336
387.974 1354
387.987 1308
388.001 1331
388.014 1283
388.027 1276
388.041 1309
388.054 1296
388.068 1284
388.081 1302
388.094 1289
388.108 1278
388.121 1276
388.134 1271
388.148 1246
388.161 1246
388.175 1221
388.188 1225
388.201 1221
388.215 1234
388.228 1219
388.241 1205
388.255 1217
388.268 1205
388.282 1239
388.295 1227
388.308 1200
388.322 1225
388.335 1197
388.348 1172
388.362 1173
388.375 1224
388.389 1199
388.402 1196
388.415 1207
388.429 1207
388.442 1178
388.455 1210
388.469 1180
388.482 1171
388.495 1192
388.509 1206
388.522 1174
388.536 1184
388.549 1191
388.562 1175
388.576 1169
388.589 1188
388.602 1163
388.616 1182
388.629 1206
388.642 1154
388.656 1136
388.669 1187
388.683 1183
388.696 1154
388.709 1178
388.723 1162
388.736 1152
388.749 1143
388.763 1148
388.776 1127
388.789 1148
388.803 1138
388.816 1144
388.829 1137
388.843 1127
388.856 1141
388.870 1103
388.883 1133
388.896 1138
388.910 1106
388.923 1134
388.936 1129
388.950 1121
388.963 1102
388.976 1135
388.990 1121
389.003 1131
389.016 1144
389.030 1123
389.043 1120
389.056 1142
389.070 1102
389.083 1120
389.097 1114
389.110 1134
389.123 1104
389.137 1100
389.150 1097
389.163 1100
389.177 1145
389.190 1117
389.203 1081
389.217 1083
389.230 1077
389.243 1087
389.257 1105
389.270 1084
389.283 1074
389.297 1093
389.310 1056
389.323 1086
389.337 1094
389.350 1067
389.363 1085
389.377 1058
389.390 1103
389.403 1074
389.417 1087
389.430 1095
389.443 1064
389.457 1095
389.470 1076
389.483 1057
389.497 1058
389.510 1093
389.523 1058
389.537 1073
389.550 1116
389.563 1064
389.577 1068
389.590 1049
389.603 1015
389.617 1021
389.630 1059
389.643 1039
389.657 1026
389.670 1040
389.683 1052
389.697 1042
389.710 1036
389.723 1050
389.737 1019
389.750 1042
389.763 1038
389.777 1061
389.790 1033
389.803 1006
389.817 1011
389.830 1024
389.843 1002
389.857 1002
389.870 1015
389.883 977
389.897 1000
389.910 998
389.923 993
389.937 981
389.950 972
389.963 989
389.977 1002
389.990 982
390.003 977
390.017 991
390.030 969
390.043 973
390.057 986
390.070 945
390.083 957
390.096 957
390.110 974
390.123 935
390.136 933
390.150 945
390.163 970
390.176 945
390.190 951
390.203 928
390.216 916
390.230 919
390.243 903
390.256 922
390.270 908
390.283 927
390.296 910
390.310 920
390.323 902
390.336 907
390.349 883
390.363 907
390.376 904
390.389 903
390.403 894
390.416 899
390.429 896
390.443 887
390.456 873
390.469 865
390.483 882
390.496 878
390.509 863
390.522 866
390.536 885
390.549 872
390.562 848
390.576 869
390.589 879
390.602 859
390.616 843
390.629 810
390.642 840
390.655 845
390.669 835
390.682 830
390.695 842
390.709 831
390.722 822
390.735 799
390.749 819
390.762 829
390.775 803
390.788 846
390.802 818
390.815 800
390.828 817
390.842 792
390.855 786
390.868 799
390.882 804
390.895 794
390.908 778
390.921 790
390.935 787
390.948 782
390.961 791
390.975 796
390.988 775
391.001 788
391.014 761
391.028 774
391.041 789
391.054 769
391.068 776
391.081 765
391.094 765
391.107 771
391.121 755
391.134 754
391.147 775
391.161 763
391.174 767
391.187 762
391.200 733
391.214 765
391.227 756
391.240 744
391.254 749
391.267 749
391.280 755
391.293 748
391.307 750
391.320 739
391.333 752
391.347 755
391.360 755
391.373 735
391.386 747
391.400 745
391.413 727
391.426 736
391.440 741
391.453 733
391.466 736
391.479 733
391.493 739
391.506 732
391.519 733
391.532 727
391.546 735
391.559 712
391.572 739
391.586 727
391.599 714
391.612 715
391.625 718
391.639 701
391.652 731
391.665 722
391.678 716
391.692 712
391.705 733
391.718 723
391.732 719
391.745 731
391.758 702
391.771 711
391.785 736
391.798 723
391.811 729
391.824 725
391.838 718
391.851 712
391.864 720
391.877 719
391.891 703
391.904 713
391.917 722
391.931 706
391.944 721
391.957 716
391.970 709
391.984 729
391.997 729
392.010 719
392.023 704
392.037 720
392.050 709
392.063 705
392.076 725
392.090 705
392.103 703
392.116 708
392.129 713
392.143 719
392.156 699
392.169 706
392.182 705
392.196 701
392.209 706
392.222 708
392.235 696
392.249 709
392.262 681
392.275 708
392.288 713
392.302 707
392.315 693
392.328 707
392.341 713
392.355 695
392.368 703
392.381 721
392.394 708
392.408 718
392.421 702
392.434 701
392.447 683
392.461 703
392.474 705
392.487 712
392.500 691
392.514 704
392.527 707
392.540 705
392.553 696
392.567 707
392.580 688
392.593 701
392.606 706
392.620 701
392.633 704
392.646 679
392.659 695
392.673 691
392.686 692
392.699 697
392.712 681
392.726 693
392.739 680
392.752 693
392.765 692
392.778 700
392.792 690
392.805 701
392.818 698
392.831 693
392.845 693
392.858 686
392.871 692
392.884 696
392.898 694
392.911 690
392.924 686
392.937 693
392.951 703
392.964 697
392.977 697
392.990 699
393.003 685
393.017 704
393.030 681
393.043 691
393.056 687
393.070 692
393.083 690
393.096 675
393.109 693
393.122 686
393.136 686
393.149 681
393.162 670
393.175 683
393.189 686
393.202 693
393.215 681
393.228 690
393.242 683
393.255 682
393.268 664
393.281 692
393.294 679
393.308 678
393.321 690
393.334 676
393.347 676
393.360 686
393.374 684
393.387 687
393.400 671
393.413 691
393.427 679
393.440 681
393.453 686
393.466 677
393.479 676
393.493 686
393.506 670
393.519 688
393.532 688
393.546 678
393.559 672
393.572 686
393.585 686
393.598 676
393.612 675
393.625 691
393.638 686
393.651 677
393.664 682
393.678 679
393.691 678
393.704 681
393.717 666
393.730 677
393.744 692
393.757 682
393.770 671
393.783 679
393.796 681
393.810 673
393.823 664
393.836 688
393.849 671
393.863 682
393.876 682
393.889 661
393.902 671
393.915 676
393.929 673
