375.891 828
375.905 847
375.919 836
375.933 851
375.946 841
375.960 846
375.974 860
375.987 848
376.001 869
376.015 866
376.029 872
376.042 851
376.056 867
376.070 852
376.084 862
376.097 884
376.111 888
376.125 884
376.139 885
376.152 888
376.166 875
376.180 900
376.193 903
376.207 895
376.221 906
376.235 902
376.248 908
376.262 888
376.276 912
376.290 924
376.303 930
376.317 932
376.331 928
376.345 940
376.358 945
376.372 943
376.386 935
376.399 979
376.413 950
376.427 987
376.441 975
376.454 951
376.468 979
376.482 968
376.495 966
376.509 970
376.523 1003
376.537 986
376.550 1015
376.564 1004
376.578 1026
376.592 1038
376.605 1027
376.619 1049
376.633 1034
376.646 1005
376.660 1012
376.674 1023
376.688 1017
376.701 1022
376.715 1032
376.729 1043
376.742 1061
376.756 1077
376.770 1084
376.784 1058
376.797 1083
376.811 1104
376.825 1100
376.838 1127
376.852 1124
376.866 1121
376.880 1120
376.893 1148
376.907 1120
376.921 1131
376.934 1141
376.948 1148
376.962 1146
376.976 1166
376.989 1126
377.003 1165
377.017 1186
377.030 1186
377.044 1225
377.058 1210
377.071 1214
377.085 1223
377.099 1212
377.113 1201
377.126 1239
377.140 1232
377.154 1217
377.167 1257
377.181 1248
377.195 1250
377.208 1231
377.222 1290
377.236 1250
377.250 1275
377.263 1272
377.277 1312
377.291 1320
377.304 1290
377.318 1305
377.332 1328
377.345 1327
377.359 1327
377.373 1328
377.387 1327
377.400 1348
377.414 1367
377.428 1348
377.441 1353
377.455 1342
377.469 1376
377.482 1389
377.496 1397
377.510 1381
377.524 1429
377.537 1415
377.551 1432
377.565 1422
377.578 1425
377.592 1385
377.606 1403
377.619 1389
377.633 1414
377.647 1428
377.660 1406
377.674 1439
377.688 1403
377.701 1441
377.715 1403
377.729 1469
377.743 1488
377.756 1474
377.770 1448
377.784 1483
377.797 1473
377.811 1473
377.825 1476
377.838 1463
377.852 1489
377.866 1502
377.879 1521
377.893 1494
377.907 1520
377.920 1535
377.934 1507
377.948 1517
377.961 1528
377.975 1557
377.989 1532
378.002 1534
378.016 1522
378.030 1544
378.044 1572
378.057 1523
378.071 1531
378.085 1548
378.098 1533
378.112 1575
378.126 1580
378.139 1582
378.153 1582
378.167 1552
378.180 1598
378.194 1604
378.208 1596
378.221 1595
378.235 1588
378.249 1590
378.262 1629
378.276 1600
378.290 1569
378.303 1588
378.317 1629
378.331 1575
378.344 1634
378.358 1635
378.372 1614
378.385 1617
378.399 1643
378.413 1615
378.426 1641
378.440 1652
378.454 1670
378.467 1690
378.481 1656
378.495 1652
378.508 1675
378.522 1655
378.536 1677
378.549 1667
378.563 1689
378.577 1677
378.590 1717
378.604 1708
378.618 1678
378.631 1684
378.645 1712
378.659 1716
378.672 1679
378.686 1723
378.700 1816
378.713 1790
378.727 1778
378.740 1786
378.754 1779
378.768 1782
378.781 1844
378.795 1813
378.809 1836
378.822 1793
378.836 1812
378.850 1769
378.863 1797
378.877 1763
378.891 1836
378.904 1826
378.918 1838
378.932 1849
378.945 1826
378.959 1831
378.973 1838
378.986 1831
379.000 1825
379.014 1853
379.027 1883
379.041 1892
379.054 1883
379.068 1869
379.082 1873
379.095 1906
379.109 1884
379.123 1894
379.136 1897
379.150 1913
379.164 1924
379.177 1932
379.191 1940
379.205 1961
379.218 1947
379.232 1957
379.245 1981
379.259 2009
379.273 1987
379.286 1991
379.300 1968
379.314 2007
379.327 2031
379.341 2051
379.355 2083
379.368 2104
379.382 2117
379.396 2081
379.409 2128
379.423 2094
379.436 2175
379.450 2163
379.464 2190
379.477 2234
379.491 2215
379.505 2184
379.518 2216
379.532 2259
379.546 2283
379.559 2329
379.573 2287
379.586 2271
379.600 2340
379.614 2416
379.627 2383
379.641 2403
379.655 2410
379.668 2413
379.682 2426
379.695 2428
379.709 2434
379.723 2460
379.736 2591
379.750 2615
379.764 2690
379.777 2670
379.791 2725
379.804 2764
379.818 2765
379.832 2737
379.845 2696
379.859 2710
379.873 2738
379.886 2740
379.900 2775
379.913 2781
379.927 2885
379.941 2923
379.954 3033
379.968 3019
379.982 3064
379.995 3070
380.009 3094
380.022 3123
380.036 3117
380.050 3191
380.063 3278
380.077 3386
380.090 3451
380.104 3471
380.118 3494
380.131 3500
380.145 3534
380.159 3601
380.172 3722
380.186 3690
380.199 3767
380.213 3860
380.227 3943
380.240 3972
380.254 3880
380.267 3893
380.281 3979
380.295 4030
380.308 3983
380.322 4077
380.336 4109
380.349 4249
380.363 4309
380.376 4382
380.390 4419
380.404 4541
380.417 4568
380.431 4515
380.444 4631
380.458 4741
380.472 4834
380.485 4842
380.499 4916
380.512 4991
380.526 4984
380.540 5034
380.553 5150
380.567 5168
380.580 5124
380.594 5345
380.608 5448
380.621 5569
380.635 5645
380.648 5714
380.662 5754
380.676 5825
380.689 5980
380.703 6006
380.716 6000
380.730 6125
380.744 6182
380.757 6345
380.771 6472
380.784 6543
380.798 6492
380.812 6709
380.825 6753
380.839 6832
380.852 7054
380.866 7230
380.880 7178
380.893 7212
380.907 7230
380.920 7264
380.934 7452
380.948 7525
380.961 7609
380.975 7632
380.988 7853
381.002 7635
381.015 7824
381.029 7964
381.043 8020
381.056 8090
381.070 8112
381.083 8175
381.097 8261
381.111 8453
381.124 8398
381.138 8635
381.151 8575
381.165 8757
381.179 8793
381.192 8883
381.206 8815
381.219 8879
381.233 8959
381.246 9061
381.260 9116
381.274 9058
381.287 9260
381.301 9371
381.314 9519
381.328 9446
381.341 9552
381.355 9701
381.369 9665
381.382 9815
381.396 9942
381.409 10102
381.423 10147
381.437 10283
381.450 10280
381.464 10427
381.477 10537
381.491 10737
381.504 10823
381.518 10761
381.532 10818
381.545 11015
381.559 11358
381.572 11359
381.586 11355
381.599 11396
381.613 11463
381.627 11591
381.640 11680
381.654 11650
381.667 11732
381.681 11809
381.694 11826
381.708 11625
381.722 11648
381.735 11739
381.749 11832
381.762 11783
381.776 11977
381.789 11952
381.803 11983
381.817 12056
381.830 11986
381.844 12165
381.857 12311
381.871 12407
381.884 12534
381.898 12569
381.911 12658
381.925 12741
381.939 12795
381.952 12921
381.966 12921
381.979 12909
381.993 13147
382.006 13489
382.020 13481
382.034 13701
382.047 13433
382.061 13661
382.074 13524
382.088 13766
382.101 13597
382.115 13677
382.128 13896
382.142 14293
382.156 14703
382.169 14617
382.183 14663
382.196 14627
382.210 14663
382.223 14637
382.237 14766
382.250 14916
382.264 14954
382.278 15088
382.291 15249
382.305 15477
382.318 15662
382.332 15651
382.345 15221
382.359 15272
382.372 15383
382.386 15503
382.399 15460
382.413 15667
382.427 15788
382.440 16016
382.454 16181
382.467 16077
382.481 16540
382.494 16871
382.508 17105
382.521 17408
382.535 17126
382.548 17121
382.562 17255
382.576 17236
382.589 17240
382.603 17509
382.616 17562
382.630 17695
382.643 17983
382.657 18169
382.670 18432
382.684 18421
382.697 18071
382.711 18370
382.724 18650
382.738 18544
382.752 18529
382.765 18960
382.779 18972
382.792 18985
382.806 19268
382.819 19302
382.833 19417
382.846 19698
382.860 19899
382.873 20025
382.887 20292
382.900 20280
382.914 20507
382.928 20796
382.941 21120
382.955 20960
382.968 21345
382.982 21628
382.995 21588
383.009 21703
383.022 21912
383.036 21973
383.049 22223
383.063 22278
383.076 22540
383.090 22770
383.103 22605
383.117 22862
383.130 22978
383.144 23147
383.158 23157
383.171 23320
383.185 23482
383.198 23954
383.212 24158
383.225 24466
383.239 24835
383.252 24975
383.266 25214
383.279 25298
383.293 25380
383.306 25705
383.320 25908
383.333 26471
383.347 26533
383.360 26477
383.374 26539
383.387 26569
383.401 26967
383.414 26756
383.428 26698
383.441 26831
383.455 26923
383.468 26868
383.482 27013
383.496 27773
383.509 27858
383.523 27787
383.536 27742
383.550 27899
383.563 28116
383.577 28107
383.590 28409
383.604 28411
383.617 28191
383.631 28258
383.644 27973
383.658 27920
383.671 28043
383.685 28138
383.698 28324
383.712 28551
383.725 28380
383.739 28324
383.752 28124
383.766 27940
383.779 28197
383.793 28100
383.806 28463
383.820 28977
383.833 28822
383.847 28673
383.860 28817
383.874 28774
383.887 28205
383.901 28201
383.914 28443
383.928 28709
383.941 28265
383.955 28064
383.968 27719
383.982 27722
383.995 27846
384.009 27797
384.022 27675
384.036 27404
384.049 27416
384.063 27488
384.076 27854
384.090 27953
384.103 28144
384.117 28295
384.130 27779
384.144 26819
384.157 26594
384.171 26345
384.184 25888
384.198 26031
384.211 25575
384.225 25426
384.238 25596
384.252 25640
384.265 25366
384.279 25052
384.292 24782
384.306 24234
384.319 23968
384.333 23379
384.346 22975
384.360 22422
384.373 22139
384.387 21957
384.400 21349
384.414 21155
384.427 20747
384.441 20247
384.454 19758
384.468 19258
384.481 19080
384.495 18708
384.508 18230
384.522 17787
384.535 17208
384.549 16792
384.562 16452
384.575 16090
384.589 15971
384.602 15659
384.616 15541
384.629 15056
384.643 14601
384.656 14128
384.670 13749
384.683 13336
384.697 12804
384.710 12485
384.724 12115
384.737 11770
384.751 11440
384.764 11171
384.778 10829
384.791 10436
384.805 10263
384.818 10067
384.832 9664
384.845 9412
384.859 9093
384.872 8758
384.885 8466
384.899 8264
384.912 7956
384.926 7819
384.939 7587
384.953 7409
384.966 7153
384.980 7026
384.993 6839
385.007 6871
385.020 6594
385.034 6432
385.047 6270
385.061 6135
385.074 5894
385.088 5838
385.101 5763
385.114 5694
385.128 5492
385.141 5411
385.155 5279
385.168 5322
385.182 5262
385.195 5170
385.209 5100
385.222 4997
385.236 4874
385.249 4762
385.263 4655
385.276 4627
385.290 4497
385.303 4481
385.316 4364
385.330 4362
385.343 4367
385.357 4242
385.370 4103
385.384 4081
385.397 4032
385.411 3995
385.424 3878
385.438 3977
385.451 3822
385.464 3842
385.478 3825
385.491 3762
385.505 3734
385.518 3735
385.532 3695
385.545 3555
385.559 3620
385.572 3557
385.586 3532
385.599 3525
385.612 3554
385.626 3520
385.639 3370
385.653 3451
385.666 3468
385.680 3452
385.693 3379
385.707 3251
385.720 3363
385.734 3294
385.747 3191
385.760 3154
385.774 3162
385.787 3151
385.801 3109
385.814 3016
385.828 2976
385.841 2960
385.855 2947
385.868 2944
385.881 2938
385.895 2832
385.908 2879
385.922 2903
385.935 2770
385.949 2789
385.962 2767
385.976 2736
385.989 2715
386.002 2763
386.016 2809
386.029 2751
386.043 2699
386.056 2697
386.070 2710
386.083 2635
386.097 2664
386.110 2698
386.123 2635
386.137 2640
386.150 2668
386.164 2533
386.177 2592
386.191 2550
386.204 2530
386.217 2526
386.231 2522
386.244 2489
386.258 2518
386.271 2528
386.285 2470
386.298 2469
386.311 2446
386.325 2388
386.338 2362
386.352 2396
386.365 2385
386.379 2361
386.392 2319
386.405 2282
386.419 2220
386.432 2354
386.446 2321
386.459 2335
386.473 2292
386.486 2279
386.499 2258
386.513 2255
386.526 2223
386.540 2202
386.553 2234
386.567 2190
386.580 2207
386.593 2218
386.607 2296
386.620 2223
386.634 2201
386.647 2208
386.661 2191
386.674 2163
386.687 2132
386.701 2126
386.714 2122
386.728 2089
386.741 2011
386.754 2081
386.768 2030
386.781 2044
386.795 2046
386.808 1991
386.822 2019
386.835 1971
386.848 1969
386.862 1966
386.875 1896
386.889 1922
386.902 1951
386.915 1926
386.929 1912
386.942 1901
386.956 1892
386.969 1864
386.983 1884
386.996 1892
387.009 1856
387.023 1863
387.036 1860
387.050 1868
387.063 1862
387.076 1825
387.090 1846
387.103 1841
387.117 1819
387.130 1785
387.143 1769
387.157 1812
387.170 1786
387.184 1755
387.197 1706
387.210 1746
387.224 1748
387.237 1761
387.251 1765
387.264 1714
387.278 1678
387.291 1715
387.304 1680
387.318 1685
387.331 1667
387.345 1674
387.358 1659
387.371 1643
387.385 1622
387.398 1640
387.412 1611
387.425 1587
387.438 1577
387.452 1603
387.465 1595
387.478 1560
387.492 1562
387.505 1515
387.519 1537
387.532 1573
387.545 1571
387.559 1593
387.572 1548
387.586 1532
387.599 1536
387.612 1494
387.626 1554
387.639 1528
387.653 1558
387.666 1466
387.679 1452
387.693 1426
387.706 1464
387.720 1411
387.733 1452
387.746 1427
387.760 1458
387.773 1431
387.787 1428
387.800 1442
387.813 1383
387.827 1364
387.840 1348
387.853 1371
387.867 1367
387.880 1402
387.894 1399
387.907 1382
387.920 1377
387.934 1327
387.947 1343
387.961 1361
387.974 1325
387.987 1336
388.001 1329
388.014 1266
388.027 1308
388.041 1283
388.054 1269
388.068 1279
388.081 1311
388.094 1314
388.108 1257
388.121 1283
388.134 1278
388.148 1262
388.161 1260
388.175 1223
388.188 1235
388.201 1210
388.215 1244
388.228 1218
388.241 1209
388.255 1189
388.268 1220
388.282 1209
388.295 1184
388.308 1227
388.322 1202
388.335 1198
388.348 1202
388.362 1195
388.375 1183
388.389 1206
388.402 1180
388.415 1207
388.429 1208
388.442 1225
388.455 1196
388.469 1198
388.482 1195
388.495 1200
388.509 1200
388.522 1223
388.536 1190
388.549 1188
388.562 1169
388.576 1124
388.589 1190
388.602 1205
388.616 1154
388.629 1184
388.642 1172
388.656 1163
388.669 1171
388.683 1187
388.696 1153
388.709 1170
388.723 1168
388.736 1161
388.749 1162
388.763 1148
388.776 1148
388.789 1128
388.803 1167
388.816 1136
388.829 1133
388.843 1121
388.856 1144
388.870 1143
388.883 1104
388.896 1120
388.910 1137
388.923 1135
388.936 1131
388.950 1165
388.963 1154
388.976 1144
388.990 1100
389.003 1142
389.016 1105
389.030 1130
389.043 1125
389.056 1145
389.070 1111
389.083 1106
389.097 1090
389.110 1106
389.123 1111
389.137 1069
389.150 1121
389.163 1106
389.177 1102
389.190 1098
389.203 1066
389.217 1092
389.230 1079
389.243 1106
389.257 1107
389.270 1071
389.283 1093
389.297 1079
389.310 1088
389.323 1090
389.337 1067
389.350 1073
389.363 1068
389.377 1104
389.390 1053
389.403 1058
389.417 1087
389.430 1093
389.443 1059
389.457 1021
389.470 1074
389.483 1103
389.497 1093
389.510 1099
389.523 1074
389.537 1076
389.550 1055
389.563 1042
389.577 1036
389.590 1035
389.603 1052
389.617 1030
389.630 1035
389.643 1039
389.657 1036
389.670 1058
389.683 1005
389.697 1026
389.710 1035
389.723 1054
389.737 1055
389.750 1053
389.763 1029
389.777 1023
389.790 1022
389.803 1005
389.817 1008
389.830 989
389.843 1004
389.857 996
389.870 989
389.883 1001
389.897 1003
389.910 1006
389.923 997
389.937 1005
389.950 990
389.963 987
389.977 976
389.990 969
390.003 990
390.017 972
390.030 985
390.043 968
390.057 973
390.070 934
390.083 951
390.096 950
390.110 940
390.123 972
390.136 966
390.150 937
390.163 959
390.176 926
390.190 950
390.203 959
390.216 919
390.230 928
390.243 895
390.256 917
390.270 901
390.283 924
390.296 915
390.310 882
390.323 907
390.336 895
390.349 892
390.363 904
390.376 916
390.389 895
390.403 906
390.416 891
390.429 883
390.443 897
390.456 867
390.469 876
390.483 860
390.496 852
390.509 864
390.522 863
390.536 867
390.549 850
390.562 855
390.576 849
390.589 857
390.602 864
390.616 850
390.629 847
390.642 832
390.655 814
390.669 840
390.682 844
390.695 818
390.709 816
390.722 831
390.735 823
390.749 805
390.762 811
390.775 805
390.788 812
390.802 815
390.815 790
390.828 792
390.842 809
390.855 802
390.868 790
390.882 804
390.895 794
390.908 782
390.921 796
390.935 785
390.948 798
390.961 781
390.975 797
390.988 773
391.001 774
391.014 787
391.028 787
391.041 775
391.054 777
391.068 772
391.081 783
391.094 779
391.107 772
391.121 747
391.134 766
391.147 771
391.161 748
391.174 756
391.187 764
391.200 771
391.214 738
391.227 748
391.240 766
391.254 755
391.267 739
391.280 729
391.293 739
391.307 750
391.320 728
391.333 749
391.347 731
391.360 739
391.373 736
391.386 740
391.400 725
391.413 742
391.426 736
391.440 752
391.453 715
391.466 730
391.479 727
391.493 736
391.506 717
391.519 731
391.532 758
391.546 738
391.559 734
391.572 721
391.586 731
391.599 717
391.612 719
391.625 710
391.639 731
391.652 734
391.665 727
391.678 722
391.692 714
391.705 731
391.718 714
391.732 712
391.745 724
391.758 717
391.771 721
391.785 728
391.798 718
391.811 720
391.824 707
391.838 717
391.851 715
391.864 718
391.877 722
391.891 716
391.904 718
391.917 722
391.931 718
391.944 708
391.957 711
391.970 727
391.984 723
391.997 712
392.010 700
392.023 702
392.037 726
392.050 727
392.063 714
392.076 700
392.090 717
392.103 720
392.116 712
392.129 709
392.143 711
392.156 697
392.169 713
392.182 703
392.196 716
392.209 717
392.222 710
392.235 717
392.249 704
392.262 706
392.275 704
392.288 706
392.302 695
392.315 699
392.328 683
392.341 700
392.355 716
392.368 688
392.381 718
392.394 711
392.408 693
392.421 707
392.434 716
392.447 703
392.461 690
392.474 698
392.487 702
392.500 699
392.514 700
392.527 706
392.540 701
392.553 706
392.567 701
392.580 694
392.593 702
392.606 693
392.620 693
392.633 693
392.646 702
392.659 693
392.673 695
392.686 686
392.699 693
392.712 692
392.726 693
392.739 686
392.752 685
392.765 697
392.778 696
392.792 690
392.805 686
392.818 700
392.831 697
392.845 681
392.858 692
392.871 695
392.884 696
392.898 693
392.911 699
392.924 680
392.937 703
392.951 694
392.964 693
392.977 694
392.990 704
393.003 682
393.017 690
393.030 687
393.043 690
393.056 685
393.070 687
393.083 706
393.096 675
393.109 688
393.122 690
393.136 682
393.149 682
393.162 700
393.175 689
393.189 681
393.202 686
393.215 692
393.228 679
393.242 671
393.255 684
393.268 683
393.281 682
393.294 684
393.308 672
393.321 682
393.334 692
393.347 674
393.360 680
393.374 683
393.387 689
393.400 678
393.413 684
393.427 678
393.440 676
393.453 682
393.466 678
393.479 685
393.493 677
393.506 679
393.519 672
393.532 679
393.546 684
393.559 678
393.572 676
393.585 681
393.598 696
393.612 685
393.625 679
393.638 676
393.651 677
393.664 683
393.678 684
393.691 680
393.704 677
393.717 676
393.730 669
393.744 686
393.757 681
393.770 672
393.783 679
393.796 683
393.810 684
393.823 672
393.836 666
393.849 682
393.863 671
393.876 674
393.889 676
393.902 677
393.915 668
393.929 674
