375.891 737
375.905 764
375.919 742
375.933 755
375.946 765
375.960 762
375.974 758
375.987 758
376.001 759
376.015 765
376.029 755
376.042 770
376.056 791
376.070 761
376.084 798
376.097 777
376.111 773
376.125 781
376.139 803
376.152 774
376.166 795
376.180 786
376.193 789
376.207 795
376.221 797
376.235 773
376.248 789
376.262 799
376.276 814
376.290 794
376.303 800
376.317 797
376.331 809
376.345 799
376.358 801
376.372 816
376.386 813
376.399 832
376.413 831
376.427 836
376.441 834
376.454 825
376.468 851
376.482 839
376.495 821
376.509 839
376.523 838
376.537 868
376.550 840
376.564 841
376.578 849
376.592 840
376.605 847
376.619 858
376.633 849
376.646 832
376.660 875
376.674 852
376.688 865
376.701 860
376.715 878
376.729 867
376.742 876
376.756 865
376.770 859
376.784 875
376.797 892
376.811 876
376.825 888
376.838 909
376.852 890
376.866 932
376.880 929
376.893 925
376.907 918
376.921 905
376.934 923
376.948 925
376.962 924
376.976 944
376.989 928
377.003 969
377.017 930
377.030 969
377.044 966
377.058 995
377.071 959
377.085 978
377.099 965
377.113 978
377.126 964
377.140 962
377.154 986
377.167 993
377.181 983
377.195 992
377.208 978
377.222 1006
377.236 1031
377.250 971
377.263 990
377.277 988
377.291 997
377.304 1021
377.318 1040
377.332 1043
377.345 1019
377.359 1033
377.373 1021
377.387 1013
377.400 1016
377.414 1035
377.428 1043
377.441 1007
377.455 1068
377.469 1067
377.482 1051
377.496 1051
377.510 1035
377.524 1080
377.537 1093
377.551 1069
377.565 1080
377.578 1083
377.592 1061
377.606 1066
377.619 1055
377.633 1059
377.647 1073
377.660 1115
377.674 1078
377.688 1100
377.701 1090
377.715 1084
377.729 1077
377.743 1111
377.756 1117
377.770 1108
377.784 1109
377.797 1095
377.811 1108
377.825 1134
377.838 1112
377.852 1111
377.866 1181
377.879 1141
377.893 1123
377.907 1147
377.920 1131
377.934 1115
377.948 1134
377.961 1152
377.975 1113
377.989 1114
378.002 1135
378.016 1164
378.030 1133
378.044 1182
378.057 1168
378.071 1143
378.085 1157
378.098 1190
378.112 1193
378.126 1161
378.139 1138
378.153 1160
378.167 1143
378.180 1155
378.194 1169
378.208 1166
378.221 1163
378.235 1169
378.249 1175
378.262 1158
378.276 1190
378.290 1151
378.303 1190
378.317 1157
378.331 1172
378.344 1194
378.358 1191
378.372 1209
378.385 1210
378.399 1212
378.413 1196
378.426 1200
378.440 1205
378.454 1176
378.467 1206
378.481 1199
378.495 1190
378.508 1226
378.522 1250
378.536 1216
378.549 1252
378.563 1200
378.577 1220
378.590 1242
378.604 1251
378.618 1271
378.631 1214
378.645 1222
378.659 1222
378.672 1219
378.686 1274
378.700 1268
378.713 1273
378.727 1286
378.740 1280
378.754 1269
378.768 1252
378.781 1282
378.795 1276
378.809 1276
378.822 1315
378.836 1301
378.850 1297
378.863 1295
378.877 1337
378.891 1315
378.904 1317
378.918 1309
378.932 1314
378.945 1278
378.959 1312
378.973 1283
378.986 1296
379.000 1311
379.014 1349
379.027 1326
379.041 1327
379.054 1370
379.068 1342
379.082 1309
379.095 1352
379.109 1322
379.123 1358
379.136 1332
379.150 1345
379.164 1392
379.177 1376
379.191 1355
379.205 1370
379.218 1371
379.232 1385
379.245 1364
379.259 1402
379.273 1442
379.286 1393
379.300 1392
379.314 1383
379.327 1427
379.341 1397
379.355 1444
379.368 1414
379.382 1474
379.396 1438
379.409 1439
379.423 1493
379.436 1474
379.450 1485
379.464 1515
379.477 1506
379.491 1514
379.505 1521
379.518 1552
379.532 1536
379.546 1583
379.559 1588
379.573 1571
379.586 1564
379.600 1570
379.614 1603
379.627 1615
379.641 1599
379.655 1614
379.668 1627
379.682 1625
379.695 1657
379.709 1673
379.723 1654
379.736 1711
379.750 1708
379.764 1766
379.777 1787
379.791 1841
379.804 1807
379.818 1817
379.832 1808
379.845 1793
379.859 1783
379.873 1808
379.886 1790
379.900 1821
379.913 1847
379.927 1902
379.941 1920
379.954 1968
379.968 1994
379.982 1972
379.995 2000
380.009 1954
380.022 2016
380.036 2040
380.050 2033
380.063 2101
380.077 2165
380.090 2122
380.104 2247
380.118 2223
380.131 2289
380.145 2218
380.159 2286
380.172 2303
380.186 2329
380.199 2449
380.213 2427
380.227 2493
380.240 2477
380.254 2466
380.267 2475
380.281 2486
380.295 2531
380.308 2577
380.322 2609
380.336 2580
380.349 2620
380.363 2708
380.376 2739
380.390 2771
380.404 2804
380.417 2860
380.431 2864
380.444 2803
380.458 2908
380.472 2974
380.485 2978
380.499 3047
380.512 3093
380.526 3075
380.540 3113
380.553 3123
380.567 3124
380.580 3231
380.594 3235
380.608 3309
380.621 3435
380.635 3413
380.648 3437
380.662 3474
380.676 3558
380.689 3526
380.703 3577
380.716 3588
380.730 3675
380.744 3662
380.757 3777
380.771 3895
380.784 3862
380.798 3957
380.812 3950
380.825 4043
380.839 4075
380.852 4202
380.866 4312
380.880 4300
380.893 4332
380.907 4281
380.920 4357
380.934 4441
380.948 4447
380.961 4461
380.975 4580
380.988 4654
381.002 4628
381.015 4528
381.029 4647
381.043 4831
381.056 4729
381.070 4855
381.083 4854
381.097 4948
381.111 4876
381.124 4997
381.138 5154
381.151 5156
381.165 5220
381.179 5204
381.192 5199
381.206 5148
381.219 5238
381.233 5278
381.246 5265
381.260 5356
381.274 5412
381.287 5450
381.301 5479
381.314 5530
381.328 5581
381.341 5529
381.355 5681
381.369 5702
381.382 5783
381.396 5801
381.409 5825
381.423 5895
381.437 6023
381.450 6040
381.464 6197
381.477 6190
381.491 6249
381.504 6154
381.518 6200
381.532 6350
381.545 6470
381.559 6460
381.572 6555
381.586 6502
381.599 6554
381.613 6581
381.627 6686
381.640 6733
381.654 6773
381.667 6729
381.681 6849
381.694 6761
381.708 6743
381.722 6661
381.735 6804
381.749 6834
381.762 6770
381.776 6842
381.789 6880
381.803 6796
381.817 6871
381.830 6967
381.844 6963
381.857 6936
381.871 7196
381.884 7058
381.898 7184
381.911 7119
381.925 7126
381.939 7383
381.952 7368
381.966 7340
381.979 7382
381.993 7519
382.006 7582
382.020 7668
382.034 7671
382.047 7672
382.061 7574
382.074 7627
382.088 7622
382.101 7757
382.115 7742
382.128 7748
382.142 7952
382.156 8122
382.169 8188
382.183 8286
382.196 8188
382.210 8119
382.223 8232
382.237 8208
382.250 8315
382.264 8408
382.278 8442
382.291 8382
382.305 8585
382.318 8624
382.332 8848
382.345 8600
382.359 8515
382.372 8589
382.386 8598
382.399 8806
382.413 8781
382.427 8747
382.440 8795
382.454 8889
382.467 8980
382.481 9083
382.494 9289
382.508 9485
382.521 9574
382.535 9457
382.548 9449
382.562 9509
382.576 9533
382.589 9584
382.603 9575
382.616 9623
382.630 9886
382.643 9840
382.657 9982
382.670 10101
382.684 10118
382.697 9957
382.711 10064
382.724 10248
382.738 10269
382.752 10191
382.765 10260
382.779 10251
382.792 10370
382.806 10390
382.819 10565
382.833 10567
382.846 10659
382.860 10743
382.873 10791
382.887 10982
382.900 11021
382.914 11120
382.928 11095
382.941 11534
382.955 11392
382.968 11485
382.982 11708
382.995 11745
383.009 11618
383.022 11746
383.036 11791
383.049 12036
383.063 12059
383.076 11988
383.090 12153
383.103 12062
383.117 12111
383.130 12140
383.144 12250
383.158 12435
383.171 12331
383.185 12388
383.198 12691
383.212 12910
383.225 12782
383.239 13200
383.252 13367
383.266 13255
383.279 13293
383.293 13378
383.306 13424
383.320 13697
383.333 13822
383.347 14053
383.360 13839
383.374 13728
383.387 13722
383.401 14068
383.414 13905
383.428 14142
383.441 13879
383.455 13960
383.468 13846
383.482 13972
383.496 14211
383.509 14452
383.523 14188
383.536 14226
383.550 14338
383.563 14221
383.577 14374
383.590 14443
383.604 14355
383.617 14410
383.631 14288
383.644 14233
383.658 14184
383.671 14244
383.685 14292
383.698 14324
383.712 14525
383.725 14551
383.739 14335
383.752 14386
383.766 14329
383.779 14218
383.793 14202
383.806 14362
383.820 14622
383.833 14295
383.847 14453
383.860 14456
383.874 14499
383.887 14213
383.901 14153
383.914 14193
383.928 14319
383.941 14302
383.955 14069
383.968 13977
383.982 13921
383.995 13706
384.009 13751
384.022 13706
384.036 13890
384.049 13592
384.063 13691
384.076 13943
384.090 13845
384.103 14149
384.117 13999
384.130 13664
384.144 13223
384.157 13145
384.171 12910
384.184 12768
384.198 12812
384.211 12568
384.225 12400
384.238 12636
384.252 12597
384.265 12557
384.279 12334
384.292 12212
384.306 11884
384.319 11706
384.333 11421
384.346 11216
384.360 11024
384.373 10840
384.387 10646
384.400 10544
384.414 10271
384.427 10262
384.441 9968
384.454 9620
384.468 9458
384.481 9339
384.495 9045
384.508 8916
384.522 8629
384.535 8397
384.549 8229
384.562 8098
384.575 7886
384.589 7791
384.602 7624
384.616 7447
384.629 7283
384.643 7060
384.656 6880
384.670 6625
384.683 6358
384.697 6244
384.710 6007
384.724 5938
384.737 5780
384.751 5612
384.764 5581
384.778 5399
384.791 5239
384.805 5084
384.818 4891
384.832 4832
384.845 4673
384.859 4559
384.872 4461
384.885 4328
384.899 4259
384.912 4149
384.926 4049
384.939 3949
384.953 3812
384.966 3751
384.980 3692
384.993 3586
385.007 3499
385.020 3459
385.034 3435
385.047 3328
385.061 3262
385.074 3183
385.088 3162
385.101 3003
385.114 3066
385.128 2957
385.141 2964
385.155 2842
385.168 2940
385.182 2879
385.195 2880
385.209 2785
385.222 2711
385.236 2650
385.249 2687
385.263 2587
385.276 2648
385.290 2550
385.303 2486
385.316 2504
385.330 2453
385.343 2414
385.357 2451
385.370 2425
385.384 2374
385.397 2335
385.411 2285
385.424 2282
385.438 2274
385.451 2233
385.464 2187
385.478 2264
385.491 2146
385.505 2203
385.518 2215
385.532 2135
385.545 2122
385.559 2091
385.572 2055
385.586 2075
385.599 2123
385.612 2075
385.626 2094
385.639 2067
385.653 1997
385.666 2028
385.680 1993
385.693 1976
385.707 1985
385.720 1986
385.734 1944
385.747 1917
385.760 1888
385.774 1940
385.787 1900
385.801 1883
385.814 1833
385.828 1800
385.841 1819
385.855 1756
385.868 1834
385.881 1851
385.895 1799
385.908 1761
385.922 1751
385.935 1770
385.949 1720
385.962 1711
385.976 1742
385.989 1761
386.002 1716
386.016 1739
386.029 1708
386.043 1674
386.056 1682
386.070 1680
386.083 1674
386.097 1686
386.110 1663
386.123 1619
386.137 1670
386.150 1659
386.164 1607
386.177 1654
386.191 1651
386.204 1643
386.217 1601
386.231 1583
386.244 1575
386.258 1575
386.271 1579
386.285 1594
386.298 1601
386.311 1559
386.325 1555
386.338 1488
386.352 1548
386.365 1541
386.379 1506
386.392 1545
386.405 1478
386.419 1485
386.432 1451
386.446 1516
386.459 1510
386.473 1511
386.486 1467
386.499 1433
386.513 1452
386.526 1435
386.540 1449
386.553 1453
386.567 1450
386.580 1411
386.593 1444
386.607 1460
386.620 1436
386.634 1436
386.647 1404
386.661 1410
386.674 1411
386.687 1391
386.701 1383
386.714 1385
386.728 1367
386.741 1362
386.754 1370
386.768 1355
386.781 1336
386.795 1362
386.808 1367
386.822 1336
386.835 1331
386.848 1326
386.862 1302
386.875 1348
386.889 1280
386.902 1312
386.915 1301
386.929 1303
386.942 1332
386.956 1306
386.969 1276
386.983 1291
386.996 1266
387.009 1246
387.023 1265
387.036 1258
387.050 1260
387.063 1232
387.076 1252
387.090 1264
387.103 1260
387.117 1211
387.130 1258
387.143 1243
387.157 1248
387.170 1238
387.184 1227
387.197 1245
387.210 1192
387.224 1206
387.237 1217
387.251 1200
387.264 1203
387.278 1155
387.291 1184
387.304 1202
387.318 1172
387.331 1183
387.345 1171
387.358 1165
387.371 1168
387.385 1135
387.398 1141
387.412 1169
387.425 1141
387.438 1126
387.452 1109
387.465 1127
387.478 1094
387.492 1109
387.505 1107
387.519 1101
387.532 1110
387.545 1099
387.559 1107
387.572 1087
387.586 1079
387.599 1106
387.612 1083
387.626 1051
387.639 1069
387.653 1108
387.666 1067
387.679 1059
387.693 1049
387.706 1064
387.720 1052
387.733 1036
387.746 1042
387.760 1090
387.773 1066
387.787 1046
387.800 1051
387.813 1060
387.827 1017
387.840 990
387.853 1024
387.867 1010
387.880 1026
387.894 1016
387.907 994
387.920 994
387.934 1017
387.947 981
387.961 994
387.974 1016
387.987 986
388.001 996
388.014 973
388.027 957
388.041 984
388.054 990
388.068 965
388.081 971
388.094 951
388.108 957
388.121 965
388.134 963
388.148 954
388.161 945
388.175 959
388.188 960
388.201 948
388.215 922
388.228 969
388.241 970
388.255 937
388.268 938
388.282 944
388.295 914
388.308 919
388.322 954
388.335 926
388.348 931
388.362 931
388.375 931
388.389 935
388.402 902
388.415 939
388.429 941
388.442 955
388.455 955
388.469 947
388.482 911
388.495 957
388.509 928
388.522 946
388.536 953
388.549 923
388.562 914
388.576 910
388.589 913
388.602 899
388.616 910
388.629 921
388.642 925
388.656 908
388.669 900
388.683 917
388.696 904
388.709 924
388.723 910
388.736 902
388.749 903
388.763 898
388.776 909
388.789 910
388.803 899
388.816 903
388.829 880
388.843 893
388.856 884
388.870 906
388.883 881
388.896 902
388.910 898
388.923 873
388.936 906
388.950 911
388.963 903
388.976 919
388.990 891
389.003 896
389.016 872
389.030 885
389.043 886
389.056 885
389.070 885
389.083 896
389.097 903
389.110 889
389.123 864
389.137 880
389.150 892
389.163 863
389.177 874
389.190 869
389.203 858
389.217 883
389.230 885
389.243 871
389.257 869
389.270 865
389.283 869
389.297 876
389.310 863
389.323 862
389.337 852
389.350 869
389.363 877
389.377 876
389.390 864
389.403 863
389.417 855
389.430 889
389.443 867
389.457 855
389.470 885
389.483 850
389.497 859
389.510 842
389.523 861
389.537 845
389.550 844
389.563 863
389.577 848
389.590 844
389.603 825
389.617 846
389.630 828
389.643 859
389.657 835
389.670 839
389.683 859
389.697 833
389.710 849
389.723 820
389.737 854
389.750 850
389.763 839
389.777 829
389.790 824
389.803 836
389.817 820
389.830 850
389.843 829
389.857 796
389.870 832
389.883 809
389.897 803
389.910 803
389.923 822
389.937 814
389.950 825
389.963 825
389.977 808
389.990 818
390.003 828
390.017 795
390.030 821
390.043 816
390.057 794
390.070 781
390.083 811
390.096 798
390.110 790
390.123 812
390.136 790
390.150 780
390.163 796
390.176 791
390.190 788
390.203 770
390.216 773
390.230 768
390.243 779
390.256 799
390.270 784
390.283 743
390.296 761
390.310 793
390.323 774
390.336 768
390.349 782
390.363 757
390.376 763
390.389 778
390.403 754
390.416 759
390.429 755
390.443 756
390.456 760
390.469 756
390.483 737
390.496 738
390.509 752
390.522 740
390.536 747
390.549 757
390.562 728
390.576 742
390.589 741
390.602 748
390.616 752
390.629 730
390.642 731
390.655 737
390.669 733
390.682 740
390.695 762
390.709 726
390.722 727
390.735 729
390.749 721
390.762 725
390.775 730
390.788 727
390.802 709
390.815 735
390.828 717
390.842 705
390.855 718
390.868 729
390.882 706
390.895 719
390.908 705
390.921 717
390.935 704
390.948 710
390.961 724
390.975 704
390.988 716
391.001 708
391.014 714
391.028 718
391.041 709
391.054 712
391.068 695
391.081 695
391.094 691
391.107 695
391.121 693
391.134 701
391.147 702
391.161 697
391.174 702
391.187 685
391.200 695
391.214 698
391.227 693
391.240 700
391.254 694
391.267 697
391.280 685
391.293 685
391.307 684
391.320 690
391.333 697
391.347 696
391.360 686
391.373 687
391.386 690
391.400 688
391.413 686
391.426 692
391.440 672
391.453 685
391.466 671
391.479 678
391.493 677
391.506 676
391.519 677
391.532 675
391.546 682
391.559 704
391.572 680
391.586 677
391.599 688
391.612 684
391.625 670
391.639 689
391.652 672
391.665 681
391.678 682
391.692 692
391.705 671
391.718 685
391.732 677
391.745 671
391.758 681
391.771 674
391.785 672
391.798 676
391.811 677
391.824 671
391.838 673
391.851 677
391.864 669
391.877 668
391.891 683
391.904 686
391.917 674
391.931 669
391.944 686
391.957 671
391.970 674
391.984 681
391.997 668
392.010 678
392.023 667
392.037 679
392.050 666
392.063 681
392.076 678
392.090 669
392.103 684
392.116 676
392.129 680
392.143 669
392.156 686
392.169 667
392.182 670
392.196 666
392.209 662
392.222 664
392.235 670
392.249 662
392.262 661
392.275 661
392.288 674
392.302 667
392.315 665
392.328 667
392.341 669
392.355 663
392.368 667
392.381 666
392.394 672
392.408 682
392.421 665
392.434 651
392.447 685
392.461 666
392.474 670
392.487 669
392.500 668
392.514 667
392.527 656
392.540 676
392.553 651
392.567 669
392.580 666
392.593 669
392.606 663
392.620 653
392.633 667
392.646 653
392.659 664
392.673 674
392.686 666
392.699 656
392.712 658
392.726 664
392.739 662
392.752 660
392.765 667
392.778 669
392.792 669
392.805 675
392.818 646
392.831 674
392.845 664
392.858 661
392.871 658
392.884 672
392.898 668
392.911 657
392.924 669
392.937 657
392.951 666
392.964 662
392.977 668
392.990 649
393.003 666
393.017 658
393.030 655
393.043 648
393.056 660
393.070 672
393.083 662
393.096 658
393.109 655
393.122 656
393.136 662
393.149 663
393.162 651
393.175 657
393.189 666
393.202 671
393.215 661
393.228 652
393.242 646
393.255 662
393.268 649
393.281 662
393.294 661
393.308 656
393.321 647
393.334 665
393.347 665
393.360 654
393.374 645
393.387 658
393.400 659
393.413 662
393.427 662
393.440 655
393.453 654
393.466 647
393.479 650
393.493 662
393.506 649
393.519 668
393.532 661
393.546 645
393.559 660
393.572 660
393.585 655
393.598 661
393.612 652
393.625 658
393.638 650
393.651 656
393.664 647
393.678 643
393.691 669
393.704 656
393.717 634
393.730 645
393.744 650
393.757 641
393.770 658
393.783 655
393.796 652
393.810 647
393.823 643
393.836 651
393.849 650
393.863 659
393.876 647
393.889 645
393.902 653
393.915 648
393.929 654
