375.891 715
375.905 715
375.919 730
375.933 733
375.946 708
375.960 710
375.974 731
375.987 718
376.001 735
376.015 731
376.029 723
376.042 720
376.056 719
376.070 724
376.084 735
376.097 738
376.111 733
376.125 730
376.139 755
376.152 741
376.166 737
376.180 763
376.193 764
376.207 732
376.221 746
376.235 754
376.248 755
376.262 741
376.276 757
376.290 757
376.303 754
376.317 758
376.331 762
376.345 752
376.358 751
376.372 776
376.386 759
376.399 742
376.413 767
376.427 760
376.441 771
376.454 777
376.468 758
376.482 759
376.495 783
376.509 778
376.523 771
376.537 792
376.550 800
376.564 793
376.578 795
376.592 805
376.605 783
376.619 804
376.633 799
376.646 784
376.660 790
376.674 799
376.688 798
376.701 816
376.715 818
376.729 826
376.742 821
376.756 818
376.770 824
376.784 823
376.797 830
376.811 818
376.825 838
376.838 857
376.852 848
376.866 841
376.880 864
376.893 853
376.907 847
376.921 849
376.934 860
376.948 852
376.962 892
376.976 857
376.989 870
377.003 881
377.017 904
377.030 908
377.044 900
377.058 901
377.071 909
377.085 900
377.099 880
377.113 908
377.126 899
377.140 910
377.154 916
377.167 945
377.181 946
377.195 945
377.208 921
377.222 944
377.236 947
377.250 932
377.263 941
377.277 962
377.291 948
377.304 968
377.318 987
377.332 986
377.345 975
377.359 1001
377.373 1000
377.387 971
377.400 986
377.414 1013
377.428 1002
377.441 1006
377.455 1013
377.469 1022
377.482 1023
377.496 1032
377.510 1052
377.524 1074
377.537 1100
377.551 1074
377.565 1040
377.578 1031
377.592 1049
377.606 1061
377.619 1040
377.633 1053
377.647 1082
377.660 1060
377.674 1073
377.688 1092
377.701 1064
377.715 1090
377.729 1105
377.743 1100
377.756 1151
377.770 1113
377.784 1138
377.797 1133
377.811 1097
377.825 1154
377.838 1108
377.852 1143
377.866 1150
377.879 1182
377.893 1141
377.907 1148
377.920 1153
377.934 1166
377.948 1178
377.961 1188
377.975 1147
377.989 1171
378.002 1170
378.016 1199
378.030 1157
378.044 1152
378.057 1197
378.071 1210
378.085 1183
378.098 1202
378.112 1184
378.126 1222
378.139 1242
378.153 1211
378.167 1237
378.180 1230
378.194 1252
378.208 1246
378.221 1220
378.235 1258
378.249 1254
378.262 1273
378.276 1232
378.290 1249
378.303 1265
378.317 1299
378.331 1294
378.344 1257
378.358 1310
378.372 1332
378.385 1303
378.399 1296
378.413 1323
378.426 1322
378.440 1328
378.454 1346
378.467 1305
378.481 1359
378.495 1330
378.508 1343
378.522 1345
378.536 1377
378.549 1365
378.563 1346
378.577 1368
378.590 1400
378.604 1365
378.618 1378
378.631 1408
378.645 1365
378.659 1401
378.672 1391
378.686 1377
378.700 1441
378.713 1470
378.727 1475
378.740 1452
378.754 1439
378.768 1496
378.781 1497
378.795 1492
378.809 1523
378.822 1501
378.836 1516
378.850 1424
378.863 1465
378.877 1471
378.891 1505
378.904 1535
378.918 1509
378.932 1534
378.945 1498
378.959 1467
378.973 1528
378.986 1547
379.000 1518
379.014 1488
379.027 1545
379.041 1494
379.054 1528
379.068 1533
379.082 1555
379.095 1576
379.109 1553
379.123 1583
379.136 1570
379.150 1588
379.164 1615
379.177 1617
379.191 1577
379.205 1583
379.218 1578
379.232 1628
379.245 1664
379.259 1620
379.273 1637
379.286 1637
379.300 1667
379.314 1683
379.327 1656
379.341 1704
379.355 1701
379.368 1665
379.382 1688
379.396 1692
379.409 1738
379.423 1742
379.436 1737
379.450 1746
379.464 1729
379.477 1772
379.491 1768
379.505 1794
379.518 1811
379.532 1855
379.546 1791
379.559 1809
379.573 1793
379.586 1844
379.600 1875
379.614 1891
379.627 1913
379.641 1910
379.655 1934
379.668 1944
379.682 1917
379.695 1897
379.709 1922
379.723 1952
379.736 2073
379.750 2101
379.764 2084
379.777 2124
379.791 2165
379.804 2148
379.818 2182
379.832 2148
379.845 2117
379.859 2082
379.873 2122
379.886 2158
379.900 2185
379.913 2251
379.927 2206
379.941 2248
379.954 2302
379.968 2354
379.982 2325
379.995 2315
380.009 2400
380.022 2319
380.036 2422
380.050 2419
380.063 2457
380.077 2602
380.090 2646
380.104 2629
380.118 2600
380.131 2703
380.145 2727
380.159 2752
380.172 2754
380.186 2783
380.199 2891
380.213 2903
380.227 2938
380.240 2986
380.254 2936
380.267 2920
380.281 2960
380.295 3031
380.308 3074
380.322 3061
380.336 3190
380.349 3178
380.363 3256
380.376 3247
380.390 3317
380.404 3305
380.417 3272
380.431 3417
380.444 3467
380.458 3446
380.472 3487
380.485 3562
380.499 3595
380.512 3584
380.526 3629
380.540 3709
380.553 3709
380.567 3753
380.580 3814
380.594 3904
380.608 3940
380.621 4159
380.635 4204
380.648 4197
380.662 4192
380.676 4228
380.689 4280
380.703 4299
380.716 4403
380.730 4408
380.744 4450
380.757 4567
380.771 4625
380.784 4709
380.798 4664
380.812 4740
380.825 4824
380.839 4837
380.852 4932
380.866 5109
380.880 5127
380.893 4978
380.907 5090
380.920 5087
380.934 5221
380.948 5177
380.961 5288
380.975 5419
380.988 5401
381.002 5400
381.015 5385
381.029 5474
381.043 5567
381.056 5587
381.070 5613
381.083 5703
381.097 5696
381.111 5707
381.124 5754
381.138 5820
381.151 5937
381.165 5964
381.179 6041
381.192 6028
381.206 5901
381.219 6052
381.233 6084
381.246 6044
381.260 6150
381.274 6065
381.287 6243
381.301 6271
381.314 6304
381.328 6360
381.341 6410
381.355 6350
381.369 6441
381.382 6428
381.396 6504
381.409 6624
381.423 6664
381.437 6745
381.450 6655
381.464 6895
381.477 6833
381.491 6947
381.504 6886
381.518 6937
381.532 6957
381.545 7010
381.559 7297
381.572 7460
381.586 7392
381.599 7167
381.613 7328
381.627 7323
381.640 7337
381.654 7530
381.667 7464
381.681 7445
381.694 7452
381.708 7239
381.722 7202
381.735 7277
381.749 7392
381.762 7330
381.776 7333
381.789 7434
381.803 7301
381.817 7337
381.830 7447
381.844 7437
381.857 7485
381.871 7525
381.884 7516
381.898 7530
381.911 7526
381.925 7662
381.939 7730
381.952 7662
381.966 7682
381.979 7761
381.993 7905
382.006 7979
382.020 7993
382.034 8088
382.047 7918
382.061 7901
382.074 7935
382.088 7954
382.101 7883
382.115 8063
382.128 8028
382.142 8258
382.156 8541
382.169 8498
382.183 8450
382.196 8418
382.210 8462
382.223 8443
382.237 8347
382.250 8449
382.264 8428
382.278 8519
382.291 8563
382.305 8660
382.318 8868
382.332 8936
382.345 8651
382.359 8540
382.372 8493
382.386 8687
382.399 8642
382.413 8621
382.427 8676
382.440 8767
382.454 8735
382.467 8862
382.481 9074
382.494 9223
382.508 9288
382.521 9450
382.535 9369
382.548 9333
382.562 9303
382.576 9344
382.589 9299
382.603 9488
382.616 9559
382.630 9578
382.643 9579
382.657 9775
382.670 9920
382.684 9891
382.697 9843
382.711 9795
382.724 10066
382.738 10109
382.752 10100
382.765 10279
382.779 10332
382.792 10248
382.806 10506
382.819 10574
382.833 10628
382.846 10640
382.860 10777
382.873 10863
382.887 10827
382.900 11160
382.914 11086
382.928 11222
382.941 11420
382.955 11580
382.968 11696
382.982 11889
382.995 11941
383.009 11943
383.022 12042
383.036 12012
383.049 12278
383.063 12531
383.076 12503
383.090 12508
383.103 12706
383.117 12842
383.130 12908
383.144 13027
383.158 13153
383.171 13283
383.185 13480
383.198 13666
383.212 13841
383.225 14056
383.239 14137
383.252 14334
383.266 14270
383.279 14565
383.293 14715
383.306 14806
383.320 15148
383.333 15608
383.347 15657
383.360 15670
383.374 15642
383.387 15904
383.401 16034
383.414 16091
383.428 16039
383.441 16360
383.455 16280
383.468 16280
383.482 16586
383.496 17141
383.509 17301
383.523 17264
383.536 17339
383.550 17473
383.563 17923
383.577 17961
383.590 18249
383.604 18349
383.617 18149
383.631 18325
383.644 18096
383.658 18393
383.671 18301
383.685 18558
383.698 18589
383.712 19173
383.725 19146
383.739 19047
383.752 19041
383.766 19103
383.779 19336
383.793 19527
383.806 19600
383.820 20286
383.833 20350
383.847 20608
383.860 20754
383.874 20754
383.887 20637
383.901 20639
383.914 21201
383.928 20903
383.941 21228
383.955 21027
383.968 21097
383.982 21277
383.995 21412
384.009 21499
384.022 21687
384.036 21793
384.049 21945
384.063 22187
384.076 22807
384.090 23223
384.103 23827
384.117 23951
384.130 23926
384.144 23390
384.157 23547
384.171 23281
384.184 23630
384.198 23813
384.211 24003
384.225 24508
384.238 25017
384.252 25140
384.265 25449
384.279 25747
384.292 26028
384.306 26201
384.319 26259
384.333 26318
384.346 26321
384.360 26472
384.373 26770
384.387 27378
384.400 27326
384.414 27652
384.427 28242
384.441 28143
384.454 28666
384.468 28854
384.481 29024
384.495 29524
384.508 30009
384.522 30059
384.535 30798
384.549 30782
384.562 31214
384.575 31641
384.589 32339
384.602 33574
384.616 34464
384.629 34806
384.643 35110
384.656 35773
384.670 36021
384.683 36133
384.697 36616
384.710 37092
384.724 37553
384.737 38045
384.751 38698
384.764 39183
384.778 39805
384.791 40582
384.805 41377
384.818 41690
384.832 41876
384.845 42617
384.859 42862
384.872 42970
384.885 42745
384.899 42961
384.912 43220
384.926 43812
384.939 44031
384.953 44256
384.966 44734
384.980 44829
384.993 45152
385.007 45617
385.020 45574
385.034 45776
385.047 45730
385.061 45492
385.074 45563
385.088 45489
385.101 45437
385.114 45417
385.128 45179
385.141 45011
385.155 45053
385.168 45688
385.182 46172
385.195 45442
385.209 45412
385.222 44068
385.236 43566
385.249 42756
385.263 42307
385.276 41168
385.290 39979
385.303 38814
385.316 38233
385.330 37943
385.343 37274
385.357 36521
385.370 35442
385.384 34220
385.397 33641
385.411 33035
385.424 32047
385.438 31324
385.451 30736
385.464 30547
385.478 29759
385.491 28860
385.505 27843
385.518 27161
385.532 26336
385.545 25037
385.559 24235
385.572 23505
385.586 22934
385.599 22508
385.612 21982
385.626 21202
385.639 20181
385.653 19870
385.666 19833
385.680 18772
385.693 17957
385.707 17060
385.720 16708
385.734 16081
385.747 15362
385.760 14887
385.774 14555
385.787 14057
385.801 13483
385.814 12542
385.828 12274
385.841 11854
385.855 11630
385.868 11057
385.881 10824
385.895 10394
385.908 10068
385.922 9855
385.935 9572
385.949 9411
385.962 9081
385.976 8791
385.989 8891
386.002 8809
386.016 8492
386.029 8247
386.043 8309
386.056 7951
386.070 7740
386.083 7516
386.097 7467
386.110 7362
386.123 7354
386.137 7098
386.150 7005
386.164 6841
386.177 6731
386.191 6644
386.204 6449
386.217 6331
386.231 6396
386.244 6253
386.258 6217
386.271 6172
386.285 6086
386.298 5966
386.311 5974
386.325 5806
386.338 5701
386.352 5625
386.365 5540
386.379 5381
386.392 5423
386.405 5279
386.419 5296
386.432 5270
386.446 5199
386.459 5176
386.473 5103
386.486 4976
386.499 5030
386.513 4924
386.526 4908
386.540 4854
386.553 4801
386.567 4835
386.580 4876
386.593 4830
386.607 4861
386.620 4777
386.634 4761
386.647 4642
386.661 4654
386.674 4608
386.687 4559
386.701 4427
386.714 4414
386.728 4370
386.741 4299
386.754 4343
386.768 4369
386.781 4302
386.795 4263
386.808 4228
386.822 4120
386.835 4091
386.848 4116
386.862 4089
386.875 4028
386.889 4040
386.902 3970
386.915 3990
386.929 4021
386.942 3925
386.956 3968
386.969 3913
386.983 3931
386.996 3907
387.009 3817
387.023 3819
387.036 3853
387.050 3891
387.063 3878
387.076 3780
387.090 3793
387.103 3796
387.117 3759
387.130 3790
387.143 3809
387.157 3769
387.170 3848
387.184 3741
387.197 3794
387.210 3652
387.224 3756
387.237 3603
387.251 3681
387.264 3620
387.278 3579
387.291 3705
387.304 3635
387.318 3650
387.331 3700
387.345 3700
387.358 3669
387.371 3653
387.385 3659
387.398 3589
387.412 3590
387.425 3623
387.438 3531
387.452 3463
387.465 3515
387.478 3534
387.492 3488
387.505 3598
387.519 3630
387.532 3758
387.545 3789
387.559 3850
387.572 3801
387.586 3762
387.599 3792
387.612 3826
387.626 3868
387.639 3919
387.653 3881
387.666 3766
387.679 3694
387.693 3653
387.706 3741
387.720 3750
387.733 3885
387.746 3909
387.760 3968
387.773 4000
387.787 4013
387.800 3969
387.813 4018
387.827 4022
387.840 3973
387.853 4073
387.867 4050
387.880 4237
387.894 4301
387.907 4346
387.920 4395
387.934 4392
387.947 4402
387.961 4453
387.974 4463
387.987 4478
388.001 4565
388.014 4625
388.027 4682
388.041 4708
388.054 4726
388.068 4890
388.081 4914
388.094 4955
388.108 4986
388.121 5030
388.134 4933
388.148 4988
388.161 4876
388.175 4824
388.188 4789
388.201 4783
388.215 4839
388.228 4704
388.241 4737
388.255 4626
388.268 4596
388.282 4510
388.295 4485
388.308 4308
388.322 4259
388.335 4135
388.348 3912
388.362 3961
388.375 3859
388.389 3916
388.402 3753
388.415 3666
388.429 3603
388.442 3572
388.455 3532
388.469 3374
388.482 3367
388.495 3317
388.509 3266
388.522 3155
388.536 3060
388.549 2880
388.562 2841
388.576 2772
388.589 2701
388.602 2742
388.616 2622
388.629 2587
388.642 2517
388.656 2462
388.669 2473
388.683 2518
388.696 2396
388.709 2391
388.723 2347
388.736 2297
388.749 2270
388.763 2202
388.776 2232
388.789 2202
388.803 2170
388.816 2129
388.829 2088
388.843 2124
388.856 2056
388.870 2007
388.883 2027
388.896 2021
388.910 2055
388.923 2021
388.936 2026
388.950 2047
388.963 2027
388.976 2034
388.990 2042
389.003 2034
389.016 1992
389.030 2055
389.043 2027
389.056 2076
389.070 2021
389.083 2065
389.097 1943
389.110 2017
389.123 2017
389.137 2017
389.150 2034
389.163 2066
389.177 2074
389.190 2094
389.203 2094
389.217 2090
389.230 2113
389.243 2146
389.257 2132
389.270 2149
389.283 2130
389.297 2166
389.310 2106
389.323 2140
389.337 2145
389.350 2110
389.363 2103
389.377 2145
389.390 2133
389.403 2170
389.417 2115
389.430 2116
389.443 2080
389.457 2110
389.470 2118
389.483 2112
389.497 2080
389.510 2052
389.523 1977
389.537 2065
389.550 1932
389.563 1971
389.577 1890
389.590 1887
389.603 1831
389.617 1836
389.630 1810
389.643 1742
389.657 1762
389.670 1758
389.683 1711
389.697 1669
389.710 1704
389.723 1685
389.737 1658
389.750 1632
389.763 1600
389.777 1607
389.790 1562
389.803 1572
389.817 1510
389.830 1508
389.843 1510
389.857 1456
389.870 1469
389.883 1486
389.897 1433
389.910 1476
389.923 1441
389.937 1472
389.950 1430
389.963 1438
389.977 1444
389.990 1438
390.003 1447
390.017 1436
390.030 1390
390.043 1380
390.057 1406
390.070 1348
390.083 1377
390.096 1380
390.110 1377
390.123 1378
390.136 1337
390.150 1355
390.163 1382
390.176 1332
390.190 1349
390.203 1311
390.216 1303
390.230 1333
390.243 1285
390.256 1313
390.270 1308
390.283 1274
390.296 1281
390.310 1271
390.323 1286
390.336 1285
390.349 1266
390.363 1294
390.376 1273
390.389 1292
390.403 1268
390.416 1282
390.429 1268
390.443 1284
390.456 1265
390.469 1233
390.483 1247
390.496 1252
390.509 1248
390.522 1258
390.536 1242
390.549 1220
390.562 1221
390.576 1241
390.589 1256
390.602 1216
390.616 1221
390.629 1217
390.642 1216
390.655 1194
390.669 1211
390.682 1208
390.695 1230
390.709 1171
390.722 1184
390.735 1203
390.749 1222
390.762 1199
390.775 1173
390.788 1201
390.802 1199
390.815 1172
390.828 1185
390.842 1180
390.855 1196
390.868 1144
390.882 1191
390.895 1182
390.908 1140
390.921 1147
390.935 1162
390.948 1146
390.961 1137
390.975 1150
390.988 1151
391.001 1149
391.014 1131
391.028 1111
391.041 1116
391.054 1107
391.068 1130
391.081 1137
391.094 1134
391.107 1107
391.121 1129
391.134 1115
391.147 1093
391.161 1096
391.174 1099
391.187 1070
391.200 1062
391.214 1072
391.227 1071
391.240 1067
391.254 1045
391.267 1041
391.280 1044
391.293 1042
391.307 1045
391.320 1017
391.333 1025
391.347 1056
391.360 1004
391.373 1045
391.386 1021
391.400 1032
391.413 1016
391.426 1010
391.440 1014
391.453 1011
391.466 1012
391.479 1019
391.493 1004
391.506 1002
391.519 983
391.532 971
391.546 993
391.559 987
391.572 979
391.586 946
391.599 972
391.612 975
391.625 974
391.639 979
391.652 976
391.665 948
391.678 951
391.692 941
391.705 971
391.718 965
391.732 938
391.745 961
391.758 944
391.771 934
391.785 943
391.798 941
391.811 918
391.824 928
391.838 923
391.851 916
391.864 916
391.877 907
391.891 904
391.904 912
391.917 923
391.931 911
391.944 916
391.957 919
391.970 913
391.984 905
391.997 901
392.010 911
392.023 889
392.037 886
392.050 896
392.063 876
392.076 889
392.090 880
392.103 898
392.116 876
392.129 881
392.143 898
392.156 862
392.169 884
392.182 862
392.196 877
392.209 883
392.222 883
392.235 857
392.249 887
392.262 870
392.275 852
392.288 872
392.302 879
392.315 887
392.328 861
392.341 873
392.355 856
392.368 850
392.381 862
392.394 876
392.408 865
392.421 897
392.434 866
392.447 864
392.461 860
392.474 868
392.487 865
392.500 863
392.514 869
392.527 861
392.540 869
392.553 864
392.567 849
392.580 866
392.593 870
392.606 844
392.620 839
392.633 840
392.646 840
392.659 851
392.673 847
392.686 844
392.699 844
392.712 855
392.726 835
392.739 854
392.752 834
392.765 853
392.778 850
392.792 830
392.805 844
392.818 845
392.831 821
392.845 840
392.858 851
392.871 844
392.884 838
392.898 835
392.911 860
392.924 856
392.937 858
392.951 823
392.964 833
392.977 827
392.990 851
393.003 812
393.017 815
393.030 834
393.043 840
393.056 831
393.070 813
393.083 844
393.096 835
393.109 838
393.122 828
393.136 836
393.149 828
393.162 842
393.175 809
393.189 837
393.202 836
393.215 832
393.228 824
393.242 819
393.255 833
393.268 819
393.281 831
393.294 829
393.308 818
393.321 832
393.334 836
393.347 812
393.360 831
393.374 829
393.387 833
393.400 812
393.413 835
393.427 819
393.440 821
393.453 842
393.466 824
393.479 792
393.493 837
393.506 837
393.519 832
393.532 810
393.546 824
393.559 822
393.572 843
393.585 815
393.598 834
393.612 812
393.625 838
393.638 814
393.651 820
393.664 826
393.678 825
393.691 819
393.704 818
393.717 819
393.730 826
393.744 814
393.757 818
393.770 817
393.783 830
393.796 817
393.810 829
393.823 802
393.836 818
393.849 828
393.863 813
393.876 838
393.889 832
393.902 806
393.915 805
393.929 811
