375.891 711
375.905 713
375.919 729
375.933 735
375.946 736
375.960 740
375.974 746
375.987 739
376.001 738
376.015 734
376.029 719
376.042 742
376.056 736
376.070 747
376.084 730
376.097 740
376.111 746
376.125 761
376.139 752
376.152 746
376.166 748
376.180 755
376.193 758
376.207 769
376.221 750
376.235 755
376.248 772
376.262 759
376.276 782
376.290 767
376.303 773
376.317 758
376.331 760
376.345 772
376.358 783
376.372 784
376.386 779
376.399 777
376.413 780
376.427 805
376.441 788
376.454 796
376.468 795
376.482 793
376.495 807
376.509 800
376.523 788
376.537 820
376.550 815
376.564 809
376.578 830
376.592 828
376.605 837
376.619 832
376.633 823
376.646 830
376.660 824
376.674 836
376.688 828
376.701 841
376.715 841
376.729 846
376.742 843
376.756 854
376.770 863
376.784 868
376.797 847
376.811 864
376.825 887
376.838 869
376.852 889
376.866 889
376.880 889
376.893 892
376.907 883
376.921 897
376.934 888
376.948 905
376.962 917
376.976 894
376.989 925
377.003 928
377.017 924
377.030 950
377.044 934
377.058 927
377.071 971
377.085 941
377.099 946
377.113 967
377.126 958
377.140 1001
377.154 942
377.167 981
377.181 965
377.195 974
377.208 984
377.222 984
377.236 980
377.250 1009
377.263 998
377.277 1005
377.291 1036
377.304 1038
377.318 1038
377.332 1042
377.345 1025
377.359 1034
377.373 1029
377.387 1059
377.400 1048
377.414 1049
377.428 1052
377.441 1057
377.455 1088
377.469 1070
377.482 1073
377.496 1076
377.510 1104
377.524 1121
377.537 1102
377.551 1126
377.565 1117
377.578 1130
377.592 1135
377.606 1135
377.619 1120
377.633 1146
377.647 1148
377.660 1145
377.674 1166
377.688 1167
377.701 1133
377.715 1168
377.729 1194
377.743 1166
377.756 1172
377.770 1185
377.784 1182
377.797 1192
377.811 1191
377.825 1188
377.838 1205
377.852 1205
377.866 1211
377.879 1246
377.893 1224
377.907 1189
377.920 1236
377.934 1229
377.948 1243
377.961 1241
377.975 1257
377.989 1240
378.002 1248
378.016 1274
378.030 1285
378.044 1269
378.057 1278
378.071 1315
378.085 1309
378.098 1272
378.112 1305
378.126 1305
378.139 1334
378.153 1290
378.167 1276
378.180 1315
378.194 1315
378.208 1369
378.221 1365
378.235 1358
378.249 1345
378.262 1361
378.276 1355
378.290 1349
378.303 1350
378.317 1361
378.331 1380
378.344 1385
378.358 1389
378.372 1395
378.385 1402
378.399 1378
378.413 1380
378.426 1422
378.440 1428
378.454 1410
378.467 1419
378.481 1428
378.495 1458
378.508 1449
378.522 1420
378.536 1426
378.549 1449
378.563 1412
378.577 1466
378.590 1450
378.604 1454
378.618 1470
378.631 1486
378.645 1463
378.659 1493
378.672 1507
378.686 1492
378.700 1599
378.713 1530
378.727 1596
378.740 1591
378.754 1602
378.768 1578
378.781 1596
378.795 1554
378.809 1595
378.822 1637
378.836 1594
378.850 1561
378.863 1540
378.877 1577
378.891 1592
378.904 1610
378.918 1607
378.932 1619
378.945 1624
378.959 1629
378.973 1612
378.986 1596
379.000 1637
379.014 1607
379.027 1642
379.041 1647
379.054 1629
379.068 1669
379.082 1641
379.095 1638
379.109 1615
379.123 1680
379.136 1641
379.150 1675
379.164 1686
379.177 1689
379.191 1676
379.205 1701
379.218 1699
379.232 1725
379.245 1749
379.259 1689
379.273 1721
379.286 1730
379.300 1760
379.314 1775
379.327 1755
379.341 1780
379.355 1766
379.368 1789
379.382 1799
379.396 1812
379.409 1812
379.423 1831
379.436 1886
379.450 1857
379.464 1852
379.477 1868
379.491 1881
379.505 1909
379.518 1898
379.532 1913
379.546 1962
379.559 1940
379.573 1996
379.586 1955
379.600 1991
379.614 2060
379.627 2010
379.641 2054
379.655 2093
379.668 2078
379.682 2061
379.695 2075
379.709 2061
379.723 2068
379.736 2176
379.750 2221
379.764 2284
379.777 2241
379.791 2311
379.804 2322
379.818 2317
379.832 2297
379.845 2253
379.859 2322
379.873 2258
379.886 2341
379.900 2327
379.913 2382
379.927 2439
379.941 2484
379.954 2486
379.968 2425
379.982 2539
379.995 2584
380.009 2588
380.022 2546
380.036 2591
380.050 2612
380.063 2668
380.077 2735
380.090 2841
380.104 2844
380.118 2874
380.131 2894
380.145 2942
380.159 2889
380.172 3005
380.186 3014
380.199 3049
380.213 3196
380.227 3188
380.240 3194
380.254 3209
380.267 3238
380.281 3145
380.295 3244
380.308 3235
380.322 3357
380.336 3402
380.349 3433
380.363 3482
380.376 3496
380.390 3617
380.404 3578
380.417 3642
380.431 3669
380.444 3717
380.458 3779
380.472 3821
380.485 3792
380.499 3899
380.512 3914
380.526 3975
380.540 4079
380.553 4073
380.567 4017
380.580 4216
380.594 4223
380.608 4360
380.621 4555
380.635 4506
380.648 4579
380.662 4666
380.676 4570
380.689 4627
380.703 4665
380.716 4670
380.730 4809
380.744 4846
380.757 4958
380.771 5014
380.784 5142
380.798 5113
380.812 5174
380.825 5220
380.839 5226
380.852 5493
380.866 5542
380.880 5537
380.893 5570
380.907 5513
380.920 5561
380.934 5668
380.948 5718
380.961 5886
380.975 5850
380.988 5917
381.002 5941
381.015 5967
381.029 5994
381.043 6080
381.056 6271
381.070 6198
381.083 6139
381.097 6256
381.111 6313
381.124 6436
381.138 6542
381.151 6520
381.165 6546
381.179 6513
381.192 6487
381.206 6650
381.219 6692
381.233 6688
381.246 6782
381.260 6782
381.274 6765
381.287 6827
381.301 6809
381.314 6959
381.328 6920
381.341 6986
381.355 7034
381.369 7012
381.382 7099
381.396 7100
381.409 7167
381.423 7352
381.437 7419
381.450 7314
381.464 7495
381.477 7513
381.491 7744
381.504 7722
381.518 7560
381.532 7712
381.545 7792
381.559 8064
381.572 7975
381.586 7965
381.599 7973
381.613 8085
381.627 7962
381.640 8202
381.654 8154
381.667 8084
381.681 8222
381.694 8146
381.708 8078
381.722 7876
381.735 7966
381.749 8151
381.762 8076
381.776 8032
381.789 8124
381.803 8148
381.817 8211
381.830 8186
381.844 8200
381.857 8277
381.871 8330
381.884 8370
381.898 8303
381.911 8274
381.925 8338
381.939 8433
381.952 8535
381.966 8364
381.979 8535
381.993 8657
382.006 8680
382.020 8764
382.034 8957
382.047 8709
382.061 8702
382.074 8808
382.088 8791
382.101 8834
382.115 8800
382.128 8747
382.142 9166
382.156 9416
382.169 9425
382.183 9363
382.196 9299
382.210 9362
382.223 9335
382.237 9349
382.250 9241
382.264 9363
382.278 9412
382.291 9543
382.305 9684
382.318 9899
382.332 9744
382.345 9548
382.359 9455
382.372 9458
382.386 9540
382.399 9599
382.413 9471
382.427 9633
382.440 9677
382.454 9686
382.467 9806
382.481 10161
382.494 10275
382.508 10474
382.521 10518
382.535 10363
382.548 10228
382.562 10302
382.576 10449
382.589 10577
382.603 10671
382.616 10797
382.630 10736
382.643 10886
382.657 11022
382.670 11039
382.684 11166
382.697 10999
382.711 11248
382.724 11301
382.738 11383
382.752 11390
382.765 11534
382.779 11549
382.792 11732
382.806 11786
382.819 12009
382.833 11996
382.846 12140
382.860 12295
382.873 12399
382.887 12471
382.900 12699
382.914 12777
382.928 12896
382.941 13058
382.955 13103
382.968 13363
382.982 13671
382.995 13592
383.009 13718
383.022 13962
383.036 13894
383.049 14381
383.063 14236
383.076 14502
383.090 14489
383.103 14537
383.117 14773
383.130 14838
383.144 15075
383.158 15246
383.171 15492
383.185 15638
383.198 15896
383.212 16192
383.225 16290
383.239 16720
383.252 16914
383.266 16830
383.279 17211
383.293 17485
383.306 17579
383.320 18088
383.333 18310
383.347 18482
383.360 18529
383.374 18652
383.387 18775
383.401 19106
383.414 19047
383.428 19193
383.441 19357
383.455 19469
383.468 19589
383.482 20022
383.496 20580
383.509 20879
383.523 20779
383.536 20834
383.550 21032
383.563 21497
383.577 21792
383.590 21936
383.604 22210
383.617 22210
383.631 22155
383.644 22062
383.658 22539
383.671 22319
383.685 22663
383.698 23002
383.712 23387
383.725 23682
383.739 23419
383.752 23616
383.766 23650
383.779 23975
383.793 24430
383.806 24683
383.820 25317
383.833 25333
383.847 25658
383.860 26259
383.874 26107
383.887 25736
383.901 26067
383.914 26608
383.928 26788
383.941 27095
383.955 26679
383.968 27234
383.982 27340
383.995 27362
384.009 27908
384.022 28063
384.036 28202
384.049 28589
384.063 29360
384.076 29768
384.090 30442
384.103 31033
384.117 31926
384.130 31631
384.144 31069
384.157 31373
384.171 31343
384.184 31434
384.198 31816
384.211 32362
384.225 32897
384.238 33781
384.252 34218
384.265 34789
384.279 35239
384.292 35220
384.306 36085
384.319 35900
384.333 35645
384.346 36002
384.360 36491
384.373 36637
384.387 37271
384.400 37685
384.414 37789
384.427 38397
384.441 38997
384.454 39089
384.468 39480
384.481 39940
384.495 40363
384.508 40434
384.522 41186
384.535 41605
384.549 42031
384.562 42219
384.575 42503
384.589 43708
384.602 44924
384.616 46013
384.629 46504
384.643 46603
384.656 47151
384.670 47852
384.683 47018
384.697 47633
384.710 48069
384.724 48521
384.737 48712
384.751 49143
384.764 49950
384.778 50411
384.791 50735
384.805 51055
384.818 51322
384.832 51690
384.845 51614
384.859 51769
384.872 51398
384.885 50849
384.899 51358
384.912 51037
384.926 50956
384.939 51051
384.953 50986
384.966 50870
384.980 50639
384.993 50491
385.007 50356
385.020 49952
385.034 49591
385.047 49038
385.061 48315
385.074 47618
385.088 47239
385.101 46597
385.114 45692
385.128 45001
385.141 44427
385.155 43847
385.168 43933
385.182 43760
385.195 42869
385.209 41921
385.222 40117
385.236 38869
385.249 37654
385.263 36681
385.276 35552
385.290 34497
385.303 32657
385.316 31955
385.330 31295
385.343 30441
385.357 29199
385.370 28302
385.384 27169
385.397 26240
385.411 25557
385.424 24734
385.438 24037
385.451 23120
385.464 22786
385.478 21979
385.491 21374
385.505 20675
385.518 20190
385.532 19299
385.545 18447
385.559 17505
385.572 17269
385.586 16715
385.599 16356
385.612 16014
385.626 15401
385.639 14732
385.653 14553
385.666 14608
385.680 13954
385.693 13391
385.707 12955
385.720 12801
385.734 12348
385.747 11883
385.760 11522
385.774 11179
385.787 11049
385.801 10517
385.814 10056
385.828 9853
385.841 9623
385.855 9487
385.868 9332
385.881 9047
385.895 8718
385.908 8730
385.922 8514
385.935 8400
385.949 8146
385.962 8142
385.976 7888
385.989 7962
386.002 7845
386.016 7776
386.029 7610
386.043 7487
386.056 7313
386.070 7152
386.083 7091
386.097 7027
386.110 7034
386.123 6957
386.137 6846
386.150 6794
386.164 6641
386.177 6512
386.191 6533
386.204 6433
386.217 6320
386.231 6306
386.244 6159
386.258 6220
386.271 6242
386.285 6156
386.298 6042
386.311 6038
386.325 5864
386.338 5778
386.352 5743
386.365 5716
386.379 5653
386.392 5432
386.405 5552
386.419 5458
386.432 5483
386.446 5492
386.459 5482
386.473 5343
386.486 5296
386.499 5255
386.513 5185
386.526 5228
386.540 5084
386.553 5051
386.567 5087
386.580 5147
386.593 5148
386.607 5229
386.620 5216
386.634 5140
386.647 5067
386.661 5025
386.674 4976
386.687 4910
386.701 4862
386.714 4727
386.728 4718
386.741 4718
386.754 4746
386.768 4691
386.781 4673
386.795 4599
386.808 4501
386.822 4517
386.835 4564
386.848 4447
386.862 4330
386.875 4380
386.889 4379
386.902 4346
386.915 4397
386.929 4364
386.942 4348
386.956 4201
386.969 4320
386.983 4208
386.996 4215
387.009 4221
387.023 4171
387.036 4216
387.050 4185
387.063 4195
387.076 4157
387.090 4167
387.103 4143
387.117 4159
387.130 4126
387.143 4152
387.157 4142
387.170 4166
387.184 4061
387.197 4062
387.210 4072
387.224 4053
387.237 4035
387.251 3990
387.264 3981
387.278 3866
387.291 3905
387.304 3935
387.318 3957
387.331 3939
387.345 3928
387.358 3888
387.371 3857
387.385 3882
387.398 3790
387.412 3828
387.425 3748
387.438 3740
387.452 3722
387.465 3733
387.478 3693
387.492 3691
387.505 3671
387.519 3744
387.532 3797
387.545 3849
387.559 3858
387.572 3888
387.586 3822
387.599 3840
387.612 3879
387.626 3804
387.639 3889
387.653 3780
387.666 3739
387.679 3688
387.693 3617
387.706 3668
387.720 3715
387.733 3696
387.746 3773
387.760 3845
387.773 3763
387.787 3789
387.800 3780
387.813 3746
387.827 3671
387.840 3637
387.853 3623
387.867 3620
387.880 3726
387.894 3808
387.907 3753
387.920 3662
387.934 3652
387.947 3647
387.961 3628
387.974 3599
387.987 3609
388.001 3546
388.014 3483
388.027 3557
388.041 3557
388.054 3507
388.068 3461
388.081 3508
388.094 3543
388.108 3551
388.121 3392
388.134 3431
388.148 3524
388.161 3431
388.175 3303
388.188 3213
388.201 3217
388.215 3156
388.228 3165
388.241 3145
388.255 3118
388.268 3061
388.282 3053
388.295 3027
388.308 2951
388.322 2908
388.335 2862
388.348 2765
388.362 2787
388.375 2752
388.389 2717
388.402 2708
388.415 2702
388.429 2679
388.442 2603
388.455 2653
388.469 2575
388.482 2480
388.495 2520
388.509 2472
388.522 2419
388.536 2360
388.549 2286
388.562 2317
388.576 2283
388.589 2237
388.602 2246
388.616 2194
388.629 2180
388.642 2124
388.656 2171
388.669 2165
388.683 2143
388.696 2132
388.709 2085
388.723 2101
388.736 2076
388.749 2048
388.763 1986
388.776 2012
388.789 2030
388.803 1971
388.816 1991
388.829 1947
388.843 1909
388.856 1903
388.870 1883
388.883 1907
388.896 1879
388.910 1859
388.923 1920
388.936 1920
388.950 1949
388.963 1904
388.976 1872
388.990 1913
389.003 1905
389.016 1896
389.030 1915
389.043 1911
389.056 1931
389.070 1942
389.083 1895
389.097 1873
389.110 1873
389.123 1862
389.137 1895
389.150 1898
389.163 1887
389.177 1914
389.190 1890
389.203 1887
389.217 1884
389.230 1893
389.243 1860
389.257 1888
389.270 1889
389.283 1900
389.297 1948
389.310 1944
389.323 1929
389.337 1917
389.350 1884
389.363 1938
389.377 1899
389.390 1900
389.403 1942
389.417 1896
389.430 1896
389.443 1874
389.457 1853
389.470 1897
389.483 1937
389.497 1896
389.510 1895
389.523 1888
389.537 1852
389.550 1870
389.563 1838
389.577 1770
389.590 1764
389.603 1716
389.617 1740
389.630 1712
389.643 1685
389.657 1743
389.670 1715
389.683 1707
389.697 1676
389.710 1663
389.723 1662
389.737 1679
389.750 1670
389.763 1646
389.777 1594
389.790 1591
389.803 1598
389.817 1606
389.830 1562
389.843 1535
389.857 1542
389.870 1501
389.883 1489
389.897 1515
389.910 1518
389.923 1502
389.937 1496
389.950 1506
389.963 1491
389.977 1506
389.990 1499
390.003 1460
390.017 1507
390.030 1477
390.043 1504
390.057 1425
390.070 1444
390.083 1448
390.096 1428
390.110 1457
390.123 1420
390.136 1450
390.150 1434
390.163 1417
390.176 1414
390.190 1411
390.203 1407
390.216 1407
390.230 1381
390.243 1383
390.256 1366
390.270 1392
390.283 1388
390.296 1402
390.310 1378
390.323 1400
390.336 1361
390.349 1346
390.363 1383
390.376 1378
390.389 1391
390.403 1392
390.416 1392
390.429 1369
390.443 1353
390.456 1333
390.469 1326
390.483 1336
390.496 1357
390.509 1314
390.522 1332
390.536 1297
390.549 1350
390.562 1297
390.576 1330
390.589 1347
390.602 1324
390.616 1312
390.629 1300
390.642 1291
390.655 1295
390.669 1311
390.682 1272
390.695 1274
390.709 1302
390.722 1274
390.735 1257
390.749 1264
390.762 1267
390.775 1265
390.788 1285
390.802 1264
390.815 1252
390.828 1248
390.842 1256
390.855 1214
390.868 1245
390.882 1237
390.895 1230
390.908 1248
390.921 1198
390.935 1231
390.948 1218
390.961 1193
390.975 1189
390.988 1191
391.001 1205
391.014 1190
391.028 1178
391.041 1153
391.054 1148
391.068 1147
391.081 1172
391.094 1162
391.107 1143
391.121 1150
391.134 1147
391.147 1142
391.161 1138
391.174 1134
391.187 1118
391.200 1075
391.214 1084
391.227 1110
391.240 1104
391.254 1092
391.267 1075
391.280 1038
391.293 1042
391.307 1052
391.320 1066
391.333 1068
391.347 1047
391.360 1050
391.373 1038
391.386 1026
391.400 1022
391.413 1036
391.426 1025
391.440 1040
391.453 1017
391.466 1026
391.479 1002
391.493 1010
391.506 1012
391.519 1000
391.532 998
391.546 990
391.559 965
391.572 980
391.586 961
391.599 969
391.612 961
391.625 957
391.639 960
391.652 943
391.665 947
391.678 959
391.692 966
391.705 933
391.718 923
391.732 929
391.745 934
391.758 919
391.771 918
391.785 925
391.798 943
391.811 931
391.824 907
391.838 899
391.851 912
391.864 885
391.877 904
391.891 902
391.904 906
391.917 892
391.931 914
391.944 908
391.957 895
391.970 908
391.984 884
391.997 898
392.010 881
392.023 897
392.037 876
392.050 880
392.063 876
392.076 908
392.090 884
392.103 889
392.116 891
392.129 890
392.143 861
392.156 878
392.169 860
392.182 884
392.196 880
392.209 862
392.222 842
392.235 866
392.249 861
392.262 858
392.275 867
392.288 873
392.302 863
392.315 856
392.328 854
392.341 864
392.355 854
392.368 870
392.381 869
392.394 854
392.408 842
392.421 857
392.434 872
392.447 846
392.461 846
392.474 854
392.487 826
392.500 858
392.514 854
392.527 851
392.540 860
392.553 837
392.567 857
392.580 846
392.593 848
392.606 860
392.620 834
392.633 846
392.646 836
392.659 833
392.673 832
392.686 858
392.699 838
392.712 822
392.726 847
392.739 836
392.752 844
392.765 840
392.778 835
392.792 839
392.805 826
392.818 843
392.831 832
392.845 848
392.858 849
392.871 829
392.884 836
392.898 844
392.911 823
392.924 843
392.937 833
392.951 849
392.964 839
392.977 825
392.990 825
393.003 831
393.017 837
393.030 830
393.043 826
393.056 833
393.070 816
393.083 836
393.096 831
393.109 821
393.122 823
393.136 830
393.149 834
393.162 819
393.175 827
393.189 821
393.202 827
393.215 824
393.228 815
393.242 788
393.255 829
393.268 809
393.281 807
393.294 812
393.308 816
393.321 829
393.334 815
393.347 807
393.360 818
393.374 812
393.387 809
393.400 827
393.413 819
393.427 817
393.440 802
393.453 814
393.466 808
393.479 806
393.493 804
393.506 818
393.519 819
393.532 813
393.546 842
393.559 797
393.572 827
393.585 821
393.598 810
393.612 820
393.625 834
393.638 806
393.651 820
393.664 816
393.678 794
393.691 831
393.704 814
393.717 810
393.730 797
393.744 823
393.757 825
393.770 803
393.783 807
393.796 805
393.810 801
393.823 803
393.836 816
393.849 814
393.863 807
393.876 818
393.889 826
393.902 809
393.915 802
393.929 805
