375.891 717
375.905 710
375.919 746
375.933 724
375.946 730
375.960 727
375.974 734
375.987 735
376.001 745
376.015 742
376.029 740
376.042 741
376.056 741
376.070 734
376.084 748
376.097 758
376.111 736
376.125 736
376.139 743
376.152 753
376.166 745
376.180 763
376.193 760
376.207 736
376.221 758
376.235 759
376.248 748
376.262 765
376.276 777
376.290 765
376.303 780
376.317 778
376.331 775
376.345 762
376.358 781
376.372 787
376.386 774
376.399 784
376.413 786
376.427 782
376.441 793
376.454 791
376.468 793
376.482 784
376.495 789
376.509 807
376.523 797
376.537 817
376.550 819
376.564 797
376.578 809
376.592 819
376.605 827
376.619 830
376.633 814
376.646 816
376.660 820
376.674 819
376.688 797
376.701 826
376.715 838
376.729 833
376.742 835
376.756 856
376.770 853
376.784 839
376.797 840
376.811 847
376.825 860
376.838 891
376.852 868
376.866 859
376.880 868
376.893 875
376.907 878
376.921 891
376.934 899
376.948 895
376.962 903
376.976 910
376.989 896
377.003 902
377.017 922
377.030 917
377.044 930
377.058 944
377.071 941
377.085 928
377.099 911
377.113 929
377.126 933
377.140 937
377.154 964
377.167 977
377.181 986
377.195 969
377.208 960
377.222 994
377.236 982
377.250 991
377.263 998
377.277 1007
377.291 987
377.304 1013
377.318 1033
377.332 1034
377.345 1025
377.359 1026
377.373 1051
377.387 1040
377.400 1030
377.414 1048
377.428 1030
377.441 1046
377.455 1072
377.469 1059
377.482 1076
377.496 1080
377.510 1089
377.524 1118
377.537 1107
377.551 1109
377.565 1108
377.578 1118
377.592 1112
377.606 1128
377.619 1103
377.633 1078
377.647 1120
377.660 1134
377.674 1140
377.688 1135
377.701 1129
377.715 1138
377.729 1171
377.743 1176
377.756 1166
377.770 1182
377.784 1183
377.797 1191
377.811 1186
377.825 1182
377.838 1193
377.852 1184
377.866 1191
377.879 1222
377.893 1211
377.907 1225
377.920 1245
377.934 1241
377.948 1235
377.961 1217
377.975 1244
377.989 1257
378.002 1259
378.016 1255
378.030 1216
378.044 1273
378.057 1254
378.071 1264
378.085 1223
378.098 1250
378.112 1250
378.126 1298
378.139 1294
378.153 1289
378.167 1277
378.180 1305
378.194 1298
378.208 1290
378.221 1307
378.235 1346
378.249 1301
378.262 1350
378.276 1337
378.290 1325
378.303 1322
378.317 1341
378.331 1338
378.344 1355
378.358 1355
378.372 1374
378.385 1378
378.399 1374
378.413 1380
378.426 1365
378.440 1410
378.454 1455
378.467 1385
378.481 1422
378.495 1417
378.508 1413
378.522 1394
378.536 1391
378.549 1405
378.563 1426
378.577 1415
378.590 1428
378.604 1457
378.618 1486
378.631 1465
378.645 1494
378.659 1492
378.672 1449
378.686 1494
378.700 1538
378.713 1554
378.727 1565
378.740 1540
378.754 1569
378.768 1537
378.781 1539
378.795 1548
378.809 1581
378.822 1563
378.836 1600
378.850 1558
378.863 1541
378.877 1566
378.891 1585
378.904 1575
378.918 1574
378.932 1608
378.945 1594
378.959 1588
378.973 1600
378.986 1592
379.000 1620
379.014 1585
379.027 1630
379.041 1606
379.054 1628
379.068 1611
379.082 1628
379.095 1619
379.109 1609
379.123 1644
379.136 1638
379.150 1642
379.164 1708
379.177 1658
379.191 1666
379.205 1713
379.218 1665
379.232 1653
379.245 1737
379.259 1667
379.273 1753
379.286 1749
379.300 1761
379.314 1705
379.327 1770
379.341 1767
379.355 1691
379.368 1816
379.382 1800
379.396 1788
379.409 1784
379.423 1847
379.436 1861
379.450 1839
379.464 1851
379.477 1884
379.491 1867
379.505 1863
379.518 1846
379.532 1906
379.546 1907
379.559 1927
379.573 1948
379.586 1946
379.600 2006
379.614 1980
379.627 2059
379.641 2003
379.655 2028
379.668 2027
379.682 2009
379.695 2044
379.709 2051
379.723 2058
379.736 2140
379.750 2223
379.764 2246
379.777 2225
379.791 2245
379.804 2360
379.818 2307
379.832 2257
379.845 2240
379.859 2257
379.873 2249
379.886 2279
379.900 2363
379.913 2342
379.927 2302
379.941 2371
379.954 2388
379.968 2435
379.982 2524
379.995 2508
380.009 2503
380.022 2554
380.036 2596
380.050 2599
380.063 2617
380.077 2743
380.090 2739
380.104 2813
380.118 2815
380.131 2822
380.145 2871
380.159 2862
380.172 2915
380.186 2997
380.199 3015
380.213 3098
380.227 3146
380.240 3171
380.254 3177
380.267 3124
380.281 3218
380.295 3191
380.308 3315
380.322 3298
380.336 3345
380.349 3330
380.363 3426
380.376 3538
380.390 3587
380.404 3607
380.417 3640
380.431 3658
380.444 3656
380.458 3783
380.472 3742
380.485 3875
380.499 3834
380.512 3889
380.526 3967
380.540 3988
380.553 4015
380.567 4083
380.580 4178
380.594 4150
380.608 4284
380.621 4450
380.635 4462
380.648 4469
380.662 4459
380.676 4625
380.689 4641
380.703 4646
380.716 4654
380.730 4848
380.744 4868
380.757 4883
380.771 4989
380.784 5137
380.798 5144
380.812 5143
380.825 5177
380.839 5230
380.852 5352
380.866 5446
380.880 5584
380.893 5554
380.907 5562
380.920 5538
380.934 5670
380.948 5841
380.961 5858
380.975 5808
380.988 5858
381.002 5803
381.015 5941
381.029 5973
381.043 6059
381.056 6213
381.070 6119
381.083 6139
381.097 6258
381.111 6291
381.124 6455
381.138 6480
381.151 6540
381.165 6592
381.179 6563
381.192 6653
381.206 6505
381.219 6684
381.233 6677
381.246 6791
381.260 6714
381.274 6757
381.287 6762
381.301 6825
381.314 6955
381.328 6994
381.341 7040
381.355 7054
381.369 7036
381.382 7025
381.396 7140
381.409 7258
381.423 7390
381.437 7349
381.450 7354
381.464 7510
381.477 7578
381.491 7648
381.504 7642
381.518 7559
381.532 7655
381.545 7835
381.559 7849
381.572 7940
381.586 8073
381.599 8071
381.613 8076
381.627 8169
381.640 8156
381.654 8150
381.667 8083
381.681 8115
381.694 8226
381.708 8026
381.722 7943
381.735 7912
381.749 8113
381.762 8032
381.776 8082
381.789 8180
381.803 8021
381.817 8043
381.830 8218
381.844 8317
381.857 8268
381.871 8350
381.884 8335
381.898 8324
381.911 8266
381.925 8303
381.939 8380
381.952 8511
381.966 8481
381.979 8497
381.993 8725
382.006 8699
382.020 8719
382.034 8901
382.047 8727
382.061 8839
382.074 8751
382.088 8665
382.101 8778
382.115 8683
382.128 8933
382.142 9040
382.156 9342
382.169 9312
382.183 9217
382.196 9299
382.210 9186
382.223 9164
382.237 9271
382.250 9314
382.264 9442
382.278 9398
382.291 9479
382.305 9688
382.318 9746
382.332 9858
382.345 9427
382.359 9366
382.372 9397
382.386 9502
382.399 9594
382.413 9442
382.427 9646
382.440 9657
382.454 9843
382.467 9885
382.481 10018
382.494 10221
382.508 10213
382.521 10427
382.535 10238
382.548 10332
382.562 10296
382.576 10339
382.589 10243
382.603 10491
382.616 10521
382.630 10575
382.643 10764
382.657 10897
382.670 10977
382.684 10956
382.697 10808
382.711 11054
382.724 11165
382.738 11140
382.752 11218
382.765 11276
382.779 11340
382.792 11353
382.806 11659
382.819 11744
382.833 11865
382.846 11863
382.860 11924
382.873 12082
382.887 12107
382.900 12297
382.914 12267
382.928 12480
382.941 12699
382.955 12701
382.968 13040
382.982 13209
382.995 13270
383.009 13390
383.022 13323
383.036 13512
383.049 13698
383.063 13555
383.076 13808
383.090 14078
383.103 14045
383.117 14121
383.130 14314
383.144 14508
383.158 14663
383.171 14820
383.185 14848
383.198 15107
383.212 15234
383.225 15518
383.239 15772
383.252 15966
383.266 16065
383.279 16268
383.293 16475
383.306 16432
383.320 16764
383.333 17320
383.347 17439
383.360 17532
383.374 17422
383.387 17666
383.401 17943
383.414 17975
383.428 17790
383.441 17979
383.455 18218
383.468 18250
383.482 18407
383.496 19191
383.509 19281
383.523 19273
383.536 19294
383.550 19595
383.563 19922
383.577 19971
383.590 20526
383.604 20470
383.617 20270
383.631 20252
383.644 20121
383.658 20330
383.671 20460
383.685 20693
383.698 20872
383.712 21158
383.725 21126
383.739 21114
383.752 21332
383.766 21305
383.779 21636
383.793 21604
383.806 21990
383.820 22841
383.833 22859
383.847 22864
383.860 23280
383.874 23332
383.887 22706
383.901 23159
383.914 23657
383.928 23667
383.941 24059
383.955 23686
383.968 23859
383.982 23702
383.995 23974
384.009 24182
384.022 24365
384.036 24904
384.049 24858
384.063 25336
384.076 25839
384.090 26272
384.103 26914
384.117 27330
384.130 27215
384.144 26768
384.157 26780
384.171 27185
384.184 27054
384.198 27415
384.211 27628
384.225 27934
384.238 28712
384.252 29077
384.265 29308
384.279 29592
384.292 29973
384.306 30378
384.319 30597
384.333 30473
384.346 30637
384.360 30746
384.373 31395
384.387 31656
384.400 31907
384.414 32153
384.427 32695
384.441 33045
384.454 33589
384.468 33635
384.481 34276
384.495 34537
384.508 34752
384.522 35130
384.535 35183
384.549 35774
384.562 35957
384.575 36686
384.589 37685
384.602 38803
384.616 39736
384.629 40293
384.643 40562
384.656 41063
384.670 41574
384.683 41318
384.697 41908
384.710 42210
384.724 42647
384.737 43052
384.751 43435
384.764 44242
384.778 45146
384.791 45724
384.805 46436
384.818 46506
384.832 46662
384.845 46964
384.859 47300
384.872 47329
384.885 46835
384.899 46915
384.912 47260
384.926 47239
384.939 47794
384.953 47985
384.966 48130
384.980 48143
384.993 48232
385.007 48621
385.020 48680
385.034 48226
385.047 47967
385.061 47966
385.074 47346
385.088 47682
385.101 46896
385.114 46852
385.128 46640
385.141 46176
385.155 46016
385.168 46584
385.182 46816
385.195 46083
385.209 45171
385.222 43350
385.236 42038
385.249 40921
385.263 40347
385.276 38601
385.290 37398
385.303 35839
385.316 35028
385.330 34470
385.343 33144
385.357 32471
385.370 31280
385.384 30172
385.397 29426
385.411 28548
385.424 27640
385.438 26924
385.451 26305
385.464 25706
385.478 25028
385.491 24219
385.505 23294
385.518 22692
385.532 21844
385.545 20620
385.559 19880
385.572 19396
385.586 18657
385.599 18452
385.612 17952
385.626 17097
385.639 16666
385.653 16372
385.666 16158
385.680 15499
385.693 14776
385.707 14297
385.720 13868
385.734 13344
385.747 12866
385.760 12459
385.774 12188
385.787 11812
385.801 11388
385.814 10839
385.828 10428
385.841 10274
385.855 10047
385.868 9766
385.881 9533
385.895 9386
385.908 9137
385.922 8831
385.935 8740
385.949 8433
385.962 8279
385.976 8125
385.989 8124
386.002 8045
386.016 7972
386.029 7915
386.043 7634
386.056 7438
386.070 7337
386.083 7253
386.097 7140
386.110 7002
386.123 6960
386.137 6818
386.150 6741
386.164 6732
386.177 6555
386.191 6499
386.204 6403
386.217 6183
386.231 6243
386.244 6112
386.258 6182
386.271 6103
386.285 6033
386.298 6052
386.311 5863
386.325 5765
386.338 5695
386.352 5584
386.365 5615
386.379 5529
386.392 5397
386.405 5318
386.419 5283
386.432 5313
386.446 5296
386.459 5354
386.473 5231
386.486 5128
386.499 4992
386.513 5088
386.526 5055
386.540 4885
386.553 4828
386.567 4848
386.580 4977
386.593 4968
386.607 4948
386.620 4869
386.634 4902
386.647 4830
386.661 4756
386.674 4705
386.687 4626
386.701 4595
386.714 4489
386.728 4463
386.741 4474
386.754 4505
386.768 4468
386.781 4463
386.795 4410
386.808 4326
386.822 4311
386.835 4246
386.848 4202
386.862 4253
386.875 4123
386.889 4179
386.902 4087
386.915 4126
386.929 4158
386.942 4131
386.956 4054
386.969 4038
386.983 4069
386.996 3967
387.009 4013
387.023 4000
387.036 3967
387.050 3878
387.063 4013
387.076 3947
387.090 3942
387.103 3903
387.117 3897
387.130 3941
387.143 3979
387.157 3900
387.170 3928
387.184 3936
387.197 3889
387.210 3828
387.224 3820
387.237 3787
387.251 3743
387.264 3754
387.278 3688
387.291 3766
387.304 3769
387.318 3749
387.331 3712
387.345 3701
387.358 3671
387.371 3647
387.385 3578
387.398 3607
387.412 3619
387.425 3621
387.438 3568
387.452 3510
387.465 3526
387.478 3501
387.492 3444
387.505 3600
387.519 3526
387.532 3654
387.545 3649
387.559 3654
387.572 3673
387.586 3711
387.599 3669
387.612 3655
387.626 3699
387.639 3757
387.653 3710
387.666 3570
387.679 3587
387.693 3649
387.706 3494
387.720 3545
387.733 3599
387.746 3782
387.760 3715
387.773 3621
387.787 3644
387.800 3603
387.813 3673
387.827 3677
387.840 3582
387.853 3533
387.867 3627
387.880 3682
387.894 3684
387.907 3696
387.920 3606
387.934 3637
387.947 3655
387.961 3563
387.974 3561
387.987 3558
388.001 3561
388.014 3580
388.027 3534
388.041 3632
388.054 3613
388.068 3523
388.081 3616
388.094 3491
388.108 3578
388.121 3531
388.134 3510
388.148 3466
388.161 3500
388.175 3437
388.188 3336
388.201 3317
388.215 3293
388.228 3290
388.241 3263
388.255 3231
388.268 3261
388.282 3189
388.295 3109
388.308 3057
388.322 2962
388.335 2894
388.348 2915
388.362 2759
388.375 2716
388.389 2789
388.402 2703
388.415 2682
388.429 2687
388.442 2603
388.455 2543
388.469 2608
388.482 2545
388.495 2498
388.509 2441
388.522 2432
388.536 2351
388.549 2314
388.562 2273
388.576 2185
388.589 2203
388.602 2186
388.616 2257
388.629 2163
388.642 2150
388.656 2025
388.669 2090
388.683 2044
388.696 2053
388.709 2021
388.723 2028
388.736 2027
388.749 2021
388.763 1952
388.776 1940
388.789 1971
388.803 1876
388.816 1848
388.829 1891
388.843 1812
388.856 1844
388.870 1840
388.883 1789
388.896 1802
388.910 1797
388.923 1796
388.936 1848
388.950 1838
388.963 1805
388.976 1784
388.990 1764
389.003 1751
389.016 1820
389.030 1819
389.043 1809
389.056 1870
389.070 1842
389.083 1774
389.097 1742
389.110 1805
389.123 1816
389.137 1768
389.150 1802
389.163 1799
389.177 1781
389.190 1812
389.203 1789
389.217 1779
389.230 1809
389.243 1794
389.257 1835
389.270 1820
389.283 1829
389.297 1855
389.310 1807
389.323 1797
389.337 1829
389.350 1870
389.363 1853
389.377 1814
389.390 1846
389.403 1761
389.417 1845
389.430 1803
389.443 1786
389.457 1813
389.470 1789
389.483 1813
389.497 1832
389.510 1800
389.523 1763
389.537 1815
389.550 1725
389.563 1712
389.577 1689
389.590 1662
389.603 1681
389.617 1680
389.630 1638
389.643 1626
389.657 1621
389.670 1630
389.683 1565
389.697 1589
389.710 1632
389.723 1547
389.737 1597
389.750 1551
389.763 1496
389.777 1524
389.790 1478
389.803 1527
389.817 1503
389.830 1477
389.843 1499
389.857 1429
389.870 1436
389.883 1395
389.897 1415
389.910 1437
389.923 1454
389.937 1437
389.950 1434
389.963 1408
389.977 1439
389.990 1421
390.003 1421
390.017 1444
390.030 1410
390.043 1431
390.057 1395
390.070 1407
390.083 1394
390.096 1378
390.110 1401
390.123 1359
390.136 1365
390.150 1380
390.163 1354
390.176 1339
390.190 1359
390.203 1357
390.216 1363
390.230 1342
390.243 1333
390.256 1330
390.270 1319
390.283 1343
390.296 1315
390.310 1297
390.323 1317
390.336 1303
390.349 1310
390.363 1284
390.376 1354
390.389 1355
390.403 1344
390.416 1325
390.429 1304
390.443 1283
390.456 1296
390.469 1282
390.483 1318
390.496 1294
390.509 1277
390.522 1272
390.536 1270
390.549 1262
390.562 1287
390.576 1288
390.589 1273
390.602 1282
390.616 1258
390.629 1238
390.642 1236
390.655 1236
390.669 1270
390.682 1222
390.695 1213
390.709 1222
390.722 1218
390.735 1220
390.749 1221
390.762 1200
390.775 1180
390.788 1221
390.802 1202
390.815 1196
390.828 1185
390.842 1181
390.855 1179
390.868 1182
390.882 1168
390.895 1177
390.908 1172
390.921 1170
390.935 1176
390.948 1159
390.961 1149
390.975 1168
390.988 1133
391.001 1145
391.014 1140
391.028 1140
391.041 1141
391.054 1131
391.068 1116
391.081 1136
391.094 1116
391.107 1141
391.121 1109
391.134 1089
391.147 1093
391.161 1101
391.174 1090
391.187 1080
391.200 1056
391.214 1063
391.227 1059
391.240 1065
391.254 1081
391.267 1045
391.280 1048
391.293 1019
391.307 1045
391.320 1008
391.333 1013
391.347 1050
391.360 998
391.373 1006
391.386 1010
391.400 1018
391.413 997
391.426 1015
391.440 975
391.453 1000
391.466 972
391.479 970
391.493 977
391.506 980
391.519 1005
391.532 965
391.546 985
391.559 959
391.572 967
391.586 946
391.599 956
391.612 940
391.625 935
391.639 948
391.652 954
391.665 958
391.678 965
391.692 935
391.705 919
391.718 919
391.732 934
391.745 919
391.758 925
391.771 892
391.785 925
391.798 906
391.811 886
391.824 913
391.838 872
391.851 897
391.864 902
391.877 885
391.891 893
391.904 904
391.917 909
391.931 892
391.944 882
391.957 902
391.970 894
391.984 884
391.997 900
392.010 875
392.023 873
392.037 867
392.050 876
392.063 876
392.076 871
392.090 869
392.103 894
392.116 862
392.129 874
392.143 850
392.156 860
392.169 885
392.182 877
392.196 852
392.209 860
392.222 838
392.235 841
392.249 862
392.262 858
392.275 847
392.288 823
392.302 850
392.315 841
392.328 848
392.341 854
392.355 832
392.368 831
392.381 858
392.394 841
392.408 855
392.421 857
392.434 842
392.447 848
392.461 841
392.474 838
392.487 851
392.500 836
392.514 855
392.527 840
392.540 852
392.553 836
392.567 846
392.580 839
392.593 830
392.606 844
392.620 825
392.633 843
392.646 816
392.659 842
392.673 806
392.686 810
392.699 829
392.712 813
392.726 837
392.739 827
392.752 823
392.765 818
392.778 819
392.792 832
392.805 818
392.818 838
392.831 831
392.845 809
392.858 807
392.871 806
392.884 812
392.898 816
392.911 837
392.924 815
392.937 821
392.951 820
392.964 817
392.977 803
392.990 811
393.003 815
393.017 828
393.030 820
393.043 831
393.056 797
393.070 821
393.083 821
393.096 830
393.109 819
393.122 799
393.136 822
393.149 807
393.162 805
393.175 791
393.189 801
393.202 822
393.215 802
393.228 807
393.242 803
393.255 801
393.268 819
393.281 810
393.294 797
393.308 803
393.321 793
393.334 819
393.347 777
393.360 805
393.374 807
393.387 799
393.400 794
393.413 819
393.427 825
393.440 806
393.453 792
393.466 801
393.479 789
393.493 804
393.506 807
393.519 807
393.532 811
393.546 823
393.559 815
393.572 800
393.585 815
393.598 788
393.612 811
393.625 821
393.638 795
393.651 807
393.664 806
393.678 797
393.691 806
393.704 808
393.717 800
393.730 799
393.744 800
393.757 792
393.770 800
393.783 793
393.796 813
393.810 810
393.823 797
393.836 788
393.849 798
393.863 796
393.876 828
393.889 807
393.902 775
393.915 778
393.929 780
