375.891 716
375.905 718
375.919 730
375.933 707
375.946 731
375.960 734
375.974 730
375.987 739
376.001 741
376.015 722
376.029 742
376.042 735
376.056 751
376.070 729
376.084 745
376.097 739
376.111 745
376.125 748
376.139 754
376.152 742
376.166 755
376.180 750
376.193 743
376.207 752
376.221 751
376.235 753
376.248 770
376.262 759
376.276 770
376.290 769
376.303 774
376.317 769
376.331 768
376.345 771
376.358 749
376.372 768
376.386 786
376.399 779
376.413 791
376.427 785
376.441 778
376.454 782
376.468 794
376.482 777
376.495 795
376.509 798
376.523 812
376.537 803
376.550 803
376.564 807
376.578 800
376.592 820
376.605 804
376.619 826
376.633 814
376.646 806
376.660 813
376.674 802
376.688 825
376.701 834
376.715 824
376.729 811
376.742 846
376.756 837
376.770 849
376.784 840
376.797 866
376.811 855
376.825 856
376.838 854
376.852 867
376.866 857
376.880 871
376.893 863
376.907 869
376.921 888
376.934 892
376.948 894
376.962 887
376.976 889
376.989 887
377.003 921
377.017 901
377.030 922
377.044 939
377.058 924
377.071 953
377.085 926
377.099 952
377.113 941
377.126 932
377.140 959
377.154 946
377.167 964
377.181 972
377.195 963
377.208 969
377.222 980
377.236 978
377.250 964
377.263 973
377.277 1009
377.291 1009
377.304 1014
377.318 1010
377.332 1017
377.345 1028
377.359 1007
377.373 1030
377.387 1039
377.400 1001
377.414 1052
377.428 1033
377.441 1049
377.455 1047
377.469 1053
377.482 1102
377.496 1057
377.510 1112
377.524 1111
377.537 1102
377.551 1103
377.565 1092
377.578 1083
377.592 1110
377.606 1120
377.619 1099
377.633 1082
377.647 1132
377.660 1119
377.674 1147
377.688 1109
377.701 1133
377.715 1153
377.729 1130
377.743 1145
377.756 1162
377.770 1195
377.784 1162
377.797 1145
377.811 1169
377.825 1156
377.838 1190
377.852 1195
377.866 1205
377.879 1223
377.893 1200
377.907 1211
377.920 1211
377.934 1232
377.948 1226
377.961 1216
377.975 1242
377.989 1224
378.002 1227
378.016 1229
378.030 1240
378.044 1250
378.057 1266
378.071 1245
378.085 1282
378.098 1229
378.112 1262
378.126 1279
378.139 1273
378.153 1303
378.167 1265
378.180 1302
378.194 1268
378.208 1299
378.221 1323
378.235 1309
378.249 1329
378.262 1346
378.276 1340
378.290 1340
378.303 1322
378.317 1319
378.331 1354
378.344 1375
378.358 1354
378.372 1349
378.385 1357
378.399 1366
378.413 1386
378.426 1396
378.440 1385
378.454 1366
378.467 1402
378.481 1411
378.495 1413
378.508 1385
378.522 1387
378.536 1378
378.549 1410
378.563 1419
378.577 1413
378.590 1434
378.604 1434
378.618 1431
378.631 1448
378.645 1505
378.659 1437
378.672 1430
378.686 1509
378.700 1507
378.713 1511
378.727 1499
378.740 1534
378.754 1506
378.768 1543
378.781 1554
378.795 1576
378.809 1562
378.822 1553
378.836 1528
378.850 1543
378.863 1540
378.877 1546
378.891 1556
378.904 1540
378.918 1605
378.932 1579
378.945 1558
378.959 1549
378.973 1592
378.986 1561
379.000 1611
379.014 1586
379.027 1600
379.041 1599
379.054 1584
379.068 1590
379.082 1565
379.095 1631
379.109 1629
379.123 1577
379.136 1605
379.150 1650
379.164 1617
379.177 1643
379.191 1661
379.205 1654
379.218 1678
379.232 1695
379.245 1692
379.259 1668
379.273 1734
379.286 1682
379.300 1692
379.314 1733
379.327 1680
379.341 1726
379.355 1766
379.368 1736
379.382 1732
379.396 1759
379.409 1744
379.423 1826
379.436 1815
379.450 1794
379.464 1818
379.477 1839
379.491 1849
379.505 1839
379.518 1871
379.532 1895
379.546 1896
379.559 1913
379.573 1933
379.586 1880
379.600 1923
379.614 1951
379.627 1993
379.641 2006
379.655 1996
379.668 2005
379.682 2015
379.695 1975
379.709 2005
379.723 2030
379.736 2084
379.750 2175
379.764 2183
379.777 2201
379.791 2209
379.804 2226
379.818 2270
379.832 2156
379.845 2201
379.859 2187
379.873 2200
379.886 2207
379.900 2264
379.913 2331
379.927 2319
379.941 2341
379.954 2400
379.968 2401
379.982 2426
379.995 2436
380.009 2472
380.022 2460
380.036 2497
380.050 2539
380.063 2547
380.077 2694
380.090 2774
380.104 2799
380.118 2758
380.131 2821
380.145 2859
380.159 2858
380.172 2878
380.186 2941
380.199 3006
380.213 3022
380.227 3076
380.240 3091
380.254 3103
380.267 3046
380.281 3068
380.295 3138
380.308 3148
380.322 3197
380.336 3243
380.349 3239
380.363 3340
380.376 3387
380.390 3447
380.404 3475
380.417 3468
380.431 3533
380.444 3576
380.458 3662
380.472 3726
380.485 3680
380.499 3733
380.512 3804
380.526 3856
380.540 3847
380.553 3956
380.567 3972
380.580 3872
380.594 4078
380.608 4136
380.621 4260
380.635 4346
380.648 4276
380.662 4389
380.676 4446
380.689 4475
380.703 4541
380.716 4501
380.730 4582
380.744 4718
380.757 4743
380.771 4839
380.784 5016
380.798 4963
380.812 4936
380.825 5108
380.839 5074
380.852 5205
380.866 5379
380.880 5433
380.893 5313
380.907 5343
380.920 5420
380.934 5445
380.948 5546
380.961 5536
380.975 5698
380.988 5695
381.002 5675
381.015 5691
381.029 5792
381.043 5885
381.056 5914
381.070 5998
381.083 6082
381.097 6012
381.111 6128
381.124 6292
381.138 6175
381.151 6228
381.165 6381
381.179 6342
381.192 6403
381.206 6318
381.219 6434
381.233 6501
381.246 6530
381.260 6568
381.274 6513
381.287 6614
381.301 6496
381.314 6686
381.328 6717
381.341 6793
381.355 6812
381.369 6906
381.382 6898
381.396 6909
381.409 6973
381.423 7136
381.437 7209
381.450 7216
381.464 7258
381.477 7287
381.491 7425
381.504 7405
381.518 7392
381.532 7505
381.545 7454
381.559 7649
381.572 7742
381.586 7752
381.599 7687
381.613 7901
381.627 7914
381.640 7860
381.654 7849
381.667 7950
381.681 7944
381.694 7849
381.708 7830
381.722 7769
381.735 7749
381.749 7783
381.762 7765
381.776 7785
381.789 7767
381.803 7872
381.817 7804
381.830 7804
381.844 7885
381.857 7910
381.871 7990
381.884 8058
381.898 7979
381.911 8076
381.925 8126
381.939 8154
381.952 8224
381.966 8172
381.979 8209
381.993 8368
382.006 8466
382.020 8622
382.034 8605
382.047 8479
382.061 8553
382.074 8407
382.088 8356
382.101 8474
382.115 8399
382.128 8469
382.142 8632
382.156 9031
382.169 9003
382.183 8988
382.196 8981
382.210 8939
382.223 8917
382.237 8943
382.250 8915
382.264 9030
382.278 9097
382.291 9167
382.305 9290
382.318 9461
382.332 9444
382.345 9102
382.359 9064
382.372 9162
382.386 9087
382.399 9175
382.413 9224
382.427 9259
382.440 9402
382.454 9351
382.467 9457
382.481 9687
382.494 9957
382.508 9980
382.521 10027
382.535 9909
382.548 9910
382.562 9973
382.576 10048
382.589 10114
382.603 10206
382.616 10175
382.630 10238
382.643 10415
382.657 10594
382.670 10571
382.684 10564
382.697 10640
382.711 10722
382.724 10831
382.738 10825
382.752 10778
382.765 11052
382.779 11040
382.792 11077
382.806 11267
382.819 11233
382.833 11415
382.846 11430
382.860 11629
382.873 11737
382.887 11828
382.900 12087
382.914 11896
382.928 12164
382.941 12375
382.955 12447
382.968 12601
382.982 12805
382.995 13088
383.009 12809
383.022 13059
383.036 13180
383.049 13331
383.063 13425
383.076 13467
383.090 13714
383.103 13771
383.117 13801
383.130 13919
383.144 14125
383.158 14144
383.171 14322
383.185 14491
383.198 14755
383.212 15025
383.225 15209
383.239 15549
383.252 15748
383.266 15837
383.279 15938
383.293 16118
383.306 16064
383.320 16430
383.333 17066
383.347 17189
383.360 17152
383.374 17125
383.387 17324
383.401 17620
383.414 17666
383.428 17775
383.441 17893
383.455 17881
383.468 17933
383.482 18347
383.496 19047
383.509 19056
383.523 19115
383.536 19253
383.550 19652
383.563 19692
383.577 20036
383.590 20241
383.604 20423
383.617 20377
383.631 20005
383.644 20060
383.658 20299
383.671 20294
383.685 20592
383.698 20928
383.712 21044
383.725 21231
383.739 21305
383.752 21336
383.766 21612
383.779 21626
383.793 21976
383.806 22046
383.820 22774
383.833 22853
383.847 22933
383.860 23384
383.874 23579
383.887 23030
383.901 23162
383.914 23612
383.928 23963
383.941 24119
383.955 23866
383.968 23883
383.982 24165
383.995 24559
384.009 24522
384.022 24843
384.036 25147
384.049 25268
384.063 25554
384.076 26284
384.090 26881
384.103 27586
384.117 27994
384.130 27725
384.144 27176
384.157 27360
384.171 27412
384.184 27540
384.198 27858
384.211 28148
384.225 28485
384.238 29476
384.252 29885
384.265 30141
384.279 30734
384.292 30909
384.306 31267
384.319 31242
384.333 31183
384.346 31236
384.360 31755
384.373 32051
384.387 32504
384.400 32665
384.414 33374
384.427 33551
384.441 34042
384.454 34214
384.468 34739
384.481 35014
384.495 35227
384.508 35768
384.522 36167
384.535 36499
384.549 36893
384.562 37206
384.575 37863
384.589 38795
384.602 40180
384.616 40850
384.629 41644
384.643 42025
384.656 42475
384.670 42963
384.683 42885
384.697 43514
384.710 43384
384.724 43941
384.737 44716
384.751 45396
384.764 45978
384.778 46450
384.791 46964
384.805 47795
384.818 48011
384.832 48127
384.845 48814
384.859 49399
384.872 48690
384.885 48754
384.899 48828
384.912 48901
384.926 49006
384.939 49089
384.953 48873
384.966 49052
384.980 49068
384.993 49138
385.007 48622
385.020 48438
385.034 48164
385.047 47503
385.061 47199
385.074 46966
385.088 45983
385.101 45751
385.114 45184
385.128 44959
385.141 44188
385.155 43954
385.168 44296
385.182 44202
385.195 43234
385.209 42240
385.222 40748
385.236 39695
385.249 39081
385.263 38248
385.276 37068
385.290 35443
385.303 34215
385.316 33516
385.330 33018
385.343 32034
385.357 30888
385.370 29984
385.384 28928
385.397 28016
385.411 27358
385.424 26636
385.438 25687
385.451 25243
385.464 24674
385.478 23967
385.491 23090
385.505 22604
385.518 21706
385.532 21008
385.545 19990
385.559 18937
385.572 18742
385.586 18014
385.599 17677
385.612 17110
385.626 16601
385.639 15824
385.653 15603
385.666 15457
385.680 14641
385.693 14264
385.707 13663
385.720 13317
385.734 12928
385.747 12387
385.760 11809
385.774 11538
385.787 11439
385.801 10886
385.814 10279
385.828 10032
385.841 9654
385.855 9625
385.868 9276
385.881 9046
385.895 8859
385.908 8585
385.922 8457
385.935 8171
385.949 8100
385.962 7772
385.976 7677
385.989 7676
386.002 7614
386.016 7533
386.029 7370
386.043 7143
386.056 7047
386.070 6828
386.083 6838
386.097 6718
386.110 6586
386.123 6545
386.137 6432
386.150 6209
386.164 6177
386.177 6181
386.191 6192
386.204 5952
386.217 5850
386.231 5854
386.244 5698
386.258 5763
386.271 5738
386.285 5715
386.298 5590
386.311 5418
386.325 5405
386.338 5344
386.352 5287
386.365 5325
386.379 5031
386.392 5133
386.405 4944
386.419 5024
386.432 4992
386.446 4973
386.459 4981
386.473 4922
386.486 4816
386.499 4700
386.513 4646
386.526 4679
386.540 4575
386.553 4531
386.567 4629
386.580 4608
386.593 4594
386.607 4764
386.620 4603
386.634 4658
386.647 4521
386.661 4483
386.674 4391
386.687 4378
386.701 4276
386.714 4248
386.728 4268
386.741 4254
386.754 4264
386.768 4153
386.781 4092
386.795 4074
386.808 4103
386.822 4006
386.835 3998
386.848 4003
386.862 3966
386.875 3951
386.889 3909
386.902 3833
386.915 3892
386.929 3846
386.942 3868
386.956 3802
386.969 3778
386.983 3736
386.996 3760
387.009 3793
387.023 3654
387.036 3740
387.050 3732
387.063 3702
387.076 3707
387.090 3648
387.103 3685
387.117 3703
387.130 3717
387.143 3690
387.157 3766
387.170 3810
387.184 3601
387.197 3667
387.210 3661
387.224 3641
387.237 3691
387.251 3595
387.264 3514
387.278 3504
387.291 3530
387.304 3543
387.318 3548
387.331 3515
387.345 3563
387.358 3554
387.371 3565
387.385 3490
387.398 3556
387.412 3471
387.425 3441
387.438 3381
387.452 3409
387.465 3474
387.478 3434
387.492 3362
387.505 3470
387.519 3460
387.532 3565
387.545 3684
387.559 3653
387.572 3693
387.586 3723
387.599 3645
387.612 3693
387.626 3754
387.639 3754
387.653 3769
387.666 3707
387.679 3651
387.693 3637
387.706 3624
387.720 3674
387.733 3702
387.746 3675
387.760 3738
387.773 3793
387.787 3705
387.800 3669
387.813 3635
387.827 3647
387.840 3622
387.853 3480
387.867 3546
387.880 3709
387.894 3670
387.907 3686
387.920 3651
387.934 3552
387.947 3537
387.961 3538
387.974 3572
387.987 3507
388.001 3483
388.014 3536
388.027 3519
388.041 3507
388.054 3534
388.068 3457
388.081 3471
388.094 3455
388.108 3540
388.121 3551
388.134 3473
388.148 3367
388.161 3386
388.175 3328
388.188 3285
388.201 3276
388.215 3237
388.228 3153
388.241 3192
388.255 3147
388.268 3109
388.282 3022
388.295 3003
388.308 3017
388.322 2860
388.335 2778
388.348 2799
388.362 2719
388.375 2728
388.389 2701
388.402 2664
388.415 2621
388.429 2592
388.442 2636
388.455 2573
388.469 2489
388.482 2465
388.495 2499
388.509 2458
388.522 2408
388.536 2358
388.549 2363
388.562 2173
388.576 2180
388.589 2188
388.602 2149
388.616 2101
388.629 2062
388.642 2073
388.656 2043
388.669 2056
388.683 2026
388.696 1991
388.709 2038
388.723 1997
388.736 1958
388.749 1922
388.763 1846
388.776 1875
388.789 1880
388.803 1889
388.816 1810
388.829 1791
388.843 1840
388.856 1796
388.870 1780
388.883 1794
388.896 1754
388.910 1796
388.923 1775
388.936 1813
388.950 1750
388.963 1711
388.976 1749
388.990 1784
389.003 1752
389.016 1725
389.030 1769
389.043 1771
389.056 1792
389.070 1788
389.083 1732
389.097 1739
389.110 1731
389.123 1760
389.137 1745
389.150 1729
389.163 1740
389.177 1783
389.190 1767
389.203 1804
389.217 1754
389.230 1736
389.243 1787
389.257 1792
389.270 1794
389.283 1731
389.297 1803
389.310 1758
389.323 1763
389.337 1753
389.350 1768
389.363 1730
389.377 1734
389.390 1758
389.403 1752
389.417 1750
389.430 1719
389.443 1760
389.457 1753
389.470 1801
389.483 1735
389.497 1746
389.510 1767
389.523 1755
389.537 1710
389.550 1712
389.563 1674
389.577 1655
389.590 1643
389.603 1644
389.617 1577
389.630 1558
389.643 1592
389.657 1537
389.670 1504
389.683 1573
389.697 1519
389.710 1546
389.723 1502
389.737 1538
389.750 1474
389.763 1514
389.777 1486
389.790 1471
389.803 1454
389.817 1451
389.830 1428
389.843 1373
389.857 1409
389.870 1391
389.883 1393
389.897 1334
389.910 1363
389.923 1392
389.937 1381
389.950 1381
389.963 1418
389.977 1366
389.990 1366
390.003 1367
390.017 1361
390.030 1317
390.043 1355
390.057 1300
390.070 1314
390.083 1332
390.096 1307
390.110 1326
390.123 1321
390.136 1331
390.150 1307
390.163 1263
390.176 1335
390.190 1297
390.203 1308
390.216 1286
390.230 1281
390.243 1268
390.256 1230
390.270 1265
390.283 1286
390.296 1251
390.310 1261
390.323 1244
390.336 1284
390.349 1268
390.363 1240
390.376 1286
390.389 1268
390.403 1262
390.416 1253
390.429 1265
390.443 1237
390.456 1204
390.469 1200
390.483 1198
390.496 1208
390.509 1223
390.522 1225
390.536 1213
390.549 1181
390.562 1195
390.576 1204
390.589 1212
390.602 1200
390.616 1191
390.629 1175
390.642 1163
390.655 1189
390.669 1200
390.682 1159
390.695 1151
390.709 1168
390.722 1191
390.735 1188
390.749 1180
390.762 1153
390.775 1167
390.788 1155
390.802 1155
390.815 1161
390.828 1143
390.842 1121
390.855 1138
390.868 1153
390.882 1136
390.895 1122
390.908 1136
390.921 1122
390.935 1146
390.948 1125
390.961 1125
390.975 1111
390.988 1113
391.001 1085
391.014 1058
391.028 1090
391.041 1088
391.054 1079
391.068 1078
391.081 1105
391.094 1076
391.107 1101
391.121 1073
391.134 1082
391.147 1071
391.161 1057
391.174 1070
391.187 1037
391.200 1006
391.214 1043
391.227 1036
391.240 1027
391.254 1039
391.267 1012
391.280 1012
391.293 1014
391.307 1003
391.320 1017
391.333 965
391.347 983
391.360 1000
391.373 975
391.386 960
391.400 982
391.413 953
391.426 963
391.440 978
391.453 974
391.466 971
391.479 938
391.493 960
391.506 952
391.519 940
391.532 943
391.546 928
391.559 937
391.572 937
391.586 941
391.599 923
391.612 905
391.625 902
391.639 919
391.652 925
391.665 900
391.678 917
391.692 909
391.705 906
391.718 888
391.732 886
391.745 866
391.758 876
391.771 880
391.785 884
391.798 867
391.811 877
391.824 859
391.838 856
391.851 892
391.864 884
391.877 849
391.891 875
391.904 863
391.917 873
391.931 848
391.944 873
391.957 853
391.970 871
391.984 853
391.997 850
392.010 870
392.023 856
392.037 842
392.050 847
392.063 849
392.076 828
392.090 876
392.103 858
392.116 837
392.129 835
392.143 839
392.156 848
392.169 822
392.182 868
392.196 839
392.209 832
392.222 830
392.235 858
392.249 824
392.262 816
392.275 834
392.288 816
392.302 810
392.315 820
392.328 836
392.341 807
392.355 815
392.368 834
392.381 798
392.394 828
392.408 839
392.421 825
392.434 820
392.447 841
392.461 842
392.474 823
392.487 816
392.500 815
392.514 818
392.527 791
392.540 828
392.553 802
392.567 814
392.580 825
392.593 802
392.606 812
392.620 789
392.633 810
392.646 794
392.659 798
392.673 804
392.686 819
392.699 786
392.712 823
392.726 779
392.739 802
392.752 807
392.765 799
392.778 798
392.792 806
392.805 816
392.818 805
392.831 809
392.845 789
392.858 825
392.871 823
392.884 830
392.898 810
392.911 815
392.924 809
392.937 798
392.951 805
392.964 794
392.977 818
392.990 798
393.003 799
393.017 802
393.030 800
393.043 818
393.056 793
393.070 796
393.083 785
393.096 809
393.109 788
393.122 781
393.136 799
393.149 776
393.162 796
393.175 790
393.189 793
393.202 789
393.215 808
393.228 787
393.242 792
393.255 772
393.268 784
393.281 766
393.294 783
393.308 788
393.321 770
393.334 791
393.347 792
393.360 775
393.374 798
393.387 767
393.400 806
393.413 776
393.427 786
393.440 784
393.453 785
393.466 768
393.479 790
393.493 788
393.506 799
393.519 812
393.532 802
393.546 783
393.559 796
393.572 785
393.585 794
393.598 792
393.612 801
393.625 785
393.638 787
393.651 788
393.664 798
393.678 795
393.691 783
393.704 778
393.717 780
393.730 779
393.744 784
393.757 764
393.770 789
393.783 789
393.796 795
393.810 759
393.823 784
393.836 769
393.849 774
393.863 782
393.876 776
393.889 791
393.902 786
393.915 791
393.929 767
