375.891 706
375.905 698
375.919 725
375.933 717
375.946 713
375.960 729
375.974 727
375.987 717
376.001 717
376.015 728
376.029 713
376.042 738
376.056 731
376.070 721
376.084 720
376.097 722
376.111 716
376.125 735
376.139 734
376.152 732
376.166 738
376.180 729
376.193 742
376.207 745
376.221 743
376.235 744
376.248 729
376.262 753
376.276 756
376.290 750
376.303 755
376.317 768
376.331 742
376.345 752
376.358 770
376.372 749
376.386 758
376.399 752
376.413 761
376.427 752
376.441 772
376.454 777
376.468 754
376.482 780
376.495 782
376.509 757
376.523 786
376.537 795
376.550 778
376.564 794
376.578 775
376.592 803
376.605 807
376.619 804
376.633 803
376.646 788
376.660 799
376.674 805
376.688 778
376.701 807
376.715 809
376.729 799
376.742 805
376.756 828
376.770 820
376.784 825
376.797 832
376.811 835
376.825 844
376.838 825
376.852 843
376.866 836
376.880 855
376.893 846
376.907 846
376.921 850
376.934 851
376.948 851
376.962 860
376.976 876
376.989 869
377.003 882
377.017 882
377.030 921
377.044 893
377.058 907
377.071 908
377.085 879
377.099 900
377.113 904
377.126 911
377.140 923
377.154 926
377.167 923
377.181 941
377.195 937
377.208 920
377.222 926
377.236 935
377.250 963
377.263 931
377.277 967
377.291 965
377.304 938
377.318 982
377.332 987
377.345 997
377.359 981
377.373 986
377.387 1024
377.400 1007
377.414 995
377.428 1004
377.441 1004
377.455 993
377.469 1028
377.482 1010
377.496 1030
377.510 1045
377.524 1071
377.537 1059
377.551 1061
377.565 1064
377.578 1070
377.592 1060
377.606 1054
377.619 1070
377.633 1073
377.647 1076
377.660 1068
377.674 1086
377.688 1084
377.701 1118
377.715 1109
377.729 1094
377.743 1112
377.756 1096
377.770 1119
377.784 1133
377.797 1124
377.811 1120
377.825 1150
377.838 1127
377.852 1115
377.866 1158
377.879 1164
377.893 1162
377.907 1177
377.920 1176
377.934 1170
377.948 1155
377.961 1170
377.975 1154
377.989 1206
378.002 1187
378.016 1212
378.030 1160
378.044 1168
378.057 1190
378.071 1213
378.085 1190
378.098 1196
378.112 1227
378.126 1205
378.139 1206
378.153 1247
378.167 1207
378.180 1256
378.194 1235
378.208 1246
378.221 1263
378.235 1245
378.249 1281
378.262 1268
378.276 1259
378.290 1288
378.303 1275
378.317 1275
378.331 1272
378.344 1293
378.358 1285
378.372 1274
378.385 1309
378.399 1348
378.413 1316
378.426 1311
378.440 1310
378.454 1312
378.467 1352
378.481 1340
378.495 1333
378.508 1341
378.522 1358
378.536 1370
378.549 1353
378.563 1351
378.577 1387
378.590 1362
378.604 1353
378.618 1388
378.631 1416
378.645 1394
378.659 1399
378.672 1403
378.686 1424
378.700 1455
378.713 1470
378.727 1470
378.740 1446
378.754 1470
378.768 1499
378.781 1450
378.795 1535
378.809 1507
378.822 1498
378.836 1497
378.850 1452
378.863 1472
378.877 1430
378.891 1494
378.904 1489
378.918 1504
378.932 1488
378.945 1485
378.959 1496
378.973 1467
378.986 1515
379.000 1499
379.014 1527
379.027 1492
379.041 1523
379.054 1511
379.068 1551
379.082 1515
379.095 1532
379.109 1572
379.123 1540
379.136 1567
379.150 1581
379.164 1596
379.177 1598
379.191 1581
379.205 1575
379.218 1573
379.232 1586
379.245 1583
379.259 1616
379.273 1627
379.286 1659
379.300 1598
379.314 1651
379.327 1681
379.341 1675
379.355 1677
379.368 1683
379.382 1651
379.396 1649
379.409 1713
379.423 1736
379.436 1735
379.450 1729
379.464 1729
379.477 1762
379.491 1713
379.505 1750
379.518 1771
379.532 1810
379.546 1822
379.559 1870
379.573 1818
379.586 1836
379.600 1804
379.614 1860
379.627 1882
379.641 1948
379.655 1916
379.668 1915
379.682 1934
379.695 1937
379.709 1975
379.723 1931
379.736 2014
379.750 2089
379.764 2092
379.777 2027
379.791 2134
379.804 2139
379.818 2170
379.832 2142
379.845 2024
379.859 2148
379.873 2160
379.886 2153
379.900 2214
379.913 2205
379.927 2184
379.941 2250
379.954 2321
379.968 2334
379.982 2334
379.995 2285
380.009 2320
380.022 2317
380.036 2383
380.050 2366
380.063 2429
380.077 2555
380.090 2581
380.104 2644
380.118 2670
380.131 2668
380.145 2642
380.159 2695
380.172 2706
380.186 2840
380.199 2821
380.213 2860
380.227 2932
380.240 2996
380.254 2921
380.267 2839
380.281 2916
380.295 2984
380.308 3032
380.322 3118
380.336 3088
380.349 3146
380.363 3181
380.376 3154
380.390 3225
380.404 3291
380.417 3363
380.431 3344
380.444 3383
380.458 3399
380.472 3462
380.485 3594
380.499 3544
380.512 3574
380.526 3590
380.540 3595
380.553 3701
380.567 3710
380.580 3828
380.594 3894
380.608 3914
380.621 4104
380.635 4193
380.648 4081
380.662 4095
380.676 4143
380.689 4164
380.703 4306
380.716 4276
380.730 4320
380.744 4423
380.757 4575
380.771 4554
380.784 4667
380.798 4642
380.812 4665
380.825 4663
380.839 4791
380.852 4968
380.866 4999
380.880 5044
380.893 5055
380.907 5002
380.920 5032
380.934 5131
380.948 5243
380.961 5234
380.975 5287
380.988 5340
381.002 5319
381.015 5294
381.029 5343
381.043 5510
381.056 5584
381.070 5603
381.083 5618
381.097 5689
381.111 5718
381.124 5738
381.138 5955
381.151 5923
381.165 5905
381.179 5988
381.192 5834
381.206 5960
381.219 5992
381.233 5924
381.246 6018
381.260 6114
381.274 6183
381.287 6198
381.301 6306
381.314 6226
381.328 6290
381.341 6303
381.355 6393
381.369 6351
381.382 6345
381.396 6427
381.409 6516
381.423 6611
381.437 6687
381.450 6663
381.464 6777
381.477 6830
381.491 6971
381.504 6828
381.518 6924
381.532 7084
381.545 7162
381.559 7266
381.572 7237
381.586 7318
381.599 7320
381.613 7321
381.627 7321
381.640 7326
381.654 7396
381.667 7446
381.681 7420
381.694 7463
381.708 7280
381.722 7150
381.735 7318
381.749 7300
381.762 7279
381.776 7342
381.789 7390
381.803 7365
381.817 7482
381.830 7328
381.844 7509
381.857 7569
381.871 7569
381.884 7562
381.898 7420
381.911 7477
381.925 7594
381.939 7729
381.952 7680
381.966 7674
381.979 7689
381.993 7895
382.006 7927
382.020 8010
382.034 8148
382.047 7933
382.061 7889
382.074 7912
382.088 7955
382.101 7948
382.115 8032
382.128 7968
382.142 8221
382.156 8564
382.169 8470
382.183 8494
382.196 8422
382.210 8382
382.223 8465
382.237 8458
382.250 8442
382.264 8482
382.278 8534
382.291 8654
382.305 8676
382.318 8857
382.332 8898
382.345 8650
382.359 8617
382.372 8530
382.386 8604
382.399 8547
382.413 8649
382.427 8720
382.440 8696
382.454 8781
382.467 8921
382.481 9138
382.494 9299
382.508 9305
382.521 9473
382.535 9433
382.548 9257
382.562 9249
382.576 9525
382.589 9385
382.603 9540
382.616 9514
382.630 9651
382.643 9717
382.657 9845
382.670 10032
382.684 9883
382.697 9871
382.711 9868
382.724 10121
382.738 9990
382.752 10214
382.765 10237
382.779 10363
382.792 10504
382.806 10652
382.819 10555
382.833 10771
382.846 10846
382.860 10800
382.873 11043
382.887 11096
382.900 11227
382.914 11285
382.928 11511
382.941 11550
382.955 11657
382.968 11750
382.982 12006
382.995 11983
383.009 12059
383.022 12156
383.036 12248
383.049 12357
383.063 12468
383.076 12504
383.090 12738
383.103 12768
383.117 12892
383.130 13006
383.144 13206
383.158 13173
383.171 13230
383.185 13403
383.198 13690
383.212 13877
383.225 14102
383.239 14574
383.252 14593
383.266 14699
383.279 14675
383.293 14992
383.306 14994
383.320 15416
383.333 15760
383.347 16003
383.360 15869
383.374 15858
383.387 16208
383.401 16407
383.414 16482
383.428 16418
383.441 16524
383.455 16529
383.468 16504
383.482 16795
383.496 17599
383.509 17738
383.523 17859
383.536 17713
383.550 17982
383.563 18045
383.577 18200
383.590 18509
383.604 18682
383.617 18434
383.631 18567
383.644 18523
383.658 18378
383.671 18798
383.685 18835
383.698 19115
383.712 19371
383.725 19465
383.739 19221
383.752 19518
383.766 19592
383.779 19917
383.793 19926
383.806 20077
383.820 20626
383.833 20844
383.847 20854
383.860 21200
383.874 21227
383.887 20794
383.901 21122
383.914 21501
383.928 21589
383.941 21722
383.955 21699
383.968 21546
383.982 21605
383.995 22062
384.009 22106
384.022 22210
384.036 22301
384.049 22480
384.063 22924
384.076 23360
384.090 23871
384.103 24371
384.117 24641
384.130 24627
384.144 23927
384.157 23941
384.171 24119
384.184 24409
384.198 24500
384.211 24879
384.225 24844
384.238 25827
384.252 26022
384.265 26356
384.279 26620
384.292 26723
384.306 27138
384.319 27057
384.333 27233
384.346 27243
384.360 27291
384.373 27694
384.387 28047
384.400 28388
384.414 28621
384.427 28959
384.441 29012
384.454 29308
384.468 29762
384.481 30205
384.495 30511
384.508 30575
384.522 31050
384.535 31340
384.549 31856
384.562 32108
384.575 32842
384.589 33688
384.602 34451
384.616 35328
384.629 35924
384.643 36323
384.656 36692
384.670 37184
384.683 37580
384.697 37941
384.710 38139
384.724 38916
384.737 39211
384.751 39803
384.764 40902
384.778 41323
384.791 41983
384.805 42752
384.818 43259
384.832 43336
384.845 43742
384.859 44337
384.872 44260
384.885 44263
384.899 44457
384.912 44981
384.926 45132
384.939 45442
384.953 45921
384.966 46015
384.980 46657
384.993 46770
385.007 46989
385.020 46982
385.034 46829
385.047 46918
385.061 47139
385.074 47115
385.088 47311
385.101 46612
385.114 46864
385.128 46597
385.141 46625
385.155 46631
385.168 47200
385.182 47782
385.195 47372
385.209 46992
385.222 45283
385.236 45068
385.249 44055
385.263 43481
385.276 42150
385.290 41596
385.303 40226
385.316 39187
385.330 39100
385.343 38205
385.357 37360
385.370 36352
385.384 35436
385.397 34500
385.411 33859
385.424 32834
385.438 32014
385.451 31475
385.464 31120
385.478 30226
385.491 29731
385.505 28808
385.518 28020
385.532 27124
385.545 25703
385.559 24752
385.572 24118
385.586 23509
385.599 23170
385.612 22573
385.626 21913
385.639 20890
385.653 20590
385.666 20127
385.680 19317
385.693 18492
385.707 17947
385.720 17145
385.734 16655
385.747 15855
385.760 15277
385.774 14808
385.787 14379
385.801 13752
385.814 12907
385.828 12572
385.841 12075
385.855 11777
385.868 11415
385.881 11028
385.895 10677
385.908 10471
385.922 10075
385.935 9797
385.949 9547
385.962 9322
385.976 9269
385.989 8922
386.002 8965
386.016 8728
386.029 8580
386.043 8389
386.056 8163
386.070 7917
386.083 7788
386.097 7728
386.110 7510
386.123 7412
386.137 7313
386.150 7197
386.164 7078
386.177 6883
386.191 6843
386.204 6656
386.217 6563
386.231 6455
386.244 6492
386.258 6373
386.271 6336
386.285 6262
386.298 6181
386.311 5973
386.325 5803
386.338 5739
386.352 5682
386.365 5588
386.379 5620
386.392 5478
386.405 5328
386.419 5370
386.432 5371
386.446 5371
386.459 5335
386.473 5278
386.486 5125
386.499 4979
386.513 5014
386.526 4939
386.540 4976
386.553 4808
386.567 4898
386.580 4848
386.593 4939
386.607 5029
386.620 4874
386.634 4826
386.647 4798
386.661 4764
386.674 4619
386.687 4660
386.701 4499
386.714 4512
386.728 4488
386.741 4430
386.754 4440
386.768 4447
386.781 4427
386.795 4286
386.808 4227
386.822 4225
386.835 4218
386.848 4171
386.862 4114
386.875 4077
386.889 4013
386.902 4089
386.915 4034
386.929 4040
386.942 4028
386.956 3895
386.969 3973
386.983 3926
386.996 3934
387.009 3919
387.023 3873
387.036 3921
387.050 3981
387.063 3859
387.076 3854
387.090 3905
387.103 3850
387.117 3902
387.130 3794
387.143 3903
387.157 3842
387.170 3874
387.184 3782
387.197 3879
387.210 3796
387.224 3822
387.237 3744
387.251 3694
387.264 3700
387.278 3657
387.291 3641
387.304 3746
387.318 3678
387.331 3772
387.345 3700
387.358 3696
387.371 3684
387.385 3621
387.398 3626
387.412 3632
387.425 3633
387.438 3568
387.452 3602
387.465 3571
387.478 3596
387.492 3585
387.505 3596
387.519 3704
387.532 3740
387.545 3843
387.559 3865
387.572 3845
387.586 3888
387.599 3860
387.612 3890
387.626 4018
387.639 3951
387.653 3885
387.666 3824
387.679 3779
387.693 3784
387.706 3802
387.720 3781
387.733 3975
387.746 3936
387.760 4055
387.773 3986
387.787 4109
387.800 4071
387.813 4114
387.827 4055
387.840 4047
387.853 4078
387.867 4112
387.880 4317
387.894 4368
387.907 4388
387.920 4414
387.934 4386
387.947 4433
387.961 4556
387.974 4577
387.987 4544
388.001 4608
388.014 4604
388.027 4751
388.041 4736
388.054 4881
388.068 4861
388.081 4933
388.094 5067
388.108 5074
388.121 5076
388.134 5073
388.148 5011
388.161 5040
388.175 4856
388.188 4857
388.201 4815
388.215 4864
388.228 4779
388.241 4598
388.255 4724
388.268 4648
388.282 4546
388.295 4520
388.308 4344
388.322 4303
388.335 4176
388.348 4043
388.362 3975
388.375 3837
388.389 3942
388.402 3756
388.415 3706
388.429 3654
388.442 3647
388.455 3518
388.469 3451
388.482 3332
388.495 3290
388.509 3226
388.522 3126
388.536 3048
388.549 2903
388.562 2861
388.576 2808
388.589 2750
388.602 2783
388.616 2678
388.629 2597
388.642 2580
388.656 2495
388.669 2482
388.683 2443
388.696 2418
388.709 2439
388.723 2364
388.736 2364
388.749 2335
388.763 2287
388.776 2254
388.789 2140
388.803 2199
388.816 2176
388.829 2111
388.843 2101
388.856 2080
388.870 2059
388.883 2052
388.896 1992
388.910 2049
388.923 2039
388.936 2038
388.950 2097
388.963 2075
388.976 2057
388.990 2073
389.003 2041
389.016 2029
389.030 2062
389.043 1995
389.056 2090
389.070 2083
389.083 2028
389.097 2027
389.110 2036
389.123 2065
389.137 2046
389.150 2087
389.163 2085
389.177 2117
389.190 2148
389.203 2125
389.217 2117
389.230 2128
389.243 2172
389.257 2145
389.270 2142
389.283 2184
389.297 2151
389.310 2175
389.323 2114
389.337 2186
389.350 2123
389.363 2142
389.377 2150
389.390 2109
389.403 2118
389.417 2169
389.430 2130
389.443 2148
389.457 2152
389.470 2139
389.483 2153
389.497 2169
389.510 2142
389.523 2104
389.537 2059
389.550 2024
389.563 1970
389.577 1900
389.590 1896
389.603 1927
389.617 1847
389.630 1819
389.643 1817
389.657 1785
389.670 1737
389.683 1736
389.697 1696
389.710 1694
389.723 1708
389.737 1698
389.750 1682
389.763 1619
389.777 1617
389.790 1575
389.803 1552
389.817 1576
389.830 1566
389.843 1515
389.857 1532
389.870 1458
389.883 1490
389.897 1487
389.910 1455
389.923 1491
389.937 1441
389.950 1441
389.963 1449
389.977 1440
389.990 1404
390.003 1444
390.017 1454
390.030 1409
390.043 1410
390.057 1418
390.070 1408
390.083 1387
390.096 1395
390.110 1377
390.123 1394
390.136 1394
390.150 1327
390.163 1373
390.176 1367
390.190 1365
390.203 1359
390.216 1347
390.230 1313
390.243 1334
390.256 1316
390.270 1302
390.283 1315
390.296 1305
390.310 1324
390.323 1324
390.336 1285
390.349 1315
390.363 1290
390.376 1331
390.389 1306
390.403 1301
390.416 1290
390.429 1281
390.443 1265
390.456 1268
390.469 1265
390.483 1265
390.496 1283
390.509 1261
390.522 1271
390.536 1250
390.549 1263
390.562 1256
390.576 1214
390.589 1243
390.602 1253
390.616 1239
390.629 1200
390.642 1207
390.655 1200
390.669 1247
390.682 1219
390.695 1249
390.709 1207
390.722 1216
390.735 1207
390.749 1216
390.762 1225
390.775 1211
390.788 1208
390.802 1210
390.815 1207
390.828 1196
390.842 1192
390.855 1166
390.868 1168
390.882 1165
390.895 1170
390.908 1173
390.921 1189
390.935 1166
390.948 1179
390.961 1184
390.975 1162
390.988 1130
391.001 1158
391.014 1156
391.028 1149
391.041 1155
391.054 1136
391.068 1125
391.081 1137
391.094 1149
391.107 1111
391.121 1146
391.134 1124
391.147 1108
391.161 1082
391.174 1100
391.187 1107
391.200 1078
391.214 1117
391.227 1089
391.240 1099
391.254 1090
391.267 1068
391.280 1069
391.293 1045
391.307 1057
391.320 1038
391.333 1044
391.347 1044
391.360 1047
391.373 1034
391.386 1030
391.400 1039
391.413 1019
391.426 1039
391.440 986
391.453 1012
391.466 1010
391.479 994
391.493 1026
391.506 1006
391.519 1001
391.532 995
391.546 999
391.559 957
391.572 1007
391.586 984
391.599 987
391.612 962
391.625 962
391.639 992
391.652 976
391.665 958
391.678 981
391.692 954
391.705 953
391.718 971
391.732 940
391.745 960
391.758 946
391.771 927
391.785 936
391.798 942
391.811 941
391.824 948
391.838 923
391.851 931
391.864 932
391.877 914
391.891 882
391.904 899
391.917 914
391.931 915
391.944 930
391.957 925
391.970 906
391.984 946
391.997 929
392.010 921
392.023 909
392.037 916
392.050 922
392.063 913
392.076 925
392.090 902
392.103 890
392.116 901
392.129 901
392.143 891
392.156 886
392.169 890
392.182 885
392.196 888
392.209 874
392.222 889
392.235 879
392.249 868
392.262 878
392.275 855
392.288 871
392.302 873
392.315 871
392.328 897
392.341 885
392.355 875
392.368 871
392.381 885
392.394 875
392.408 852
392.421 882
392.434 861
392.447 862
392.461 870
392.474 866
392.487 871
392.500 872
392.514 850
392.527 881
392.540 864
392.553 875
392.567 856
392.580 861
392.593 866
392.606 877
392.620 852
392.633 852
392.646 856
392.659 858
392.673 850
392.686 839
392.699 860
392.712 851
392.726 846
392.739 842
392.752 839
392.765 844
392.778 825
392.792 827
392.805 857
392.818 860
392.831 851
392.845 841
392.858 855
392.871 856
392.884 848
392.898 851
392.911 845
392.924 849
392.937 854
392.951 848
392.964 846
392.977 843
392.990 850
393.003 835
393.017 837
393.030 828
393.043 852
393.056 848
393.070 823
393.083 850
393.096 830
393.109 846
393.122 845
393.136 847
393.149 834
393.162 845
393.175 826
393.189 832
393.202 808
393.215 845
393.228 815
393.242 840
393.255 838
393.268 829
393.281 834
393.294 830
393.308 820
393.321 843
393.334 839
393.347 830
393.360 831
393.374 841
393.387 833
393.400 838
393.413 814
393.427 822
393.440 823
393.453 806
393.466 818
393.479 821
393.493 840
393.506 841
393.519 820
393.532 842
393.546 832
393.559 823
393.572 829
393.585 838
393.598 832
393.612 822
393.625 833
393.638 839
393.651 821
393.664 827
393.678 827
393.691 829
393.704 818
393.717 821
393.730 812
393.744 825
393.757 847
393.770 803
393.783 815
393.796 839
393.810 821
393.823 830
393.836 826
393.849 823
393.863 819
393.876 835
393.889 822
393.902 817
393.915 823
393.929 822
