375.891 719
375.905 738
375.919 732
375.933 729
375.946 730
375.960 721
375.974 732
375.987 730
376.001 718
376.015 738
376.029 734
376.042 742
376.056 724
376.070 735
376.084 732
376.097 740
376.111 747
376.125 763
376.139 732
376.152 767
376.166 752
376.180 757
376.193 753
376.207 758
376.221 760
376.235 770
376.248 753
376.262 760
376.276 767
376.290 783
376.303 776
376.317 773
376.331 769
376.345 774
376.358 777
376.372 762
376.386 788
376.399 776
376.413 783
376.427 788
376.441 805
376.454 798
376.468 796
376.482 806
376.495 783
376.509 807
376.523 817
376.537 809
376.550 806
376.564 812
376.578 808
376.592 828
376.605 824
376.619 822
376.633 840
376.646 809
376.660 806
376.674 836
376.688 843
376.701 838
376.715 831
376.729 832
376.742 843
376.756 847
376.770 832
376.784 844
376.797 854
376.811 879
376.825 862
376.838 891
376.852 864
376.866 872
376.880 873
376.893 868
376.907 911
376.921 908
376.934 896
376.948 900
376.962 897
376.976 888
376.989 926
377.003 918
377.017 929
377.030 962
377.044 951
377.058 939
377.071 947
377.085 946
377.099 938
377.113 949
377.126 978
377.140 975
377.154 966
377.167 984
377.181 973
377.195 985
377.208 984
377.222 964
377.236 973
377.250 995
377.263 1002
377.277 1008
377.291 1017
377.304 1006
377.318 1039
377.332 1013
377.345 1044
377.359 1000
377.373 1041
377.387 1062
377.400 1044
377.414 1040
377.428 1051
377.441 1040
377.455 1066
377.469 1084
377.482 1086
377.496 1056
377.510 1113
377.524 1099
377.537 1083
377.551 1121
377.565 1092
377.578 1152
377.592 1113
377.606 1100
377.619 1112
377.633 1159
377.647 1150
377.660 1112
377.674 1088
377.688 1096
377.701 1146
377.715 1159
377.729 1148
377.743 1178
377.756 1137
377.770 1171
377.784 1194
377.797 1184
377.811 1179
377.825 1202
377.838 1183
377.852 1212
377.866 1219
377.879 1224
377.893 1209
377.907 1237
377.920 1244
377.934 1256
377.948 1210
377.961 1252
377.975 1258
377.989 1237
378.002 1260
378.016 1235
378.030 1258
378.044 1288
378.057 1284
378.071 1283
378.085 1318
378.098 1273
378.112 1298
378.126 1316
378.139 1285
378.153 1286
378.167 1286
378.180 1313
378.194 1324
378.208 1348
378.221 1313
378.235 1326
378.249 1360
378.262 1319
378.276 1355
378.290 1327
378.303 1340
378.317 1349
378.331 1339
378.344 1375
378.358 1353
378.372 1369
378.385 1371
378.399 1346
378.413 1434
378.426 1408
378.440 1373
378.454 1373
378.467 1395
378.481 1393
378.495 1392
378.508 1391
378.522 1429
378.536 1429
378.549 1455
378.563 1470
378.577 1445
378.590 1456
378.604 1459
378.618 1444
378.631 1469
378.645 1510
378.659 1489
378.672 1500
378.686 1503
378.700 1545
378.713 1544
378.727 1583
378.740 1514
378.754 1572
378.768 1532
378.781 1566
378.795 1616
378.809 1581
378.822 1611
378.836 1609
378.850 1547
378.863 1578
378.877 1570
378.891 1589
378.904 1594
378.918 1594
378.932 1586
378.945 1591
378.959 1563
378.973 1559
378.986 1652
379.000 1642
379.014 1615
379.027 1637
379.041 1603
379.054 1580
379.068 1660
379.082 1627
379.095 1664
379.109 1597
379.123 1655
379.136 1673
379.150 1641
379.164 1702
379.177 1705
379.191 1694
379.205 1668
379.218 1690
379.232 1728
379.245 1765
379.259 1700
379.273 1724
379.286 1755
379.300 1777
379.314 1695
379.327 1713
379.341 1794
379.355 1792
379.368 1752
379.382 1798
379.396 1813
379.409 1823
379.423 1833
379.436 1871
379.450 1845
379.464 1848
379.477 1866
379.491 1937
379.505 1828
379.518 1883
379.532 1948
379.546 1915
379.559 1990
379.573 1984
379.586 1943
379.600 2006
379.614 2008
379.627 2019
379.641 2029
379.655 2066
379.668 2016
379.682 2061
379.695 2026
379.709 2062
379.723 2171
379.736 2126
379.750 2233
379.764 2205
379.777 2256
379.791 2269
379.804 2295
379.818 2286
379.832 2298
379.845 2199
379.859 2268
379.873 2274
379.886 2287
379.900 2362
379.913 2393
379.927 2404
379.941 2368
379.954 2477
379.968 2458
379.982 2487
379.995 2492
380.009 2551
380.022 2562
380.036 2526
380.050 2565
380.063 2692
380.077 2808
380.090 2860
380.104 2826
380.118 2832
380.131 2841
380.145 2879
380.159 2968
380.172 2929
380.186 2987
380.199 3067
380.213 3066
380.227 3220
380.240 3206
380.254 3199
380.267 3136
380.281 3216
380.295 3228
380.308 3289
380.322 3276
380.336 3367
380.349 3387
380.363 3501
380.376 3509
380.390 3441
380.404 3651
380.417 3591
380.431 3708
380.444 3732
380.458 3701
380.472 3821
380.485 3869
380.499 3834
380.512 3942
380.526 4005
380.540 3986
380.553 4118
380.567 4114
380.580 4163
380.594 4276
380.608 4312
380.621 4508
380.635 4589
380.648 4562
380.662 4598
380.676 4589
380.689 4636
380.703 4657
380.716 4758
380.730 4798
380.744 4849
380.757 5043
380.771 5084
380.784 5112
380.798 5149
380.812 5246
380.825 5234
380.839 5322
380.852 5529
380.866 5539
380.880 5607
380.893 5568
380.907 5595
380.920 5588
380.934 5571
380.948 5787
380.961 5810
380.975 5926
380.988 5953
381.002 5819
381.015 5849
381.029 6116
381.043 6105
381.056 6195
381.070 6189
381.083 6284
381.097 6292
381.111 6329
381.124 6496
381.138 6554
381.151 6600
381.165 6625
381.179 6671
381.192 6687
381.206 6672
381.219 6627
381.233 6721
381.246 6792
381.260 6852
381.274 6820
381.287 6946
381.301 7096
381.314 6975
381.328 7052
381.341 7149
381.355 7154
381.369 7171
381.382 7233
381.396 7279
381.409 7333
381.423 7412
381.437 7450
381.450 7455
381.464 7529
381.477 7626
381.491 7738
381.504 7717
381.518 7663
381.532 7714
381.545 7948
381.559 8163
381.572 8210
381.586 8116
381.599 8028
381.613 8175
381.627 8149
381.640 8217
381.654 8345
381.667 8288
381.681 8341
381.694 8184
381.708 8027
381.722 7996
381.735 8005
381.749 8137
381.762 8268
381.776 8161
381.789 8100
381.803 8229
381.817 8271
381.830 8287
381.844 8229
381.857 8334
381.871 8498
381.884 8564
381.898 8408
381.911 8460
381.925 8545
381.939 8576
381.952 8579
381.966 8640
381.979 8661
381.993 8858
382.006 8937
382.020 9048
382.034 8929
382.047 8877
382.061 8903
382.074 8876
382.088 8897
382.101 8869
382.115 8933
382.128 8993
382.142 9246
382.156 9456
382.169 9641
382.183 9497
382.196 9412
382.210 9599
382.223 9508
382.237 9574
382.250 9616
382.264 9673
382.278 9670
382.291 9719
382.305 9861
382.318 10107
382.332 10109
382.345 9834
382.359 9632
382.372 9708
382.386 9716
382.399 9769
382.413 9933
382.427 9946
382.440 10031
382.454 9995
382.467 10058
382.481 10310
382.494 10637
382.508 10731
382.521 10839
382.535 10789
382.548 10614
382.562 10864
382.576 10807
382.589 10801
382.603 10947
382.616 10980
382.630 11123
382.643 11350
382.657 11162
382.670 11346
382.684 11579
382.697 11517
382.711 11499
382.724 11755
382.738 11726
382.752 11718
382.765 11823
382.779 12114
382.792 12142
382.806 12252
382.819 12351
382.833 12392
382.846 12667
382.860 12861
382.873 12787
382.887 12844
382.900 13134
382.914 13313
382.928 13334
382.941 13595
382.955 13816
382.968 13808
382.982 14066
382.995 14334
383.009 14217
383.022 14527
383.036 14541
383.049 14753
383.063 14832
383.076 14936
383.090 15189
383.103 15398
383.117 15248
383.130 15498
383.144 15782
383.158 15980
383.171 16186
383.185 16318
383.198 16593
383.212 16715
383.225 17043
383.239 17551
383.252 17851
383.266 18069
383.279 18063
383.293 18326
383.306 18182
383.320 18836
383.333 19227
383.347 19529
383.360 19574
383.374 19612
383.387 19945
383.401 20245
383.414 20319
383.428 20198
383.441 20438
383.455 20525
383.468 20518
383.482 21120
383.496 21854
383.509 22119
383.523 21996
383.536 22289
383.550 22652
383.563 22633
383.577 23136
383.590 23318
383.604 23725
383.617 23509
383.631 23570
383.644 23357
383.658 23584
383.671 23916
383.685 24104
383.698 24361
383.712 24864
383.725 25008
383.739 25301
383.752 25213
383.766 25492
383.779 25638
383.793 25946
383.806 26191
383.820 27003
383.833 27377
383.847 27298
383.860 27848
383.874 28264
383.887 27325
383.901 27895
383.914 28450
383.928 28950
383.941 29043
383.955 28905
383.968 28976
383.982 29187
383.995 29552
384.009 29847
384.022 29959
384.036 30559
384.049 30710
384.063 31441
384.076 32072
384.090 32568
384.103 33597
384.117 34004
384.130 33623
384.144 33265
384.157 33406
384.171 33365
384.184 33626
384.198 34117
384.211 34427
384.225 34799
384.238 35669
384.252 36173
384.265 37070
384.279 37320
384.292 37634
384.306 38175
384.319 38040
384.333 37814
384.346 38112
384.360 38557
384.373 39013
384.387 39504
384.400 39842
384.414 40198
384.427 40661
384.441 41084
384.454 41146
384.468 41395
384.481 41982
384.495 42186
384.508 42624
384.522 42973
384.535 43366
384.549 43607
384.562 43864
384.575 44563
384.589 45716
384.602 46870
384.616 47711
384.629 48197
384.643 48440
384.656 48825
384.670 49104
384.683 48754
384.697 49251
384.710 49323
384.724 49754
384.737 50278
384.751 50539
384.764 50780
384.778 51540
384.791 51973
384.805 52721
384.818 52727
384.832 52227
384.845 52573
384.859 52892
384.872 52138
384.885 51522
384.899 51169
384.912 51732
384.926 51397
384.939 51437
384.953 51052
384.966 51108
384.980 50801
384.993 50230
385.007 50488
385.020 50002
385.034 49465
385.047 49065
385.061 48357
385.074 47633
385.088 47045
385.101 46380
385.114 45762
385.128 45382
385.141 44883
385.155 44099
385.168 44300
385.182 43872
385.195 42942
385.209 42146
385.222 40197
385.236 39396
385.249 38186
385.263 37170
385.276 35633
385.290 34620
385.303 33117
385.316 32167
385.330 31792
385.343 30610
385.357 29781
385.370 28443
385.384 27461
385.397 26834
385.411 25956
385.424 24962
385.438 24147
385.451 23777
385.464 23110
385.478 22648
385.491 21936
385.505 21127
385.518 20427
385.532 19732
385.545 18773
385.559 18032
385.572 17693
385.586 16908
385.599 16695
385.612 16471
385.626 15722
385.639 15402
385.653 15090
385.666 14932
385.680 14406
385.693 13928
385.707 13367
385.720 13214
385.734 12725
385.747 12102
385.760 11831
385.774 11574
385.787 11530
385.801 10882
385.814 10352
385.828 10174
385.841 9961
385.855 9816
385.868 9580
385.881 9309
385.895 9236
385.908 9020
385.922 8891
385.935 8648
385.949 8536
385.962 8356
385.976 8182
385.989 8080
386.002 8064
386.016 8150
386.029 7897
386.043 7828
386.056 7645
386.070 7460
386.083 7391
386.097 7262
386.110 7285
386.123 7080
386.137 7192
386.150 7049
386.164 6891
386.177 6781
386.191 6814
386.204 6720
386.217 6495
386.231 6508
386.244 6437
386.258 6442
386.271 6485
386.285 6388
386.298 6242
386.311 6321
386.325 6119
386.338 5958
386.352 5998
386.365 5999
386.379 5894
386.392 5812
386.405 5701
386.419 5599
386.432 5625
386.446 5752
386.459 5698
386.473 5543
386.486 5528
386.499 5398
386.513 5431
386.526 5324
386.540 5354
386.553 5280
386.567 5384
386.580 5408
386.593 5433
386.607 5391
386.620 5404
386.634 5317
386.647 5332
386.661 5230
386.674 5063
386.687 5180
386.701 5048
386.714 4825
386.728 4942
386.741 4966
386.754 4996
386.768 4929
386.781 4917
386.795 4828
386.808 4713
386.822 4638
386.835 4711
386.848 4713
386.862 4591
386.875 4659
386.889 4598
386.902 4524
386.915 4606
386.929 4513
386.942 4525
386.956 4457
386.969 4464
386.983 4520
386.996 4444
387.009 4420
387.023 4324
387.036 4363
387.050 4404
387.063 4378
387.076 4358
387.090 4281
387.103 4334
387.117 4428
387.130 4336
387.143 4342
387.157 4427
387.170 4334
387.184 4285
387.197 4219
387.210 4307
387.224 4213
387.237 4160
387.251 4183
387.264 4100
387.278 4099
387.291 4132
387.304 4203
387.318 4086
387.331 4052
387.345 4102
387.358 4145
387.371 4106
387.385 4125
387.398 4125
387.412 4019
387.425 3970
387.438 4003
387.452 3979
387.465 3926
387.478 3961
387.492 4025
387.505 4029
387.519 4065
387.532 4190
387.545 4371
387.559 4300
387.572 4231
387.586 4320
387.599 4363
387.612 4318
387.626 4403
387.639 4380
387.653 4326
387.666 4234
387.679 4110
387.693 4155
387.706 4175
387.720 4104
387.733 4210
387.746 4293
387.760 4238
387.773 4213
387.787 4091
387.800 4088
387.813 4080
387.827 4041
387.840 3942
387.853 3905
387.867 3895
387.880 3976
387.894 4023
387.907 4039
387.920 3865
387.934 3859
387.947 3761
387.961 3712
387.974 3759
387.987 3728
388.001 3710
388.014 3674
388.027 3683
388.041 3664
388.054 3635
388.068 3570
388.081 3667
388.094 3592
388.108 3573
388.121 3584
388.134 3451
388.148 3443
388.161 3443
388.175 3372
388.188 3297
388.201 3295
388.215 3256
388.228 3221
388.241 3247
388.255 3177
388.268 3182
388.282 3106
388.295 3049
388.308 3065
388.322 2931
388.335 2902
388.348 2832
388.362 2805
388.375 2785
388.389 2836
388.402 2756
388.415 2732
388.429 2704
388.442 2708
388.455 2703
388.469 2684
388.482 2629
388.495 2623
388.509 2598
388.522 2583
388.536 2489
388.549 2405
388.562 2344
388.576 2289
388.589 2306
388.602 2289
388.616 2234
388.629 2289
388.642 2221
388.656 2187
388.669 2174
388.683 2176
388.696 2197
388.709 2195
388.723 2166
388.736 2140
388.749 2088
388.763 2056
388.776 2087
388.789 2055
388.803 2060
388.816 2006
388.829 1990
388.843 2005
388.856 2004
388.870 2005
388.883 1906
388.896 1932
388.910 1962
388.923 1953
388.936 1989
388.950 1976
388.963 1959
388.976 1971
388.990 1932
389.003 1909
389.016 1937
389.030 1957
389.043 1988
389.056 1932
389.070 2004
389.083 1918
389.097 1896
389.110 1920
389.123 1908
389.137 1894
389.150 1909
389.163 1939
389.177 1915
389.190 1920
389.203 1918
389.217 1967
389.230 1944
389.243 1946
389.257 1874
389.270 1920
389.283 1881
389.297 1888
389.310 1940
389.323 1867
389.337 1908
389.350 1928
389.363 1892
389.377 1934
389.390 1904
389.403 1883
389.417 1870
389.430 1860
389.443 1839
389.457 1895
389.470 1928
389.483 1914
389.497 1909
389.510 1896
389.523 1886
389.537 1897
389.550 1871
389.563 1795
389.577 1806
389.590 1765
389.603 1746
389.617 1739
389.630 1743
389.643 1732
389.657 1749
389.670 1703
389.683 1754
389.697 1691
389.710 1690
389.723 1697
389.737 1654
389.750 1653
389.763 1687
389.777 1620
389.790 1597
389.803 1613
389.817 1626
389.830 1611
389.843 1617
389.857 1539
389.870 1530
389.883 1557
389.897 1525
389.910 1527
389.923 1501
389.937 1565
389.950 1510
389.963 1570
389.977 1542
389.990 1532
390.003 1496
390.017 1543
390.030 1538
390.043 1486
390.057 1481
390.070 1503
390.083 1495
390.096 1494
390.110 1485
390.123 1500
390.136 1498
390.150 1468
390.163 1494
390.176 1534
390.190 1487
390.203 1406
390.216 1450
390.230 1442
390.243 1448
390.256 1429
390.270 1443
390.283 1433
390.296 1445
390.310 1359
390.323 1427
390.336 1357
390.349 1428
390.363 1399
390.376 1447
390.389 1444
390.403 1400
390.416 1353
390.429 1352
390.443 1391
390.456 1408
390.469 1372
390.483 1354
390.496 1362
390.509 1368
390.522 1340
390.536 1381
390.549 1392
390.562 1362
390.576 1329
390.589 1347
390.602 1340
390.616 1308
390.629 1316
390.642 1280
390.655 1331
390.669 1362
390.682 1315
390.695 1292
390.709 1369
390.722 1327
390.735 1273
390.749 1301
390.762 1256
390.775 1265
390.788 1267
390.802 1288
390.815 1273
390.828 1304
390.842 1280
390.855 1259
390.868 1263
390.882 1237
390.895 1236
390.908 1239
390.921 1243
390.935 1241
390.948 1237
390.961 1213
390.975 1209
390.988 1205
391.001 1247
391.014 1197
391.028 1185
391.041 1169
391.054 1180
391.068 1192
391.081 1154
391.094 1208
391.107 1157
391.121 1147
391.134 1158
391.147 1162
391.161 1126
391.174 1141
391.187 1151
391.200 1106
391.214 1107
391.227 1110
391.240 1097
391.254 1105
391.267 1091
391.280 1092
391.293 1079
391.307 1048
391.320 1069
391.333 1065
391.347 1048
391.360 1062
391.373 1047
391.386 1042
391.400 1070
391.413 1042
391.426 1001
391.440 1010
391.453 1047
391.466 1031
391.479 1008
391.493 1013
391.506 1001
391.519 1017
391.532 999
391.546 1001
391.559 1037
391.572 988
391.586 955
391.599 978
391.612 960
391.625 978
391.639 938
391.652 992
391.665 962
391.678 926
391.692 954
391.705 940
391.718 956
391.732 926
391.745 935
391.758 950
391.771 944
391.785 936
391.798 940
391.811 888
391.824 934
391.838 923
391.851 910
391.864 912
391.877 933
391.891 894
391.904 898
391.917 904
391.931 905
391.944 896
391.957 906
391.970 912
391.984 925
391.997 911
392.010 905
392.023 910
392.037 904
392.050 898
392.063 873
392.076 879
392.090 897
392.103 899
392.116 891
392.129 871
392.143 895
392.156 878
392.169 886
392.182 897
392.196 868
392.209 884
392.222 880
392.235 887
392.249 862
392.262 868
392.275 867
392.288 871
392.302 840
392.315 852
392.328 866
392.341 843
392.355 857
392.368 866
392.381 857
392.394 876
392.408 869
392.421 850
392.434 860
392.447 839
392.461 849
392.474 848
392.487 854
392.500 857
392.514 850
392.527 842
392.540 858
392.553 870
392.567 827
392.580 839
392.593 864
392.606 863
392.620 830
392.633 818
392.646 825
392.659 834
392.673 845
392.686 851
392.699 851
392.712 821
392.726 830
392.739 822
392.752 816
392.765 813
392.778 846
392.792 842
392.805 826
392.818 837
392.831 845
392.845 843
392.858 836
392.871 833
392.884 820
392.898 847
392.911 837
392.924 867
392.937 832
392.951 839
392.964 836
392.977 839
392.990 824
393.003 818
393.017 807
393.030 813
393.043 845
393.056 834
393.070 843
393.083 854
393.096 825
393.109 830
393.122 820
393.136 827
393.149 827
393.162 850
393.175 827
393.189 838
393.202 822
393.215 825
393.228 828
393.242 815
393.255 844
393.268 804
393.281 821
393.294 815
393.308 803
393.321 818
393.334 818
393.347 807
393.360 840
393.374 816
393.387 826
393.400 833
393.413 801
393.427 801
393.440 821
393.453 825
393.466 815
393.479 791
393.493 829
393.506 824
393.519 801
393.532 817
393.546 818
393.559 798
393.572 821
393.585 823
393.598 816
393.612 812
393.625 819
393.638 812
393.651 806
393.664 808
393.678 829
393.691 828
393.704 811
393.717 820
393.730 805
393.744 794
393.757 809
393.770 784
393.783 818
393.796 787
393.810 806
393.823 817
393.836 814
393.849 810
393.863 782
393.876 806
393.889 831
393.902 817
393.915 804
393.929 796
