375.891 702
375.905 713
375.919 703
375.933 697
375.946 688
375.960 705
375.974 715
375.987 710
376.001 712
376.015 719
376.029 711
376.042 731
376.056 721
376.070 713
376.084 720
376.097 729
376.111 725
376.125 713
376.139 728
376.152 721
376.166 729
376.180 729
376.193 744
376.207 737
376.221 731
376.235 746
376.248 741
376.262 739
376.276 744
376.290 758
376.303 752
376.317 744
376.331 744
376.345 756
376.358 739
376.372 749
376.386 768
376.399 755
376.413 765
376.427 761
376.441 783
376.454 763
376.468 770
376.482 756
376.495 777
376.509 770
376.523 785
376.537 772
376.550 787
376.564 784
376.578 781
376.592 782
376.605 789
376.619 806
376.633 799
376.646 785
376.660 789
376.674 805
376.688 820
376.701 792
376.715 810
376.729 815
376.742 819
376.756 811
376.770 826
376.784 821
376.797 827
376.811 822
376.825 834
376.838 850
376.852 842
376.866 854
376.880 841
376.893 843
376.907 851
376.921 855
376.934 867
376.948 846
376.962 869
376.976 886
376.989 877
377.003 886
377.017 876
377.030 877
377.044 903
377.058 892
377.071 900
377.085 891
377.099 902
377.113 901
377.126 926
377.140 917
377.154 907
377.167 927
377.181 911
377.195 914
377.208 928
377.222 940
377.236 941
377.250 962
377.263 954
377.277 951
377.291 970
377.304 981
377.318 965
377.332 978
377.345 988
377.359 953
377.373 993
377.387 970
377.400 979
377.414 987
377.428 1008
377.441 994
377.455 993
377.469 1028
377.482 1029
377.496 1025
377.510 1061
377.524 1045
377.537 1071
377.551 1058
377.565 1049
377.578 1062
377.592 1073
377.606 1064
377.619 1066
377.633 1042
377.647 1090
377.660 1085
377.674 1069
377.688 1081
377.701 1087
377.715 1085
377.729 1091
377.743 1098
377.756 1117
377.770 1125
377.784 1100
377.797 1120
377.811 1097
377.825 1121
377.838 1119
377.852 1146
377.866 1127
377.879 1149
377.893 1162
377.907 1166
377.920 1172
377.934 1157
377.948 1181
377.961 1152
377.975 1181
377.989 1168
378.002 1171
378.016 1186
378.030 1188
378.044 1184
378.057 1214
378.071 1217
378.085 1204
378.098 1172
378.112 1204
378.126 1225
378.139 1227
378.153 1227
378.167 1223
378.180 1253
378.194 1234
378.208 1243
378.221 1231
378.235 1252
378.249 1253
378.262 1242
378.276 1251
378.290 1258
378.303 1270
378.317 1285
378.331 1267
378.344 1296
378.358 1269
378.372 1311
378.385 1292
378.399 1295
378.413 1296
378.426 1266
378.440 1340
378.454 1332
378.467 1326
378.481 1364
378.495 1340
378.508 1307
378.522 1294
378.536 1331
378.549 1325
378.563 1337
378.577 1370
378.590 1371
378.604 1360
378.618 1383
378.631 1368
378.645 1392
378.659 1408
378.672 1388
378.686 1399
378.700 1457
378.713 1428
378.727 1442
378.740 1427
378.754 1467
378.768 1455
378.781 1459
378.795 1461
378.809 1495
378.822 1478
378.836 1496
378.850 1448
378.863 1452
378.877 1500
378.891 1449
378.904 1463
378.918 1469
378.932 1499
378.945 1501
378.959 1488
378.973 1492
378.986 1491
379.000 1471
379.014 1509
379.027 1514
379.041 1516
379.054 1494
379.068 1504
379.082 1512
379.095 1533
379.109 1527
379.123 1527
379.136 1501
379.150 1527
379.164 1570
379.177 1566
379.191 1545
379.205 1539
379.218 1539
379.232 1569
379.245 1556
379.259 1621
379.273 1616
379.286 1635
379.300 1624
379.314 1595
379.327 1592
379.341 1607
379.355 1647
379.368 1650
379.382 1645
379.396 1667
379.409 1662
379.423 1691
379.436 1670
379.450 1679
379.464 1704
379.477 1749
379.491 1694
379.505 1724
379.518 1712
379.532 1768
379.546 1789
379.559 1734
379.573 1771
379.586 1750
379.600 1820
379.614 1827
379.627 1871
379.641 1863
379.655 1919
379.668 1831
379.682 1836
379.695 1874
379.709 1846
379.723 1899
379.736 2009
379.750 1949
379.764 2028
379.777 2013
379.791 2078
379.804 2102
379.818 2107
379.832 2083
379.845 2071
379.859 2073
379.873 2078
379.886 2038
379.900 2094
379.913 2148
379.927 2190
379.941 2180
379.954 2255
379.968 2254
379.982 2244
379.995 2293
380.009 2340
380.022 2337
380.036 2311
380.050 2385
380.063 2418
380.077 2462
380.090 2533
380.104 2575
380.118 2621
380.131 2553
380.145 2633
380.159 2625
380.172 2655
380.186 2744
380.199 2790
380.213 2827
380.227 2828
380.240 2870
380.254 2804
380.267 2827
380.281 2920
380.295 2932
380.308 2985
380.322 3021
380.336 3023
380.349 3044
380.363 3092
380.376 3167
380.390 3200
380.404 3274
380.417 3252
380.431 3313
380.444 3333
380.458 3434
380.472 3450
380.485 3500
380.499 3428
380.512 3523
380.526 3593
380.540 3582
380.553 3662
380.567 3657
380.580 3740
380.594 3835
380.608 3786
380.621 4013
380.635 4086
380.648 4041
380.662 4100
380.676 4168
380.689 4074
380.703 4235
380.716 4204
380.730 4308
380.744 4306
380.757 4462
380.771 4514
380.784 4576
380.798 4588
380.812 4634
380.825 4671
380.839 4718
380.852 4799
380.866 4991
380.880 5053
380.893 5020
380.907 4922
380.920 5009
380.934 5088
380.948 5145
380.961 5124
380.975 5351
380.988 5277
381.002 5225
381.015 5228
381.029 5384
381.043 5456
381.056 5549
381.070 5443
381.083 5463
381.097 5605
381.111 5598
381.124 5653
381.138 5784
381.151 5816
381.165 5893
381.179 5807
381.192 5902
381.206 5805
381.219 5878
381.233 5956
381.246 5944
381.260 6018
381.274 6114
381.287 6067
381.301 6129
381.314 6169
381.328 6181
381.341 6279
381.355 6197
381.369 6337
381.382 6354
381.396 6371
381.409 6492
381.423 6541
381.437 6583
381.450 6612
381.464 6671
381.477 6743
381.491 6789
381.504 6857
381.518 6836
381.532 6775
381.545 6861
381.559 7203
381.572 7180
381.586 7176
381.599 7123
381.613 7125
381.627 7189
381.640 7231
381.654 7266
381.667 7298
381.681 7329
381.694 7414
381.708 7068
381.722 7172
381.735 7092
381.749 7169
381.762 7147
381.776 7149
381.789 7174
381.803 7192
381.817 7130
381.830 7330
381.844 7171
381.857 7410
381.871 7390
381.884 7341
381.898 7316
381.911 7587
381.925 7473
381.939 7489
381.952 7534
381.966 7556
381.979 7563
381.993 7719
382.006 7895
382.020 7895
382.034 7850
382.047 7724
382.061 7845
382.074 7826
382.088 7743
382.101 7770
382.115 7945
382.128 7756
382.142 8010
382.156 8364
382.169 8376
382.183 8356
382.196 8281
382.210 8266
382.223 8254
382.237 8309
382.250 8164
382.264 8475
382.278 8289
382.291 8473
382.305 8571
382.318 8693
382.332 8683
382.345 8472
382.359 8450
382.372 8413
382.386 8418
382.399 8603
382.413 8519
382.427 8695
382.440 8611
382.454 8652
382.467 8898
382.481 9024
382.494 9165
382.508 9370
382.521 9531
382.535 9347
382.548 9257
382.562 9378
382.576 9407
382.589 9379
382.603 9515
382.616 9519
382.630 9657
382.643 9699
382.657 9937
382.670 10184
382.684 10119
382.697 9826
382.711 9947
382.724 10112
382.738 10155
382.752 10316
382.765 10357
382.779 10580
382.792 10505
382.806 10676
382.819 10614
382.833 10823
382.846 10925
382.860 11028
382.873 10990
382.887 11370
382.900 11504
382.914 11515
382.928 11679
382.941 11703
382.955 11874
382.968 12101
382.982 12277
382.995 12335
383.009 12457
383.022 12416
383.036 12655
383.049 12775
383.063 13074
383.076 12965
383.090 13087
383.103 13273
383.117 13332
383.130 13553
383.144 13689
383.158 13851
383.171 13957
383.185 14153
383.198 14459
383.212 14660
383.225 14750
383.239 15121
383.252 15564
383.266 15549
383.279 15746
383.293 15889
383.306 15941
383.320 16388
383.333 16821
383.347 16956
383.360 17080
383.374 17337
383.387 17391
383.401 17506
383.414 17686
383.428 17668
383.441 17863
383.455 17847
383.468 17821
383.482 18296
383.496 18964
383.509 19196
383.523 19239
383.536 19377
383.550 19596
383.563 19874
383.577 20422
383.590 20612
383.604 20456
383.617 20334
383.631 20501
383.644 20311
383.658 20532
383.671 20966
383.685 21021
383.698 21199
383.712 21648
383.725 22019
383.739 21813
383.752 22147
383.766 22194
383.779 22437
383.793 22702
383.806 23085
383.820 23697
383.833 23897
383.847 24124
383.860 24395
383.874 24666
383.887 24182
383.901 24530
383.914 24984
383.928 25179
383.941 25554
383.955 25136
383.968 25260
383.982 25624
383.995 25945
384.009 26345
384.022 26610
384.036 26785
384.049 27012
384.063 27598
384.076 28323
384.090 29176
384.103 29679
384.117 30012
384.130 30133
384.144 29469
384.157 29722
384.171 29695
384.184 30091
384.198 30385
384.211 30503
384.225 30986
384.238 31911
384.252 32551
384.265 32800
384.279 32940
384.292 33450
384.306 33955
384.319 34013
384.333 33750
384.346 33802
384.360 34063
384.373 34451
384.387 34895
384.400 35242
384.414 35166
384.427 35584
384.441 35985
384.454 36135
384.468 36246
384.481 36477
384.495 36715
384.508 37160
384.522 37320
384.535 37613
384.549 37791
384.562 38031
384.575 38346
384.589 39187
384.602 40116
384.616 40864
384.629 41450
384.643 41248
384.656 42196
384.670 41813
384.683 41424
384.697 41840
384.710 41855
384.724 42182
384.737 42130
384.751 42447
384.764 42812
384.778 43057
384.791 43689
384.805 43678
384.818 43703
384.832 43335
384.845 43449
384.859 43113
384.872 42943
384.885 42274
384.899 42089
384.912 42030
384.926 41722
384.939 41537
384.953 41174
384.966 40827
384.980 40610
384.993 40192
385.007 39973
385.020 39493
385.034 38854
385.047 38103
385.061 37658
385.074 37024
385.088 36354
385.101 35452
385.114 34781
385.128 34396
385.141 33462
385.155 32778
385.168 32887
385.182 32293
385.195 31520
385.209 30880
385.222 29458
385.236 28550
385.249 27735
385.263 26841
385.276 25828
385.290 24966
385.303 23836
385.316 22968
385.330 22301
385.343 21923
385.357 21115
385.370 20272
385.384 19569
385.397 19083
385.411 18527
385.424 17804
385.438 17361
385.451 16945
385.464 16732
385.478 16313
385.491 15655
385.505 15219
385.518 14746
385.532 14200
385.545 13613
385.559 13037
385.572 12827
385.586 12496
385.599 12230
385.612 11941
385.626 11797
385.639 11251
385.653 11078
385.666 10963
385.680 10602
385.693 10177
385.707 10094
385.720 9745
385.734 9629
385.747 9150
385.760 8846
385.774 8743
385.787 8593
385.801 8393
385.814 7994
385.828 7843
385.841 7611
385.855 7493
385.868 7430
385.881 7196
385.895 7032
385.908 6974
385.922 6843
385.935 6729
385.949 6642
385.962 6571
385.976 6533
385.989 6300
386.002 6242
386.016 6333
386.029 6128
386.043 6077
386.056 5933
386.070 5829
386.083 5836
386.097 5815
386.110 5734
386.123 5661
386.137 5638
386.150 5489
386.164 5479
386.177 5385
386.191 5427
386.204 5187
386.217 5120
386.231 5123
386.244 5104
386.258 5052
386.271 5066
386.285 4974
386.298 5005
386.311 4928
386.325 4873
386.338 4782
386.352 4645
386.365 4711
386.379 4750
386.392 4582
386.405 4486
386.419 4483
386.432 4535
386.446 4476
386.459 4436
386.473 4519
386.486 4329
386.499 4309
386.513 4392
386.526 4290
386.540 4211
386.553 4179
386.567 4226
386.580 4234
386.593 4285
386.607 4266
386.620 4169
386.634 4203
386.647 4099
386.661 4068
386.674 3974
386.687 3982
386.701 4011
386.714 3935
386.728 3931
386.741 3877
386.754 3885
386.768 3876
386.781 3847
386.795 3798
386.808 3747
386.822 3758
386.835 3710
386.848 3684
386.862 3635
386.875 3604
386.889 3588
386.902 3580
386.915 3601
386.929 3561
386.942 3550
386.956 3525
386.969 3458
386.983 3506
386.996 3506
387.009 3400
387.023 3425
387.036 3468
387.050 3460
387.063 3400
387.076 3413
387.090 3397
387.103 3337
387.117 3377
387.130 3360
387.143 3337
387.157 3400
387.170 3400
387.184 3295
387.197 3269
387.210 3306
387.224 3254
387.237 3281
387.251 3211
387.264 3181
387.278 3223
387.291 3223
387.304 3163
387.318 3170
387.331 3190
387.345 3142
387.358 3121
387.371 3103
387.385 3100
387.398 3086
387.412 3017
387.425 3029
387.438 2973
387.452 2993
387.465 2933
387.478 2935
387.492 2946
387.505 2886
387.519 2917
387.532 3057
387.545 3034
387.559 3005
387.572 2968
387.586 2944
387.599 3013
387.612 3058
387.626 2969
387.639 3021
387.653 2937
387.666 2885
387.679 2807
387.693 2843
387.706 2816
387.720 2871
387.733 2852
387.746 2915
387.760 2909
387.773 2884
387.787 2864
387.800 2916
387.813 2904
387.827 2823
387.840 2716
387.853 2725
387.867 2800
387.880 2810
387.894 2845
387.907 2839
387.920 2804
387.934 2711
387.947 2656
387.961 2684
387.974 2696
387.987 2657
388.001 2614
388.014 2565
388.027 2606
388.041 2512
388.054 2526
388.068 2516
388.081 2554
388.094 2491
388.108 2514
388.121 2550
388.134 2385
388.148 2403
388.161 2359
388.175 2328
388.188 2329
388.201 2281
388.215 2242
388.228 2258
388.241 2215
388.255 2194
388.268 2177
388.282 2202
388.295 2198
388.308 2131
388.322 2179
388.335 2061
388.348 2016
388.362 1996
388.375 2012
388.389 1991
388.402 1977
388.415 2017
388.429 1981
388.442 1964
388.455 1924
388.469 1956
388.482 1910
388.495 1827
388.509 1902
388.522 1860
388.536 1803
388.549 1743
388.562 1770
388.576 1731
388.589 1729
388.602 1719
388.616 1709
388.629 1682
388.642 1633
388.656 1654
388.669 1675
388.683 1689
388.696 1662
388.709 1682
388.723 1627
388.736 1626
388.749 1604
388.763 1616
388.776 1503
388.789 1576
388.803 1525
388.816 1557
388.829 1532
388.843 1548
388.856 1521
388.870 1539
388.883 1524
388.896 1524
388.910 1501
388.923 1508
388.936 1535
388.950 1527
388.963 1534
388.976 1474
388.990 1487
389.003 1491
389.016 1504
389.030 1531
389.043 1510
389.056 1500
389.070 1518
389.083 1479
389.097 1493
389.110 1472
389.123 1500
389.137 1506
389.150 1469
389.163 1497
389.177 1474
389.190 1505
389.203 1491
389.217 1488
389.230 1435
389.243 1534
389.257 1486
389.270 1451
389.283 1474
389.297 1471
389.310 1444
389.323 1445
389.337 1485
389.350 1444
389.363 1514
389.377 1505
389.390 1468
389.403 1497
389.417 1476
389.430 1496
389.443 1477
389.457 1501
389.470 1538
389.483 1499
389.497 1494
389.510 1481
389.523 1486
389.537 1491
389.550 1465
389.563 1464
389.577 1418
389.590 1433
389.603 1394
389.617 1412
389.630 1387
389.643 1371
389.657 1433
389.670 1407
389.683 1393
389.697 1385
389.710 1352
389.723 1349
389.737 1351
389.750 1378
389.763 1359
389.777 1359
389.790 1343
389.803 1345
389.817 1337
389.830 1337
389.843 1325
389.857 1338
389.870 1290
389.883 1315
389.897 1296
389.910 1292
389.923 1314
389.937 1298
389.950 1308
389.963 1324
389.977 1311
389.990 1308
390.003 1275
390.017 1288
390.030 1333
390.043 1310
390.057 1263
390.070 1283
390.083 1257
390.096 1292
390.110 1260
390.123 1263
390.136 1260
390.150 1269
390.163 1264
390.176 1262
390.190 1260
390.203 1251
390.216 1232
390.230 1253
390.243 1229
390.256 1227
390.270 1234
390.283 1228
390.296 1229
390.310 1231
390.323 1177
390.336 1191
390.349 1181
390.363 1193
390.376 1204
390.389 1215
390.403 1202
390.416 1212
390.429 1212
390.443 1190
390.456 1157
390.469 1186
390.483 1163
390.496 1185
390.509 1166
390.522 1161
390.536 1196
390.549 1191
390.562 1175
390.576 1150
390.589 1183
390.602 1178
390.616 1149
390.629 1168
390.642 1142
390.655 1167
390.669 1170
390.682 1139
390.695 1129
390.709 1153
390.722 1161
390.735 1142
390.749 1131
390.762 1108
390.775 1095
390.788 1124
390.802 1118
390.815 1120
390.828 1090
390.842 1123
390.855 1084
390.868 1118
390.882 1094
390.895 1081
390.908 1098
390.921 1055
390.935 1099
390.948 1046
390.961 1051
390.975 1060
390.988 1050
391.001 1043
391.014 1073
391.028 1017
391.041 1004
391.054 1005
391.068 1006
391.081 1003
391.094 1013
391.107 1000
391.121 1011
391.134 1005
391.147 1010
391.161 1007
391.174 1002
391.187 993
391.200 996
391.214 977
391.227 972
391.240 963
391.254 954
391.267 951
391.280 941
391.293 928
391.307 937
391.320 936
391.333 946
391.347 914
391.360 939
391.373 924
391.386 914
391.400 916
391.413 913
391.426 869
391.440 902
391.453 899
391.466 904
391.479 902
391.493 899
391.506 894
391.519 886
391.532 896
391.546 875
391.559 877
391.572 875
391.586 874
391.599 882
391.612 869
391.625 868
391.639 870
391.652 862
391.665 851
391.678 866
391.692 842
391.705 860
391.718 851
391.732 815
391.745 839
391.758 861
391.771 840
391.785 848
391.798 817
391.811 805
391.824 845
391.838 816
391.851 832
391.864 830
391.877 823
391.891 809
391.904 824
391.917 837
391.931 818
391.944 823
391.957 837
391.970 833
391.984 824
391.997 801
392.010 816
392.023 819
392.037 833
392.050 821
392.063 786
392.076 792
392.090 823
392.103 805
392.116 801
392.129 815
392.143 790
392.156 802
392.169 798
392.182 794
392.196 807
392.209 795
392.222 779
392.235 780
392.249 794
392.262 767
392.275 789
392.288 763
392.302 773
392.315 778
392.328 787
392.341 779
392.355 804
392.368 772
392.381 781
392.394 780
392.408 790
392.421 793
392.434 779
392.447 790
392.461 767
392.474 780
392.487 781
392.500 781
392.514 754
392.527 793
392.540 766
392.553 780
392.567 783
392.580 777
392.593 785
392.606 762
392.620 786
392.633 772
392.646 769
392.659 782
392.673 757
392.686 765
392.699 776
392.712 786
392.726 774
392.739 775
392.752 759
392.765 769
392.778 772
392.792 751
392.805 764
392.818 757
392.831 752
392.845 754
392.858 774
392.871 764
392.884 750
392.898 778
392.911 759
392.924 774
392.937 782
392.951 772
392.964 773
392.977 771
392.990 777
393.003 757
393.017 744
393.030 761
393.043 760
393.056 765
393.070 767
393.083 738
393.096 758
393.109 760
393.122 741
393.136 740
393.149 762
393.162 762
393.175 748
393.189 757
393.202 742
393.215 756
393.228 748
393.242 735
393.255 753
393.268 746
393.281 757
393.294 753
393.308 755
393.321 762
393.334 747
393.347 757
393.360 745
393.374 748
393.387 771
393.400 740
393.413 746
393.427 765
393.440 752
393.453 750
393.466 735
393.479 746
393.493 743
393.506 756
393.519 749
393.532 748
393.546 765
393.559 750
393.572 756
393.585 754
393.598 766
393.612 754
393.625 747
393.638 752
393.651 725
393.664 750
393.678 732
393.691 752
393.704 743
393.717 762
393.730 747
393.744 739
393.757 752
393.770 746
393.783 737
393.796 754
393.810 734
393.823 749
393.836 724
393.849 738
393.863 743
393.876 741
393.889 748
393.902 732
393.915 753
393.929 751
