375.891 709
375.905 707
375.919 708
375.933 720
375.946 718
375.960 725
375.974 709
375.987 719
376.001 731
376.015 724
376.029 735
376.042 723
376.056 731
376.070 711
376.084 737
376.097 723
376.111 725
376.125 740
376.139 726
376.152 730
376.166 738
376.180 752
376.193 737
376.207 745
376.221 729
376.235 748
376.248 752
376.262 747
376.276 752
376.290 747
376.303 752
376.317 745
376.331 740
376.345 758
376.358 756
376.372 748
376.386 746
376.399 755
376.413 776
376.427 780
376.441 763
376.454 771
376.468 764
376.482 773
376.495 776
376.509 775
376.523 781
376.537 811
376.550 800
376.564 798
376.578 803
376.592 800
376.605 803
376.619 808
376.633 798
376.646 791
376.660 790
376.674 796
376.688 781
376.701 817
376.715 813
376.729 818
376.742 825
376.756 820
376.770 814
376.784 821
376.797 802
376.811 851
376.825 835
376.838 853
376.852 842
376.866 852
376.880 841
376.893 847
376.907 843
376.921 843
376.934 867
376.948 849
376.962 869
376.976 866
376.989 885
377.003 869
377.017 890
377.030 885
377.044 901
377.058 903
377.071 888
377.085 884
377.099 901
377.113 910
377.126 912
377.140 906
377.154 922
377.167 943
377.181 929
377.195 914
377.208 927
377.222 923
377.236 929
377.250 947
377.263 950
377.277 956
377.291 976
377.304 988
377.318 969
377.332 988
377.345 994
377.359 971
377.373 990
377.387 974
377.400 996
377.414 991
377.428 998
377.441 990
377.455 1005
377.469 1029
377.482 1036
377.496 1029
377.510 1043
377.524 1094
377.537 1052
377.551 1058
377.565 1062
377.578 1042
377.592 1059
377.606 1081
377.619 1034
377.633 1058
377.647 1072
377.660 1063
377.674 1073
377.688 1078
377.701 1079
377.715 1084
377.729 1091
377.743 1121
377.756 1128
377.770 1117
377.784 1125
377.797 1099
377.811 1107
377.825 1097
377.838 1126
377.852 1131
377.866 1160
377.879 1152
377.893 1165
377.907 1134
377.920 1157
377.934 1162
377.948 1168
377.961 1157
377.975 1158
377.989 1168
378.002 1189
378.016 1199
378.030 1173
378.044 1208
378.057 1204
378.071 1199
378.085 1178
378.098 1213
378.112 1191
378.126 1179
378.139 1202
378.153 1221
378.167 1223
378.180 1210
378.194 1241
378.208 1218
378.221 1258
378.235 1238
378.249 1268
378.262 1263
378.276 1243
378.290 1233
378.303 1243
378.317 1257
378.331 1292
378.344 1280
378.358 1305
378.372 1268
378.385 1297
378.399 1287
378.413 1310
378.426 1281
378.440 1338
378.454 1349
378.467 1328
378.481 1330
378.495 1306
378.508 1328
378.522 1314
378.536 1346
378.549 1348
378.563 1349
378.577 1396
378.590 1374
378.604 1363
378.618 1384
378.631 1379
378.645 1410
378.659 1414
378.672 1385
378.686 1424
378.700 1449
378.713 1448
378.727 1462
378.740 1465
378.754 1460
378.768 1458
378.781 1471
378.795 1480
378.809 1490
378.822 1499
378.836 1479
378.850 1455
378.863 1467
378.877 1476
378.891 1489
378.904 1483
378.918 1503
378.932 1508
378.945 1496
378.959 1486
378.973 1530
378.986 1502
379.000 1515
379.014 1503
379.027 1557
379.041 1511
379.054 1519
379.068 1524
379.082 1541
379.095 1521
379.109 1501
379.123 1538
379.136 1552
379.150 1545
379.164 1534
379.177 1578
379.191 1551
379.205 1597
379.218 1593
379.232 1609
379.245 1624
379.259 1620
379.273 1606
379.286 1692
379.300 1642
379.314 1663
379.327 1653
379.341 1669
379.355 1684
379.368 1715
379.382 1675
379.396 1686
379.409 1728
379.423 1676
379.436 1706
379.450 1705
379.464 1755
379.477 1783
379.491 1768
379.505 1786
379.518 1784
379.532 1802
379.546 1785
379.559 1845
379.573 1803
379.586 1853
379.600 1880
379.614 1860
379.627 1894
379.641 1903
379.655 1952
379.668 1941
379.682 1929
379.695 1896
379.709 2000
379.723 1984
379.736 2007
379.750 2067
379.764 2149
379.777 2079
379.791 2170
379.804 2119
379.818 2165
379.832 2118
379.845 2171
379.859 2129
379.873 2138
379.886 2156
379.900 2167
379.913 2155
379.927 2215
379.941 2223
379.954 2312
379.968 2325
379.982 2357
379.995 2379
380.009 2346
380.022 2383
380.036 2391
380.050 2405
380.063 2457
380.077 2569
380.090 2624
380.104 2654
380.118 2672
380.131 2711
380.145 2702
380.159 2710
380.172 2720
380.186 2821
380.199 2884
380.213 2917
380.227 2958
380.240 2977
380.254 2910
380.267 2859
380.281 2889
380.295 2966
380.308 3058
380.322 3058
380.336 3091
380.349 3123
380.363 3233
380.376 3234
380.390 3258
380.404 3315
380.417 3340
380.431 3324
380.444 3394
380.458 3333
380.472 3568
380.485 3465
380.499 3541
380.512 3570
380.526 3685
380.540 3661
380.553 3715
380.567 3717
380.580 3803
380.594 3885
380.608 3914
380.621 4076
380.635 4126
380.648 4175
380.662 4208
380.676 4169
380.689 4231
380.703 4251
380.716 4357
380.730 4421
380.744 4460
380.757 4522
380.771 4696
380.784 4748
380.798 4677
380.812 4709
380.825 4786
380.839 4819
380.852 4986
380.866 5083
380.880 5131
380.893 5081
380.907 5049
380.920 5201
380.934 5202
380.948 5257
380.961 5257
380.975 5297
380.988 5319
381.002 5326
381.015 5323
381.029 5413
381.043 5507
381.056 5564
381.070 5601
381.083 5502
381.097 5695
381.111 5702
381.124 5778
381.138 5869
381.151 5906
381.165 5907
381.179 6015
381.192 5986
381.206 5986
381.219 5985
381.233 6131
381.246 6061
381.260 6149
381.274 6147
381.287 6226
381.301 6256
381.314 6263
381.328 6298
381.341 6206
381.355 6499
381.369 6359
381.382 6354
381.396 6461
381.409 6540
381.423 6661
381.437 6685
381.450 6631
381.464 6736
381.477 6802
381.491 7085
381.504 6962
381.518 6898
381.532 7026
381.545 7068
381.559 7329
381.572 7200
381.586 7311
381.599 7269
381.613 7215
381.627 7314
381.640 7376
381.654 7561
381.667 7513
381.681 7508
381.694 7378
381.708 7303
381.722 7259
381.735 7198
381.749 7289
381.762 7280
381.776 7396
381.789 7398
381.803 7249
381.817 7227
381.830 7472
381.844 7355
381.857 7548
381.871 7629
381.884 7636
381.898 7485
381.911 7422
381.925 7555
381.939 7602
381.952 7554
381.966 7640
381.979 7753
381.993 7913
382.006 7858
382.020 7937
382.034 8137
382.047 7897
382.061 8020
382.074 7877
382.088 7919
382.101 7777
382.115 7904
382.128 7899
382.142 8129
382.156 8555
382.169 8528
382.183 8369
382.196 8410
382.210 8307
382.223 8444
382.237 8384
382.250 8416
382.264 8433
382.278 8483
382.291 8629
382.305 8730
382.318 8981
382.332 8780
382.345 8489
382.359 8462
382.372 8447
382.386 8625
382.399 8698
382.413 8642
382.427 8672
382.440 8693
382.454 8852
382.467 8759
382.481 9054
382.494 9138
382.508 9296
382.521 9299
382.535 9308
382.548 9205
382.562 9290
382.576 9234
382.589 9305
382.603 9402
382.616 9455
382.630 9488
382.643 9664
382.657 9756
382.670 9924
382.684 9791
382.697 9834
382.711 9920
382.724 10062
382.738 9937
382.752 10099
382.765 10139
382.779 10240
382.792 10296
382.806 10380
382.819 10518
382.833 10604
382.846 10723
382.860 10837
382.873 10828
382.887 10949
382.900 11031
382.914 11075
382.928 11317
382.941 11264
382.955 11523
382.968 11543
382.982 11774
382.995 11757
383.009 11872
383.022 12025
383.036 12195
383.049 12243
383.063 12244
383.076 12442
383.090 12563
383.103 12630
383.117 12637
383.130 12717
383.144 12837
383.158 13181
383.171 13191
383.185 13258
383.198 13399
383.212 13623
383.225 13721
383.239 14150
383.252 14263
383.266 14337
383.279 14513
383.293 14718
383.306 14724
383.320 15088
383.333 15342
383.347 15433
383.360 15552
383.374 15556
383.387 15684
383.401 16042
383.414 15923
383.428 16086
383.441 16088
383.455 16138
383.468 16271
383.482 16324
383.496 17142
383.509 17252
383.523 17292
383.536 17381
383.550 17395
383.563 17754
383.577 17839
383.590 18118
383.604 18203
383.617 18090
383.631 18081
383.644 18007
383.658 17794
383.671 18088
383.685 18169
383.698 18644
383.712 18779
383.725 18834
383.739 18871
383.752 18961
383.766 19026
383.779 19167
383.793 19245
383.806 19587
383.820 20033
383.833 20072
383.847 20315
383.860 20508
383.874 20608
383.887 20269
383.901 20262
383.914 20796
383.928 21055
383.941 21152
383.955 20784
383.968 20950
383.982 20806
383.995 20991
384.009 21306
384.022 21506
384.036 21362
384.049 21779
384.063 21929
384.076 22456
384.090 22792
384.103 23519
384.117 23624
384.130 23529
384.144 23063
384.157 23214
384.171 23369
384.184 23379
384.198 23506
384.211 23807
384.225 24217
384.238 24583
384.252 24864
384.265 25159
384.279 25431
384.292 25696
384.306 25981
384.319 25852
384.333 25896
384.346 25985
384.360 26120
384.373 26401
384.387 26637
384.400 27004
384.414 27162
384.427 27522
384.441 27753
384.454 28101
384.468 28353
384.481 28502
384.495 28852
384.508 29064
384.522 29520
384.535 29739
384.549 30181
384.562 30723
384.575 30943
384.589 31644
384.602 32726
384.616 33678
384.629 34106
384.643 34499
384.656 34928
384.670 35184
384.683 35547
384.697 35743
384.710 36315
384.724 36972
384.737 37101
384.751 37931
384.764 38246
384.778 39144
384.791 39462
384.805 40117
384.818 40510
384.832 40793
384.845 41367
384.859 42266
384.872 41731
384.885 41554
384.899 41454
384.912 42130
384.926 42268
384.939 42661
384.953 43127
384.966 43189
384.980 44009
384.993 44089
385.007 44195
385.020 44130
385.034 44504
385.047 44430
385.061 44163
385.074 43961
385.088 44108
385.101 43985
385.114 43855
385.128 44125
385.141 43823
385.155 43870
385.168 44619
385.182 44929
385.195 44503
385.209 43879
385.222 42636
385.236 42389
385.249 41783
385.263 41448
385.276 40149
385.290 39157
385.303 38302
385.316 37553
385.330 37543
385.343 37035
385.357 36147
385.370 35222
385.384 34442
385.397 33836
385.411 33014
385.424 32525
385.438 31828
385.451 31305
385.464 30632
385.478 30152
385.491 29468
385.505 28692
385.518 28048
385.532 26961
385.545 25816
385.559 24982
385.572 24381
385.586 23950
385.599 23277
385.612 22872
385.626 21961
385.639 21251
385.653 20902
385.666 20692
385.680 19839
385.693 18945
385.707 18130
385.720 17657
385.734 16964
385.747 16105
385.760 15606
385.774 15190
385.787 14821
385.801 14124
385.814 13164
385.828 12741
385.841 12414
385.855 11983
385.868 11787
385.881 11279
385.895 10910
385.908 10684
385.922 10297
385.935 10069
385.949 9763
385.962 9424
385.976 9247
385.989 9314
386.002 9089
386.016 8878
386.029 8753
386.043 8538
386.056 8182
386.070 7951
386.083 7888
386.097 7874
386.110 7696
386.123 7584
386.137 7406
386.150 7321
386.164 7155
386.177 6908
386.191 7029
386.204 6786
386.217 6566
386.231 6605
386.244 6475
386.258 6437
386.271 6361
386.285 6251
386.298 6160
386.311 6063
386.325 5921
386.338 5754
386.352 5746
386.365 5679
386.379 5608
386.392 5488
386.405 5402
386.419 5378
386.432 5388
386.446 5371
386.459 5396
386.473 5283
386.486 5120
386.499 5072
386.513 5025
386.526 4928
386.540 4928
386.553 4882
386.567 4865
386.580 4957
386.593 5001
386.607 4980
386.620 4925
386.634 4889
386.647 4839
386.661 4770
386.674 4678
386.687 4585
386.701 4530
386.714 4475
386.728 4478
386.741 4419
386.754 4462
386.768 4394
386.781 4334
386.795 4343
386.808 4241
386.822 4232
386.835 4163
386.848 4114
386.862 4097
386.875 4094
386.889 4099
386.902 4068
386.915 4046
386.929 4067
386.942 4086
386.956 4012
386.969 3943
386.983 3914
386.996 3937
387.009 3824
387.023 3860
387.036 3883
387.050 3922
387.063 3905
387.076 3911
387.090 3856
387.103 3878
387.117 3871
387.130 3847
387.143 3899
387.157 3930
387.170 3919
387.184 3840
387.197 3826
387.210 3799
387.224 3800
387.237 3805
387.251 3772
387.264 3691
387.278 3696
387.291 3728
387.304 3717
387.318 3790
387.331 3826
387.345 3783
387.358 3808
387.371 3742
387.385 3725
387.398 3716
387.412 3716
387.425 3719
387.438 3707
387.452 3657
387.465 3656
387.478 3661
387.492 3719
387.505 3751
387.519 3852
387.532 3913
387.545 4027
387.559 4039
387.572 4079
387.586 4100
387.599 4109
387.612 4165
387.626 4160
387.639 4214
387.653 4190
387.666 4004
387.679 4053
387.693 4013
387.706 4022
387.720 4115
387.733 4202
387.746 4282
387.760 4239
387.773 4219
387.787 4313
387.800 4305
387.813 4287
387.827 4331
387.840 4269
387.853 4278
387.867 4381
387.880 4612
387.894 4656
387.907 4728
387.920 4712
387.934 4752
387.947 4821
387.961 4819
387.974 4948
387.987 4945
388.001 4923
388.014 5066
388.027 5137
388.041 5247
388.054 5199
388.068 5377
388.081 5469
388.094 5520
388.108 5578
388.121 5580
388.134 5546
388.148 5598
388.161 5479
388.175 5433
388.188 5389
388.201 5395
388.215 5416
388.228 5322
388.241 5174
388.255 5128
388.268 5043
388.282 5061
388.295 4926
388.308 4828
388.322 4738
388.335 4642
388.348 4417
388.362 4432
388.375 4350
388.389 4221
388.402 4100
388.415 4091
388.429 4063
388.442 4033
388.455 3881
388.469 3819
388.482 3662
388.495 3608
388.509 3593
388.522 3556
388.536 3368
388.549 3239
388.562 3166
388.576 3012
388.589 2988
388.602 2956
388.616 2824
388.629 2841
388.642 2752
388.656 2709
388.669 2683
388.683 2605
388.696 2582
388.709 2590
388.723 2582
388.736 2489
388.749 2439
388.763 2400
388.776 2331
388.789 2339
388.803 2322
388.816 2243
388.829 2205
388.843 2262
388.856 2183
388.870 2185
388.883 2105
388.896 2142
388.910 2116
388.923 2134
388.936 2190
388.950 2162
388.963 2126
388.976 2097
388.990 2105
389.003 2112
389.016 2146
389.030 2140
389.043 2182
389.056 2183
389.070 2195
389.083 2172
389.097 2117
389.110 2074
389.123 2158
389.137 2188
389.150 2176
389.163 2173
389.177 2188
389.190 2207
389.203 2236
389.217 2219
389.230 2209
389.243 2250
389.257 2249
389.270 2203
389.283 2233
389.297 2197
389.310 2240
389.323 2256
389.337 2280
389.350 2264
389.363 2271
389.377 2266
389.390 2267
389.403 2218
389.417 2230
389.430 2213
389.443 2140
389.457 2182
389.470 2188
389.483 2186
389.497 2162
389.510 2169
389.523 2067
389.537 2144
389.550 2075
389.563 2034
389.577 1960
389.590 1933
389.603 1906
389.617 1866
389.630 1900
389.643 1843
389.657 1846
389.670 1802
389.683 1748
389.697 1730
389.710 1708
389.723 1669
389.737 1694
389.750 1699
389.763 1657
389.777 1658
389.790 1591
389.803 1645
389.817 1592
389.830 1595
389.843 1542
389.857 1504
389.870 1479
389.883 1455
389.897 1472
389.910 1484
389.923 1484
389.937 1495
389.950 1461
389.963 1450
389.977 1460
389.990 1423
390.003 1430
390.017 1448
390.030 1453
390.043 1439
390.057 1393
390.070 1407
390.083 1381
390.096 1372
390.110 1381
390.123 1408
390.136 1380
390.150 1366
390.163 1376
390.176 1368
390.190 1365
390.203 1344
390.216 1324
390.230 1334
390.243 1325
390.256 1317
390.270 1333
390.283 1310
390.296 1335
390.310 1308
390.323 1301
390.336 1295
390.349 1285
390.363 1294
390.376 1328
390.389 1306
390.403 1303
390.416 1302
390.429 1302
390.443 1274
390.456 1300
390.469 1266
390.483 1259
390.496 1265
390.509 1242
390.522 1261
390.536 1244
390.549 1258
390.562 1243
390.576 1251
390.589 1251
390.602 1223
390.616 1252
390.629 1209
390.642 1229
390.655 1226
390.669 1240
390.682 1234
390.695 1223
390.709 1214
390.722 1228
390.735 1213
390.749 1182
390.762 1198
390.775 1172
390.788 1188
390.802 1181
390.815 1202
390.828 1186
390.842 1179
390.855 1185
390.868 1176
390.882 1161
390.895 1159
390.908 1143
390.921 1160
390.935 1157
390.948 1168
390.961 1133
390.975 1145
390.988 1138
391.001 1163
391.014 1145
391.028 1120
391.041 1146
391.054 1132
391.068 1103
391.081 1151
391.094 1130
391.107 1128
391.121 1104
391.134 1108
391.147 1129
391.161 1096
391.174 1131
391.187 1074
391.200 1086
391.214 1091
391.227 1084
391.240 1065
391.254 1055
391.267 1062
391.280 1067
391.293 1060
391.307 1022
391.320 1065
391.333 1031
391.347 1023
391.360 1036
391.373 1033
391.386 1030
391.400 1047
391.413 1023
391.426 1013
391.440 1027
391.453 1018
391.466 1019
391.479 1010
391.493 1027
391.506 1003
391.519 992
391.532 1013
391.546 995
391.559 993
391.572 982
391.586 994
391.599 977
391.612 974
391.625 988
391.639 980
391.652 981
391.665 979
391.678 984
391.692 981
391.705 977
391.718 975
391.732 960
391.745 954
391.758 955
391.771 926
391.785 962
391.798 956
391.811 944
391.824 962
391.838 929
391.851 949
391.864 931
391.877 936
391.891 936
391.904 930
391.917 920
391.931 927
391.944 908
391.957 916
391.970 929
391.984 916
391.997 932
392.010 911
392.023 902
392.037 899
392.050 908
392.063 887
392.076 885
392.090 909
392.103 882
392.116 925
392.129 898
392.143 905
392.156 879
392.169 906
392.182 884
392.196 894
392.209 890
392.222 883
392.235 890
392.249 872
392.262 871
392.275 881
392.288 866
392.302 881
392.315 868
392.328 868
392.341 870
392.355 867
392.368 879
392.381 878
392.394 885
392.408 873
392.421 866
392.434 855
392.447 864
392.461 876
392.474 864
392.487 876
392.500 865
392.514 868
392.527 871
392.540 858
392.553 859
392.567 868
392.580 853
392.593 857
392.606 877
392.620 844
392.633 860
392.646 861
392.659 853
392.673 855
392.686 861
392.699 843
392.712 843
392.726 853
392.739 841
392.752 852
392.765 840
392.778 862
392.792 840
392.805 849
392.818 851
392.831 846
392.845 865
392.858 866
392.871 838
392.884 867
392.898 850
392.911 850
392.924 858
392.937 853
392.951 842
392.964 859
392.977 852
392.990 837
393.003 830
393.017 844
393.030 849
393.043 836
393.056 837
393.070 847
393.083 845
393.096 841
393.109 840
393.122 844
393.136 845
393.149 837
393.162 841
393.175 836
393.189 843
393.202 836
393.215 823
393.228 848
393.242 846
393.255 830
393.268 834
393.281 825
393.294 822
393.308 839
393.321 816
393.334 820
393.347 834
393.360 834
393.374 823
393.387 806
393.400 828
393.413 848
393.427 838
393.440 812
393.453 822
393.466 812
393.479 821
393.493 829
393.506 825
393.519 836
393.532 826
393.546 830
393.559 838
393.572 836
393.585 835
393.598 825
393.612 811
393.625 835
393.638 823
393.651 847
393.664 838
393.678 827
393.691 845
393.704 842
393.717 833
393.730 827
393.744 837
393.757 839
393.770 832
393.783 815
393.796 828
393.810 834
393.823 826
393.836 802
393.849 828
393.863 821
393.876 825
393.889 818
393.902 814
393.915 823
393.929 839
