375.891 707
375.905 720
375.919 709
375.933 724
375.946 714
375.960 722
375.974 717
375.987 725
376.001 725
376.015 717
376.029 709
376.042 721
376.056 714
376.070 731
376.084 734
376.097 723
376.111 736
376.125 726
376.139 732
376.152 740
376.166 745
376.180 739
376.193 743
376.207 728
376.221 721
376.235 734
376.248 726
376.262 722
376.276 738
376.290 756
376.303 750
376.317 756
376.331 742
376.345 757
376.358 750
376.372 747
376.386 767
376.399 768
376.413 757
376.427 775
376.441 773
376.454 766
376.468 785
376.482 779
376.495 774
376.509 777
376.523 788
376.537 778
376.550 788
376.564 796
376.578 805
376.592 812
376.605 795
376.619 789
376.633 805
376.646 804
376.660 799
376.674 792
376.688 803
376.701 808
376.715 805
376.729 815
376.742 812
376.756 826
376.770 813
376.784 832
376.797 820
376.811 833
376.825 826
376.838 840
376.852 834
376.866 850
376.880 842
376.893 844
376.907 841
376.921 851
376.934 869
376.948 857
376.962 860
376.976 874
376.989 864
377.003 857
377.017 862
377.030 891
377.044 895
377.058 906
377.071 898
377.085 902
377.099 889
377.113 914
377.126 901
377.140 900
377.154 914
377.167 920
377.181 927
377.195 925
377.208 947
377.222 958
377.236 946
377.250 940
377.263 959
377.277 962
377.291 980
377.304 984
377.318 973
377.332 966
377.345 972
377.359 985
377.373 971
377.387 995
377.400 998
377.414 1005
377.428 998
377.441 1001
377.455 1003
377.469 1020
377.482 1028
377.496 1028
377.510 1067
377.524 1030
377.537 1059
377.551 1031
377.565 1014
377.578 1063
377.592 1077
377.606 1039
377.619 1044
377.633 1052
377.647 1069
377.660 1079
377.674 1044
377.688 1089
377.701 1077
377.715 1103
377.729 1079
377.743 1082
377.756 1100
377.770 1113
377.784 1120
377.797 1111
377.811 1124
377.825 1116
377.838 1138
377.852 1114
377.866 1119
377.879 1168
377.893 1166
377.907 1170
377.920 1173
377.934 1188
377.948 1167
377.961 1163
377.975 1179
377.989 1203
378.002 1204
378.016 1170
378.030 1181
378.044 1214
378.057 1220
378.071 1196
378.085 1229
378.098 1215
378.112 1212
378.126 1221
378.139 1229
378.153 1252
378.167 1199
378.180 1221
378.194 1230
378.208 1254
378.221 1232
378.235 1231
378.249 1242
378.262 1275
378.276 1271
378.290 1285
378.303 1253
378.317 1247
378.331 1260
378.344 1277
378.358 1280
378.372 1305
378.385 1300
378.399 1319
378.413 1315
378.426 1310
378.440 1308
378.454 1322
378.467 1311
378.481 1318
378.495 1319
378.508 1367
378.522 1332
378.536 1348
378.549 1360
378.563 1348
378.577 1379
378.590 1351
378.604 1384
378.618 1412
378.631 1388
378.645 1400
378.659 1396
378.672 1392
378.686 1439
378.700 1473
378.713 1494
378.727 1467
378.740 1454
378.754 1478
378.768 1490
378.781 1463
378.795 1464
378.809 1475
378.822 1486
378.836 1478
378.850 1443
378.863 1446
378.877 1515
378.891 1494
378.904 1488
378.918 1508
378.932 1515
378.945 1499
378.959 1457
378.973 1489
378.986 1540
379.000 1489
379.014 1522
379.027 1528
379.041 1527
379.054 1570
379.068 1571
379.082 1559
379.095 1527
379.109 1543
379.123 1531
379.136 1565
379.150 1579
379.164 1576
379.177 1570
379.191 1568
379.205 1602
379.218 1577
379.232 1623
379.245 1634
379.259 1609
379.273 1604
379.286 1640
379.300 1647
379.314 1651
379.327 1662
379.341 1634
379.355 1690
379.368 1693
379.382 1710
379.396 1714
379.409 1723
379.423 1714
379.436 1724
379.450 1709
379.464 1745
379.477 1726
379.491 1743
379.505 1781
379.518 1795
379.532 1804
379.546 1839
379.559 1837
379.573 1854
379.586 1855
379.600 1836
379.614 1848
379.627 1925
379.641 1915
379.655 1891
379.668 1895
379.682 1939
379.695 1935
379.709 1954
379.723 1956
379.736 2042
379.750 2085
379.764 2146
379.777 2128
379.791 2085
379.804 2145
379.818 2179
379.832 2162
379.845 2116
379.859 2108
379.873 2134
379.886 2145
379.900 2151
379.913 2146
379.927 2203
379.941 2272
379.954 2263
379.968 2304
379.982 2322
379.995 2360
380.009 2347
380.022 2361
380.036 2425
380.050 2375
380.063 2487
380.077 2553
380.090 2630
380.104 2626
380.118 2666
380.131 2605
380.145 2684
380.159 2721
380.172 2737
380.186 2804
380.199 2845
380.213 2847
380.227 2958
380.240 3001
380.254 2960
380.267 2943
380.281 2955
380.295 2986
380.308 2993
380.322 2996
380.336 3109
380.349 3125
380.363 3230
380.376 3196
380.390 3229
380.404 3344
380.417 3331
380.431 3419
380.444 3346
380.458 3425
380.472 3449
380.485 3525
380.499 3591
380.512 3509
380.526 3633
380.540 3680
380.553 3749
380.567 3796
380.580 3795
380.594 3957
380.608 3988
380.621 4092
380.635 4109
380.648 4152
380.662 4133
380.676 4255
380.689 4219
380.703 4340
380.716 4332
380.730 4370
380.744 4446
380.757 4485
380.771 4642
380.784 4673
380.798 4636
380.812 4693
380.825 4672
380.839 4818
380.852 4952
380.866 5018
380.880 5119
380.893 5099
380.907 5011
380.920 5056
380.934 5185
380.948 5275
380.961 5175
380.975 5394
380.988 5319
381.002 5343
381.015 5261
381.029 5366
381.043 5589
381.056 5559
381.070 5585
381.083 5705
381.097 5650
381.111 5652
381.124 5772
381.138 5965
381.151 5946
381.165 6025
381.179 6032
381.192 6037
381.206 5991
381.219 6039
381.233 6040
381.246 6144
381.260 6100
381.274 6179
381.287 6221
381.301 6312
381.314 6271
381.328 6385
381.341 6322
381.355 6430
381.369 6372
381.382 6516
381.396 6373
381.409 6629
381.423 6624
381.437 6711
381.450 6644
381.464 6640
381.477 6831
381.491 7077
381.504 7006
381.518 6959
381.532 6988
381.545 7137
381.559 7368
381.572 7277
381.586 7359
381.599 7279
381.613 7368
381.627 7451
381.640 7438
381.654 7533
381.667 7440
381.681 7468
381.694 7494
381.708 7314
381.722 7231
381.735 7337
381.749 7312
381.762 7303
381.776 7375
381.789 7324
381.803 7298
381.817 7415
381.830 7473
381.844 7436
381.857 7508
381.871 7582
381.884 7641
381.898 7515
381.911 7631
381.925 7574
381.939 7642
381.952 7704
381.966 7663
381.979 7783
381.993 7962
382.006 8032
382.020 7996
382.034 8161
382.047 8020
382.061 8018
382.074 8054
382.088 7910
382.101 7971
382.115 7904
382.128 8090
382.142 8200
382.156 8586
382.169 8506
382.183 8527
382.196 8468
382.210 8434
382.223 8422
382.237 8533
382.250 8494
382.264 8421
382.278 8693
382.291 8653
382.305 8686
382.318 8859
382.332 8958
382.345 8631
382.359 8458
382.372 8597
382.386 8546
382.399 8785
382.413 8622
382.427 8770
382.440 8848
382.454 8814
382.467 8923
382.481 8995
382.494 9342
382.508 9444
382.521 9453
382.535 9392
382.548 9402
382.562 9308
382.576 9357
382.589 9510
382.603 9593
382.616 9709
382.630 9704
382.643 9773
382.657 9775
382.670 9961
382.684 9888
382.697 9922
382.711 9991
382.724 10028
382.738 10217
382.752 10157
382.765 10255
382.779 10321
382.792 10547
382.806 10643
382.819 10644
382.833 10810
382.846 10862
382.860 10862
382.873 11043
382.887 11008
382.900 11164
382.914 11268
382.928 11277
382.941 11552
382.955 11562
382.968 11672
382.982 11906
382.995 12083
383.009 12102
383.022 12299
383.036 12244
383.049 12377
383.063 12463
383.076 12553
383.090 12652
383.103 12828
383.117 12807
383.130 13058
383.144 13076
383.158 13240
383.171 13460
383.185 13425
383.198 13632
383.212 13885
383.225 14131
383.239 14404
383.252 14485
383.266 14768
383.279 14838
383.293 14933
383.306 15053
383.320 15333
383.333 15680
383.347 15959
383.360 15880
383.374 16158
383.387 16164
383.401 16306
383.414 16412
383.428 16354
383.441 16336
383.455 16697
383.468 16566
383.482 16971
383.496 17383
383.509 17768
383.523 17580
383.536 17739
383.550 17904
383.563 18068
383.577 18482
383.590 18574
383.604 18626
383.617 18647
383.631 18641
383.644 18414
383.658 18582
383.671 18533
383.685 18588
383.698 18969
383.712 19213
383.725 19413
383.739 19278
383.752 19122
383.766 19391
383.779 19676
383.793 19748
383.806 20064
383.820 20677
383.833 20623
383.847 20603
383.860 21289
383.874 21253
383.887 20635
383.901 20847
383.914 21249
383.928 21267
383.941 21677
383.955 21642
383.968 21394
383.982 21407
383.995 21684
384.009 21789
384.022 22004
384.036 22169
384.049 22419
384.063 22410
384.076 22848
384.090 23589
384.103 24032
384.117 24328
384.130 24138
384.144 23975
384.157 23866
384.171 23822
384.184 23941
384.198 24098
384.211 24527
384.225 24650
384.238 25296
384.252 25725
384.265 25778
384.279 25942
384.292 26355
384.306 26652
384.319 26558
384.333 26807
384.346 26810
384.360 27013
384.373 27291
384.387 27565
384.400 27832
384.414 27870
384.427 28439
384.441 28653
384.454 29059
384.468 29127
384.481 29281
384.495 29916
384.508 29924
384.522 30522
384.535 30524
384.549 31234
384.562 31445
384.575 32113
384.589 33064
384.602 34065
384.616 34937
384.629 35123
384.643 35552
384.656 36287
384.670 36617
384.683 36758
384.697 36980
384.710 37736
384.724 38398
384.737 38585
384.751 39194
384.764 39870
384.778 40518
384.791 41491
384.805 42177
384.818 42233
384.832 42841
384.845 43288
384.859 43771
384.872 43479
384.885 43516
384.899 43771
384.912 44366
384.926 44480
384.939 44773
384.953 45084
384.966 45472
384.980 46010
384.993 46742
385.007 46473
385.020 46738
385.034 46672
385.047 46660
385.061 46822
385.074 46830
385.088 46561
385.101 46265
385.114 46790
385.128 46384
385.141 46370
385.155 46520
385.168 47299
385.182 47637
385.195 47350
385.209 46785
385.222 45670
385.236 44985
385.249 44281
385.263 43874
385.276 42846
385.290 41830
385.303 40726
385.316 40153
385.330 40103
385.343 39262
385.357 38548
385.370 37268
385.384 36609
385.397 35795
385.411 35144
385.424 34459
385.438 33520
385.451 33058
385.464 32587
385.478 31976
385.491 31286
385.505 30514
385.518 29536
385.532 28737
385.545 27355
385.559 26465
385.572 25684
385.586 25178
385.599 24632
385.612 24006
385.626 23183
385.639 22167
385.653 22030
385.666 21751
385.680 20594
385.693 19905
385.707 19114
385.720 18492
385.734 17813
385.747 17052
385.760 16362
385.774 15863
385.787 15361
385.801 14642
385.814 13797
385.828 13354
385.841 12972
385.855 12578
385.868 12057
385.881 11696
385.895 11333
385.908 11242
385.922 10676
385.935 10381
385.949 10101
385.962 9879
385.976 9667
385.989 9474
386.002 9471
386.016 9187
386.029 9099
386.043 8757
386.056 8411
386.070 8199
386.083 8178
386.097 8043
386.110 7804
386.123 7780
386.137 7680
386.150 7353
386.164 7233
386.177 7281
386.191 7068
386.204 6887
386.217 6845
386.231 6689
386.244 6599
386.258 6639
386.271 6516
386.285 6454
386.298 6325
386.311 6286
386.325 6098
386.338 5901
386.352 5840
386.365 5806
386.379 5663
386.392 5711
386.405 5565
386.419 5500
386.432 5553
386.446 5513
386.459 5462
386.473 5358
386.486 5313
386.499 5209
386.513 5140
386.526 5076
386.540 5058
386.553 4985
386.567 5045
386.580 4989
386.593 5131
386.607 5072
386.620 5019
386.634 5003
386.647 4934
386.661 4861
386.674 4821
386.687 4745
386.701 4626
386.714 4551
386.728 4457
386.741 4514
386.754 4557
386.768 4446
386.781 4415
386.795 4367
386.808 4246
386.822 4325
386.835 4258
386.848 4192
386.862 4197
386.875 4142
386.889 4223
386.902 4182
386.915 4148
386.929 4075
386.942 4115
386.956 4075
386.969 4064
386.983 3984
386.996 3970
387.009 3984
387.023 3861
387.036 4032
387.050 3996
387.063 3977
387.076 3938
387.090 3953
387.103 3910
387.117 3917
387.130 3922
387.143 3973
387.157 3999
387.170 4010
387.184 3940
387.197 3845
387.210 3855
387.224 3810
387.237 3861
387.251 3785
387.264 3712
387.278 3734
387.291 3782
387.304 3859
387.318 3767
387.331 3783
387.345 3802
387.358 3808
387.371 3798
387.385 3821
387.398 3825
387.412 3721
387.425 3774
387.438 3742
387.452 3680
387.465 3646
387.478 3708
387.492 3754
387.505 3707
387.519 3779
387.532 3920
387.545 4067
387.559 4069
387.572 4040
387.586 4021
387.599 4048
387.612 4073
387.626 4102
387.639 4134
387.653 4104
387.666 4023
387.679 3951
387.693 4047
387.706 3932
387.720 4087
387.733 4194
387.746 4248
387.760 4301
387.773 4282
387.787 4326
387.800 4391
387.813 4348
387.827 4304
387.840 4356
387.853 4418
387.867 4488
387.880 4673
387.894 4830
387.907 4834
387.920 4860
387.934 4813
387.947 4919
387.961 5005
387.974 5064
387.987 5108
388.001 5146
388.014 5252
388.027 5321
388.041 5459
388.054 5353
388.068 5421
388.081 5699
388.094 5674
388.108 5782
388.121 5690
388.134 5730
388.148 5815
388.161 5714
388.175 5668
388.188 5629
388.201 5569
388.215 5520
388.228 5525
388.241 5445
388.255 5401
388.268 5337
388.282 5264
388.295 5127
388.308 5067
388.322 4875
388.335 4725
388.348 4675
388.362 4516
388.375 4406
388.389 4419
388.402 4298
388.415 4209
388.429 4203
388.442 4180
388.455 4020
388.469 3943
388.482 3848
388.495 3684
388.509 3704
388.522 3596
388.536 3517
388.549 3303
388.562 3211
388.576 3093
388.589 3116
388.602 2968
388.616 2967
388.629 2871
388.642 2881
388.656 2721
388.669 2672
388.683 2680
388.696 2681
388.709 2644
388.723 2576
388.736 2517
388.749 2427
388.763 2436
388.776 2386
388.789 2379
388.803 2323
388.816 2273
388.829 2256
388.843 2257
388.856 2249
388.870 2215
388.883 2205
388.896 2165
388.910 2219
388.923 2170
388.936 2206
388.950 2224
388.963 2234
388.976 2207
388.990 2178
389.003 2196
389.016 2181
389.030 2147
389.043 2234
389.056 2264
389.070 2221
389.083 2210
389.097 2190
389.110 2181
389.123 2228
389.137 2211
389.150 2204
389.163 2274
389.177 2249
389.190 2256
389.203 2245
389.217 2239
389.230 2260
389.243 2274
389.257 2348
389.270 2332
389.283 2318
389.297 2256
389.310 2346
389.323 2316
389.337 2310
389.350 2282
389.363 2318
389.377 2349
389.390 2268
389.403 2351
389.417 2295
389.430 2259
389.443 2248
389.457 2262
389.470 2269
389.483 2294
389.497 2280
389.510 2256
389.523 2182
389.537 2199
389.550 2167
389.563 2080
389.577 2015
389.590 2002
389.603 1961
389.617 1957
389.630 1904
389.643 1884
389.657 1903
389.670 1820
389.683 1820
389.697 1741
389.710 1769
389.723 1705
389.737 1746
389.750 1741
389.763 1700
389.777 1644
389.790 1632
389.803 1679
389.817 1646
389.830 1580
389.843 1586
389.857 1537
389.870 1513
389.883 1512
389.897 1508
389.910 1478
389.923 1510
389.937 1493
389.950 1502
389.963 1484
389.977 1476
389.990 1472
390.003 1454
390.017 1496
390.030 1476
390.043 1434
390.057 1436
390.070 1386
390.083 1405
390.096 1400
390.110 1428
390.123 1410
390.136 1432
390.150 1355
390.163 1381
390.176 1403
390.190 1383
390.203 1360
390.216 1356
390.230 1334
390.243 1344
390.256 1347
390.270 1348
390.283 1353
390.296 1314
390.310 1343
390.323 1319
390.336 1326
390.349 1310
390.363 1304
390.376 1342
390.389 1326
390.403 1329
390.416 1311
390.429 1275
390.443 1291
390.456 1281
390.469 1255
390.483 1296
390.496 1266
390.509 1252
390.522 1283
390.536 1247
390.549 1263
390.562 1245
390.576 1255
390.589 1271
390.602 1260
390.616 1231
390.629 1241
390.642 1240
390.655 1241
390.669 1248
390.682 1244
390.695 1237
390.709 1239
390.722 1232
390.735 1207
390.749 1230
390.762 1234
390.775 1214
390.788 1217
390.802 1231
390.815 1216
390.828 1185
390.842 1175
390.855 1207
390.868 1186
390.882 1214
390.895 1186
390.908 1210
390.921 1194
390.935 1204
390.948 1177
390.961 1188
390.975 1141
390.988 1174
391.001 1164
391.014 1169
391.028 1186
391.041 1151
391.054 1144
391.068 1143
391.081 1170
391.094 1134
391.107 1152
391.121 1155
391.134 1123
391.147 1124
391.161 1129
391.174 1122
391.187 1108
391.200 1103
391.214 1089
391.227 1076
391.240 1101
391.254 1089
391.267 1090
391.280 1083
391.293 1048
391.307 1083
391.320 1080
391.333 1066
391.347 1064
391.360 1047
391.373 1069
391.386 1059
391.400 1046
391.413 1045
391.426 1046
391.440 1065
391.453 1043
391.466 1032
391.479 1001
391.493 1016
391.506 1020
391.519 1013
391.532 1006
391.546 1028
391.559 1017
391.572 1008
391.586 1006
391.599 976
391.612 998
391.625 995
391.639 982
391.652 979
391.665 996
391.678 994
391.692 970
391.705 967
391.718 985
391.732 971
391.745 974
391.758 967
391.771 969
391.785 951
391.798 941
391.811 957
391.824 976
391.838 951
391.851 924
391.864 970
391.877 929
391.891 927
391.904 942
391.917 930
391.931 935
391.944 943
391.957 939
391.970 924
391.984 944
391.997 943
392.010 939
392.023 932
392.037 948
392.050 932
392.063 906
392.076 919
392.090 921
392.103 918
392.116 914
392.129 923
392.143 934
392.156 914
392.169 911
392.182 900
392.196 912
392.209 899
392.222 900
392.235 891
392.249 875
392.262 892
392.275 900
392.288 885
392.302 868
392.315 879
392.328 875
392.341 868
392.355 888
392.368 886
392.381 869
392.394 889
392.408 900
392.421 879
392.434 889
392.447 892
392.461 892
392.474 880
392.487 904
392.500 871
392.514 873
392.527 880
392.540 858
392.553 868
392.567 875
392.580 862
392.593 870
392.606 858
392.620 871
392.633 862
392.646 851
392.659 883
392.673 848
392.686 869
392.699 859
392.712 862
392.726 867
392.739 870
392.752 844
392.765 841
392.778 847
392.792 848
392.805 870
392.818 855
392.831 858
392.845 859
392.858 859
392.871 834
392.884 849
392.898 867
392.911 844
392.924 851
392.937 868
392.951 851
392.964 844
392.977 864
392.990 840
393.003 853
393.017 854
393.030 858
393.043 859
393.056 819
393.070 823
393.083 866
393.096 849
393.109 863
393.122 837
393.136 850
393.149 858
393.162 859
393.175 850
393.189 866
393.202 850
393.215 846
393.228 837
393.242 840
393.255 829
393.268 826
393.281 839
393.294 846
393.308 836
393.321 856
393.334 829
393.347 840
393.360 843
393.374 831
393.387 846
393.400 839
393.413 826
393.427 843
393.440 836
393.453 824
393.466 828
393.479 815
393.493 850
393.506 841
393.519 828
393.532 850
393.546 842
393.559 840
393.572 842
393.585 842
393.598 830
393.612 832
393.625 843
393.638 830
393.651 828
393.664 832
393.678 833
393.691 832
393.704 848
393.717 846
393.730 833
393.744 837
393.757 846
393.770 833
393.783 820
393.796 841
393.810 831
393.823 824
393.836 838
393.849 832
393.863 820
393.876 820
393.889 846
393.902 807
393.915 837
393.929 822
