375.891 720
375.905 709
375.919 721
375.933 733
375.946 727
375.960 738
375.974 738
375.987 726
376.001 739
376.015 735
376.029 741
376.042 736
376.056 745
376.070 745
376.084 736
376.097 740
376.111 741
376.125 751
376.139 754
376.152 746
376.166 749
376.180 751
376.193 755
376.207 739
376.221 748
376.235 750
376.248 776
376.262 751
376.276 767
376.290 766
376.303 776
376.317 759
376.331 775
376.345 764
376.358 782
376.372 782
376.386 778
376.399 784
376.413 785
376.427 786
376.441 778
376.454 787
376.468 816
376.482 795
376.495 802
376.509 777
376.523 818
376.537 822
376.550 790
376.564 813
376.578 816
376.592 805
376.605 810
376.619 816
376.633 813
376.646 812
376.660 802
376.674 815
376.688 834
376.701 822
376.715 840
376.729 867
376.742 854
376.756 854
376.770 845
376.784 842
376.797 862
376.811 866
376.825 869
376.838 873
376.852 879
376.866 892
376.880 855
376.893 866
376.907 875
376.921 904
376.934 886
376.948 871
376.962 901
376.976 896
376.989 910
377.003 921
377.017 907
377.030 951
377.044 933
377.058 928
377.071 944
377.085 912
377.099 946
377.113 911
377.126 934
377.140 929
377.154 961
377.167 962
377.181 968
377.195 974
377.208 952
377.222 992
377.236 982
377.250 984
377.263 985
377.277 997
377.291 1007
377.304 1017
377.318 1014
377.332 1010
377.345 1030
377.359 1029
377.373 1010
377.387 1023
377.400 1033
377.414 1044
377.428 1028
377.441 1038
377.455 1059
377.469 1066
377.482 1055
377.496 1076
377.510 1085
377.524 1117
377.537 1111
377.551 1117
377.565 1082
377.578 1114
377.592 1098
377.606 1113
377.619 1100
377.633 1120
377.647 1144
377.660 1126
377.674 1124
377.688 1135
377.701 1144
377.715 1147
377.729 1163
377.743 1166
377.756 1172
377.770 1171
377.784 1170
377.797 1174
377.811 1152
377.825 1195
377.838 1157
377.852 1176
377.866 1210
377.879 1183
377.893 1253
377.907 1209
377.920 1208
377.934 1240
377.948 1233
377.961 1251
377.975 1250
377.989 1246
378.002 1228
378.016 1234
378.030 1241
378.044 1287
378.057 1260
378.071 1275
378.085 1275
378.098 1306
378.112 1280
378.126 1251
378.139 1268
378.153 1288
378.167 1284
378.180 1290
378.194 1330
378.208 1310
378.221 1321
378.235 1296
378.249 1304
378.262 1352
378.276 1312
378.290 1312
378.303 1306
378.317 1326
378.331 1330
378.344 1292
378.358 1324
378.372 1371
378.385 1358
378.399 1418
378.413 1404
378.426 1358
378.440 1410
378.454 1444
378.467 1394
378.481 1387
378.495 1394
378.508 1414
378.522 1420
378.536 1426
378.549 1415
378.563 1451
378.577 1433
378.590 1449
378.604 1450
378.618 1450
378.631 1488
378.645 1481
378.659 1496
378.672 1464
378.686 1510
378.700 1524
378.713 1518
378.727 1512
378.740 1566
378.754 1549
378.768 1564
378.781 1596
378.795 1589
378.809 1563
378.822 1589
378.836 1534
378.850 1523
378.863 1542
378.877 1568
378.891 1573
378.904 1574
378.918 1584
378.932 1613
378.945 1650
378.959 1591
378.973 1594
378.986 1603
379.000 1635
379.014 1648
379.027 1622
379.041 1631
379.054 1644
379.068 1634
379.082 1638
379.095 1660
379.109 1625
379.123 1690
379.136 1661
379.150 1674
379.164 1626
379.177 1675
379.191 1693
379.205 1644
379.218 1707
379.232 1728
379.245 1721
379.259 1740
379.273 1686
379.286 1742
379.300 1733
379.314 1724
379.327 1778
379.341 1784
379.355 1774
379.368 1820
379.382 1783
379.396 1781
379.409 1789
379.423 1812
379.436 1810
379.450 1870
379.464 1855
379.477 1833
379.491 1879
379.505 1913
379.518 1904
379.532 1895
379.546 1975
379.559 1956
379.573 1941
379.586 1903
379.600 1978
379.614 2005
379.627 2044
379.641 2039
379.655 2020
379.668 2033
379.682 1999
379.695 2029
379.709 2083
379.723 2082
379.736 2220
379.750 2234
379.764 2240
379.777 2239
379.791 2290
379.804 2297
379.818 2318
379.832 2244
379.845 2233
379.859 2277
379.873 2281
379.886 2300
379.900 2330
379.913 2350
379.927 2396
379.941 2420
379.954 2450
379.968 2499
379.982 2495
379.995 2457
380.009 2557
380.022 2587
380.036 2555
380.050 2622
380.063 2698
380.077 2793
380.090 2778
380.104 2893
380.118 2882
380.131 2861
380.145 2903
380.159 2894
380.172 2970
380.186 3002
380.199 3122
380.213 3173
380.227 3222
380.240 3167
380.254 3158
380.267 3194
380.281 3239
380.295 3238
380.308 3270
380.322 3322
380.336 3373
380.349 3417
380.363 3529
380.376 3486
380.390 3549
380.404 3565
380.417 3664
380.431 3697
380.444 3642
380.458 3784
380.472 3843
380.485 3894
380.499 3887
380.512 3946
380.526 3961
380.540 3988
380.553 4021
380.567 4071
380.580 4134
380.594 4212
380.608 4387
380.621 4496
380.635 4547
380.648 4534
380.662 4572
380.676 4539
380.689 4629
380.703 4640
380.716 4698
380.730 4844
380.744 4858
380.757 5012
380.771 5113
380.784 5112
380.798 5138
380.812 5176
380.825 5165
380.839 5281
380.852 5407
380.866 5553
380.880 5547
380.893 5517
380.907 5544
380.920 5608
380.934 5606
380.948 5800
380.961 5808
380.975 5888
380.988 5922
381.002 5808
381.015 5850
381.029 6038
381.043 6106
381.056 6095
381.070 6178
381.083 6155
381.097 6245
381.111 6344
381.124 6405
381.138 6489
381.151 6457
381.165 6458
381.179 6644
381.192 6585
381.206 6553
381.219 6635
381.233 6629
381.246 6688
381.260 6736
381.274 6830
381.287 6820
381.301 6850
381.314 6947
381.328 7042
381.341 7012
381.355 7122
381.369 7154
381.382 7141
381.396 7202
381.409 7282
381.423 7295
381.437 7337
381.450 7386
381.464 7418
381.477 7579
381.491 7672
381.504 7734
381.518 7651
381.532 7721
381.545 7761
381.559 7991
381.572 7952
381.586 8001
381.599 8085
381.613 8009
381.627 8107
381.640 8172
381.654 8148
381.667 8237
381.681 8225
381.694 8236
381.708 7972
381.722 7973
381.735 8016
381.749 8072
381.762 8028
381.776 8117
381.789 7957
381.803 8194
381.817 8128
381.830 8266
381.844 8266
381.857 8276
381.871 8430
381.884 8374
381.898 8277
381.911 8300
381.925 8322
381.939 8358
381.952 8409
381.966 8571
381.979 8483
381.993 8808
382.006 8757
382.020 8893
382.034 8860
382.047 8714
382.061 8856
382.074 8624
382.088 8674
382.101 8828
382.115 8761
382.128 8828
382.142 9021
382.156 9434
382.169 9500
382.183 9323
382.196 9286
382.210 9252
382.223 9276
382.237 9342
382.250 9342
382.264 9354
382.278 9274
382.291 9424
382.305 9654
382.318 9863
382.332 9851
382.345 9519
382.359 9481
382.372 9467
382.386 9546
382.399 9591
382.413 9552
382.427 9628
382.440 9731
382.454 9764
382.467 9795
382.481 9981
382.494 10151
382.508 10355
382.521 10454
382.535 10362
382.548 10312
382.562 10348
382.576 10343
382.589 10492
382.603 10494
382.616 10653
382.630 10671
382.643 10763
382.657 10846
382.670 10975
382.684 11114
382.697 10916
382.711 11077
382.724 11267
382.738 11125
382.752 11295
382.765 11348
382.779 11380
382.792 11517
382.806 11630
382.819 11779
382.833 11808
382.846 11971
382.860 12033
382.873 12298
382.887 12343
382.900 12503
382.914 12612
382.928 12690
382.941 12772
382.955 12986
382.968 13076
382.982 13380
382.995 13286
383.009 13416
383.022 13704
383.036 13685
383.049 13847
383.063 14024
383.076 14022
383.090 14210
383.103 14310
383.117 14553
383.130 14552
383.144 14667
383.158 15007
383.171 15098
383.185 15130
383.198 15579
383.212 15630
383.225 15762
383.239 16087
383.252 16435
383.266 16619
383.279 16528
383.293 16620
383.306 16831
383.320 17410
383.333 17712
383.347 18108
383.360 17827
383.374 17869
383.387 18219
383.401 18434
383.414 18507
383.428 18402
383.441 18760
383.455 18794
383.468 18746
383.482 19175
383.496 19924
383.509 20060
383.523 20160
383.536 20119
383.550 20062
383.563 20515
383.577 20681
383.590 20986
383.604 21347
383.617 21017
383.631 21136
383.644 20931
383.658 21170
383.671 21371
383.685 21477
383.698 21918
383.712 21849
383.725 22333
383.739 22281
383.752 22251
383.766 22396
383.779 22461
383.793 22783
383.806 23010
383.820 23751
383.833 23868
383.847 23733
383.860 24262
383.874 24414
383.887 24057
383.901 24187
383.914 24382
383.928 24954
383.941 25068
383.955 24944
383.968 24952
383.982 25189
383.995 25286
384.009 25306
384.022 25692
384.036 25947
384.049 26203
384.063 26658
384.076 27408
384.090 27796
384.103 28581
384.117 29006
384.130 28906
384.144 28206
384.157 28430
384.171 28424
384.184 28896
384.198 29194
384.211 29216
384.225 29718
384.238 30685
384.252 30903
384.265 31517
384.279 31684
384.292 32012
384.306 32242
384.319 32344
384.333 32310
384.346 32415
384.360 32706
384.373 33318
384.387 33546
384.400 34144
384.414 34083
384.427 34860
384.441 35141
384.454 35294
384.468 36035
384.481 36359
384.495 36745
384.508 37170
384.522 37490
384.535 37755
384.549 38286
384.562 38567
384.575 39384
384.589 40123
384.602 41594
384.616 42354
384.629 42693
384.643 43097
384.656 44004
384.670 44062
384.683 44076
384.697 44474
384.710 45195
384.724 45681
384.737 46017
384.751 46881
384.764 47205
384.778 47743
384.791 48950
384.805 49507
384.818 49805
384.832 49756
384.845 50132
384.859 50727
384.872 50074
384.885 50132
384.899 50242
384.912 50544
384.926 50561
384.939 50921
384.953 50969
384.966 51099
384.980 51382
384.993 51365
385.007 51680
385.020 51330
385.034 51220
385.047 50992
385.061 50446
385.074 50281
385.088 49832
385.101 49373
385.114 49130
385.128 48731
385.141 48406
385.155 47910
385.168 48079
385.182 48157
385.195 47167
385.209 46096
385.222 44558
385.236 43448
385.249 42901
385.263 41775
385.276 40243
385.290 39278
385.303 37789
385.316 36719
385.330 36213
385.343 35129
385.357 34124
385.370 32972
385.384 31793
385.397 30993
385.411 30045
385.424 29321
385.438 28551
385.451 27707
385.464 27233
385.478 26554
385.491 25664
385.505 24925
385.518 24072
385.532 23137
385.545 22000
385.559 21087
385.572 20475
385.586 20031
385.599 19450
385.612 19170
385.626 18534
385.639 17698
385.653 17502
385.666 17049
385.680 16629
385.693 15671
385.707 15170
385.720 14827
385.734 14257
385.747 13661
385.760 13209
385.774 13007
385.787 12677
385.801 12116
385.814 11362
385.828 11084
385.841 10844
385.855 10707
385.868 10487
385.881 9963
385.895 9788
385.908 9685
385.922 9341
385.935 9229
385.949 9096
385.962 8748
385.976 8579
385.989 8555
386.002 8616
386.016 8434
386.029 8303
386.043 8105
386.056 7873
386.070 7752
386.083 7695
386.097 7650
386.110 7583
386.123 7374
386.137 7334
386.150 7265
386.164 7001
386.177 7098
386.191 7001
386.204 6774
386.217 6681
386.231 6565
386.244 6727
386.258 6628
386.271 6494
386.285 6528
386.298 6486
386.311 6275
386.325 6109
386.338 6064
386.352 5998
386.365 5893
386.379 5906
386.392 5778
386.405 5832
386.419 5640
386.432 5597
386.446 5766
386.459 5657
386.473 5632
386.486 5586
386.499 5391
386.513 5383
386.526 5413
386.540 5237
386.553 5267
386.567 5312
386.580 5292
386.593 5349
386.607 5393
386.620 5337
386.634 5301
386.647 5306
386.661 5127
386.674 5068
386.687 5115
386.701 4930
386.714 4953
386.728 4942
386.741 4849
386.754 4835
386.768 4889
386.781 4886
386.795 4755
386.808 4759
386.822 4645
386.835 4577
386.848 4688
386.862 4597
386.875 4554
386.889 4522
386.902 4516
386.915 4531
386.929 4446
386.942 4496
386.956 4427
386.969 4383
386.983 4361
386.996 4378
387.009 4314
387.023 4374
387.036 4272
387.050 4378
387.063 4275
387.076 4347
387.090 4260
387.103 4279
387.117 4268
387.130 4231
387.143 4313
387.157 4306
387.170 4224
387.184 4265
387.197 4197
387.210 4225
387.224 4220
387.237 4171
387.251 4154
387.264 4054
387.278 3921
387.291 4136
387.304 4099
387.318 4080
387.331 3993
387.345 3932
387.358 4060
387.371 4094
387.385 3996
387.398 3987
387.412 3863
387.425 3935
387.438 3945
387.452 3854
387.465 3811
387.478 3860
387.492 3878
387.505 3842
387.519 3944
387.532 4060
387.545 4123
387.559 4029
387.572 4056
387.586 4057
387.599 4030
387.612 4150
387.626 4041
387.639 4110
387.653 4078
387.666 3954
387.679 3853
387.693 3871
387.706 3869
387.720 3929
387.733 3961
387.746 4027
387.760 4116
387.773 4007
387.787 4089
387.800 4078
387.813 4041
387.827 3991
387.840 3959
387.853 3965
387.867 3924
387.880 4054
387.894 4234
387.907 4177
387.920 4125
387.934 4069
387.947 4130
387.961 4153
387.974 4123
387.987 4160
388.001 4129
388.014 4086
388.027 4201
388.041 4170
388.054 4148
388.068 4179
388.081 4269
388.094 4252
388.108 4273
388.121 4194
388.134 4240
388.148 4113
388.161 4071
388.175 4079
388.188 4021
388.201 3971
388.215 3965
388.228 3930
388.241 3890
388.255 3894
388.268 3869
388.282 3785
388.295 3644
388.308 3662
388.322 3552
388.335 3445
388.348 3390
388.362 3296
388.375 3368
388.389 3282
388.402 3169
388.415 3182
388.429 3184
388.442 3147
388.455 3078
388.469 2969
388.482 2877
388.495 2934
388.509 2919
388.522 2831
388.536 2768
388.549 2634
388.562 2619
388.576 2531
388.589 2542
388.602 2512
388.616 2444
388.629 2402
388.642 2405
388.656 2375
388.669 2292
388.683 2294
388.696 2308
388.709 2315
388.723 2287
388.736 2248
388.749 2162
388.763 2157
388.776 2130
388.789 2097
388.803 2156
388.816 2133
388.829 2052
388.843 2090
388.856 2012
388.870 2022
388.883 2027
388.896 2038
388.910 2023
388.923 2001
388.936 2049
388.950 1988
388.963 1991
388.976 2034
388.990 2018
389.003 2019
389.016 2043
389.030 2002
389.043 2021
389.056 2044
389.070 2043
389.083 1972
389.097 2019
389.110 1997
389.123 2029
389.137 2012
389.150 2074
389.163 2020
389.177 2048
389.190 2090
389.203 2065
389.217 2043
389.230 2020
389.243 2099
389.257 2068
389.270 2084
389.283 2094
389.297 2057
389.310 2059
389.323 2091
389.337 2096
389.350 2055
389.363 2140
389.377 2112
389.390 2083
389.403 2047
389.417 2052
389.430 2070
389.443 2065
389.457 2119
389.470 2093
389.483 2078
389.497 2055
389.510 2079
389.523 2027
389.537 2038
389.550 1969
389.563 1927
389.577 1897
389.590 1930
389.603 1898
389.617 1821
389.630 1810
389.643 1815
389.657 1797
389.670 1804
389.683 1798
389.697 1784
389.710 1781
389.723 1739
389.737 1710
389.750 1711
389.763 1683
389.777 1655
389.790 1644
389.803 1678
389.817 1626
389.830 1654
389.843 1617
389.857 1544
389.870 1580
389.883 1551
389.897 1571
389.910 1543
389.923 1545
389.937 1529
389.950 1545
389.963 1513
389.977 1525
389.990 1529
390.003 1564
390.017 1518
390.030 1541
390.043 1501
390.057 1493
390.070 1495
390.083 1469
390.096 1497
390.110 1470
390.123 1490
390.136 1500
390.150 1477
390.163 1461
390.176 1483
390.190 1466
390.203 1437
390.216 1463
390.230 1455
390.243 1453
390.256 1399
390.270 1426
390.283 1433
390.296 1431
390.310 1410
390.323 1399
390.336 1422
390.349 1373
390.363 1388
390.376 1421
390.389 1433
390.403 1422
390.416 1419
390.429 1373
390.443 1388
390.456 1388
390.469 1389
390.483 1378
390.496 1371
390.509 1327
390.522 1359
390.536 1371
390.549 1382
390.562 1321
390.576 1364
390.589 1366
390.602 1346
390.616 1361
390.629 1314
390.642 1344
390.655 1296
390.669 1333
390.682 1315
390.695 1331
390.709 1303
390.722 1316
390.735 1277
390.749 1290
390.762 1286
390.775 1290
390.788 1293
390.802 1299
390.815 1279
390.828 1284
390.842 1268
390.855 1264
390.868 1232
390.882 1243
390.895 1272
390.908 1245
390.921 1263
390.935 1259
390.948 1250
390.961 1231
390.975 1218
390.988 1221
391.001 1223
391.014 1241
391.028 1179
391.041 1216
391.054 1186
391.068 1204
391.081 1206
391.094 1219
391.107 1203
391.121 1176
391.134 1165
391.147 1186
391.161 1168
391.174 1188
391.187 1159
391.200 1125
391.214 1135
391.227 1143
391.240 1117
391.254 1133
391.267 1122
391.280 1120
391.293 1083
391.307 1099
391.320 1086
391.333 1101
391.347 1081
391.360 1099
391.373 1060
391.386 1092
391.400 1078
391.413 1042
391.426 1059
391.440 1032
391.453 1074
391.466 1016
391.479 1057
391.493 1039
391.506 994
391.519 1058
391.532 1013
391.546 1012
391.559 1024
391.572 1029
391.586 1005
391.599 980
391.612 984
391.625 980
391.639 996
391.652 1001
391.665 997
391.678 992
391.692 981
391.705 983
391.718 980
391.732 935
391.745 981
391.758 978
391.771 964
391.785 954
391.798 948
391.811 947
391.824 935
391.838 947
391.851 970
391.864 950
391.877 956
391.891 904
391.904 962
391.917 945
391.931 932
391.944 923
391.957 944
391.970 933
391.984 904
391.997 927
392.010 917
392.023 917
392.037 925
392.050 935
392.063 927
392.076 917
392.090 914
392.103 908
392.116 901
392.129 920
392.143 928
392.156 906
392.169 894
392.182 905
392.196 916
392.209 893
392.222 891
392.235 876
392.249 873
392.262 896
392.275 904
392.288 887
392.302 879
392.315 872
392.328 886
392.341 896
392.355 887
392.368 893
392.381 885
392.394 910
392.408 870
392.421 917
392.434 863
392.447 891
392.461 882
392.474 894
392.487 860
392.500 890
392.514 870
392.527 879
392.540 877
392.553 873
392.567 867
392.580 864
392.593 865
392.606 867
392.620 866
392.633 874
392.646 870
392.659 859
392.673 862
392.686 851
392.699 870
392.712 846
392.726 864
392.739 846
392.752 848
392.765 853
392.778 831
392.792 851
392.805 873
392.818 866
392.831 843
392.845 857
392.858 848
392.871 857
392.884 866
392.898 869
392.911 853
392.924 862
392.937 873
392.951 852
392.964 857
392.977 852
392.990 863
393.003 873
393.017 854
393.030 855
393.043 856
393.056 856
393.070 879
393.083 850
393.096 852
393.109 864
393.122 850
393.136 863
393.149 858
393.162 866
393.175 851
393.189 848
393.202 844
393.215 842
393.228 841
393.242 834
393.255 840
393.268 826
393.281 855
393.294 818
393.308 822
393.321 841
393.334 832
393.347 859
393.360 850
393.374 843
393.387 827
393.400 839
393.413 849
393.427 830
393.440 813
393.453 849
393.466 834
393.479 833
393.493 844
393.506 847
393.519 828
393.532 852
393.546 837
393.559 817
393.572 847
393.585 849
393.598 858
393.612 839
393.625 831
393.638 840
393.651 836
393.664 837
393.678 821
393.691 838
393.704 860
393.717 860
393.730 852
393.744 859
393.757 823
393.770 836
393.783 827
393.796 822
393.810 834
393.823 805
393.836 821
393.849 831
393.863 834
393.876 848
393.889 836
393.902 846
393.915 828
393.929 815
