375.891 715
375.905 710
375.919 718
375.933 716
375.946 730
375.960 718
375.974 732
375.987 721
376.001 718
376.015 724
376.029 735
376.042 730
376.056 730
376.070 739
376.084 741
376.097 733
376.111 727
376.125 739
376.139 732
376.152 747
376.166 742
376.180 747
376.193 736
376.207 753
376.221 744
376.235 734
376.248 736
376.262 755
376.276 760
376.290 749
376.303 763
376.317 747
376.331 769
376.345 766
376.358 762
376.372 757
376.386 776
376.399 771
376.413 774
376.427 773
376.441 773
376.454 780
376.468 773
376.482 786
376.495 789
376.509 772
376.523 786
376.537 795
376.550 789
376.564 789
376.578 777
376.592 803
376.605 813
376.619 811
376.633 805
376.646 784
376.660 804
376.674 805
376.688 826
376.701 829
376.715 815
376.729 829
376.742 824
376.756 842
376.770 831
376.784 844
376.797 838
376.811 834
376.825 849
376.838 850
376.852 871
376.866 860
376.880 860
376.893 862
376.907 877
376.921 871
376.934 868
376.948 876
376.962 873
376.976 881
376.989 884
377.003 909
377.017 888
377.030 915
377.044 936
377.058 926
377.071 915
377.085 934
377.099 907
377.113 902
377.126 930
377.140 908
377.154 943
377.167 950
377.181 931
377.195 950
377.208 940
377.222 976
377.236 943
377.250 968
377.263 965
377.277 972
377.291 952
377.304 1001
377.318 1002
377.332 999
377.345 1014
377.359 1023
377.373 989
377.387 998
377.400 1013
377.414 1038
377.428 1032
377.441 1025
377.455 1057
377.469 1038
377.482 1038
377.496 1062
377.510 1053
377.524 1090
377.537 1060
377.551 1076
377.565 1065
377.578 1060
377.592 1090
377.606 1072
377.619 1088
377.633 1071
377.647 1106
377.660 1078
377.674 1101
377.688 1093
377.701 1104
377.715 1126
377.729 1135
377.743 1145
377.756 1105
377.770 1126
377.784 1116
377.797 1153
377.811 1151
377.825 1139
377.838 1150
377.852 1151
377.866 1179
377.879 1190
377.893 1178
377.907 1180
377.920 1183
377.934 1167
377.948 1186
377.961 1199
377.975 1199
377.989 1197
378.002 1183
378.016 1198
378.030 1211
378.044 1239
378.057 1238
378.071 1213
378.085 1232
378.098 1231
378.112 1223
378.126 1219
378.139 1266
378.153 1210
378.167 1215
378.180 1242
378.194 1253
378.208 1270
378.221 1273
378.235 1271
378.249 1275
378.262 1301
378.276 1270
378.290 1270
378.303 1270
378.317 1293
378.331 1302
378.344 1321
378.358 1298
378.372 1290
378.385 1319
378.399 1324
378.413 1322
378.426 1334
378.440 1318
378.454 1372
378.467 1353
378.481 1352
378.495 1342
378.508 1316
378.522 1329
378.536 1353
378.549 1347
378.563 1356
378.577 1370
378.590 1395
378.604 1371
378.618 1374
378.631 1389
378.645 1406
378.659 1408
378.672 1378
378.686 1450
378.700 1441
378.713 1458
378.727 1477
378.740 1513
378.754 1459
378.768 1438
378.781 1504
378.795 1496
378.809 1492
378.822 1490
378.836 1484
378.850 1456
378.863 1474
378.877 1512
378.891 1528
378.904 1493
378.918 1505
378.932 1524
378.945 1485
378.959 1479
378.973 1489
378.986 1526
379.000 1506
379.014 1533
379.027 1527
379.041 1536
379.054 1524
379.068 1528
379.082 1546
379.095 1524
379.109 1552
379.123 1551
379.136 1574
379.150 1544
379.164 1582
379.177 1588
379.191 1562
379.205 1588
379.218 1571
379.232 1635
379.245 1616
379.259 1631
379.273 1634
379.286 1645
379.300 1613
379.314 1641
379.327 1650
379.341 1615
379.355 1630
379.368 1691
379.382 1679
379.396 1697
379.409 1670
379.423 1715
379.436 1746
379.450 1767
379.464 1746
379.477 1743
379.491 1760
379.505 1745
379.518 1758
379.532 1763
379.546 1792
379.559 1825
379.573 1838
379.586 1823
379.600 1854
379.614 1885
379.627 1907
379.641 1894
379.655 1902
379.668 1908
379.682 1860
379.695 1895
379.709 1908
379.723 1948
379.736 1968
379.750 2045
379.764 2068
379.777 2091
379.791 2091
379.804 2162
379.818 2145
379.832 2117
379.845 2077
379.859 2092
379.873 2134
379.886 2148
379.900 2195
379.913 2209
379.927 2236
379.941 2262
379.954 2290
379.968 2274
379.982 2331
379.995 2294
380.009 2332
380.022 2355
380.036 2364
380.050 2355
380.063 2483
380.077 2559
380.090 2588
380.104 2615
380.118 2626
380.131 2674
380.145 2648
380.159 2680
380.172 2713
380.186 2761
380.199 2888
380.213 2873
380.227 2986
380.240 2991
380.254 2928
380.267 2891
380.281 2990
380.295 2992
380.308 3026
380.322 2996
380.336 3102
380.349 3076
380.363 3174
380.376 3207
380.390 3332
380.404 3289
380.417 3412
380.431 3316
380.444 3376
380.458 3412
380.472 3504
380.485 3520
380.499 3570
380.512 3591
380.526 3621
380.540 3714
380.553 3744
380.567 3751
380.580 3769
380.594 3916
380.608 3990
380.621 4070
380.635 4092
380.648 4116
380.662 4223
380.676 4153
380.689 4252
380.703 4270
380.716 4332
380.730 4372
380.744 4412
380.757 4570
380.771 4600
380.784 4611
380.798 4635
380.812 4746
380.825 4674
380.839 4873
380.852 4899
380.866 5092
380.880 5132
380.893 4994
380.907 5090
380.920 5062
380.934 5146
380.948 5263
380.961 5255
380.975 5303
380.988 5427
381.002 5383
381.015 5387
381.029 5427
381.043 5567
381.056 5619
381.070 5715
381.083 5573
381.097 5712
381.111 5847
381.124 5860
381.138 5921
381.151 5921
381.165 6000
381.179 6043
381.192 5912
381.206 5960
381.219 6002
381.233 6195
381.246 6077
381.260 6141
381.274 6162
381.287 6206
381.301 6275
381.314 6313
381.328 6405
381.341 6321
381.355 6422
381.369 6356
381.382 6416
381.396 6490
381.409 6665
381.423 6640
381.437 6741
381.450 6696
381.464 6807
381.477 6933
381.491 6980
381.504 6907
381.518 7054
381.532 7038
381.545 7110
381.559 7311
381.572 7247
381.586 7204
381.599 7179
381.613 7304
381.627 7414
381.640 7420
381.654 7418
381.667 7497
381.681 7430
381.694 7454
381.708 7308
381.722 7254
381.735 7309
381.749 7422
381.762 7271
381.776 7164
381.789 7281
381.803 7356
381.817 7317
381.830 7441
381.844 7359
381.857 7596
381.871 7547
381.884 7506
381.898 7518
381.911 7605
381.925 7534
381.939 7565
381.952 7734
381.966 7611
381.979 7781
381.993 7902
382.006 7998
382.020 8022
382.034 8037
382.047 8055
382.061 8090
382.074 7804
382.088 7799
382.101 7906
382.115 7932
382.128 7909
382.142 8085
382.156 8411
382.169 8442
382.183 8411
382.196 8274
382.210 8286
382.223 8450
382.237 8399
382.250 8391
382.264 8423
382.278 8551
382.291 8677
382.305 8682
382.318 8881
382.332 8837
382.345 8489
382.359 8457
382.372 8579
382.386 8659
382.399 8717
382.413 8612
382.427 8693
382.440 8664
382.454 8782
382.467 8886
382.481 9083
382.494 9360
382.508 9323
382.521 9478
382.535 9415
382.548 9237
382.562 9350
382.576 9419
382.589 9372
382.603 9446
382.616 9646
382.630 9540
382.643 9724
382.657 9823
382.670 9913
382.684 9958
382.697 9824
382.711 10168
382.724 10103
382.738 10226
382.752 10246
382.765 10280
382.779 10292
382.792 10417
382.806 10451
382.819 10634
382.833 10719
382.846 10926
382.860 10950
382.873 11024
382.887 11104
382.900 11363
382.914 11440
382.928 11526
382.941 11623
382.955 11770
382.968 11929
382.982 12214
382.995 12122
383.009 12288
383.022 12426
383.036 12381
383.049 12683
383.063 12784
383.076 12917
383.090 12909
383.103 13128
383.117 13211
383.130 13400
383.144 13353
383.158 13698
383.171 13810
383.185 13849
383.198 14087
383.212 14503
383.225 14435
383.239 14909
383.252 14995
383.266 15267
383.279 15276
383.293 15568
383.306 15573
383.320 15901
383.333 16364
383.347 16616
383.360 16699
383.374 16594
383.387 16646
383.401 16970
383.414 17144
383.428 17030
383.441 17180
383.455 17403
383.468 17452
383.482 17605
383.496 18262
383.509 18676
383.523 18746
383.536 18664
383.550 18958
383.563 19018
383.577 19450
383.590 19635
383.604 19736
383.617 19501
383.631 19646
383.644 19760
383.658 19817
383.671 20086
383.685 20004
383.698 20565
383.712 20821
383.725 20980
383.739 20994
383.752 21068
383.766 21120
383.779 21122
383.793 21449
383.806 21941
383.820 22532
383.833 22476
383.847 22727
383.860 23014
383.874 23252
383.887 22914
383.901 22957
383.914 23750
383.928 24059
383.941 24059
383.955 23978
383.968 23975
383.982 24267
383.995 24546
384.009 24653
384.022 24946
384.036 25294
384.049 25169
384.063 25851
384.076 26623
384.090 27049
384.103 27897
384.117 28053
384.130 28195
384.144 27685
384.157 27929
384.171 27916
384.184 28161
384.198 28320
384.211 28772
384.225 29291
384.238 29975
384.252 30686
384.265 31024
384.279 31301
384.292 31812
384.306 32071
384.319 31889
384.333 31863
384.346 32335
384.360 32620
384.373 32967
384.387 33306
384.400 33687
384.414 33993
384.427 34579
384.441 34760
384.454 35089
384.468 35327
384.481 35883
384.495 36105
384.508 36713
384.522 36769
384.535 37041
384.549 37850
384.562 38296
384.575 38630
384.589 39473
384.602 40561
384.616 41179
384.629 41999
384.643 42108
384.656 42737
384.670 42792
384.683 42816
384.697 43248
384.710 43783
384.724 43858
384.737 44213
384.751 44804
384.764 45081
384.778 45556
384.791 46421
384.805 46829
384.818 46881
384.832 46928
384.845 47251
384.859 47261
384.872 46944
384.885 46295
384.899 46746
384.912 46288
384.926 46531
384.939 46192
384.953 46569
384.966 46236
384.980 46277
384.993 46404
385.007 46096
385.020 45632
385.034 45278
385.047 45005
385.061 44095
385.074 43865
385.088 43155
385.101 42884
385.114 42256
385.128 41504
385.141 40889
385.155 40402
385.168 40631
385.182 40143
385.195 39493
385.209 38909
385.222 36996
385.236 36001
385.249 34765
385.263 34018
385.276 32803
385.290 31530
385.303 30410
385.316 29338
385.330 28867
385.343 28067
385.357 27306
385.370 25965
385.384 25126
385.397 24394
385.411 23679
385.424 22871
385.438 22171
385.451 21771
385.464 21350
385.478 20424
385.491 19884
385.505 19106
385.518 18578
385.532 17806
385.545 17189
385.559 16352
385.572 16089
385.586 15652
385.599 15227
385.612 14972
385.626 14435
385.639 13901
385.653 13747
385.666 13489
385.680 12971
385.693 12459
385.707 12036
385.720 11735
385.734 11468
385.747 10929
385.760 10585
385.774 10359
385.787 10156
385.801 9727
385.814 9205
385.828 9141
385.841 8874
385.855 8732
385.868 8535
385.881 8259
385.895 8129
385.908 7950
385.922 7830
385.935 7714
385.949 7548
385.962 7375
385.976 7250
385.989 7199
386.002 7242
386.016 6995
386.029 6897
386.043 6858
386.056 6636
386.070 6434
386.083 6451
386.097 6384
386.110 6286
386.123 6243
386.137 6186
386.150 6053
386.164 5989
386.177 5902
386.191 5922
386.204 5757
386.217 5639
386.231 5626
386.244 5630
386.258 5582
386.271 5539
386.285 5499
386.298 5470
386.311 5323
386.325 5270
386.338 5147
386.352 5089
386.365 5075
386.379 4991
386.392 4946
386.405 4918
386.419 4859
386.432 4845
386.446 4920
386.459 4916
386.473 4812
386.486 4690
386.499 4622
386.513 4709
386.526 4612
386.540 4566
386.553 4549
386.567 4499
386.580 4469
386.593 4619
386.607 4598
386.620 4538
386.634 4576
386.647 4534
386.661 4406
386.674 4400
386.687 4300
386.701 4280
386.714 4197
386.728 4192
386.741 4167
386.754 4219
386.768 4212
386.781 4234
386.795 4076
386.808 3995
386.822 3930
386.835 3991
386.848 3927
386.862 3923
386.875 3878
386.889 3930
386.902 3857
386.915 3880
386.929 3852
386.942 3866
386.956 3813
386.969 3779
386.983 3700
386.996 3783
387.009 3708
387.023 3676
387.036 3740
387.050 3715
387.063 3687
387.076 3677
387.090 3676
387.103 3597
387.117 3658
387.130 3639
387.143 3644
387.157 3622
387.170 3629
387.184 3588
387.197 3583
387.210 3664
387.224 3561
387.237 3490
387.251 3450
387.264 3447
387.278 3446
387.291 3468
387.304 3409
387.318 3517
387.331 3357
387.345 3409
387.358 3500
387.371 3422
387.385 3378
387.398 3293
387.412 3266
387.425 3335
387.438 3229
387.452 3215
387.465 3162
387.478 3232
387.492 3226
387.505 3181
387.519 3222
387.532 3396
387.545 3419
387.559 3364
387.572 3329
387.586 3350
387.599 3351
387.612 3411
387.626 3474
387.639 3301
387.653 3302
387.666 3179
387.679 3176
387.693 3122
387.706 3156
387.720 3227
387.733 3213
387.746 3286
387.760 3250
387.773 3333
387.787 3274
387.800 3257
387.813 3274
387.827 3224
387.840 3145
387.853 3097
387.867 3152
387.880 3250
387.894 3320
387.907 3288
387.920 3244
387.934 3162
387.947 3172
387.961 3113
387.974 3200
387.987 3099
388.001 3067
388.014 3144
388.027 3125
388.041 3100
388.054 3094
388.068 3047
388.081 3019
388.094 3053
388.108 3028
388.121 3015
388.134 2966
388.148 2970
388.161 2949
388.175 2887
388.188 2906
388.201 2797
388.215 2832
388.228 2813
388.241 2715
388.255 2691
388.268 2726
388.282 2656
388.295 2638
388.308 2577
388.322 2572
388.335 2539
388.348 2438
388.362 2467
388.375 2384
388.389 2365
388.402 2350
388.415 2344
388.429 2331
388.442 2348
388.455 2283
388.469 2265
388.482 2204
388.495 2213
388.509 2175
388.522 2177
388.536 2146
388.549 2043
388.562 1996
388.576 2026
388.589 1984
388.602 1948
388.616 1972
388.629 1917
388.642 1880
388.656 1875
388.669 1882
388.683 1867
388.696 1871
388.709 1849
388.723 1857
388.736 1794
388.749 1776
388.763 1778
388.776 1756
388.789 1732
388.803 1732
388.816 1687
388.829 1690
388.843 1656
388.856 1684
388.870 1646
388.883 1621
388.896 1648
388.910 1589
388.923 1645
388.936 1668
388.950 1652
388.963 1646
388.976 1605
388.990 1619
389.003 1615
389.016 1646
389.030 1666
389.043 1664
389.056 1666
389.070 1610
389.083 1605
389.097 1622
389.110 1629
389.123 1660
389.137 1622
389.150 1618
389.163 1612
389.177 1612
389.190 1678
389.203 1661
389.217 1665
389.230 1642
389.243 1660
389.257 1646
389.270 1680
389.283 1636
389.297 1587
389.310 1666
389.323 1620
389.337 1635
389.350 1651
389.363 1647
389.377 1681
389.390 1651
389.403 1615
389.417 1631
389.430 1659
389.443 1658
389.457 1647
389.470 1671
389.483 1642
389.497 1648
389.510 1618
389.523 1635
389.537 1641
389.550 1607
389.563 1572
389.577 1530
389.590 1526
389.603 1534
389.617 1521
389.630 1524
389.643 1480
389.657 1555
389.670 1514
389.683 1474
389.697 1476
389.710 1448
389.723 1463
389.737 1490
389.750 1442
389.763 1426
389.777 1446
389.790 1470
389.803 1438
389.817 1388
389.830 1401
389.843 1405
389.857 1381
389.870 1345
389.883 1349
389.897 1348
389.910 1350
389.923 1377
389.937 1344
389.950 1361
389.963 1380
389.977 1372
389.990 1364
390.003 1377
390.017 1351
390.030 1362
390.043 1350
390.057 1328
390.070 1343
390.083 1348
390.096 1326
390.110 1318
390.123 1342
390.136 1327
390.150 1308
390.163 1312
390.176 1288
390.190 1301
390.203 1307
390.216 1262
390.230 1248
390.243 1276
390.256 1266
390.270 1225
390.283 1209
390.296 1279
390.310 1265
390.323 1255
390.336 1250
390.349 1227
390.363 1238
390.376 1253
390.389 1252
390.403 1290
390.416 1279
390.429 1234
390.443 1227
390.456 1252
390.469 1251
390.483 1209
390.496 1228
390.509 1218
390.522 1228
390.536 1221
390.549 1200
390.562 1204
390.576 1194
390.589 1211
390.602 1207
390.616 1183
390.629 1198
390.642 1217
390.655 1209
390.669 1171
390.682 1202
390.695 1181
390.709 1164
390.722 1175
390.735 1189
390.749 1152
390.762 1142
390.775 1161
390.788 1149
390.802 1127
390.815 1183
390.828 1131
390.842 1109
390.855 1140
390.868 1113
390.882 1126
390.895 1126
390.908 1126
390.921 1136
390.935 1143
390.948 1140
390.961 1127
390.975 1106
390.988 1120
391.001 1080
391.014 1092
391.028 1077
391.041 1072
391.054 1045
391.068 1083
391.081 1087
391.094 1055
391.107 1084
391.121 1065
391.134 1074
391.147 1069
391.161 1058
391.174 1040
391.187 1048
391.200 1037
391.214 1006
391.227 1010
391.240 1018
391.254 1008
391.267 1010
391.280 1015
391.293 984
391.307 983
391.320 989
391.333 977
391.347 985
391.360 952
391.373 982
391.386 979
391.400 938
391.413 967
391.426 983
391.440 976
391.453 965
391.466 948
391.479 910
391.493 959
391.506 929
391.519 945
391.532 933
391.546 927
391.559 914
391.572 903
391.586 917
391.599 898
391.612 880
391.625 923
391.639 891
391.652 888
391.665 909
391.678 887
391.692 895
391.705 905
391.718 893
391.732 889
391.745 869
391.758 898
391.771 885
391.785 857
391.798 875
391.811 861
391.824 885
391.838 863
391.851 856
391.864 852
391.877 865
391.891 857
391.904 863
391.917 865
391.931 869
391.944 850
391.957 848
391.970 850
391.984 850
391.997 839
392.010 850
392.023 837
392.037 856
392.050 862
392.063 827
392.076 851
392.090 831
392.103 831
392.116 846
392.129 829
392.143 831
392.156 844
392.169 829
392.182 826
392.196 840
392.209 822
392.222 837
392.235 837
392.249 819
392.262 828
392.275 816
392.288 816
392.302 805
392.315 809
392.328 819
392.341 810
392.355 807
392.368 805
392.381 812
392.394 804
392.408 819
392.421 799
392.434 811
392.447 796
392.461 812
392.474 793
392.487 812
392.500 806
392.514 811
392.527 805
392.540 828
392.553 804
392.567 800
392.580 803
392.593 791
392.606 804
392.620 815
392.633 786
392.646 795
392.659 812
392.673 816
392.686 799
392.699 793
392.712 782
392.726 803
392.739 787
392.752 798
392.765 785
392.778 790
392.792 813
392.805 795
392.818 794
392.831 784
392.845 775
392.858 804
392.871 790
392.884 807
392.898 808
392.911 778
392.924 803
392.937 795
392.951 788
392.964 796
392.977 778
392.990 800
393.003 778
393.017 799
393.030 777
393.043 800
393.056 795
393.070 767
393.083 780
393.096 775
393.109 797
393.122 791
393.136 792
393.149 781
393.162 782
393.175 794
393.189 798
393.202 799
393.215 798
393.228 779
393.242 786
393.255 763
393.268 773
393.281 767
393.294 782
393.308 794
393.321 769
393.334 770
393.347 785
393.360 777
393.374 775
393.387 785
393.400 786
393.413 768
393.427 774
393.440 775
393.453 782
393.466 787
393.479 779
393.493 784
393.506 791
393.519 795
393.532 785
393.546 774
393.559 779
393.572 766
393.585 770
393.598 774
393.612 774
393.625 778
393.638 784
393.651 781
393.664 788
393.678 776
393.691 778
393.704 783
393.717 762
393.730 796
393.744 773
393.757 759
393.770 760
393.783 766
393.796 783
393.810 767
393.823 758
393.836 760
393.849 783
393.863 774
393.876 777
393.889 774
393.902 784
393.915 763
393.929 756
