375.891 712
375.905 700
375.919 711
375.933 717
375.946 710
375.960 716
375.974 724
375.987 722
376.001 729
376.015 729
376.029 711
376.042 707
376.056 712
376.070 726
376.084 731
376.097 745
376.111 731
376.125 742
376.139 737
376.152 742
376.166 747
376.180 747
376.193 741
376.207 751
376.221 754
376.235 733
376.248 744
376.262 741
376.276 754
376.290 755
376.303 758
376.317 766
376.331 770
376.345 758
376.358 766
376.372 751
376.386 761
376.399 772
376.413 750
376.427 766
376.441 765
376.454 783
376.468 770
376.482 763
376.495 780
376.509 784
376.523 790
376.537 773
376.550 786
376.564 775
376.578 788
376.592 809
376.605 804
376.619 805
376.633 799
376.646 790
376.660 807
376.674 810
376.688 805
376.701 814
376.715 818
376.729 833
376.742 818
376.756 820
376.770 815
376.784 837
376.797 820
376.811 853
376.825 823
376.838 835
376.852 843
376.866 852
376.880 855
376.893 852
376.907 855
376.921 862
376.934 841
376.948 848
376.962 884
376.976 841
376.989 859
377.003 870
377.017 890
377.030 851
377.044 892
377.058 895
377.071 895
377.085 882
377.099 895
377.113 884
377.126 927
377.140 917
377.154 932
377.167 917
377.181 915
377.195 934
377.208 917
377.222 917
377.236 950
377.250 940
377.263 957
377.277 946
377.291 963
377.304 968
377.318 971
377.332 951
377.345 987
377.359 959
377.373 973
377.387 958
377.400 1001
377.414 971
377.428 1020
377.441 985
377.455 1000
377.469 1012
377.482 1036
377.496 1028
377.510 1045
377.524 1043
377.537 1019
377.551 1042
377.565 1043
377.578 1045
377.592 1029
377.606 1067
377.619 1042
377.633 1050
377.647 1058
377.660 1068
377.674 1080
377.688 1062
377.701 1095
377.715 1082
377.729 1115
377.743 1114
377.756 1093
377.770 1116
377.784 1122
377.797 1122
377.811 1122
377.825 1092
377.838 1136
377.852 1138
377.866 1162
377.879 1149
377.893 1196
377.907 1170
377.920 1180
377.934 1166
377.948 1157
377.961 1170
377.975 1168
377.989 1181
378.002 1205
378.016 1135
378.030 1184
378.044 1182
378.057 1190
378.071 1196
378.085 1178
378.098 1213
378.112 1171
378.126 1231
378.139 1237
378.153 1201
378.167 1217
378.180 1243
378.194 1193
378.208 1227
378.221 1251
378.235 1255
378.249 1270
378.262 1231
378.276 1241
378.290 1261
378.303 1234
378.317 1292
378.331 1268
378.344 1261
378.358 1315
378.372 1279
378.385 1304
378.399 1316
378.413 1291
378.426 1298
378.440 1283
378.454 1325
378.467 1316
378.481 1311
378.495 1370
378.508 1357
378.522 1343
378.536 1350
378.549 1341
378.563 1336
378.577 1361
378.590 1394
378.604 1401
378.618 1350
378.631 1398
378.645 1383
378.659 1374
378.672 1398
378.686 1409
378.700 1422
378.713 1463
378.727 1448
378.740 1469
378.754 1460
378.768 1442
378.781 1453
378.795 1486
378.809 1503
378.822 1482
378.836 1508
378.850 1457
378.863 1445
378.877 1417
378.891 1510
378.904 1478
378.918 1503
378.932 1505
378.945 1501
378.959 1514
378.973 1522
378.986 1494
379.000 1505
379.014 1482
379.027 1537
379.041 1483
379.054 1533
379.068 1504
379.082 1539
379.095 1547
379.109 1545
379.123 1565
379.136 1541
379.150 1559
379.164 1574
379.177 1543
379.191 1571
379.205 1526
379.218 1585
379.232 1576
379.245 1604
379.259 1620
379.273 1623
379.286 1605
379.300 1628
379.314 1647
379.327 1618
379.341 1660
379.355 1648
379.368 1685
379.382 1675
379.396 1695
379.409 1692
379.423 1697
379.436 1725
379.450 1740
379.464 1760
379.477 1732
379.491 1751
379.505 1749
379.518 1771
379.532 1853
379.546 1794
379.559 1830
379.573 1857
379.586 1796
379.600 1794
379.614 1834
379.627 1915
379.641 1901
379.655 1893
379.668 1897
379.682 1924
379.695 1940
379.709 1915
379.723 1920
379.736 2018
379.750 2073
379.764 2028
379.777 2117
379.791 2060
379.804 2089
379.818 2186
379.832 2125
379.845 2077
379.859 2108
379.873 2121
379.886 2137
379.900 2120
379.913 2153
379.927 2231
379.941 2191
379.954 2293
379.968 2268
379.982 2269
379.995 2318
380.009 2314
380.022 2324
380.036 2389
380.050 2432
380.063 2427
380.077 2475
380.090 2650
380.104 2565
380.118 2623
380.131 2675
380.145 2678
380.159 2715
380.172 2695
380.186 2820
380.199 2818
380.213 2851
380.227 2912
380.240 2947
380.254 2825
380.267 2877
380.281 2989
380.295 2933
380.308 2986
380.322 3036
380.336 3077
380.349 3103
380.363 3142
380.376 3186
380.390 3243
380.404 3302
380.417 3348
380.431 3303
380.444 3324
380.458 3377
380.472 3390
380.485 3507
380.499 3536
380.512 3580
380.526 3587
380.540 3632
380.553 3656
380.567 3648
380.580 3798
380.594 3818
380.608 3879
380.621 4066
380.635 4033
380.648 4129
380.662 4104
380.676 4162
380.689 4196
380.703 4250
380.716 4238
380.730 4303
380.744 4374
380.757 4492
380.771 4552
380.784 4585
380.798 4677
380.812 4690
380.825 4673
380.839 4697
380.852 4804
380.866 4986
380.880 4973
380.893 4954
380.907 4915
380.920 5089
380.934 5107
380.948 5196
380.961 5230
380.975 5321
380.988 5283
381.002 5234
381.015 5170
381.029 5404
381.043 5437
381.056 5506
381.070 5569
381.083 5521
381.097 5658
381.111 5614
381.124 5789
381.138 5770
381.151 5746
381.165 5762
381.179 5880
381.192 5794
381.206 5899
381.219 5914
381.233 5947
381.246 6043
381.260 6036
381.274 6132
381.287 6066
381.301 6194
381.314 6137
381.328 6288
381.341 6314
381.355 6277
381.369 6353
381.382 6351
381.396 6366
381.409 6462
381.423 6575
381.437 6542
381.450 6582
381.464 6647
381.477 6800
381.491 6865
381.504 6790
381.518 6894
381.532 6774
381.545 7052
381.559 7251
381.572 7111
381.586 7236
381.599 7240
381.613 7198
381.627 7187
381.640 7225
381.654 7408
381.667 7272
381.681 7312
381.694 7231
381.708 7196
381.722 7116
381.735 7193
381.749 7267
381.762 7259
381.776 7194
381.789 7169
381.803 7268
381.817 7338
381.830 7265
381.844 7367
381.857 7385
381.871 7405
381.884 7415
381.898 7405
381.911 7506
381.925 7375
381.939 7482
381.952 7603
381.966 7578
381.979 7574
381.993 7729
382.006 7913
382.020 7774
382.034 8027
382.047 7936
382.061 7756
382.074 7881
382.088 7851
382.101 7867
382.115 7932
382.128 7900
382.142 8099
382.156 8395
382.169 8333
382.183 8439
382.196 8314
382.210 8305
382.223 8236
382.237 8295
382.250 8426
382.264 8460
382.278 8503
382.291 8494
382.305 8775
382.318 8858
382.332 8743
382.345 8408
382.359 8417
382.372 8445
382.386 8510
382.399 8455
382.413 8642
382.427 8714
382.440 8726
382.454 8719
382.467 8714
382.481 9092
382.494 9084
382.508 9190
382.521 9188
382.535 9157
382.548 9036
382.562 9333
382.576 9214
382.589 9396
382.603 9362
382.616 9421
382.630 9523
382.643 9545
382.657 9587
382.670 9814
382.684 9941
382.697 9645
382.711 9844
382.724 9942
382.738 9953
382.752 10069
382.765 10075
382.779 10248
382.792 10236
382.806 10366
382.819 10462
382.833 10588
382.846 10756
382.860 10723
382.873 10876
382.887 11009
382.900 10914
382.914 11077
382.928 11278
382.941 11291
382.955 11441
382.968 11583
382.982 11889
382.995 11806
383.009 11854
383.022 12032
383.036 12025
383.049 12255
383.063 12317
383.076 12276
383.090 12461
383.103 12626
383.117 12788
383.130 12768
383.144 13062
383.158 12993
383.171 13208
383.185 13206
383.198 13623
383.212 13781
383.225 13892
383.239 14198
383.252 14224
383.266 14463
383.279 14590
383.293 14688
383.306 14761
383.320 15246
383.333 15514
383.347 15658
383.360 15633
383.374 15672
383.387 15944
383.401 16143
383.414 16133
383.428 16067
383.441 16226
383.455 16192
383.468 16333
383.482 16549
383.496 17314
383.509 17452
383.523 17451
383.536 17462
383.550 17612
383.563 17716
383.577 18149
383.590 18185
383.604 18391
383.617 18310
383.631 18266
383.644 18222
383.658 18284
383.671 18273
383.685 18609
383.698 18713
383.712 19108
383.725 19170
383.739 18976
383.752 19036
383.766 19256
383.779 19232
383.793 19488
383.806 19849
383.820 20454
383.833 20465
383.847 20484
383.860 20861
383.874 21014
383.887 20426
383.901 20727
383.914 20951
383.928 21260
383.941 21352
383.955 21072
383.968 21209
383.982 21352
383.995 21404
384.009 21660
384.022 21752
384.036 22024
384.049 22054
384.063 22432
384.076 22861
384.090 23553
384.103 24026
384.117 24194
384.130 24032
384.144 23612
384.157 23743
384.171 23544
384.184 24027
384.198 23860
384.211 24238
384.225 24530
384.238 24771
384.252 25491
384.265 25767
384.279 26134
384.292 26133
384.306 26663
384.319 26568
384.333 26415
384.346 26506
384.360 26681
384.373 27130
384.387 27398
384.400 27618
384.414 27675
384.427 28258
384.441 28575
384.454 28664
384.468 28867
384.481 29364
384.495 29583
384.508 29798
384.522 30272
384.535 30693
384.549 30985
384.562 31334
384.575 31776
384.589 32725
384.602 33719
384.616 34425
384.629 35191
384.643 35563
384.656 35973
384.670 36393
384.683 36394
384.697 36945
384.710 37545
384.724 38020
384.737 38488
384.751 39020
384.764 39492
384.778 40226
384.791 41163
384.805 41300
384.818 42145
384.832 42308
384.845 42746
384.859 43302
384.872 43202
384.885 42765
384.899 43102
384.912 44124
384.926 43880
384.939 44229
384.953 44669
384.966 45149
384.980 45509
384.993 45656
385.007 45893
385.020 45918
385.034 46345
385.047 46247
385.061 46172
385.074 45806
385.088 46138
385.101 45932
385.114 45773
385.128 45852
385.141 45866
385.155 45648
385.168 46456
385.182 46891
385.195 46417
385.209 45830
385.222 44416
385.236 43430
385.249 42858
385.263 41903
385.276 40581
385.290 39648
385.303 38401
385.316 37682
385.330 37236
385.343 36515
385.357 35804
385.370 34442
385.384 33534
385.397 32530
385.411 31733
385.424 30857
385.438 30240
385.451 29458
385.464 28706
385.478 28102
385.491 27313
385.505 26592
385.518 25723
385.532 24858
385.545 23909
385.559 22908
385.572 22191
385.586 21529
385.599 20937
385.612 20803
385.626 20028
385.639 19080
385.653 18975
385.666 18429
385.680 17850
385.693 16862
385.707 16257
385.720 15696
385.734 15099
385.747 14598
385.760 13801
385.774 13669
385.787 13205
385.801 12707
385.814 11971
385.828 11614
385.841 11302
385.855 10881
385.868 10629
385.881 10208
385.895 10099
385.908 9805
385.922 9507
385.935 9211
385.949 8934
385.962 8834
385.976 8558
385.989 8508
386.002 8392
386.016 8233
386.029 8115
386.043 7924
386.056 7655
386.070 7332
386.083 7416
386.097 7263
386.110 7360
386.123 7137
386.137 7023
386.150 6893
386.164 6873
386.177 6613
386.191 6581
386.204 6342
386.217 6237
386.231 6239
386.244 6124
386.258 6161
386.271 6157
386.285 5934
386.298 5912
386.311 5857
386.325 5701
386.338 5632
386.352 5534
386.365 5504
386.379 5340
386.392 5444
386.405 5263
386.419 5238
386.432 5246
386.446 5226
386.459 5151
386.473 5115
386.486 5053
386.499 4977
386.513 4925
386.526 4813
386.540 4766
386.553 4716
386.567 4724
386.580 4773
386.593 4811
386.607 4878
386.620 4757
386.634 4756
386.647 4713
386.661 4634
386.674 4496
386.687 4530
386.701 4423
386.714 4361
386.728 4350
386.741 4339
386.754 4341
386.768 4296
386.781 4306
386.795 4140
386.808 4161
386.822 4125
386.835 4210
386.848 3985
386.862 4110
386.875 4145
386.889 4061
386.902 3924
386.915 3989
386.929 3984
386.942 4011
386.956 3988
386.969 3903
386.983 3824
386.996 3918
387.009 3842
387.023 3782
387.036 3778
387.050 3788
387.063 3903
387.076 3817
387.090 3833
387.103 3748
387.117 3767
387.130 3782
387.143 3788
387.157 3823
387.170 3715
387.184 3696
387.197 3698
387.210 3753
387.224 3638
387.237 3661
387.251 3675
387.264 3643
387.278 3590
387.291 3660
387.304 3660
387.318 3650
387.331 3637
387.345 3591
387.358 3624
387.371 3547
387.385 3607
387.398 3554
387.412 3496
387.425 3514
387.438 3461
387.452 3426
387.465 3416
387.478 3475
387.492 3437
387.505 3562
387.519 3515
387.532 3664
387.545 3661
387.559 3712
387.572 3646
387.586 3673
387.599 3678
387.612 3695
387.626 3719
387.639 3754
387.653 3768
387.666 3528
387.679 3473
387.693 3582
387.706 3584
387.720 3608
387.733 3700
387.746 3667
387.760 3750
387.773 3705
387.787 3681
387.800 3698
387.813 3810
387.827 3779
387.840 3678
387.853 3636
387.867 3708
387.880 3896
387.894 3993
387.907 3992
387.920 3916
387.934 3928
387.947 3917
387.961 3957
387.974 4046
387.987 3953
388.001 3990
388.014 4095
388.027 4172
388.041 4146
388.054 4148
388.068 4181
388.081 4261
388.094 4339
388.108 4297
388.121 4293
388.134 4331
388.148 4277
388.161 4222
388.175 4254
388.188 4167
388.201 4084
388.215 4074
388.228 4014
388.241 3972
388.255 4002
388.268 3971
388.282 3855
388.295 3764
388.308 3749
388.322 3692
388.335 3606
388.348 3490
388.362 3383
388.375 3381
388.389 3352
388.402 3232
388.415 3219
388.429 3195
388.442 3142
388.455 3027
388.469 2967
388.482 2965
388.495 2902
388.509 2844
388.522 2825
388.536 2759
388.549 2611
388.562 2557
388.576 2514
388.589 2486
388.602 2440
388.616 2395
388.629 2325
388.642 2298
388.656 2274
388.669 2240
388.683 2141
388.696 2201
388.709 2220
388.723 2134
388.736 2136
388.749 2113
388.763 2062
388.776 2047
388.789 2015
388.803 1989
388.816 1983
388.829 1968
388.843 1880
388.856 1913
388.870 1921
388.883 1912
388.896 1866
388.910 1877
388.923 1882
388.936 1892
388.950 1910
388.963 1883
388.976 1916
388.990 1889
389.003 1899
389.016 1844
389.030 1944
389.043 1877
389.056 1901
389.070 1962
389.083 1923
389.097 1848
389.110 1905
389.123 1845
389.137 1896
389.150 1922
389.163 1904
389.177 1955
389.190 1963
389.203 1896
389.217 1969
389.230 1917
389.243 1931
389.257 2085
389.270 2009
389.283 1976
389.297 1991
389.310 1972
389.323 1985
389.337 2001
389.350 1984
389.363 2004
389.377 2023
389.390 2036
389.403 1978
389.417 1985
389.430 1963
389.443 1922
389.457 1995
389.470 1960
389.483 1983
389.497 1987
389.510 2021
389.523 1952
389.537 1928
389.550 1898
389.563 1833
389.577 1831
389.590 1799
389.603 1776
389.617 1740
389.630 1685
389.643 1686
389.657 1703
389.670 1693
389.683 1644
389.697 1613
389.710 1631
389.723 1646
389.737 1643
389.750 1611
389.763 1608
389.777 1555
389.790 1535
389.803 1538
389.817 1503
389.830 1523
389.843 1495
389.857 1445
389.870 1391
389.883 1420
389.897 1402
389.910 1423
389.923 1447
389.937 1412
389.950 1417
389.963 1430
389.977 1409
389.990 1393
390.003 1387
390.017 1439
390.030 1419
390.043 1376
390.057 1351
390.070 1382
390.083 1328
390.096 1380
390.110 1333
390.123 1352
390.136 1361
390.150 1378
390.163 1347
390.176 1326
390.190 1328
390.203 1316
390.216 1309
390.230 1301
390.243 1322
390.256 1285
390.270 1300
390.283 1306
390.296 1293
390.310 1292
390.323 1320
390.336 1300
390.349 1270
390.363 1278
390.376 1313
390.389 1280
390.403 1320
390.416 1273
390.429 1257
390.443 1281
390.456 1269
390.469 1244
390.483 1210
390.496 1256
390.509 1262
390.522 1224
390.536 1258
390.549 1235
390.562 1253
390.576 1207
390.589 1265
390.602 1232
390.616 1175
390.629 1236
390.642 1240
390.655 1223
390.669 1218
390.682 1189
390.695 1242
390.709 1207
390.722 1218
390.735 1213
390.749 1209
390.762 1158
390.775 1150
390.788 1211
390.802 1173
390.815 1182
390.828 1152
390.842 1168
390.855 1184
390.868 1154
390.882 1190
390.895 1145
390.908 1167
390.921 1158
390.935 1156
390.948 1141
390.961 1178
390.975 1146
390.988 1152
391.001 1160
391.014 1136
391.028 1142
391.041 1117
391.054 1121
391.068 1136
391.081 1104
391.094 1086
391.107 1126
391.121 1092
391.134 1093
391.147 1115
391.161 1051
391.174 1081
391.187 1055
391.200 1084
391.214 1059
391.227 1044
391.240 1071
391.254 1048
391.267 1062
391.280 1000
391.293 1056
391.307 1011
391.320 1042
391.333 1036
391.347 1022
391.360 1040
391.373 1032
391.386 983
391.400 1021
391.413 1029
391.426 999
391.440 1008
391.453 980
391.466 976
391.479 1001
391.493 998
391.506 992
391.519 994
391.532 985
391.546 977
391.559 1001
391.572 981
391.586 958
391.599 956
391.612 966
391.625 935
391.639 958
391.652 955
391.665 956
391.678 951
391.692 962
391.705 960
391.718 942
391.732 928
391.745 949
391.758 937
391.771 935
391.785 951
391.798 915
391.811 915
391.824 930
391.838 913
391.851 920
391.864 908
391.877 912
391.891 898
391.904 900
391.917 919
391.931 920
391.944 904
391.957 911
391.970 905
391.984 899
391.997 909
392.010 900
392.023 903
392.037 891
392.050 885
392.063 890
392.076 886
392.090 884
392.103 884
392.116 881
392.129 877
392.143 884
392.156 873
392.169 865
392.182 866
392.196 871
392.209 880
392.222 857
392.235 850
392.249 863
392.262 845
392.275 857
392.288 871
392.302 846
392.315 848
392.328 872
392.341 866
392.355 867
392.368 872
392.381 862
392.394 860
392.408 841
392.421 854
392.434 875
392.447 844
392.461 856
392.474 885
392.487 838
392.500 852
392.514 852
392.527 845
392.540 844
392.553 846
392.567 850
392.580 840
392.593 856
392.606 862
392.620 838
392.633 838
392.646 861
392.659 824
392.673 827
392.686 840
392.699 833
392.712 831
392.726 861
392.739 833
392.752 822
392.765 830
392.778 853
392.792 827
392.805 834
392.818 855
392.831 811
392.845 819
392.858 852
392.871 806
392.884 839
392.898 854
392.911 848
392.924 842
392.937 842
392.951 842
392.964 837
392.977 838
392.990 837
393.003 842
393.017 840
393.030 823
393.043 824
393.056 830
393.070 829
393.083 835
393.096 816
393.109 831
393.122 819
393.136 838
393.149 824
393.162 809
393.175 828
393.189 826
393.202 829
393.215 814
393.228 829
393.242 816
393.255 804
393.268 810
393.281 832
393.294 812
393.308 801
393.321 841
393.334 825
393.347 810
393.360 801
393.374 808
393.387 810
393.400 818
393.413 804
393.427 792
393.440 808
393.453 841
393.466 820
393.479 805
393.493 794
393.506 811
393.519 825
393.532 808
393.546 806
393.559 814
393.572 817
393.585 831
393.598 797
393.612 826
393.625 805
393.638 818
393.651 790
393.664 813
393.678 823
393.691 816
393.704 818
393.717 819
393.730 802
393.744 816
393.757 809
393.770 796
393.783 821
393.796 794
393.810 817
393.823 801
393.836 811
393.849 790
393.863 800
393.876 823
393.889 805
393.902 814
393.915 811
393.929 780
