375.891 733
375.905 729
375.919 725
375.933 729
375.946 732
375.960 727
375.974 737
375.987 733
376.001 722
376.015 733
376.029 739
376.042 741
376.056 746
376.070 741
376.084 746
376.097 736
376.111 752
376.125 742
376.139 745
376.152 753
376.166 738
376.180 757
376.193 750
376.207 747
376.221 740
376.235 750
376.248 751
376.262 759
376.276 754
376.290 764
376.303 758
376.317 763
376.331 769
376.345 758
376.358 767
376.372 780
376.386 766
376.399 780
376.413 799
376.427 784
376.441 798
376.454 779
376.468 798
376.482 770
376.495 792
376.509 796
376.523 796
376.537 820
376.550 821
376.564 793
376.578 822
376.592 804
376.605 821
376.619 819
376.633 826
376.646 821
376.660 821
376.674 822
376.688 817
376.701 824
376.715 837
376.729 822
376.742 816
376.756 836
376.770 849
376.784 838
376.797 850
376.811 855
376.825 857
376.838 873
376.852 882
376.866 885
376.880 876
376.893 867
376.907 867
376.921 869
376.934 888
376.948 884
376.962 888
376.976 883
376.989 896
377.003 902
377.017 887
377.030 931
377.044 936
377.058 942
377.071 914
377.085 930
377.099 929
377.113 933
377.126 946
377.140 954
377.154 957
377.167 963
377.181 1000
377.195 949
377.208 965
377.222 959
377.236 973
377.250 980
377.263 1001
377.277 1002
377.291 1016
377.304 1025
377.318 1009
377.332 1002
377.345 992
377.359 1013
377.373 1023
377.387 1041
377.400 1036
377.414 1028
377.428 1064
377.441 1042
377.455 1056
377.469 1048
377.482 1087
377.496 1071
377.510 1077
377.524 1109
377.537 1084
377.551 1086
377.565 1103
377.578 1083
377.592 1097
377.606 1093
377.619 1120
377.633 1122
377.647 1088
377.660 1104
377.674 1118
377.688 1117
377.701 1128
377.715 1160
377.729 1149
377.743 1144
377.756 1164
377.770 1162
377.784 1171
377.797 1170
377.811 1169
377.825 1185
377.838 1199
377.852 1160
377.866 1216
377.879 1195
377.893 1205
377.907 1214
377.920 1238
377.934 1225
377.948 1206
377.961 1233
377.975 1245
377.989 1247
378.002 1227
378.016 1201
378.030 1271
378.044 1226
378.057 1254
378.071 1255
378.085 1275
378.098 1240
378.112 1267
378.126 1248
378.139 1295
378.153 1278
378.167 1300
378.180 1281
378.194 1295
378.208 1294
378.221 1268
378.235 1302
378.249 1312
378.262 1337
378.276 1309
378.290 1313
378.303 1345
378.317 1332
378.331 1338
378.344 1338
378.358 1361
378.372 1397
378.385 1378
378.399 1392
378.413 1357
378.426 1397
378.440 1413
378.454 1396
378.467 1386
378.481 1373
378.495 1372
378.508 1424
378.522 1410
378.536 1411
378.549 1413
378.563 1424
378.577 1442
378.590 1465
378.604 1461
378.618 1439
378.631 1478
378.645 1456
378.659 1459
378.672 1474
378.686 1474
378.700 1508
378.713 1533
378.727 1547
378.740 1544
378.754 1561
378.768 1573
378.781 1546
378.795 1548
378.809 1557
378.822 1584
378.836 1577
378.850 1529
378.863 1571
378.877 1566
378.891 1551
378.904 1565
378.918 1573
378.932 1596
378.945 1587
378.959 1572
378.973 1586
378.986 1557
379.000 1612
379.014 1654
379.027 1656
379.041 1602
379.054 1613
379.068 1634
379.082 1614
379.095 1636
379.109 1638
379.123 1653
379.136 1675
379.150 1675
379.164 1652
379.177 1685
379.191 1671
379.205 1689
379.218 1712
379.232 1738
379.245 1759
379.259 1663
379.273 1705
379.286 1739
379.300 1739
379.314 1760
379.327 1785
379.341 1754
379.355 1765
379.368 1760
379.382 1785
379.396 1756
379.409 1795
379.423 1850
379.436 1794
379.450 1863
379.464 1820
379.477 1885
379.491 1870
379.505 1910
379.518 1863
379.532 1911
379.546 1926
379.559 1953
379.573 1907
379.586 1945
379.600 1927
379.614 2013
379.627 2035
379.641 2028
379.655 2042
379.668 2092
379.682 2046
379.695 2074
379.709 2069
379.723 2064
379.736 2148
379.750 2221
379.764 2246
379.777 2261
379.791 2252
379.804 2307
379.818 2288
379.832 2252
379.845 2238
379.859 2268
379.873 2232
379.886 2290
379.900 2331
379.913 2383
379.927 2363
379.941 2382
379.954 2478
379.968 2493
379.982 2487
379.995 2463
380.009 2536
380.022 2534
380.036 2593
380.050 2575
380.063 2683
380.077 2803
380.090 2772
380.104 2818
380.118 2858
380.131 2877
380.145 2913
380.159 2887
380.172 2934
380.186 3045
380.199 3062
380.213 3140
380.227 3211
380.240 3207
380.254 3198
380.267 3117
380.281 3178
380.295 3205
380.308 3242
380.322 3321
380.336 3386
380.349 3356
380.363 3411
380.376 3525
380.390 3561
380.404 3598
380.417 3635
380.431 3671
380.444 3684
380.458 3734
380.472 3767
380.485 3797
380.499 3878
380.512 3842
380.526 3944
380.540 4004
380.553 4048
380.567 4152
380.580 4184
380.594 4151
380.608 4373
380.621 4489
380.635 4505
380.648 4503
380.662 4507
380.676 4648
380.689 4627
380.703 4665
380.716 4667
380.730 4763
380.744 4851
380.757 4910
380.771 5036
380.784 5132
380.798 5054
380.812 5191
380.825 5186
380.839 5271
380.852 5389
380.866 5490
380.880 5544
380.893 5559
380.907 5491
380.920 5554
380.934 5618
380.948 5709
380.961 5783
380.975 5767
380.988 5844
381.002 5887
381.015 5759
381.029 5906
381.043 6080
381.056 6070
381.070 6114
381.083 6137
381.097 6195
381.111 6315
381.124 6377
381.138 6360
381.151 6506
381.165 6465
381.179 6489
381.192 6534
381.206 6582
381.219 6581
381.233 6681
381.246 6590
381.260 6735
381.274 6719
381.287 6756
381.301 6826
381.314 6849
381.328 6940
381.341 6900
381.355 6932
381.369 7024
381.382 7045
381.396 7120
381.409 7183
381.423 7282
381.437 7298
381.450 7330
381.464 7431
381.477 7554
381.491 7641
381.504 7603
381.518 7594
381.532 7620
381.545 7726
381.559 7942
381.572 8019
381.586 7999
381.599 8066
381.613 7968
381.627 8033
381.640 8144
381.654 7970
381.667 8124
381.681 8146
381.694 8107
381.708 7883
381.722 7887
381.735 7877
381.749 7970
381.762 8006
381.776 7999
381.789 8029
381.803 8070
381.817 8055
381.830 8137
381.844 8126
381.857 8236
381.871 8347
381.884 8264
381.898 8275
381.911 8296
381.925 8304
381.939 8358
381.952 8330
381.966 8409
381.979 8533
381.993 8609
382.006 8772
382.020 8674
382.034 8810
382.047 8652
382.061 8693
382.074 8644
382.088 8529
382.101 8724
382.115 8708
382.128 8652
382.142 8953
382.156 9217
382.169 9230
382.183 9227
382.196 9025
382.210 9142
382.223 9122
382.237 9129
382.250 9303
382.264 9228
382.278 9282
382.291 9345
382.305 9514
382.318 9702
382.332 9720
382.345 9371
382.359 9224
382.372 9248
382.386 9416
382.399 9465
382.413 9396
382.427 9468
382.440 9622
382.454 9661
382.467 9672
382.481 9911
382.494 10137
382.508 10267
382.521 10262
382.535 10227
382.548 10163
382.562 10144
382.576 10126
382.589 10205
382.603 10342
382.616 10418
382.630 10572
382.643 10652
382.657 10722
382.670 10848
382.684 10850
382.697 10780
382.711 10748
382.724 10976
382.738 11025
382.752 11091
382.765 11164
382.779 11295
382.792 11408
382.806 11494
382.819 11513
382.833 11764
382.846 11758
382.860 11876
382.873 11827
382.887 11972
382.900 12050
382.914 12317
382.928 12456
382.941 12531
382.955 12565
382.968 12804
382.982 12857
382.995 13017
383.009 13186
383.022 13175
383.036 13321
383.049 13538
383.063 13589
383.076 13752
383.090 13866
383.103 13941
383.117 13981
383.130 14202
383.144 14245
383.158 14403
383.171 14566
383.185 14756
383.198 15002
383.212 15277
383.225 15334
383.239 15616
383.252 15942
383.266 15964
383.279 16096
383.293 16249
383.306 16445
383.320 16797
383.333 17180
383.347 17280
383.360 17272
383.374 17181
383.387 17530
383.401 17820
383.414 17640
383.428 17792
383.441 17890
383.455 17966
383.468 17919
383.482 18334
383.496 19093
383.509 19235
383.523 19101
383.536 19335
383.550 19389
383.563 19704
383.577 19954
383.590 20089
383.604 20232
383.617 20101
383.631 20074
383.644 20022
383.658 20196
383.671 20363
383.685 20445
383.698 20830
383.712 20958
383.725 21022
383.739 20815
383.752 21111
383.766 21278
383.779 21402
383.793 21527
383.806 21808
383.820 22511
383.833 22423
383.847 22435
383.860 22912
383.874 23094
383.887 22490
383.901 22746
383.914 23178
383.928 23589
383.941 23438
383.955 23244
383.968 23416
383.982 23573
383.995 23644
384.009 23719
384.022 24052
384.036 24036
384.049 24447
384.063 24693
384.076 25373
384.090 25885
384.103 26503
384.117 26827
384.130 26641
384.144 26176
384.157 26184
384.171 26213
384.184 26469
384.198 26793
384.211 26870
384.225 27173
384.238 27799
384.252 28419
384.265 28700
384.279 28851
384.292 29243
384.306 29704
384.319 29692
384.333 29459
384.346 29708
384.360 29950
384.373 30191
384.387 30745
384.400 30780
384.414 31447
384.427 31789
384.441 32152
384.454 32278
384.468 32580
384.481 32768
384.495 33340
384.508 33778
384.522 34124
384.535 34490
384.549 34813
384.562 35393
384.575 35877
384.589 36623
384.602 37858
384.616 39011
384.629 39276
384.643 39762
384.656 40191
384.670 40380
384.683 40601
384.697 41215
384.710 41665
384.724 42224
384.737 43019
384.751 43243
384.764 43902
384.778 44759
384.791 45330
384.805 46127
384.818 46415
384.832 46806
384.845 47186
384.859 47307
384.872 47335
384.885 47121
384.899 47324
384.912 47688
384.926 47979
384.939 48215
384.953 48459
384.966 48525
384.980 49098
384.993 49505
385.007 49833
385.020 49305
385.034 49310
385.047 49292
385.061 48666
385.074 48700
385.088 48376
385.101 47551
385.114 47391
385.128 47280
385.141 46914
385.155 46481
385.168 47181
385.182 47099
385.195 46435
385.209 45966
385.222 44119
385.236 43378
385.249 42483
385.263 41674
385.276 40350
385.290 39206
385.303 37973
385.316 37008
385.330 36485
385.343 35931
385.357 34884
385.370 33808
385.384 32767
385.397 32107
385.411 31155
385.424 30408
385.438 29609
385.451 28986
385.464 28615
385.478 27822
385.491 27157
385.505 26077
385.518 25401
385.532 24520
385.545 23509
385.559 22356
385.572 21735
385.586 21111
385.599 20908
385.612 20391
385.626 19660
385.639 18529
385.653 18391
385.666 18355
385.680 17349
385.693 16540
385.707 15975
385.720 15409
385.734 14980
385.747 14377
385.760 13786
385.774 13380
385.787 13141
385.801 12558
385.814 11743
385.828 11468
385.841 11166
385.855 10739
385.868 10642
385.881 10096
385.895 9988
385.908 9661
385.922 9505
385.935 9250
385.949 9012
385.962 8895
385.976 8604
385.989 8541
386.002 8548
386.016 8280
386.029 8139
386.043 8122
386.056 7724
386.070 7572
386.083 7480
386.097 7369
386.110 7364
386.123 7159
386.137 7097
386.150 6951
386.164 6865
386.177 6746
386.191 6671
386.204 6583
386.217 6315
386.231 6384
386.244 6414
386.258 6316
386.271 6242
386.285 6146
386.298 6109
386.311 6081
386.325 5846
386.338 5791
386.352 5668
386.365 5641
386.379 5535
386.392 5400
386.405 5435
386.419 5427
386.432 5368
386.446 5430
386.459 5339
386.473 5232
386.486 5205
386.499 5112
386.513 5149
386.526 5085
386.540 5003
386.553 4985
386.567 4819
386.580 4973
386.593 5060
386.607 5061
386.620 5020
386.634 4980
386.647 4964
386.661 4809
386.674 4790
386.687 4775
386.701 4584
386.714 4589
386.728 4559
386.741 4628
386.754 4538
386.768 4491
386.781 4517
386.795 4438
386.808 4369
386.822 4409
386.835 4287
386.848 4251
386.862 4258
386.875 4202
386.889 4153
386.902 4140
386.915 4238
386.929 4181
386.942 4178
386.956 4066
386.969 4081
386.983 4017
386.996 4066
387.009 4060
387.023 4085
387.036 4043
387.050 4011
387.063 4014
387.076 4074
387.090 3953
387.103 3990
387.117 3969
387.130 3989
387.143 4091
387.157 4047
387.170 4007
387.184 3946
387.197 3957
387.210 3969
387.224 3817
387.237 3860
387.251 3878
387.264 3787
387.278 3746
387.291 3879
387.304 3811
387.318 3814
387.331 3790
387.345 3835
387.358 3818
387.371 3764
387.385 3755
387.398 3741
387.412 3696
387.425 3761
387.438 3678
387.452 3623
387.465 3678
387.478 3566
387.492 3569
387.505 3649
387.519 3759
387.532 3854
387.545 3914
387.559 3952
387.572 3959
387.586 3990
387.599 3905
387.612 3929
387.626 3960
387.639 4013
387.653 4014
387.666 3874
387.679 3808
387.693 3779
387.706 3853
387.720 3904
387.733 3919
387.746 3998
387.760 4087
387.773 4036
387.787 3966
387.800 4055
387.813 4042
387.827 4044
387.840 3945
387.853 3960
387.867 3995
387.880 4153
387.894 4232
387.907 4294
387.920 4201
387.934 4142
387.947 4271
387.961 4273
387.974 4219
387.987 4222
388.001 4218
388.014 4266
388.027 4395
388.041 4334
388.054 4359
388.068 4350
388.081 4510
388.094 4431
388.108 4497
388.121 4492
388.134 4418
388.148 4517
388.161 4416
388.175 4386
388.188 4391
388.201 4277
388.215 4198
388.228 4290
388.241 4174
388.255 4159
388.268 4123
388.282 4072
388.295 4004
388.308 3891
388.322 3750
388.335 3713
388.348 3708
388.362 3504
388.375 3445
388.389 3481
388.402 3444
388.415 3336
388.429 3322
388.442 3230
388.455 3231
388.469 3138
388.482 3000
388.495 3083
388.509 3010
388.522 2956
388.536 2898
388.549 2731
388.562 2672
388.576 2594
388.589 2575
388.602 2585
388.616 2505
388.629 2513
388.642 2452
388.656 2385
388.669 2376
388.683 2343
388.696 2380
388.709 2391
388.723 2336
388.736 2304
388.749 2206
388.763 2189
388.776 2158
388.789 2154
388.803 2151
388.816 2142
388.829 2117
388.843 2080
388.856 2057
388.870 2030
388.883 1976
388.896 2033
388.910 1939
388.923 2012
388.936 2018
388.950 1991
388.963 2041
388.976 1969
388.990 2003
389.003 1960
389.016 2016
389.030 2008
389.043 2044
389.056 2038
389.070 2069
389.083 1944
389.097 1957
389.110 2014
389.123 2041
389.137 2023
389.150 2005
389.163 2013
389.177 2068
389.190 2024
389.203 2071
389.217 2059
389.230 2089
389.243 2140
389.257 2121
389.270 2084
389.283 2094
389.297 2098
389.310 2090
389.323 2060
389.337 2047
389.350 2088
389.363 2064
389.377 2082
389.390 2093
389.403 2076
389.417 2012
389.430 2093
389.443 2108
389.457 2050
389.470 2095
389.483 2116
389.497 2079
389.510 2025
389.523 2030
389.537 2015
389.550 1977
389.563 1931
389.577 1873
389.590 1887
389.603 1833
389.617 1820
389.630 1800
389.643 1771
389.657 1789
389.670 1763
389.683 1760
389.697 1696
389.710 1663
389.723 1686
389.737 1695
389.750 1691
389.763 1618
389.777 1608
389.790 1591
389.803 1604
389.817 1546
389.830 1606
389.843 1560
389.857 1505
389.870 1479
389.883 1458
389.897 1489
389.910 1512
389.923 1464
389.937 1456
389.950 1506
389.963 1502
389.977 1455
389.990 1449
390.003 1485
390.017 1467
390.030 1465
390.043 1431
390.057 1436
390.070 1397
390.083 1407
390.096 1426
390.110 1428
390.123 1424
390.136 1385
390.150 1388
390.163 1406
390.176 1388
390.190 1395
390.203 1344
390.216 1378
390.230 1347
390.243 1373
390.256 1343
390.270 1342
390.283 1387
390.296 1348
390.310 1355
390.323 1345
390.336 1353
390.349 1299
390.363 1369
390.376 1352
390.389 1359
390.403 1346
390.416 1337
390.429 1289
390.443 1316
390.456 1320
390.469 1355
390.483 1285
390.496 1302
390.509 1267
390.522 1271
390.536 1319
390.549 1308
390.562 1266
390.576 1300
390.589 1273
390.602 1283
390.616 1270
390.629 1296
390.642 1236
390.655 1273
390.669 1248
390.682 1291
390.695 1261
390.709 1245
390.722 1232
390.735 1227
390.749 1260
390.762 1255
390.775 1227
390.788 1200
390.802 1222
390.815 1247
390.828 1182
390.842 1205
390.855 1238
390.868 1199
390.882 1211
390.895 1209
390.908 1231
390.921 1209
390.935 1192
390.948 1174
390.961 1193
390.975 1170
390.988 1158
391.001 1170
391.014 1175
391.028 1169
391.041 1164
391.054 1188
391.068 1186
391.081 1144
391.094 1193
391.107 1169
391.121 1121
391.134 1113
391.147 1121
391.161 1145
391.174 1081
391.187 1159
391.200 1120
391.214 1093
391.227 1113
391.240 1074
391.254 1091
391.267 1095
391.280 1064
391.293 1074
391.307 1067
391.320 1076
391.333 1057
391.347 1042
391.360 1068
391.373 1036
391.386 1044
391.400 1025
391.413 1022
391.426 1054
391.440 1009
391.453 1047
391.466 1011
391.479 1021
391.493 1011
391.506 1020
391.519 1008
391.532 985
391.546 1004
391.559 988
391.572 1003
391.586 965
391.599 992
391.612 990
391.625 958
391.639 966
391.652 998
391.665 970
391.678 978
391.692 980
391.705 966
391.718 946
391.732 927
391.745 962
391.758 969
391.771 957
391.785 975
391.798 946
391.811 924
391.824 936
391.838 934
391.851 940
391.864 934
391.877 904
391.891 929
391.904 908
391.917 953
391.931 901
391.944 922
391.957 939
391.970 906
391.984 907
391.997 926
392.010 912
392.023 905
392.037 914
392.050 921
392.063 912
392.076 900
392.090 913
392.103 910
392.116 891
392.129 911
392.143 898
392.156 884
392.169 888
392.182 883
392.196 900
392.209 875
392.222 899
392.235 879
392.249 879
392.262 880
392.275 887
392.288 884
392.302 885
392.315 867
392.328 871
392.341 888
392.355 880
392.368 874
392.381 882
392.394 888
392.408 868
392.421 898
392.434 883
392.447 873
392.461 865
392.474 891
392.487 864
392.500 865
392.514 881
392.527 860
392.540 882
392.553 857
392.567 859
392.580 874
392.593 857
392.606 847
392.620 853
392.633 862
392.646 844
392.659 870
392.673 863
392.686 847
392.699 856
392.712 858
392.726 843
392.739 854
392.752 839
392.765 851
392.778 858
392.792 837
392.805 867
392.818 868
392.831 843
392.845 859
392.858 845
392.871 841
392.884 847
392.898 857
392.911 867
392.924 854
392.937 849
392.951 852
392.964 848
392.977 838
392.990 844
393.003 853
393.017 849
393.030 857
393.043 852
393.056 837
393.070 851
393.083 857
393.096 850
393.109 846
393.122 854
393.136 839
393.149 835
393.162 817
393.175 838
393.189 829
393.202 844
393.215 828
393.228 828
393.242 844
393.255 821
393.268 804
393.281 838
393.294 834
393.308 825
393.321 834
393.334 829
393.347 837
393.360 846
393.374 830
393.387 827
393.400 829
393.413 813
393.427 822
393.440 833
393.453 833
393.466 836
393.479 814
393.493 814
393.506 839
393.519 838
393.532 828
393.546 835
393.559 831
393.572 826
393.585 834
393.598 830
393.612 825
393.625 819
393.638 836
393.651 837
393.664 826
393.678 845
393.691 817
393.704 828
393.717 837
393.730 810
393.744 838
393.757 833
393.770 822
393.783 833
393.796 834
393.810 837
393.823 794
393.836 840
393.849 823
393.863 848
393.876 825
393.889 830
393.902 828
393.915 819
393.929 814
