375.891 716
375.905 716
375.919 722
375.933 735
375.946 722
375.960 733
375.974 724
375.987 739
376.001 737
376.015 730
376.029 716
376.042 744
376.056 738
376.070 730
376.084 748
376.097 760
376.111 731
376.125 747
376.139 737
376.152 742
376.166 747
376.180 747
376.193 766
376.207 759
376.221 754
376.235 758
376.248 744
376.262 763
376.276 782
376.290 755
376.303 770
376.317 766
376.331 778
376.345 771
376.358 774
376.372 771
376.386 779
376.399 771
376.413 780
376.427 779
376.441 778
376.454 784
376.468 774
376.482 784
376.495 800
376.509 795
376.523 800
376.537 793
376.550 814
376.564 807
376.578 820
376.592 821
376.605 816
376.619 806
376.633 799
376.646 823
376.660 807
376.674 825
376.688 833
376.701 834
376.715 828
376.729 832
376.742 844
376.756 837
376.770 848
376.784 837
376.797 842
376.811 865
376.825 857
376.838 870
376.852 876
376.866 894
376.880 873
376.893 878
376.907 879
376.921 877
376.934 878
376.948 893
376.962 896
376.976 907
376.989 906
377.003 890
377.017 916
377.030 936
377.044 943
377.058 937
377.071 933
377.085 924
377.099 939
377.113 949
377.126 955
377.140 955
377.154 962
377.167 974
377.181 960
377.195 936
377.208 963
377.222 989
377.236 983
377.250 961
377.263 986
377.277 1002
377.291 980
377.304 995
377.318 1018
377.332 1022
377.345 996
377.359 1014
377.373 995
377.387 1027
377.400 1051
377.414 1033
377.428 1033
377.441 1056
377.455 1040
377.469 1079
377.482 1060
377.496 1066
377.510 1086
377.524 1072
377.537 1115
377.551 1098
377.565 1111
377.578 1095
377.592 1107
377.606 1113
377.619 1118
377.633 1125
377.647 1111
377.660 1129
377.674 1108
377.688 1132
377.701 1155
377.715 1133
377.729 1142
377.743 1171
377.756 1172
377.770 1178
377.784 1150
377.797 1187
377.811 1162
377.825 1177
377.838 1191
377.852 1203
377.866 1200
377.879 1209
377.893 1206
377.907 1214
377.920 1220
377.934 1228
377.948 1214
377.961 1231
377.975 1232
377.989 1242
378.002 1206
378.016 1246
378.030 1244
378.044 1223
378.057 1251
378.071 1269
378.085 1255
378.098 1261
378.112 1271
378.126 1291
378.139 1285
378.153 1267
378.167 1288
378.180 1284
378.194 1285
378.208 1314
378.221 1309
378.235 1329
378.249 1304
378.262 1342
378.276 1334
378.290 1300
378.303 1348
378.317 1328
378.331 1315
378.344 1314
378.358 1361
378.372 1323
378.385 1398
378.399 1362
378.413 1386
378.426 1372
378.440 1400
378.454 1394
378.467 1383
378.481 1370
378.495 1393
378.508 1378
378.522 1366
378.536 1414
378.549 1436
378.563 1395
378.577 1401
378.590 1423
378.604 1432
378.618 1448
378.631 1428
378.645 1452
378.659 1475
378.672 1463
378.686 1483
378.700 1523
378.713 1522
378.727 1518
378.740 1526
378.754 1563
378.768 1543
378.781 1568
378.795 1573
378.809 1585
378.822 1588
378.836 1570
378.850 1566
378.863 1517
378.877 1554
378.891 1562
378.904 1543
378.918 1590
378.932 1607
378.945 1586
378.959 1578
378.973 1587
378.986 1577
379.000 1530
379.014 1579
379.027 1625
379.041 1627
379.054 1601
379.068 1622
379.082 1572
379.095 1647
379.109 1629
379.123 1664
379.136 1624
379.150 1639
379.164 1678
379.177 1663
379.191 1656
379.205 1715
379.218 1669
379.232 1699
379.245 1718
379.259 1709
379.273 1694
379.286 1711
379.300 1740
379.314 1739
379.327 1735
379.341 1734
379.355 1743
379.368 1785
379.382 1802
379.396 1762
379.409 1798
379.423 1794
379.436 1789
379.450 1810
379.464 1814
379.477 1837
379.491 1802
379.505 1835
379.518 1873
379.532 1913
379.546 1958
379.559 1938
379.573 1921
379.586 1918
379.600 1959
379.614 1989
379.627 2026
379.641 2028
379.655 2037
379.668 2030
379.682 2021
379.695 2039
379.709 1998
379.723 2014
379.736 2133
379.750 2211
379.764 2188
379.777 2272
379.791 2263
379.804 2278
379.818 2293
379.832 2300
379.845 2228
379.859 2276
379.873 2251
379.886 2271
379.900 2337
379.913 2316
379.927 2327
379.941 2353
379.954 2409
379.968 2378
379.982 2516
379.995 2484
380.009 2479
380.022 2535
380.036 2533
380.050 2539
380.063 2639
380.077 2770
380.090 2793
380.104 2800
380.118 2784
380.131 2799
380.145 2867
380.159 2898
380.172 2936
380.186 2984
380.199 3002
380.213 3092
380.227 3113
380.240 3165
380.254 3082
380.267 3079
380.281 3111
380.295 3139
380.308 3256
380.322 3189
380.336 3308
380.349 3373
380.363 3346
380.376 3435
380.390 3510
380.404 3523
380.417 3525
380.431 3557
380.444 3574
380.458 3579
380.472 3656
380.485 3774
380.499 3750
380.512 3793
380.526 3810
380.540 3862
380.553 3891
380.567 4060
380.580 4053
380.594 4074
380.608 4247
380.621 4416
380.635 4348
380.648 4381
380.662 4461
380.676 4441
380.689 4530
380.703 4613
380.716 4498
380.730 4704
380.744 4782
380.757 4753
380.771 4882
380.784 4984
380.798 4981
380.812 4961
380.825 5025
380.839 5062
380.852 5182
380.866 5427
380.880 5365
380.893 5344
380.907 5264
380.920 5408
380.934 5535
380.948 5513
380.961 5668
380.975 5721
380.988 5697
381.002 5577
381.015 5729
381.029 5817
381.043 5796
381.056 5887
381.070 5908
381.083 5897
381.097 6075
381.111 6186
381.124 6272
381.138 6321
381.151 6314
381.165 6284
381.179 6377
381.192 6375
381.206 6356
381.219 6391
381.233 6409
381.246 6490
381.260 6489
381.274 6537
381.287 6539
381.301 6535
381.314 6678
381.328 6708
381.341 6712
381.355 6739
381.369 6777
381.382 6818
381.396 6927
381.409 7036
381.423 7018
381.437 7237
381.450 7141
381.464 7142
381.477 7212
381.491 7439
381.504 7271
381.518 7402
381.532 7397
381.545 7570
381.559 7758
381.572 7752
381.586 7747
381.599 7783
381.613 7770
381.627 7868
381.640 7696
381.654 7932
381.667 7838
381.681 7870
381.694 7914
381.708 7695
381.722 7561
381.735 7740
381.749 7742
381.762 7820
381.776 7816
381.789 7791
381.803 7812
381.817 7750
381.830 7822
381.844 7926
381.857 7919
381.871 8035
381.884 7977
381.898 7894
381.911 8016
381.925 8107
381.939 8082
381.952 8057
381.966 8173
381.979 8132
381.993 8304
382.006 8343
382.020 8413
382.034 8438
382.047 8487
382.061 8325
382.074 8395
382.088 8306
382.101 8306
382.115 8342
382.128 8521
382.142 8611
382.156 9029
382.169 9094
382.183 8950
382.196 8957
382.210 8824
382.223 8783
382.237 8880
382.250 8891
382.264 9001
382.278 9163
382.291 9022
382.305 9308
382.318 9282
382.332 9346
382.345 9108
382.359 9034
382.372 9087
382.386 9039
382.399 9070
382.413 9156
382.427 9228
382.440 9195
382.454 9352
382.467 9319
382.481 9446
382.494 9709
382.508 9926
382.521 9862
382.535 9919
382.548 9621
382.562 9915
382.576 9820
382.589 9923
382.603 10024
382.616 10088
382.630 10029
382.643 10199
382.657 10332
382.670 10369
382.684 10436
382.697 10338
382.711 10439
382.724 10568
382.738 10562
382.752 10665
382.765 10759
382.779 10913
382.792 10875
382.806 11015
382.819 11160
382.833 11261
382.846 11445
382.860 11311
382.873 11519
382.887 11619
382.900 11717
382.914 11869
382.928 11838
382.941 12097
382.955 12153
382.968 12178
382.982 12655
382.995 12470
383.009 12863
383.022 12589
383.036 12908
383.049 12933
383.063 13149
383.076 13210
383.090 13257
383.103 13252
383.117 13544
383.130 13656
383.144 13741
383.158 13828
383.171 14103
383.185 14115
383.198 14325
383.212 14560
383.225 14708
383.239 15003
383.252 15182
383.266 15396
383.279 15303
383.293 15698
383.306 15876
383.320 15977
383.333 16474
383.347 16653
383.360 16565
383.374 16638
383.387 16957
383.401 17005
383.414 17104
383.428 17079
383.441 17190
383.455 17264
383.468 17250
383.482 17560
383.496 18402
383.509 18475
383.523 18593
383.536 18681
383.550 18848
383.563 18962
383.577 19272
383.590 19604
383.604 19818
383.617 19536
383.631 19637
383.644 19316
383.658 19422
383.671 19743
383.685 19741
383.698 20168
383.712 20340
383.725 20522
383.739 20411
383.752 20379
383.766 20565
383.779 20826
383.793 20876
383.806 21180
383.820 21733
383.833 22022
383.847 22182
383.860 22646
383.874 22503
383.887 22069
383.901 22372
383.914 22703
383.928 22943
383.941 22881
383.955 22755
383.968 23017
383.982 23199
383.995 23085
384.009 23533
384.022 23853
384.036 23919
384.049 24096
384.063 24431
384.076 24940
384.090 25561
384.103 26240
384.117 26721
384.130 26518
384.144 25954
384.157 26099
384.171 26121
384.184 26442
384.198 26709
384.211 26826
384.225 27263
384.238 27910
384.252 28431
384.265 28907
384.279 28914
384.292 29448
384.306 29819
384.319 29691
384.333 29722
384.346 29996
384.360 30299
384.373 30630
384.387 30889
384.400 31118
384.414 31712
384.427 31983
384.441 32381
384.454 32596
384.468 32828
384.481 33319
384.495 33800
384.508 33875
384.522 34327
384.535 34774
384.549 35214
384.562 35551
384.575 36095
384.589 37294
384.602 38555
384.616 39111
384.629 39606
384.643 40411
384.656 40828
384.670 41220
384.683 40920
384.697 41630
384.710 41952
384.724 42276
384.737 43002
384.751 43533
384.764 44108
384.778 44602
384.791 45529
384.805 45820
384.818 46363
384.832 46620
384.845 46934
384.859 47568
384.872 47130
384.885 46713
384.899 46988
384.912 47479
384.926 47504
384.939 47759
384.953 47746
384.966 48059
384.980 48378
384.993 48648
385.007 48704
385.020 48564
385.034 48335
385.047 47957
385.061 48124
385.074 47790
385.088 47764
385.101 47429
385.114 46989
385.128 46832
385.141 46318
385.155 46328
385.168 47028
385.182 46894
385.195 45975
385.209 45068
385.222 43159
385.236 42211
385.249 41317
385.263 40239
385.276 38770
385.290 37410
385.303 36089
385.316 35120
385.330 34562
385.343 33713
385.357 32556
385.370 31485
385.384 30374
385.397 29520
385.411 28681
385.424 27945
385.438 27277
385.451 26538
385.464 26053
385.478 25470
385.491 24525
385.505 23737
385.518 23066
385.532 22347
385.545 21207
385.559 20153
385.572 19781
385.586 19322
385.599 18723
385.612 18383
385.626 17825
385.639 17012
385.653 16690
385.666 16546
385.680 15830
385.693 15005
385.707 14528
385.720 14235
385.734 13676
385.747 13195
385.760 12713
385.774 12238
385.787 12113
385.801 11532
385.814 10954
385.828 10612
385.841 10339
385.855 10170
385.868 9858
385.881 9549
385.895 9440
385.908 9122
385.922 8875
385.935 8732
385.949 8569
385.962 8245
385.976 8255
385.989 8071
386.002 8127
386.016 7973
386.029 7709
386.043 7657
386.056 7409
386.070 7253
386.083 7270
386.097 7125
386.110 6951
386.123 6926
386.137 6866
386.150 6733
386.164 6672
386.177 6435
386.191 6528
386.204 6342
386.217 6237
386.231 6162
386.244 6124
386.258 6058
386.271 6036
386.285 5920
386.298 5912
386.311 5857
386.325 5652
386.338 5605
386.352 5521
386.365 5466
386.379 5340
386.392 5393
386.405 5192
386.419 5238
386.432 5246
386.446 5211
386.459 5151
386.473 5115
386.486 5051
386.499 4977
386.513 4925
386.526 4813
386.540 4766
386.553 4716
386.567 4724
386.580 4773
386.593 4811
386.607 4878
386.620 4757
386.634 4756
386.647 4713
386.661 4634
386.674 4496
386.687 4530
386.701 4423
386.714 4361
386.728 4350
386.741 4339
386.754 4341
386.768 4296
386.781 4306
386.795 4140
386.808 4161
386.822 4125
386.835 4210
386.848 3985
386.862 4110
386.875 4145
386.889 4061
386.902 3924
386.915 3989
386.929 3984
386.942 4011
386.956 3988
386.969 3903
386.983 3824
386.996 3885
387.009 3842
387.023 3782
387.036 3778
387.050 3788
387.063 3867
387.076 3817
387.090 3833
387.103 3748
387.117 3767
387.130 3782
387.143 3788
387.157 3823
387.170 3715
387.184 3696
387.197 3698
387.210 3753
387.224 3638
387.237 3661
387.251 3675
387.264 3643
387.278 3590
387.291 3660
387.304 3660
387.318 3650
387.331 3637
387.345 3591
387.358 3624
387.371 3547
387.385 3607
387.398 3554
387.412 3496
387.425 3514
387.438 3461
387.452 3426
387.465 3416
387.478 3475
387.492 3437
387.505 3562
387.519 3515
387.532 3664
387.545 3661
387.559 3712
387.572 3646
387.586 3673
387.599 3678
387.612 3695
387.626 3719
387.639 3754
387.653 3768
387.666 3528
387.679 3473
387.693 3582
387.706 3584
387.720 3608
387.733 3618
387.746 3667
387.760 3750
387.773 3705
387.787 3681
387.800 3698
387.813 3710
387.827 3735
387.840 3670
387.853 3636
387.867 3701
387.880 3808
387.894 3813
387.907 3835
387.920 3796
387.934 3791
387.947 3771
387.961 3794
387.974 3760
387.987 3723
388.001 3735
388.014 3745
388.027 3760
388.041 3780
388.054 3730
388.068 3696
388.081 3732
388.094 3725
388.108 3713
388.121 3718
388.134 3652
388.148 3705
388.161 3648
388.175 3536
388.188 3524
388.201 3516
388.215 3451
388.228 3458
388.241 3413
388.255 3365
388.268 3348
388.282 3316
388.295 3268
388.308 3170
388.322 3096
388.335 3036
388.348 3013
388.362 2931
388.375 2917
388.389 2927
388.402 2846
388.415 2796
388.429 2821
388.442 2752
388.455 2713
388.469 2688
388.482 2704
388.495 2605
388.509 2562
388.522 2528
388.536 2486
388.549 2357
388.562 2335
388.576 2304
388.589 2273
388.602 2258
388.616 2252
388.629 2229
388.642 2162
388.656 2169
388.669 2099
388.683 2101
388.696 2121
388.709 2108
388.723 2087
388.736 2029
388.749 2026
388.763 1963
388.776 1936
388.789 1928
388.803 1938
388.816 1925
388.829 1910
388.843 1880
388.856 1803
388.870 1838
388.883 1866
388.896 1866
388.910 1835
388.923 1837
388.936 1888
388.950 1860
388.963 1883
388.976 1825
388.990 1842
389.003 1836
389.016 1834
389.030 1848
389.043 1836
389.056 1822
389.070 1842
389.083 1865
389.097 1789
389.110 1836
389.123 1845
389.137 1762
389.150 1808
389.163 1866
389.177 1861
389.190 1878
389.203 1847
389.217 1873
389.230 1898
389.243 1855
389.257 1849
389.270 1893
389.283 1888
389.297 1889
389.310 1877
389.323 1844
389.337 1933
389.350 1860
389.363 1885
389.377 1856
389.390 1893
389.403 1905
389.417 1873
389.430 1909
389.443 1887
389.457 1855
389.470 1866
389.483 1879
389.497 1867
389.510 1885
389.523 1849
389.537 1837
389.550 1803
389.563 1749
389.577 1749
389.590 1716
389.603 1722
389.617 1680
389.630 1685
389.643 1686
389.657 1659
389.670 1670
389.683 1641
389.697 1589
389.710 1595
389.723 1614
389.737 1634
389.750 1565
389.763 1549
389.777 1555
389.790 1528
389.803 1501
389.817 1503
389.830 1477
389.843 1487
389.857 1438
389.870 1391
389.883 1420
389.897 1402
389.910 1406
389.923 1434
389.937 1412
389.950 1417
389.963 1430
389.977 1409
389.990 1393
390.003 1387
390.017 1439
390.030 1419
390.043 1376
390.057 1351
390.070 1382
390.083 1328
390.096 1380
390.110 1333
390.123 1352
390.136 1361
390.150 1323
390.163 1347
390.176 1326
390.190 1328
390.203 1316
390.216 1309
390.230 1301
390.243 1310
390.256 1285
390.270 1300
390.283 1306
390.296 1293
390.310 1292
390.323 1317
390.336 1307
390.349 1270
390.363 1300
390.376 1313
390.389 1280
390.403 1269
390.416 1273
390.429 1257
390.443 1281
390.456 1269
390.469 1244
390.483 1210
390.496 1241
390.509 1255
390.522 1224
390.536 1258
390.549 1235
390.562 1208
390.576 1207
390.589 1265
390.602 1232
390.616 1175
390.629 1236
390.642 1232
390.655 1223
390.669 1218
390.682 1220
390.695 1242
390.709 1207
390.722 1218
390.735 1213
390.749 1209
390.762 1158
390.775 1150
390.788 1194
390.802 1173
390.815 1182
390.828 1152
390.842 1168
390.855 1191
390.868 1154
390.882 1189
390.895 1145
390.908 1158
390.921 1158
390.935 1156
390.948 1141
390.961 1178
390.975 1145
390.988 1143
391.001 1155
391.014 1132
391.028 1146
391.041 1113
391.054 1121
391.068 1134
391.081 1104
391.094 1086
391.107 1126
391.121 1092
391.134 1077
391.147 1115
391.161 1051
391.174 1081
391.187 1055
391.200 1071
391.214 1059
391.227 1044
391.240 1053
391.254 1048
391.267 1060
391.280 1000
391.293 1022
391.307 1011
391.320 1042
391.333 1017
391.347 1022
391.360 981
391.373 1031
391.386 983
391.400 990
391.413 1005
391.426 997
391.440 995
391.453 980
391.466 976
391.479 974
391.493 998
391.506 992
391.519 954
391.532 973
391.546 944
391.559 966
391.572 977
391.586 954
391.599 929
391.612 929
391.625 935
391.639 958
391.652 953
391.665 947
391.678 951
391.692 934
391.705 951
391.718 931
391.732 908
391.745 911
391.758 937
391.771 921
391.785 922
391.798 915
391.811 900
391.824 906
391.838 913
391.851 904
391.864 877
391.877 905
391.891 898
391.904 900
391.917 866
391.931 899
391.944 904
391.957 902
391.970 893
391.984 869
391.997 882
392.010 900
392.023 888
392.037 846
392.050 875
392.063 890
392.076 883
392.090 846
392.103 875
392.116 881
392.129 873
392.143 865
392.156 873
392.169 865
392.182 866
392.196 854
392.209 869
392.222 857
392.235 850
392.249 860
392.262 845
392.275 840
392.288 862
392.302 846
392.315 848
392.328 851
392.341 866
392.355 867
392.368 839
392.381 846
392.394 844
392.408 841
392.421 838
392.434 827
392.447 844
392.461 852
392.474 869
392.487 838
392.500 845
392.514 843
392.527 843
392.540 829
392.553 846
392.567 843
392.580 825
392.593 842
392.606 844
392.620 831
392.633 837
392.646 834
392.659 824
392.673 827
392.686 818
392.699 833
392.712 828
392.726 840
392.739 822
392.752 822
392.765 813
392.778 808
392.792 808
392.805 803
392.818 823
392.831 811
392.845 819
392.858 819
392.871 806
392.884 839
392.898 830
392.911 836
392.924 834
392.937 816
392.951 835
392.964 827
392.977 825
392.990 827
393.003 802
393.017 811
393.030 823
393.043 824
393.056 809
393.070 802
393.083 821
393.096 816
393.109 822
393.122 819
393.136 818
393.149 822
393.162 798
393.175 828
393.189 821
393.202 828
393.215 812
393.228 815
393.242 798
393.255 804
393.268 810
393.281 816
393.294 809
393.308 801
393.321 801
393.334 812
393.347 805
393.360 801
393.374 806
393.387 803
393.400 807
393.413 798
393.427 792
393.440 795
393.453 804
393.466 818
393.479 804
393.493 794
393.506 793
393.519 817
393.532 808
393.546 806
393.559 814
393.572 817
393.585 816
393.598 797
393.612 819
393.625 805
393.638 814
393.651 790
393.664 810
393.678 806
393.691 803
393.704 813
393.717 804
393.730 800
393.744 807
393.757 796
393.770 792
393.783 795
393.796 781
393.810 812
393.823 785
393.836 811
393.849 790
393.863 800
393.876 807
393.889 786
393.902 814
393.915 811
393.929 780
