375.891 706
375.905 698
375.919 717
375.933 717
375.946 713
375.960 729
375.974 727
375.987 717
376.001 712
376.015 728
376.029 713
376.042 734
376.056 730
376.070 721
376.084 729
376.097 713
376.111 737
376.125 732
376.139 745
376.152 733
376.166 738
376.180 740
376.193 754
376.207 745
376.221 743
376.235 735
376.248 741
376.262 753
376.276 756
376.290 753
376.303 746
376.317 765
376.331 747
376.345 769
376.358 778
376.372 758
376.386 772
376.399 758
376.413 770
376.427 772
376.441 760
376.454 777
376.468 784
376.482 776
376.495 780
376.509 782
376.523 787
376.537 788
376.550 804
376.564 794
376.578 807
376.592 809
376.605 807
376.619 804
376.633 802
376.646 788
376.660 808
376.674 805
376.688 807
376.701 817
376.715 820
376.729 826
376.742 805
376.756 832
376.770 820
376.784 840
376.797 840
376.811 841
376.825 844
376.838 848
376.852 843
376.866 846
376.880 863
376.893 851
376.907 871
376.921 850
376.934 881
376.948 861
376.962 860
376.976 879
376.989 886
377.003 893
377.017 898
377.030 892
377.044 910
377.058 915
377.071 943
377.085 931
377.099 912
377.113 906
377.126 922
377.140 923
377.154 930
377.167 948
377.181 951
377.195 940
377.208 961
377.222 926
377.236 960
377.250 957
377.263 955
377.277 965
377.291 965
377.304 988
377.318 982
377.332 978
377.345 1001
377.359 998
377.373 1024
377.387 1039
377.400 1017
377.414 1007
377.428 1004
377.441 1020
377.455 1035
377.469 1028
377.482 1043
377.496 1038
377.510 1059
377.524 1085
377.537 1077
377.551 1075
377.565 1070
377.578 1070
377.592 1056
377.606 1092
377.619 1081
377.633 1086
377.647 1107
377.660 1090
377.674 1107
377.688 1104
377.701 1142
377.715 1115
377.729 1112
377.743 1119
377.756 1141
377.770 1136
377.784 1155
377.797 1124
377.811 1120
377.825 1162
377.838 1145
377.852 1162
377.866 1172
377.879 1182
377.893 1182
377.907 1184
377.920 1189
377.934 1177
377.948 1159
377.961 1181
377.975 1214
377.989 1222
378.002 1209
378.016 1223
378.030 1236
378.044 1168
378.057 1249
378.071 1248
378.085 1227
378.098 1201
378.112 1242
378.126 1229
378.139 1255
378.153 1259
378.167 1254
378.180 1284
378.194 1235
378.208 1278
378.221 1263
378.235 1255
378.249 1300
378.262 1268
378.276 1290
378.290 1288
378.303 1284
378.317 1295
378.331 1272
378.344 1311
378.358 1331
378.372 1307
378.385 1316
378.399 1353
378.413 1324
378.426 1355
378.440 1351
378.454 1338
378.467 1366
378.481 1340
378.495 1343
378.508 1365
378.522 1380
378.536 1377
378.549 1394
378.563 1380
378.577 1386
378.590 1362
378.604 1364
378.618 1388
378.631 1416
378.645 1416
378.659 1435
378.672 1463
378.686 1463
378.700 1502
378.713 1499
378.727 1470
378.740 1495
378.754 1470
378.768 1508
378.781 1524
378.795 1521
378.809 1525
378.822 1498
378.836 1493
378.850 1519
378.863 1512
378.877 1541
378.891 1536
378.904 1511
378.918 1504
378.932 1529
378.945 1542
378.959 1496
378.973 1520
378.986 1555
379.000 1564
379.014 1540
379.027 1529
379.041 1535
379.054 1525
379.068 1585
379.082 1515
379.095 1572
379.109 1572
379.123 1580
379.136 1594
379.150 1602
379.164 1596
379.177 1615
379.191 1654
379.205 1589
379.218 1635
379.232 1649
379.245 1583
379.259 1616
379.273 1686
379.286 1682
379.300 1671
379.314 1682
379.327 1681
379.341 1716
379.355 1694
379.368 1683
379.382 1698
379.396 1764
379.409 1715
379.423 1736
379.436 1771
379.450 1753
379.464 1780
379.477 1796
379.491 1746
379.505 1824
379.518 1793
379.532 1823
379.546 1822
379.559 1870
379.573 1818
379.586 1897
379.600 1904
379.614 1912
379.627 1894
379.641 1948
379.655 1979
379.668 1949
379.682 1959
379.695 1958
379.709 1975
379.723 1968
379.736 2028
379.750 2146
379.764 2114
379.777 2168
379.791 2155
379.804 2181
379.818 2170
379.832 2151
379.845 2134
379.859 2148
379.873 2160
379.886 2153
379.900 2217
379.913 2205
379.927 2214
379.941 2300
379.954 2349
379.968 2330
379.982 2340
379.995 2373
380.009 2338
380.022 2415
380.036 2412
380.050 2453
380.063 2539
380.077 2620
380.090 2611
380.104 2655
380.118 2670
380.131 2703
380.145 2771
380.159 2785
380.172 2706
380.186 2865
380.199 2906
380.213 2907
380.227 3000
380.240 3003
380.254 3002
380.267 2955
380.281 3023
380.295 3074
380.308 3099
380.322 3135
380.336 3199
380.349 3192
380.363 3270
380.376 3263
380.390 3369
380.404 3359
380.417 3403
380.431 3416
380.444 3526
380.458 3468
380.472 3562
380.485 3594
380.499 3597
380.512 3652
380.526 3657
380.540 3760
380.553 3701
380.567 3835
380.580 3828
380.594 3910
380.608 3914
380.621 4173
380.635 4193
380.648 4081
380.662 4247
380.676 4295
380.689 4286
380.703 4401
380.716 4390
380.730 4441
380.744 4500
380.757 4575
380.771 4698
380.784 4767
380.798 4756
380.812 4816
380.825 4827
380.839 4895
380.852 5027
380.866 5048
380.880 5167
380.893 5055
380.907 5027
380.920 5032
380.934 5225
380.948 5287
380.961 5417
380.975 5386
380.988 5400
381.002 5459
381.015 5419
381.029 5484
381.043 5579
381.056 5722
381.070 5629
381.083 5708
381.097 5814
381.111 5806
381.124 5978
381.138 5996
381.151 5995
381.165 6045
381.179 6114
381.192 6074
381.206 6056
381.219 6015
381.233 6150
381.246 6261
381.260 6271
381.274 6224
381.287 6397
381.301 6402
381.314 6406
381.328 6498
381.341 6446
381.355 6535
381.369 6578
381.382 6722
381.396 6614
381.409 6678
381.423 6749
381.437 6732
381.450 6946
381.464 6777
381.477 6998
381.491 7049
381.504 7006
381.518 7054
381.532 7189
381.545 7207
381.559 7448
381.572 7367
381.586 7438
381.599 7473
381.613 7457
381.627 7536
381.640 7611
381.654 7635
381.667 7586
381.681 7591
381.694 7463
381.708 7363
381.722 7405
381.735 7404
381.749 7428
381.762 7501
381.776 7511
381.789 7446
381.803 7475
381.817 7573
381.830 7480
381.844 7534
381.857 7660
381.871 7721
381.884 7842
381.898 7746
381.911 7803
381.925 7730
381.939 7861
381.952 7790
381.966 7933
381.979 7815
381.993 7978
382.006 8095
382.020 8097
382.034 8237
382.047 8210
382.061 8173
382.074 8012
382.088 8118
382.101 8141
382.115 8093
382.128 7968
382.142 8342
382.156 8697
382.169 8646
382.183 8496
382.196 8665
382.210 8694
382.223 8564
382.237 8557
382.250 8601
382.264 8804
382.278 8646
382.291 8890
382.305 8896
382.318 8857
382.332 9131
382.345 8797
382.359 8674
382.372 8675
382.386 8650
382.399 8942
382.413 8813
382.427 8880
382.440 8953
382.454 8947
382.467 9070
382.481 9205
382.494 9469
382.508 9562
382.521 9590
382.535 9523
382.548 9553
382.562 9474
382.576 9658
382.589 9756
382.603 9761
382.616 9792
382.630 9817
382.643 10006
382.657 9972
382.670 10109
382.684 10190
382.697 10082
382.711 10214
382.724 10308
382.738 10334
382.752 10302
382.765 10479
382.779 10508
382.792 10708
382.806 10737
382.819 10824
382.833 11035
382.846 11015
382.860 11249
382.873 11103
382.887 11201
382.900 11445
382.914 11550
382.928 11628
382.941 11660
382.955 11817
382.968 12061
382.982 12151
382.995 12268
383.009 12361
383.022 12400
383.036 12615
383.049 12697
383.063 12732
383.076 12984
383.090 12852
383.103 13049
383.117 13104
383.130 13199
383.144 13449
383.158 13709
383.171 13890
383.185 13758
383.198 14021
383.212 14346
383.225 14533
383.239 14631
383.252 14999
383.266 15098
383.279 15051
383.293 15344
383.306 15292
383.320 15587
383.333 16240
383.347 16327
383.360 16341
383.374 16414
383.387 16583
383.401 16871
383.414 16805
383.428 16613
383.441 16901
383.455 16885
383.468 17159
383.482 17396
383.496 18109
383.509 18046
383.523 18162
383.536 18180
383.550 18177
383.563 18629
383.577 18813
383.590 19248
383.604 19209
383.617 19089
383.631 19186
383.644 18980
383.658 18961
383.671 19268
383.685 19530
383.698 19826
383.712 20034
383.725 20218
383.739 20099
383.752 20307
383.766 20311
383.779 20351
383.793 20733
383.806 20810
383.820 21669
383.833 21410
383.847 21604
383.860 22065
383.874 21966
383.887 21568
383.901 21625
383.914 22094
383.928 22544
383.941 22640
383.955 22362
383.968 22689
383.982 22726
383.995 22976
384.009 22813
384.022 23230
384.036 23367
384.049 23489
384.063 23836
384.076 24530
384.090 25069
384.103 25519
384.117 26008
384.130 25821
384.144 25482
384.157 25554
384.171 25449
384.184 25646
384.198 25967
384.211 26208
384.225 26314
384.238 27316
384.252 27703
384.265 27992
384.279 28122
384.292 28424
384.306 28739
384.319 28912
384.333 28924
384.346 29300
384.360 29474
384.373 29514
384.387 29962
384.400 30183
384.414 30528
384.427 31231
384.441 31332
384.454 31581
384.468 31960
384.481 32359
384.495 32529
384.508 32885
384.522 33650
384.535 33767
384.549 34083
384.562 34291
384.575 35214
384.589 36042
384.602 37045
384.616 37831
384.629 38532
384.643 38725
384.656 39880
384.670 40077
384.683 39630
384.697 40562
384.710 40811
384.724 41757
384.737 42090
384.751 42409
384.764 43210
384.778 43971
384.791 44570
384.805 45197
384.818 45797
384.832 45610
384.845 46730
384.859 47091
384.872 46913
384.885 46788
384.899 46852
384.912 47341
384.926 47129
384.939 47586
384.953 47848
384.966 48298
384.980 48522
384.993 48918
385.007 48674
385.020 48858
385.034 48836
385.047 48770
385.061 48520
385.074 48360
385.088 47878
385.101 48112
385.114 47644
385.128 47793
385.141 47800
385.155 47485
385.168 47684
385.182 47988
385.195 47350
385.209 47067
385.222 44901
385.236 44243
385.249 43448
385.263 42484
385.276 41393
385.290 40182
385.303 39128
385.316 37897
385.330 37737
385.343 36932
385.357 35861
385.370 34786
385.384 33728
385.397 33077
385.411 32142
385.424 31130
385.438 30505
385.451 29540
385.464 29308
385.478 28356
385.491 27712
385.505 26784
385.518 25851
385.532 25200
385.545 23830
385.559 22909
385.572 22264
385.586 21614
385.599 21144
385.612 20680
385.626 19956
385.639 18769
385.653 18830
385.666 18445
385.680 17663
385.693 16871
385.707 16264
385.720 15745
385.734 15141
385.747 14500
385.760 13920
385.774 13559
385.787 13309
385.801 12624
385.814 11896
385.828 11369
385.841 11165
385.855 10765
385.868 10556
385.881 10310
385.895 9947
385.908 9771
385.922 9357
385.935 9164
385.949 9025
385.962 8745
385.976 8530
385.989 8442
386.002 8344
386.016 8275
386.029 8159
386.043 7816
386.056 7721
386.070 7356
386.083 7298
386.097 7275
386.110 7104
386.123 7013
386.137 7026
386.150 6736
386.164 6698
386.177 6481
386.191 6508
386.204 6379
386.217 6195
386.231 6254
386.244 6119
386.258 6192
386.271 5998
386.285 5983
386.298 5946
386.311 5844
386.325 5603
386.338 5591
386.352 5511
386.365 5521
386.379 5333
386.392 5283
386.405 5233
386.419 5167
386.432 5118
386.446 5071
386.459 5173
386.473 5080
386.486 4907
386.499 4851
386.513 4922
386.526 4796
386.540 4777
386.553 4725
386.567 4812
386.580 4803
386.593 4825
386.607 4841
386.620 4805
386.634 4814
386.647 4668
386.661 4603
386.674 4619
386.687 4485
386.701 4395
386.714 4379
386.728 4447
386.741 4319
386.754 4356
386.768 4366
386.781 4208
386.795 4230
386.808 4118
386.822 4153
386.835 4133
386.848 4068
386.862 4021
386.875 4004
386.889 4022
386.902 4026
386.915 3999
386.929 3929
386.942 3930
386.956 3895
386.969 3943
386.983 3865
386.996 3867
387.009 3824
387.023 3865
387.036 3859
387.050 3881
387.063 3814
387.076 3829
387.090 3788
387.103 3784
387.117 3786
387.130 3781
387.143 3903
387.157 3800
387.170 3790
387.184 3654
387.197 3790
387.210 3756
387.224 3710
387.237 3660
387.251 3673
387.264 3603
387.278 3601
387.291 3641
387.304 3650
387.318 3644
387.331 3620
387.345 3635
387.358 3649
387.371 3590
387.385 3482
387.398 3596
387.412 3508
387.425 3548
387.438 3489
387.452 3512
387.465 3459
387.478 3447
387.492 3541
387.505 3516
387.519 3582
387.532 3622
387.545 3732
387.559 3824
387.572 3839
387.586 3753
387.599 3724
387.612 3853
387.626 3818
387.639 3805
387.653 3852
387.666 3691
387.679 3644
387.693 3599
387.706 3671
387.720 3736
387.733 3839
387.746 3856
387.760 3820
387.773 3867
387.787 3940
387.800 3927
387.813 3867
387.827 3846
387.840 3833
387.853 3801
387.867 3820
387.880 3977
387.894 4016
387.907 4040
387.920 4024
387.934 4009
387.947 4026
387.961 4065
387.974 4083
387.987 3972
388.001 4005
388.014 4104
388.027 4132
388.041 4187
388.054 4153
388.068 4139
388.081 4242
388.094 4226
388.108 4258
388.121 4316
388.134 4240
388.148 4322
388.161 4198
388.175 4138
388.188 4132
388.201 4087
388.215 4105
388.228 4132
388.241 3988
388.255 3955
388.268 3896
388.282 3858
388.295 3822
388.308 3753
388.322 3562
388.335 3536
388.348 3422
388.362 3433
388.375 3356
388.389 3289
388.402 3251
388.415 3186
388.429 3115
388.442 3083
388.455 3027
388.469 3024
388.482 2911
388.495 2951
388.509 2863
388.522 2818
388.536 2753
388.549 2625
388.562 2539
388.576 2437
388.589 2449
388.602 2430
388.616 2410
388.629 2403
388.642 2375
388.656 2273
388.669 2229
388.683 2271
388.696 2232
388.709 2229
388.723 2186
388.736 2173
388.749 2010
388.763 2070
388.776 2079
388.789 2065
388.803 1994
388.816 1992
388.829 1970
388.843 1941
388.856 1950
388.870 1946
388.883 1902
388.896 1878
388.910 1927
388.923 1878
388.936 1964
388.950 1953
388.963 1927
388.976 1855
388.990 1907
389.003 1927
389.016 1922
389.030 1969
389.043 1886
389.056 1957
389.070 1936
389.083 1883
389.097 1879
389.110 1862
389.123 1891
389.137 1932
389.150 1869
389.163 1946
389.177 1944
389.190 1932
389.203 1971
389.217 1946
389.230 1966
389.243 1973
389.257 1971
389.270 1964
389.283 2004
389.297 2011
389.310 1952
389.323 2008
389.337 2024
389.350 1976
389.363 2028
389.377 2021
389.390 2007
389.403 2034
389.417 1972
389.430 2004
389.443 2002
389.457 1956
389.470 1993
389.483 1956
389.497 1991
389.510 1931
389.523 1929
389.537 1967
389.550 1905
389.563 1832
389.577 1812
389.590 1841
389.603 1749
389.617 1787
389.630 1702
389.643 1698
389.657 1724
389.670 1698
389.683 1653
389.697 1639
389.710 1636
389.723 1620
389.737 1617
389.750 1578
389.763 1592
389.777 1545
389.790 1554
389.803 1552
389.817 1514
389.830 1484
389.843 1476
389.857 1440
389.870 1439
389.883 1392
389.897 1393
389.910 1416
389.923 1414
389.937 1441
389.950 1441
389.963 1412
389.977 1415
389.990 1404
390.003 1406
390.017 1433
390.030 1393
390.043 1356
390.057 1382
390.070 1348
390.083 1331
390.096 1328
390.110 1359
390.123 1341
390.136 1364
390.150 1327
390.163 1317
390.176 1358
390.190 1327
390.203 1313
390.216 1287
390.230 1296
390.243 1275
390.256 1301
390.270 1297
390.283 1270
390.296 1304
390.310 1305
390.323 1320
390.336 1285
390.349 1283
390.363 1286
390.376 1314
390.389 1304
390.403 1274
390.416 1275
390.429 1266
390.443 1263
390.456 1248
390.469 1258
390.483 1222
390.496 1219
390.509 1235
390.522 1218
390.536 1250
390.549 1246
390.562 1205
390.576 1214
390.589 1235
390.602 1253
390.616 1231
390.629 1200
390.642 1207
390.655 1200
390.669 1210
390.682 1205
390.695 1240
390.709 1187
390.722 1202
390.735 1207
390.749 1179
390.762 1188
390.775 1182
390.788 1171
390.802 1201
390.815 1175
390.828 1196
390.842 1168
390.855 1166
390.868 1181
390.882 1137
390.895 1130
390.908 1173
390.921 1160
390.935 1140
390.948 1179
390.961 1143
390.975 1113
390.988 1130
391.001 1154
391.014 1142
391.028 1130
391.041 1114
391.054 1114
391.068 1127
391.081 1148
391.094 1133
391.107 1107
391.121 1099
391.134 1103
391.147 1108
391.161 1082
391.174 1087
391.187 1091
391.200 1060
391.214 1063
391.227 1077
391.240 1074
391.254 1069
391.267 1042
391.280 1069
391.293 1026
391.307 1038
391.320 1038
391.333 1040
391.347 998
391.360 1003
391.373 1015
391.386 1026
391.400 1017
391.413 1019
391.426 1018
391.440 986
391.453 1001
391.466 1004
391.479 994
391.493 992
391.506 981
391.519 983
391.532 988
391.546 980
391.559 957
391.572 996
391.586 956
391.599 951
391.612 950
391.625 928
391.639 918
391.652 976
391.665 957
391.678 958
391.692 952
391.705 953
391.718 938
391.732 934
391.745 950
391.758 911
391.771 907
391.785 939
391.798 938
391.811 923
391.824 919
391.838 910
391.851 914
391.864 914
391.877 891
391.891 882
391.904 875
391.917 908
391.931 903
391.944 892
391.957 909
391.970 900
391.984 906
391.997 899
392.010 916
392.023 909
392.037 891
392.050 895
392.063 881
392.076 849
392.090 881
392.103 890
392.116 852
392.129 883
392.143 889
392.156 886
392.169 890
392.182 879
392.196 857
392.209 864
392.222 880
392.235 853
392.249 862
392.262 859
392.275 855
392.288 860
392.302 869
392.315 865
392.328 874
392.341 845
392.355 857
392.368 863
392.381 832
392.394 867
392.408 852
392.421 866
392.434 857
392.447 858
392.461 861
392.474 854
392.487 859
392.500 850
392.514 850
392.527 852
392.540 863
392.553 839
392.567 842
392.580 831
392.593 858
392.606 833
392.620 840
392.633 833
392.646 836
392.659 810
392.673 839
392.686 835
392.699 826
392.712 829
392.726 839
392.739 839
392.752 837
392.765 813
392.778 841
392.792 827
392.805 811
392.818 831
392.831 847
392.845 828
392.858 840
392.871 811
392.884 821
392.898 851
392.911 824
392.924 825
392.937 842
392.951 842
392.964 844
392.977 820
392.990 818
393.003 830
393.017 833
393.030 823
393.043 819
393.056 827
393.070 823
393.083 817
393.096 806
393.109 828
393.122 836
393.136 817
393.149 831
393.162 831
393.175 804
393.189 820
393.202 808
393.215 836
393.228 807
393.242 823
393.255 802
393.268 819
393.281 826
393.294 813
393.308 800
393.321 815
393.334 825
393.347 824
393.360 808
393.374 820
393.387 810
393.400 811
393.413 811
393.427 825
393.440 809
393.453 806
393.466 803
393.479 821
393.493 813
393.506 810
393.519 813
393.532 823
393.546 818
393.559 817
393.572 813
393.585 825
393.598 816
393.612 822
393.625 810
393.638 806
393.651 813
393.664 813
393.678 827
393.691 825
393.704 818
393.717 821
393.730 812
393.744 813
393.757 836
393.770 803
393.783 801
393.796 826
393.810 816
393.823 813
393.836 803
393.849 825
393.863 819
393.876 802
393.889 801
393.902 811
393.915 807
393.929 817
