375.891 715
375.905 715
375.919 722
375.933 708
375.946 708
375.960 720
375.974 729
375.987 703
376.001 727
376.015 734
376.029 716
376.042 720
376.056 719
376.070 724
376.084 738
376.097 725
376.111 733
376.125 735
376.139 734
376.152 748
376.166 737
376.180 752
376.193 752
376.207 732
376.221 746
376.235 757
376.248 756
376.262 741
376.276 749
376.290 757
376.303 751
376.317 745
376.331 762
376.345 757
376.358 751
376.372 752
376.386 762
376.399 742
376.413 767
376.427 760
376.441 771
376.454 775
376.468 758
376.482 767
376.495 774
376.509 778
376.523 768
376.537 789
376.550 800
376.564 783
376.578 795
376.592 805
376.605 783
376.619 802
376.633 796
376.646 786
376.660 790
376.674 793
376.688 798
376.701 807
376.715 804
376.729 821
376.742 808
376.756 818
376.770 830
376.784 807
376.797 827
376.811 818
376.825 838
376.838 846
376.852 848
376.866 842
376.880 863
376.893 839
376.907 850
376.921 830
376.934 853
376.948 852
376.962 848
376.976 857
376.989 870
377.003 881
377.017 898
377.030 891
377.044 900
377.058 901
377.071 909
377.085 894
377.099 880
377.113 908
377.126 899
377.140 917
377.154 916
377.167 932
377.181 935
377.195 928
377.208 921
377.222 944
377.236 944
377.250 932
377.263 941
377.277 962
377.291 948
377.304 977
377.318 964
377.332 941
377.345 975
377.359 949
377.373 974
377.387 971
377.400 986
377.414 1013
377.428 1002
377.441 992
377.455 1028
377.469 1013
377.482 1012
377.496 1024
377.510 1060
377.524 1063
377.537 1063
377.551 1046
377.565 1040
377.578 1031
377.592 1045
377.606 1061
377.619 1040
377.633 1053
377.647 1077
377.660 1060
377.674 1073
377.688 1084
377.701 1064
377.715 1088
377.729 1103
377.743 1094
377.756 1118
377.770 1113
377.784 1138
377.797 1118
377.811 1097
377.825 1138
377.838 1122
377.852 1113
377.866 1143
377.879 1160
377.893 1141
377.907 1148
377.920 1153
377.934 1152
377.948 1153
377.961 1163
377.975 1147
377.989 1171
378.002 1189
378.016 1185
378.030 1156
378.044 1152
378.057 1194
378.071 1210
378.085 1183
378.098 1202
378.112 1184
378.126 1222
378.139 1234
378.153 1211
378.167 1231
378.180 1232
378.194 1254
378.208 1246
378.221 1220
378.235 1269
378.249 1254
378.262 1260
378.276 1232
378.290 1249
378.303 1275
378.317 1299
378.331 1280
378.344 1257
378.358 1270
378.372 1290
378.385 1303
378.399 1296
378.413 1350
378.426 1295
378.440 1319
378.454 1356
378.467 1305
378.481 1345
378.495 1330
378.508 1345
378.522 1338
378.536 1328
378.549 1365
378.563 1346
378.577 1368
378.590 1400
378.604 1330
378.618 1376
378.631 1394
378.645 1365
378.659 1401
378.672 1391
378.686 1377
378.700 1441
378.713 1476
378.727 1461
378.740 1477
378.754 1439
378.768 1481
378.781 1492
378.795 1490
378.809 1487
378.822 1498
378.836 1514
378.850 1424
378.863 1465
378.877 1471
378.891 1505
378.904 1536
378.918 1509
378.932 1481
378.945 1498
378.959 1467
378.973 1500
378.986 1547
379.000 1498
379.014 1488
379.027 1545
379.041 1494
379.054 1538
379.068 1532
379.082 1557
379.095 1576
379.109 1537
379.123 1568
379.136 1561
379.150 1548
379.164 1615
379.177 1559
379.191 1577
379.205 1583
379.218 1573
379.232 1591
379.245 1664
379.259 1620
379.273 1637
379.286 1637
379.300 1667
379.314 1642
379.327 1620
379.341 1672
379.355 1670
379.368 1665
379.382 1688
379.396 1692
379.409 1707
379.423 1727
379.436 1737
379.450 1746
379.464 1755
379.477 1772
379.491 1768
379.505 1787
379.518 1805
379.532 1808
379.546 1791
379.559 1809
379.573 1793
379.586 1820
379.600 1882
379.614 1891
379.627 1913
379.641 1879
379.655 1931
379.668 1908
379.682 1900
379.695 1897
379.709 1922
379.723 1952
379.736 2000
379.750 2101
379.764 2084
379.777 2124
379.791 2174
379.804 2141
379.818 2175
379.832 2119
379.845 2086
379.859 2065
379.873 2122
379.886 2150
379.900 2185
379.913 2237
379.927 2206
379.941 2226
379.954 2300
379.968 2349
379.982 2325
379.995 2315
380.009 2361
380.022 2319
380.036 2400
380.050 2419
380.063 2457
380.077 2563
380.090 2624
380.104 2629
380.118 2600
380.131 2685
380.145 2711
380.159 2737
380.172 2754
380.186 2783
380.199 2849
380.213 2903
380.227 2921
380.240 2986
380.254 2936
380.267 2920
380.281 2939
380.295 2983
380.308 3074
380.322 3049
380.336 3125
380.349 3178
380.363 3130
380.376 3197
380.390 3298
380.404 3222
380.417 3272
380.431 3417
380.444 3467
380.458 3446
380.472 3487
380.485 3562
380.499 3576
380.512 3584
380.526 3629
380.540 3731
380.553 3761
380.567 3753
380.580 3814
380.594 3887
380.608 3940
380.621 4133
380.635 4146
380.648 4154
380.662 4192
380.676 4228
380.689 4280
380.703 4299
380.716 4344
380.730 4408
380.744 4496
380.757 4567
380.771 4625
380.784 4709
380.798 4633
380.812 4738
380.825 4743
380.839 4837
380.852 4932
380.866 5059
380.880 5127
380.893 4978
380.907 5034
380.920 5102
380.934 5189
380.948 5177
380.961 5288
380.975 5350
380.988 5401
381.002 5400
381.015 5380
381.029 5455
381.043 5548
381.056 5587
381.070 5553
381.083 5650
381.097 5676
381.111 5707
381.124 5754
381.138 5820
381.151 5937
381.165 5964
381.179 5995
381.192 5960
381.206 5901
381.219 5970
381.233 6084
381.246 6044
381.260 6143
381.274 6065
381.287 6243
381.301 6271
381.314 6284
381.328 6354
381.341 6396
381.355 6350
381.369 6441
381.382 6428
381.396 6504
381.409 6501
381.423 6664
381.437 6595
381.450 6645
381.464 6853
381.477 6833
381.491 6947
381.504 6886
381.518 6937
381.532 6957
381.545 7010
381.559 7297
381.572 7351
381.586 7382
381.599 7167
381.613 7328
381.627 7323
381.640 7337
381.654 7453
381.667 7464
381.681 7445
381.694 7452
381.708 7239
381.722 7202
381.735 7277
381.749 7392
381.762 7330
381.776 7333
381.789 7433
381.803 7301
381.817 7337
381.830 7447
381.844 7437
381.857 7485
381.871 7525
381.884 7516
381.898 7522
381.911 7526
381.925 7533
381.939 7730
381.952 7662
381.966 7682
381.979 7761
381.993 7905
382.006 7979
382.020 7993
382.034 8088
382.047 7918
382.061 7901
382.074 7935
382.088 7954
382.101 7883
382.115 8063
382.128 8028
382.142 8258
382.156 8541
382.169 8498
382.183 8450
382.196 8418
382.210 8421
382.223 8367
382.237 8347
382.250 8449
382.264 8418
382.278 8519
382.291 8563
382.305 8660
382.318 8868
382.332 8834
382.345 8651
382.359 8540
382.372 8493
382.386 8651
382.399 8642
382.413 8621
382.427 8676
382.440 8767
382.454 8735
382.467 8862
382.481 9074
382.494 9223
382.508 9288
382.521 9450
382.535 9369
382.548 9333
382.562 9303
382.576 9344
382.589 9299
382.603 9488
382.616 9559
382.630 9578
382.643 9579
382.657 9775
382.670 9885
382.684 9891
382.697 9843
382.711 9795
382.724 10072
382.738 10109
382.752 10076
382.765 10279
382.779 10332
382.792 10248
382.806 10506
382.819 10574
382.833 10628
382.846 10640
382.860 10777
382.873 10863
382.887 10827
382.900 11160
382.914 11086
382.928 11222
382.941 11420
382.955 11580
382.968 11696
382.982 11865
382.995 11941
383.009 11943
383.022 12042
383.036 12012
383.049 12278
383.063 12531
383.076 12503
383.090 12508
383.103 12706
383.117 12842
383.130 12882
383.144 13027
383.158 13153
383.171 13283
383.185 13480
383.198 13645
383.212 13841
383.225 14056
383.239 14137
383.252 14334
383.266 14270
383.279 14565
383.293 14715
383.306 14806
383.320 15148
383.333 15608
383.347 15657
383.360 15670
383.374 15642
383.387 15904
383.401 16034
383.414 16091
383.428 16039
383.441 16360
383.455 16280
383.468 16280
383.482 16586
383.496 17141
383.509 17301
383.523 17264
383.536 17339
383.550 17473
383.563 17923
383.577 17961
383.590 18249
383.604 18349
383.617 18149
383.631 18325
383.644 18096
383.658 18393
383.671 18301
383.685 18558
383.698 18589
383.712 19173
383.725 19146
383.739 19047
383.752 19041
383.766 19103
383.779 19336
383.793 19527
383.806 19600
383.820 20286
383.833 20350
383.847 20608
383.860 20754
383.874 20754
383.887 20615
383.901 20639
383.914 21201
383.928 20903
383.941 21228
383.955 21027
383.968 21097
383.982 21277
383.995 21412
384.009 21499
384.022 21687
384.036 21793
384.049 21945
384.063 22187
384.076 22807
384.090 23223
384.103 23827
384.117 23951
384.130 23926
384.144 23390
384.157 23547
384.171 23281
384.184 23630
384.198 23813
384.211 24003
384.225 24508
384.238 25017
384.252 25140
384.265 25449
384.279 25747
384.292 26028
384.306 26201
384.319 26259
384.333 26318
384.346 26321
384.360 26472
384.373 26770
384.387 27330
384.400 27326
384.414 27652
384.427 28242
384.441 28143
384.454 28666
384.468 28854
384.481 29024
384.495 29524
384.508 29982
384.522 30059
384.535 30550
384.549 30782
384.562 31214
384.575 31641
384.589 32339
384.602 33574
384.616 34464
384.629 34806
384.643 35110
384.656 35773
384.670 36021
384.683 36133
384.697 36616
384.710 37092
384.724 37553
384.737 38045
384.751 38698
384.764 39183
384.778 39805
384.791 40582
384.805 41377
384.818 41690
384.832 41876
384.845 42617
384.859 42862
384.872 42970
384.885 42745
384.899 42961
384.912 43220
384.926 43812
384.939 44031
384.953 44256
384.966 44734
384.980 44829
384.993 45152
385.007 45617
385.020 45574
385.034 45776
385.047 45730
385.061 45492
385.074 45563
385.088 45489
385.101 45437
385.114 45417
385.128 45179
385.141 45011
385.155 45053
385.168 45688
385.182 46172
385.195 45442
385.209 45412
385.222 44068
385.236 43566
385.249 42756
385.263 42307
385.276 41195
385.290 40523
385.303 39492
385.316 38983
385.330 38542
385.343 37938
385.357 37092
385.370 36289
385.384 35300
385.397 34664
385.411 33765
385.424 33197
385.438 32290
385.451 31965
385.464 31696
385.478 30864
385.491 30177
385.505 29218
385.518 28811
385.532 27832
385.545 26692
385.559 25599
385.572 24954
385.586 24306
385.599 23721
385.612 23437
385.626 22402
385.639 21388
385.653 21216
385.666 21040
385.680 20238
385.693 19099
385.707 18377
385.720 17869
385.734 17202
385.747 16429
385.760 15759
385.774 15387
385.787 14898
385.801 14159
385.814 13442
385.828 13041
385.841 12457
385.855 12228
385.868 11802
385.881 11432
385.895 10990
385.908 10905
385.922 10536
385.935 10084
385.949 9854
385.962 9621
385.976 9380
385.989 9305
386.002 9254
386.016 9004
386.029 8797
386.043 8556
386.056 8334
386.070 8013
386.083 8033
386.097 7794
386.110 7738
386.123 7489
386.137 7456
386.150 7334
386.164 7156
386.177 7015
386.191 6985
386.204 6764
386.217 6681
386.231 6610
386.244 6455
386.258 6499
386.271 6348
386.285 6264
386.298 6225
386.311 6063
386.325 5979
386.338 5831
386.352 5778
386.365 5824
386.379 5654
386.392 5541
386.405 5579
386.419 5464
386.432 5431
386.446 5405
386.459 5300
386.473 5332
386.486 5225
386.499 5083
386.513 5024
386.526 5002
386.540 4982
386.553 4927
386.567 4973
386.580 4977
386.593 4984
386.607 4990
386.620 4958
386.634 4846
386.647 4875
386.661 4700
386.674 4725
386.687 4690
386.701 4501
386.714 4466
386.728 4553
386.741 4462
386.754 4482
386.768 4422
386.781 4433
386.795 4303
386.808 4265
386.822 4187
386.835 4185
386.848 4185
386.862 4152
386.875 4125
386.889 4085
386.902 4108
386.915 4105
386.929 4028
386.942 3974
386.956 4017
386.969 4018
386.983 3992
386.996 3907
387.009 3903
387.023 3944
387.036 3935
387.050 3975
387.063 3894
387.076 3927
387.090 3809
387.103 3835
387.117 3833
387.130 3848
387.143 3920
387.157 3909
387.170 3860
387.184 3783
387.197 3795
387.210 3830
387.224 3756
387.237 3716
387.251 3681
387.264 3716
387.278 3666
387.291 3716
387.304 3725
387.318 3729
387.331 3702
387.345 3810
387.358 3727
387.371 3734
387.385 3676
387.398 3699
387.412 3675
387.425 3635
387.438 3617
387.452 3591
387.465 3585
387.478 3617
387.492 3533
387.505 3607
387.519 3630
387.532 3776
387.545 3789
387.559 3878
387.572 3885
387.586 3912
387.599 3854
387.612 3940
387.626 3908
387.639 4027
387.653 4000
387.666 3817
387.679 3785
387.693 3822
387.706 3796
387.720 3924
387.733 3938
387.746 4095
387.760 4124
387.773 4129
387.787 4122
387.800 4153
387.813 4247
387.827 4157
387.840 4188
387.853 4272
387.867 4383
387.880 4552
387.894 4652
387.907 4665
387.920 4730
387.934 4748
387.947 4822
387.961 4861
387.974 4950
387.987 5007
388.001 5079
388.014 5075
388.027 5276
388.041 5297
388.054 5338
388.068 5513
388.081 5458
388.094 5648
388.108 5693
388.121 5644
388.134 5628
388.148 5546
388.161 5622
388.175 5525
388.188 5509
388.201 5512
388.215 5424
388.228 5390
388.241 5336
388.255 5331
388.268 5184
388.282 5173
388.295 5050
388.308 5058
388.322 4730
388.335 4606
388.348 4622
388.362 4517
388.375 4453
388.389 4339
388.402 4177
388.415 4105
388.429 4113
388.442 4015
388.455 3952
388.469 3838
388.482 3733
388.495 3653
388.509 3610
388.522 3517
388.536 3464
388.549 3186
388.562 3115
388.576 3034
388.589 3023
388.602 2981
388.616 2922
388.629 2828
388.642 2830
388.656 2707
388.669 2630
388.683 2594
388.696 2669
388.709 2528
388.723 2569
388.736 2560
388.749 2443
388.763 2363
388.776 2370
388.789 2295
388.803 2246
388.816 2258
388.829 2232
388.843 2226
388.856 2208
388.870 2178
388.883 2162
388.896 2105
388.910 2160
388.923 2112
388.936 2207
388.950 2119
388.963 2098
388.976 2146
388.990 2131
389.003 2092
389.016 2079
389.030 2101
389.043 2140
389.056 2176
389.070 2201
389.083 2192
389.097 2131
389.110 2136
389.123 2206
389.137 2151
389.150 2203
389.163 2177
389.177 2185
389.190 2260
389.203 2229
389.217 2272
389.230 2319
389.243 2260
389.257 2246
389.270 2298
389.283 2257
389.297 2280
389.310 2260
389.323 2300
389.337 2298
389.350 2284
389.363 2281
389.377 2252
389.390 2217
389.403 2294
389.417 2267
389.430 2212
389.443 2225
389.457 2190
389.470 2245
389.483 2210
389.497 2209
389.510 2209
389.523 2162
389.537 2155
389.550 2069
389.563 2067
389.577 2003
389.590 1961
389.603 1944
389.617 1886
389.630 1870
389.643 1849
389.657 1835
389.670 1798
389.683 1776
389.697 1678
389.710 1769
389.723 1731
389.737 1728
389.750 1709
389.763 1684
389.777 1657
389.790 1616
389.803 1650
389.817 1602
389.830 1582
389.843 1566
389.857 1553
389.870 1490
389.883 1479
389.897 1458
389.910 1476
389.923 1495
389.937 1472
389.950 1476
389.963 1438
389.977 1474
389.990 1465
390.003 1447
390.017 1436
390.030 1445
390.043 1397
390.057 1401
390.070 1398
390.083 1380
390.096 1396
390.110 1392
390.123 1394
390.136 1390
390.150 1371
390.163 1402
390.176 1387
390.190 1372
390.203 1385
390.216 1324
390.230 1350
390.243 1348
390.256 1324
390.270 1337
390.283 1288
390.296 1281
390.310 1271
390.323 1286
390.336 1308
390.349 1299
390.363 1294
390.376 1331
390.389 1320
390.403 1333
390.416 1305
390.429 1311
390.443 1298
390.456 1274
390.469 1252
390.483 1263
390.496 1258
390.509 1248
390.522 1263
390.536 1269
390.549 1239
390.562 1264
390.576 1241
390.589 1260
390.602 1254
390.616 1248
390.629 1218
390.642 1216
390.655 1213
390.669 1233
390.682 1227
390.695 1230
390.709 1226
390.722 1215
390.735 1216
390.749 1206
390.762 1225
390.775 1205
390.788 1209
390.802 1216
390.815 1201
390.828 1171
390.842 1199
390.855 1196
390.868 1144
390.882 1191
390.895 1184
390.908 1179
390.921 1169
390.935 1162
390.948 1163
390.961 1163
390.975 1160
390.988 1151
391.001 1180
391.014 1150
391.028 1125
391.041 1133
391.054 1129
391.068 1149
391.081 1161
391.094 1151
391.107 1126
391.121 1129
391.134 1133
391.147 1118
391.161 1114
391.174 1099
391.187 1104
391.200 1086
391.214 1104
391.227 1071
391.240 1067
391.254 1084
391.267 1088
391.280 1076
391.293 1042
391.307 1073
391.320 1062
391.333 1016
391.347 1056
391.360 1046
391.373 1058
391.386 1062
391.400 1036
391.413 1068
391.426 1037
391.440 1023
391.453 1026
391.466 1038
391.479 1028
391.493 1006
391.506 1034
391.519 1014
391.532 1039
391.546 1010
391.559 996
391.572 1006
391.586 1017
391.599 997
391.612 975
391.625 979
391.639 982
391.652 1011
391.665 975
391.678 985
391.692 996
391.705 972
391.718 964
391.732 963
391.745 972
391.758 948
391.771 954
391.785 959
391.798 955
391.811 960
391.824 938
391.838 947
391.851 946
391.864 921
391.877 938
391.891 926
391.904 912
391.917 955
391.931 948
391.944 916
391.957 920
391.970 920
391.984 911
391.997 910
392.010 939
392.023 922
392.037 937
392.050 900
392.063 902
392.076 926
392.090 908
392.103 903
392.116 884
392.129 932
392.143 920
392.156 892
392.169 901
392.182 903
392.196 899
392.209 884
392.222 901
392.235 881
392.249 876
392.262 870
392.275 893
392.288 885
392.302 882
392.315 891
392.328 868
392.341 907
392.355 884
392.368 872
392.381 884
392.394 884
392.408 888
392.421 879
392.434 866
392.447 876
392.461 876
392.474 883
392.487 850
392.500 908
392.514 869
392.527 883
392.540 857
392.553 867
392.567 849
392.580 861
392.593 865
392.606 844
392.620 843
392.633 868
392.646 859
392.659 872
392.673 846
392.686 860
392.699 870
392.712 857
392.726 835
392.739 862
392.752 821
392.765 870
392.778 850
392.792 852
392.805 844
392.818 848
392.831 870
392.845 867
392.858 868
392.871 844
392.884 852
392.898 863
392.911 865
392.924 856
392.937 866
392.951 850
392.964 848
392.977 847
392.990 856
393.003 865
393.017 829
393.030 855
393.043 840
393.056 836
393.070 873
393.083 849
393.096 840
393.109 870
393.122 840
393.136 829
393.149 850
393.162 860
393.175 836
393.189 837
393.202 865
393.215 844
393.228 828
393.242 828
393.255 833
393.268 819
393.281 844
393.294 828
393.308 825
393.321 839
393.334 842
393.347 829
393.360 832
393.374 855
393.387 832
393.400 832
393.413 831
393.427 837
393.440 835
393.453 850
393.466 830
393.479 824
393.493 837
393.506 825
393.519 834
393.532 843
393.546 846
393.559 849
393.572 823
393.585 836
393.598 853
393.612 830
393.625 840
393.638 840
393.651 820
393.664 837
393.678 840
393.691 843
393.704 846
393.717 837
393.730 839
393.744 838
393.757 843
393.770 819
393.783 829
393.796 819
393.810 832
393.823 802
393.836 809
393.849 838
393.863 837
393.876 831
393.889 841
393.902 806
393.915 824
393.929 830
