375.891 708
375.905 716
375.919 727
375.933 726
375.946 724
375.960 723
375.974 711
375.987 735
376.001 734
376.015 729
376.029 732
376.042 737
376.056 734
376.070 741
376.084 743
376.097 747
376.111 758
376.125 745
376.139 750
376.152 736
376.166 749
376.180 762
376.193 749
376.207 752
376.221 751
376.235 757
376.248 762
376.262 732
376.276 755
376.290 772
376.303 753
376.317 769
376.331 766
376.345 775
376.358 771
376.372 769
376.386 788
376.399 769
376.413 781
376.427 778
376.441 791
376.454 774
376.468 799
376.482 791
376.495 782
376.509 782
376.523 801
376.537 812
376.550 806
376.564 806
376.578 797
376.592 804
376.605 809
376.619 801
376.633 809
376.646 816
376.660 812
376.674 822
376.688 829
376.701 814
376.715 823
376.729 820
376.742 830
376.756 823
376.770 844
376.784 845
376.797 857
376.811 838
376.825 857
376.838 873
376.852 874
376.866 870
376.880 880
376.893 866
376.907 864
376.921 870
376.934 879
376.948 876
376.962 901
376.976 891
376.989 904
377.003 922
377.017 898
377.030 902
377.044 933
377.058 919
377.071 941
377.085 936
377.099 910
377.113 928
377.126 945
377.140 954
377.154 946
377.167 946
377.181 976
377.195 964
377.208 967
377.222 984
377.236 981
377.250 986
377.263 984
377.277 1006
377.291 1014
377.304 1015
377.318 1011
377.332 1008
377.345 1010
377.359 1026
377.373 1008
377.387 1020
377.400 1036
377.414 1040
377.428 1053
377.441 1041
377.455 1042
377.469 1051
377.482 1069
377.496 1075
377.510 1077
377.524 1081
377.537 1096
377.551 1077
377.565 1076
377.578 1102
377.592 1101
377.606 1113
377.619 1114
377.633 1118
377.647 1125
377.660 1107
377.674 1149
377.688 1111
377.701 1139
377.715 1113
377.729 1143
377.743 1151
377.756 1163
377.770 1158
377.784 1171
377.797 1187
377.811 1192
377.825 1170
377.838 1160
377.852 1188
377.866 1192
377.879 1208
377.893 1193
377.907 1202
377.920 1199
377.934 1188
377.948 1212
377.961 1226
377.975 1236
377.989 1218
378.002 1224
378.016 1242
378.030 1240
378.044 1243
378.057 1234
378.071 1244
378.085 1256
378.098 1242
378.112 1285
378.126 1308
378.139 1272
378.153 1289
378.167 1265
378.180 1293
378.194 1315
378.208 1291
378.221 1294
378.235 1281
378.249 1324
378.262 1319
378.276 1294
378.290 1324
378.303 1302
378.317 1364
378.331 1293
378.344 1372
378.358 1352
378.372 1356
378.385 1340
378.399 1345
378.413 1354
378.426 1355
378.440 1407
378.454 1369
378.467 1404
378.481 1362
378.495 1349
378.508 1400
378.522 1375
378.536 1426
378.549 1400
378.563 1423
378.577 1427
378.590 1400
378.604 1439
378.618 1441
378.631 1446
378.645 1455
378.659 1458
378.672 1439
378.686 1500
378.700 1543
378.713 1539
378.727 1535
378.740 1523
378.754 1515
378.768 1508
378.781 1508
378.795 1551
378.809 1550
378.822 1572
378.836 1550
378.850 1504
378.863 1546
378.877 1564
378.891 1573
378.904 1577
378.918 1568
378.932 1599
378.945 1517
378.959 1557
378.973 1579
378.986 1598
379.000 1556
379.014 1578
379.027 1603
379.041 1611
379.054 1616
379.068 1613
379.082 1583
379.095 1652
379.109 1628
379.123 1593
379.136 1610
379.150 1637
379.164 1662
379.177 1652
379.191 1660
379.205 1630
379.218 1682
379.232 1670
379.245 1687
379.259 1680
379.273 1707
379.286 1691
379.300 1703
379.314 1656
379.327 1711
379.341 1734
379.355 1730
379.368 1745
379.382 1737
379.396 1746
379.409 1767
379.423 1805
379.436 1795
379.450 1826
379.464 1796
379.477 1835
379.491 1860
379.505 1850
379.518 1854
379.532 1877
379.546 1922
379.559 1917
379.573 1907
379.586 1914
379.600 1959
379.614 1996
379.627 1980
379.641 2002
379.655 1969
379.668 1981
379.682 1985
379.695 1985
379.709 1989
379.723 2037
379.736 2067
379.750 2177
379.764 2177
379.777 2189
379.791 2227
379.804 2217
379.818 2231
379.832 2220
379.845 2181
379.859 2176
379.873 2229
379.886 2217
379.900 2307
379.913 2279
379.927 2307
379.941 2365
379.954 2380
379.968 2417
379.982 2457
379.995 2444
380.009 2448
380.022 2495
380.036 2498
380.050 2514
380.063 2587
380.077 2689
380.090 2666
380.104 2746
380.118 2810
380.131 2769
380.145 2782
380.159 2799
380.172 2838
380.186 2915
380.199 2950
380.213 3033
380.227 3141
380.240 3092
380.254 3036
380.267 3055
380.281 3032
380.295 3165
380.308 3133
380.322 3137
380.336 3209
380.349 3230
380.363 3333
380.376 3272
380.390 3394
380.404 3479
380.417 3536
380.431 3462
380.444 3605
380.458 3605
380.472 3632
380.485 3698
380.499 3714
380.512 3785
380.526 3812
380.540 3890
380.553 3875
380.567 3886
380.580 3931
380.594 4029
380.608 4174
380.621 4267
380.635 4295
380.648 4344
380.662 4363
380.676 4334
380.689 4422
380.703 4436
380.716 4552
380.730 4582
380.744 4577
380.757 4703
380.771 4833
380.784 4898
380.798 4949
380.812 4878
380.825 4934
380.839 5024
380.852 5176
380.866 5252
380.880 5344
380.893 5252
380.907 5283
380.920 5359
380.934 5355
380.948 5543
380.961 5626
380.975 5521
380.988 5596
381.002 5520
381.015 5562
381.029 5726
381.043 5827
381.056 5805
381.070 5826
381.083 5899
381.097 5964
381.111 5955
381.124 6057
381.138 6156
381.151 6158
381.165 6292
381.179 6245
381.192 6276
381.206 6233
381.219 6279
381.233 6428
381.246 6326
381.260 6412
381.274 6412
381.287 6523
381.301 6540
381.314 6607
381.328 6570
381.341 6674
381.355 6757
381.369 6747
381.382 6820
381.396 6777
381.409 6819
381.423 6952
381.437 7125
381.450 7118
381.464 7100
381.477 7161
381.491 7227
381.504 7319
381.518 7182
381.532 7262
381.545 7367
381.559 7689
381.572 7665
381.586 7660
381.599 7728
381.613 7654
381.627 7686
381.640 7781
381.654 7761
381.667 7820
381.681 7922
381.694 7725
381.708 7600
381.722 7611
381.735 7617
381.749 7555
381.762 7716
381.776 7664
381.789 7683
381.803 7783
381.817 7701
381.830 7674
381.844 7782
381.857 7770
381.871 7910
381.884 7899
381.898 7948
381.911 7941
381.925 7907
381.939 8022
381.952 8000
381.966 7938
381.979 8121
381.993 8202
382.006 8288
382.020 8348
382.034 8435
382.047 8388
382.061 8355
382.074 8202
382.088 8330
382.101 8338
382.115 8337
382.128 8277
382.142 8635
382.156 8904
382.169 8895
382.183 8790
382.196 8809
382.210 8807
382.223 8742
382.237 8826
382.250 8870
382.264 8987
382.278 8873
382.291 9118
382.305 9157
382.318 9340
382.332 9363
382.345 9000
382.359 8948
382.372 8884
382.386 8940
382.399 9110
382.413 9091
382.427 9150
382.440 9156
382.454 9197
382.467 9309
382.481 9627
382.494 9731
382.508 9882
382.521 9906
382.535 9812
382.548 9823
382.562 9691
382.576 9780
382.589 9836
382.603 9994
382.616 10032
382.630 10117
382.643 10236
382.657 10226
382.670 10368
382.684 10412
382.697 10358
382.711 10286
382.724 10587
382.738 10560
382.752 10647
382.765 10805
382.779 10861
382.792 10876
382.806 10883
382.819 11104
382.833 11327
382.846 11276
382.860 11401
382.873 11520
382.887 11676
382.900 11740
382.914 11738
382.928 11973
382.941 12151
382.955 12034
382.968 12259
382.982 12526
382.995 12567
383.009 12654
383.022 12773
383.036 12849
383.049 13060
383.063 13139
383.076 13236
383.090 13378
383.103 13408
383.117 13503
383.130 13578
383.144 13746
383.158 13771
383.171 14193
383.185 14300
383.198 14462
383.212 14582
383.225 14844
383.239 15068
383.252 15520
383.266 15547
383.279 15785
383.293 15768
383.306 15883
383.320 16317
383.333 16801
383.347 16813
383.360 16780
383.374 16785
383.387 17038
383.401 17324
383.414 17279
383.428 17245
383.441 17567
383.455 17429
383.468 17561
383.482 18149
383.496 18600
383.509 18745
383.523 18679
383.536 18851
383.550 19011
383.563 19379
383.577 19433
383.590 19747
383.604 20011
383.617 19633
383.631 19766
383.644 19778
383.658 19761
383.671 20106
383.685 20289
383.698 20453
383.712 20814
383.725 20969
383.739 20818
383.752 21060
383.766 20956
383.779 21143
383.793 21388
383.806 21751
383.820 22366
383.833 22526
383.847 22564
383.860 22699
383.874 22952
383.887 22482
383.901 22615
383.914 23344
383.928 23465
383.941 23584
383.955 23432
383.968 23573
383.982 23564
383.995 23929
384.009 24090
384.022 24342
384.036 24563
384.049 24785
384.063 25062
384.076 25662
384.090 26414
384.103 27006
384.117 27346
384.130 27053
384.144 26766
384.157 27114
384.171 26965
384.184 27178
384.198 27520
384.211 27883
384.225 27958
384.238 28623
384.252 29365
384.265 29717
384.279 30093
384.292 30328
384.306 30800
384.319 30829
384.333 31003
384.346 31141
384.360 31459
384.373 31483
384.387 32052
384.400 32215
384.414 32816
384.427 33031
384.441 33710
384.454 33437
384.468 34139
384.481 34246
384.495 34928
384.508 35179
384.522 35543
384.535 35885
384.549 36631
384.562 36872
384.575 37314
384.589 38429
384.602 39382
384.616 40254
384.629 40846
384.643 41291
384.656 41996
384.670 42410
384.683 42252
384.697 42733
384.710 43142
384.724 43571
384.737 44292
384.751 44611
384.764 45032
384.778 45934
384.791 46783
384.805 47346
384.818 47823
384.832 47733
384.845 48189
384.859 48492
384.872 48270
384.885 48089
384.899 48083
384.912 48415
384.926 48133
384.939 48470
384.953 48504
384.966 48430
384.980 48458
384.993 48350
385.007 48389
385.020 48103
385.034 47929
385.047 47082
385.061 46456
385.074 46308
385.088 45965
385.101 45162
385.114 44867
385.128 44217
385.141 43617
385.155 43466
385.168 43402
385.182 43454
385.195 42456
385.209 41814
385.222 40318
385.236 39444
385.249 38323
385.263 37403
385.276 36000
385.290 34770
385.303 33913
385.316 33038
385.330 32677
385.343 31530
385.357 30838
385.370 29499
385.384 28407
385.397 27814
385.411 27117
385.424 26092
385.438 25412
385.451 24973
385.464 24377
385.478 23722
385.491 22948
385.505 22292
385.518 21628
385.532 20861
385.545 19714
385.559 18801
385.572 18461
385.586 17864
385.599 17567
385.612 17156
385.626 16430
385.639 15860
385.653 15379
385.666 15373
385.680 14665
385.693 14024
385.707 13479
385.720 13025
385.734 12670
385.747 12135
385.760 11688
385.774 11418
385.787 11131
385.801 10717
385.814 10107
385.828 9710
385.841 9575
385.855 9310
385.868 9056
385.881 8833
385.895 8621
385.908 8337
385.922 8274
385.935 8032
385.949 7927
385.962 7642
385.976 7439
385.989 7584
386.002 7409
386.016 7329
386.029 7127
386.043 7047
386.056 6796
386.070 6698
386.083 6572
386.097 6469
386.110 6424
386.123 6306
386.137 6295
386.150 6148
386.164 6128
386.177 5942
386.191 5931
386.204 5877
386.217 5734
386.231 5659
386.244 5658
386.258 5588
386.271 5487
386.285 5503
386.298 5497
386.311 5439
386.325 5230
386.338 5169
386.352 5194
386.365 5091
386.379 4985
386.392 5011
386.405 4892
386.419 4835
386.432 4846
386.446 4775
386.459 4793
386.473 4742
386.486 4656
386.499 4604
386.513 4601
386.526 4564
386.540 4494
386.553 4448
386.567 4466
386.580 4562
386.593 4508
386.607 4543
386.620 4548
386.634 4440
386.647 4437
386.661 4382
386.674 4313
386.687 4274
386.701 4154
386.714 4098
386.728 4137
386.741 4082
386.754 4113
386.768 4148
386.781 4089
386.795 3971
386.808 3956
386.822 3876
386.835 3903
386.848 3881
386.862 3868
386.875 3820
386.889 3814
386.902 3788
386.915 3851
386.929 3800
386.942 3826
386.956 3650
386.969 3730
386.983 3667
386.996 3634
387.009 3649
387.023 3649
387.036 3648
387.050 3623
387.063 3655
387.076 3665
387.090 3643
387.103 3585
387.117 3576
387.130 3564
387.143 3566
387.157 3658
387.170 3626
387.184 3521
387.197 3556
387.210 3606
387.224 3504
387.237 3467
387.251 3427
387.264 3434
387.278 3454
387.291 3464
387.304 3392
387.318 3508
387.331 3459
387.345 3466
387.358 3396
387.371 3445
387.385 3471
387.398 3321
387.412 3401
387.425 3333
387.438 3258
387.452 3327
387.465 3268
387.478 3268
387.492 3303
387.505 3306
387.519 3250
387.532 3415
387.545 3458
387.559 3484
387.572 3486
387.586 3532
387.599 3344
387.612 3484
387.626 3532
387.639 3539
387.653 3499
387.666 3416
387.679 3375
387.693 3370
387.706 3369
387.720 3416
387.733 3468
387.746 3534
387.760 3550
387.773 3474
387.787 3525
387.800 3486
387.813 3497
387.827 3413
387.840 3392
387.853 3410
387.867 3387
387.880 3485
387.894 3495
387.907 3605
387.920 3490
387.934 3376
387.947 3474
387.961 3477
387.974 3426
387.987 3413
388.001 3346
388.014 3518
388.027 3429
388.041 3502
388.054 3429
388.068 3401
388.081 3433
388.094 3523
388.108 3440
388.121 3486
388.134 3372
388.148 3386
388.161 3340
388.175 3392
388.188 3283
388.201 3204
388.215 3219
388.228 3193
388.241 3118
388.255 3109
388.268 3088
388.282 3128
388.295 3117
388.308 2959
388.322 2905
388.335 2862
388.348 2837
388.362 2800
388.375 2652
388.389 2706
388.402 2639
388.415 2648
388.429 2574
388.442 2572
388.455 2537
388.469 2530
388.482 2496
388.495 2465
388.509 2393
388.522 2372
388.536 2314
388.549 2216
388.562 2181
388.576 2169
388.589 2123
388.602 2150
388.616 2066
388.629 2022
388.642 2046
388.656 1994
388.669 2027
388.683 1980
388.696 1990
388.709 1982
388.723 1924
388.736 1915
388.749 1884
388.763 1896
388.776 1846
388.789 1843
388.803 1823
388.816 1812
388.829 1733
388.843 1808
388.856 1785
388.870 1776
388.883 1800
388.896 1738
388.910 1792
388.923 1742
388.936 1726
388.950 1729
388.963 1734
388.976 1725
388.990 1672
389.003 1707
389.016 1714
389.030 1727
389.043 1720
389.056 1802
389.070 1764
389.083 1719
389.097 1707
389.110 1702
389.123 1712
389.137 1691
389.150 1763
389.163 1759
389.177 1696
389.190 1739
389.203 1739
389.217 1761
389.230 1789
389.243 1794
389.257 1753
389.270 1774
389.283 1777
389.297 1787
389.310 1776
389.323 1820
389.337 1812
389.350 1763
389.363 1790
389.377 1796
389.390 1786
389.403 1768
389.417 1760
389.430 1773
389.443 1749
389.457 1747
389.470 1787
389.483 1797
389.497 1762
389.510 1710
389.523 1753
389.537 1753
389.550 1758
389.563 1678
389.577 1632
389.590 1652
389.603 1653
389.617 1608
389.630 1594
389.643 1620
389.657 1574
389.670 1569
389.683 1542
389.697 1525
389.710 1535
389.723 1500
389.737 1501
389.750 1495
389.763 1470
389.777 1466
389.790 1465
389.803 1468
389.817 1417
389.830 1440
389.843 1402
389.857 1387
389.870 1358
389.883 1359
389.897 1376
389.910 1355
389.923 1373
389.937 1370
389.950 1348
389.963 1376
389.977 1327
389.990 1356
390.003 1379
390.017 1368
390.030 1353
390.043 1329
390.057 1353
390.070 1285
390.083 1325
390.096 1320
390.110 1310
390.123 1338
390.136 1300
390.150 1307
390.163 1281
390.176 1298
390.190 1298
390.203 1303
390.216 1256
390.230 1239
390.243 1269
390.256 1256
390.270 1269
390.283 1254
390.296 1271
390.310 1233
390.323 1243
390.336 1265
390.349 1218
390.363 1265
390.376 1224
390.389 1290
390.403 1267
390.416 1229
390.429 1228
390.443 1239
390.456 1242
390.469 1203
390.483 1219
390.496 1221
390.509 1213
390.522 1243
390.536 1203
390.549 1214
390.562 1204
390.576 1212
390.589 1193
390.602 1193
390.616 1192
390.629 1189
390.642 1187
390.655 1190
390.669 1200
390.682 1180
390.695 1180
390.709 1179
390.722 1173
390.735 1191
390.749 1150
390.762 1183
390.775 1151
390.788 1167
390.802 1175
390.815 1177
390.828 1129
390.842 1153
390.855 1120
390.868 1128
390.882 1116
390.895 1133
390.908 1126
390.921 1127
390.935 1116
390.948 1137
390.961 1088
390.975 1097
390.988 1099
391.001 1110
391.014 1079
391.028 1090
391.041 1079
391.054 1036
391.068 1082
391.081 1077
391.094 1106
391.107 1088
391.121 1078
391.134 1083
391.147 1058
391.161 1049
391.174 1049
391.187 1034
391.200 1038
391.214 1026
391.227 1025
391.240 1018
391.254 1021
391.267 1003
391.280 969
391.293 1009
391.307 988
391.320 984
391.333 989
391.347 1002
391.360 962
391.373 999
391.386 967
391.400 979
391.413 976
391.426 971
391.440 964
391.453 944
391.466 965
391.479 952
391.493 962
391.506 976
391.519 929
391.532 940
391.546 951
391.559 914
391.572 926
391.586 941
391.599 932
391.612 931
391.625 908
391.639 938
391.652 913
391.665 910
391.678 885
391.692 907
391.705 898
391.718 900
391.732 913
391.745 900
391.758 903
391.771 878
391.785 886
391.798 895
391.811 884
391.824 902
391.838 870
391.851 891
391.864 882
391.877 855
391.891 866
391.904 868
391.917 861
391.931 858
391.944 866
391.957 854
391.970 868
391.984 874
391.997 869
392.010 839
392.023 848
392.037 862
392.050 851
392.063 858
392.076 852
392.090 866
392.103 846
392.116 863
392.129 861
392.143 834
392.156 848
392.169 867
392.182 861
392.196 845
392.209 827
392.222 823
392.235 841
392.249 847
392.262 840
392.275 836
392.288 843
392.302 822
392.315 824
392.328 822
392.341 811
392.355 823
392.368 837
392.381 821
392.394 832
392.408 828
392.421 831
392.434 811
392.447 820
392.461 823
392.474 817
392.487 830
392.500 816
392.514 814
392.527 837
392.540 840
392.553 828
392.567 815
392.580 828
392.593 842
392.606 829
392.620 793
392.633 807
392.646 815
392.659 814
392.673 816
392.686 798
392.699 814
392.712 822
392.726 826
392.739 784
392.752 828
392.765 813
392.778 802
392.792 810
392.805 796
392.818 825
392.831 812
392.845 796
392.858 808
392.871 810
392.884 802
392.898 841
392.911 792
392.924 819
392.937 830
392.951 802
392.964 807
392.977 810
392.990 810
393.003 827
393.017 802
393.030 802
393.043 800
393.056 802
393.070 809
393.083 802
393.096 805
393.109 799
393.122 800
393.136 796
393.149 798
393.162 812
393.175 799
393.189 812
393.202 803
393.215 808
393.228 792
393.242 787
393.255 798
393.268 800
393.281 801
393.294 782
393.308 784
393.321 790
393.334 787
393.347 800
393.360 807
393.374 783
393.387 799
393.400 789
393.413 773
393.427 793
393.440 799
393.453 786
393.466 767
393.479 761
393.493 797
393.506 785
393.519 788
393.532 793
393.546 802
393.559 791
393.572 795
393.585 794
393.598 788
393.612 799
393.625 785
393.638 788
393.651 808
393.664 793
393.678 782
393.691 788
393.704 779
393.717 776
393.730 796
393.744 791
393.757 790
393.770 753
393.783 791
393.796 788
393.810 782
393.823 785
393.836 779
393.849 756
393.863 778
393.876 788
393.889 793
393.902 781
393.915 782
393.929 794
