375.891 707
375.905 723
375.919 709
375.933 724
375.946 718
375.960 723
375.974 733
375.987 725
376.001 720
376.015 723
376.029 709
376.042 721
376.056 714
376.070 731
376.084 734
376.097 729
376.111 747
376.125 729
376.139 740
376.152 740
376.166 745
376.180 739
376.193 747
376.207 737
376.221 721
376.235 742
376.248 726
376.262 750
376.276 738
376.290 767
376.303 750
376.317 750
376.331 759
376.345 757
376.358 757
376.372 768
376.386 767
376.399 768
376.413 775
376.427 768
376.441 773
376.454 766
376.468 759
376.482 779
376.495 765
376.509 782
376.523 788
376.537 778
376.550 788
376.564 803
376.578 806
376.592 801
376.605 795
376.619 789
376.633 805
376.646 800
376.660 804
376.674 792
376.688 818
376.701 808
376.715 819
376.729 828
376.742 812
376.756 828
376.770 842
376.784 816
376.797 820
376.811 846
376.825 826
376.838 840
376.852 842
376.866 858
376.880 844
376.893 844
376.907 841
376.921 850
376.934 863
376.948 864
376.962 872
376.976 874
376.989 872
377.003 857
377.017 862
377.030 891
377.044 907
377.058 918
377.071 898
377.085 916
377.099 889
377.113 914
377.126 915
377.140 919
377.154 927
377.167 920
377.181 927
377.195 937
377.208 947
377.222 946
377.236 946
377.250 971
377.263 959
377.277 968
377.291 991
377.304 1000
377.318 983
377.332 969
377.345 972
377.359 986
377.373 1003
377.387 995
377.400 1017
377.414 1024
377.428 998
377.441 1033
377.455 1003
377.469 1020
377.482 1059
377.496 1031
377.510 1060
377.524 1067
377.537 1070
377.551 1074
377.565 1092
377.578 1063
377.592 1077
377.606 1043
377.619 1044
377.633 1106
377.647 1069
377.660 1079
377.674 1103
377.688 1089
377.701 1105
377.715 1103
377.729 1079
377.743 1106
377.756 1117
377.770 1113
377.784 1120
377.797 1128
377.811 1167
377.825 1116
377.838 1146
377.852 1126
377.866 1119
377.879 1150
377.893 1166
377.907 1170
377.920 1158
377.934 1188
377.948 1167
377.961 1172
377.975 1214
377.989 1207
378.002 1202
378.016 1191
378.030 1181
378.044 1205
378.057 1237
378.071 1197
378.085 1230
378.098 1233
378.112 1212
378.126 1221
378.139 1230
378.153 1251
378.167 1231
378.180 1235
378.194 1230
378.208 1283
378.221 1263
378.235 1286
378.249 1289
378.262 1280
378.276 1279
378.290 1315
378.303 1268
378.317 1250
378.331 1266
378.344 1277
378.358 1280
378.372 1309
378.385 1316
378.399 1332
378.413 1315
378.426 1313
378.440 1333
378.454 1322
378.467 1311
378.481 1324
378.495 1319
378.508 1375
378.522 1352
378.536 1363
378.549 1379
378.563 1348
378.577 1379
378.590 1351
378.604 1409
378.618 1402
378.631 1434
378.645 1413
378.659 1396
378.672 1392
378.686 1439
378.700 1473
378.713 1491
378.727 1495
378.740 1468
378.754 1465
378.768 1490
378.781 1463
378.795 1519
378.809 1475
378.822 1487
378.836 1478
378.850 1443
378.863 1469
378.877 1515
378.891 1529
378.904 1488
378.918 1509
378.932 1515
378.945 1527
378.959 1457
378.973 1517
378.986 1540
379.000 1522
379.014 1534
379.027 1528
379.041 1532
379.054 1556
379.068 1578
379.082 1572
379.095 1570
379.109 1573
379.123 1575
379.136 1573
379.150 1604
379.164 1576
379.177 1574
379.191 1610
379.205 1602
379.218 1634
379.232 1650
379.245 1688
379.259 1663
379.273 1610
379.286 1640
379.300 1678
379.314 1662
379.327 1655
379.341 1670
379.355 1691
379.368 1724
379.382 1701
379.396 1724
379.409 1723
379.423 1731
379.436 1724
379.450 1709
379.464 1770
379.477 1726
379.491 1770
379.505 1796
379.518 1799
379.532 1804
379.546 1843
379.559 1857
379.573 1865
379.586 1887
379.600 1836
379.614 1904
379.627 1925
379.641 1933
379.655 1924
379.668 1920
379.682 1939
379.695 1950
379.709 1954
379.723 1979
379.736 2042
379.750 2085
379.764 2146
379.777 2128
379.791 2192
379.804 2198
379.818 2201
379.832 2151
379.845 2116
379.859 2127
379.873 2177
379.886 2145
379.900 2151
379.913 2242
379.927 2253
379.941 2272
379.954 2263
379.968 2336
379.982 2322
379.995 2377
380.009 2376
380.022 2380
380.036 2414
380.050 2431
380.063 2487
380.077 2553
380.090 2703
380.104 2672
380.118 2666
380.131 2716
380.145 2692
380.159 2761
380.172 2752
380.186 2804
380.199 2941
380.213 2931
380.227 2968
380.240 3009
380.254 2971
380.267 2943
380.281 3011
380.295 3014
380.308 3065
380.322 3081
380.336 3152
380.349 3226
380.363 3265
380.376 3262
380.390 3229
380.404 3354
380.417 3379
380.431 3419
380.444 3399
380.458 3429
380.472 3449
380.485 3525
380.499 3647
380.512 3742
380.526 3692
380.540 3787
380.553 3771
380.567 3825
380.580 3876
380.594 3971
380.608 4037
380.621 4163
380.635 4109
380.648 4172
380.662 4271
380.676 4296
380.689 4307
380.703 4341
380.716 4381
380.730 4420
380.744 4462
380.757 4493
380.771 4670
380.784 4803
380.798 4678
380.812 4752
380.825 4711
380.839 4859
380.852 4952
380.866 5090
380.880 5119
380.893 5145
380.907 5133
380.920 5154
380.934 5272
380.948 5275
380.961 5292
380.975 5394
380.988 5391
381.002 5389
381.015 5444
381.029 5534
381.043 5590
381.056 5652
381.070 5645
381.083 5684
381.097 5760
381.111 5956
381.124 5895
381.138 5980
381.151 5982
381.165 6025
381.179 6093
381.192 6085
381.206 6027
381.219 6039
381.233 6040
381.246 6214
381.260 6204
381.274 6217
381.287 6286
381.301 6312
381.314 6338
381.328 6385
381.341 6470
381.355 6564
381.369 6492
381.382 6516
381.396 6536
381.409 6640
381.423 6767
381.437 6711
381.450 6826
381.464 6871
381.477 6831
381.491 7101
381.504 7072
381.518 6959
381.532 7081
381.545 7286
381.559 7368
381.572 7325
381.586 7359
381.599 7328
381.613 7420
381.627 7491
381.640 7531
381.654 7533
381.667 7545
381.681 7468
381.694 7585
381.708 7361
381.722 7367
381.735 7357
381.749 7383
381.762 7388
381.776 7408
381.789 7522
381.803 7546
381.817 7507
381.830 7654
381.844 7553
381.857 7650
381.871 7610
381.884 7730
381.898 7640
381.911 7663
381.925 7696
381.939 7711
381.952 7849
381.966 7832
381.979 7849
381.993 8034
382.006 8032
382.020 8159
382.034 8211
382.047 8020
382.061 8018
382.074 8020
382.088 8015
382.101 8049
382.115 8178
382.128 8090
382.142 8367
382.156 8598
382.169 8724
382.183 8599
382.196 8541
382.210 8437
382.223 8458
382.237 8533
382.250 8579
382.264 8634
382.278 8752
382.291 8688
382.305 8847
382.318 8859
382.332 8958
382.345 8672
382.359 8529
382.372 8755
382.386 8688
382.399 8797
382.413 8794
382.427 8851
382.440 8888
382.454 8893
382.467 8923
382.481 9241
382.494 9346
382.508 9557
382.521 9633
382.535 9412
382.548 9402
382.562 9550
382.576 9357
382.589 9620
382.603 9593
382.616 9726
382.630 9792
382.643 9839
382.657 9802
382.670 10022
382.684 10196
382.697 9922
382.711 10024
382.724 10186
382.738 10241
382.752 10272
382.765 10439
382.779 10455
382.792 10555
382.806 10643
382.819 10644
382.833 10829
382.846 10946
382.860 10990
382.873 11104
382.887 11219
382.900 11164
382.914 11435
382.928 11582
382.941 11625
382.955 11693
382.968 11801
382.982 12112
382.995 12188
383.009 12102
383.022 12299
383.036 12290
383.049 12607
383.063 12628
383.076 12703
383.090 12723
383.103 12871
383.117 13001
383.130 13135
383.144 13339
383.158 13440
383.171 13561
383.185 13698
383.198 13894
383.212 14084
383.225 14268
383.239 14610
383.252 14698
383.266 14880
383.279 14919
383.293 15073
383.306 15340
383.320 15399
383.333 15957
383.347 16056
383.360 16056
383.374 16275
383.387 16336
383.401 16434
383.414 16557
383.428 16419
383.441 16781
383.455 16778
383.468 16642
383.482 16971
383.496 17765
383.509 17895
383.523 18003
383.536 17873
383.550 18017
383.563 18136
383.577 18518
383.590 18720
383.604 19050
383.617 18774
383.631 18641
383.644 18486
383.658 18582
383.671 18824
383.685 19110
383.698 19381
383.712 19484
383.725 19608
383.739 19537
383.752 19603
383.766 19614
383.779 19758
383.793 19932
383.806 20423
383.820 20783
383.833 20753
383.847 20973
383.860 21591
383.874 21456
383.887 21047
383.901 21260
383.914 21555
383.928 21645
383.941 21963
383.955 21858
383.968 21794
383.982 21956
383.995 21919
384.009 22209
384.022 22288
384.036 22382
384.049 22555
384.063 22929
384.076 23450
384.090 24021
384.103 24292
384.117 24632
384.130 24522
384.144 24220
384.157 24048
384.171 24084
384.184 24451
384.198 24580
384.211 24683
384.225 24989
384.238 25601
384.252 26120
384.265 26007
384.279 26280
384.292 26696
384.306 26898
384.319 27153
384.333 27104
384.346 26944
384.360 27448
384.373 27407
384.387 27734
384.400 28412
384.414 28648
384.427 28814
384.441 28960
384.454 29241
384.468 29595
384.481 29996
384.495 30265
384.508 30731
384.522 30968
384.535 31423
384.549 31643
384.562 31866
384.575 32729
384.589 33512
384.602 34657
384.616 35351
384.629 35740
384.643 36470
384.656 36727
384.670 37183
384.683 37177
384.697 37727
384.710 38185
384.724 38918
384.737 39124
384.751 39784
384.764 40508
384.778 40994
384.791 42031
384.805 42545
384.818 43121
384.832 43281
384.845 44112
384.859 44218
384.872 44364
384.885 43745
384.899 44338
384.912 44686
384.926 45117
384.939 45509
384.953 45921
384.966 46166
384.980 46513
384.993 46767
385.007 47140
385.020 47294
385.034 47243
385.047 47112
385.061 47205
385.074 46830
385.088 46602
385.101 46782
385.114 46790
385.128 47026
385.141 46472
385.155 46657
385.168 47569
385.182 47607
385.195 47280
385.209 46672
385.222 45392
385.236 44992
385.249 44024
385.263 43369
385.276 42212
385.290 40946
385.303 40122
385.316 39243
385.330 39026
385.343 38381
385.357 37389
385.370 36293
385.384 35410
385.397 34609
385.411 33780
385.424 33048
385.438 32108
385.451 31774
385.464 30972
385.478 30298
385.491 29714
385.505 28775
385.518 27814
385.532 27068
385.545 25781
385.559 24898
385.572 24146
385.586 23531
385.599 22976
385.612 22596
385.626 21578
385.639 20837
385.653 20408
385.666 20187
385.680 19278
385.693 18519
385.707 17880
385.720 17237
385.734 16602
385.747 15714
385.760 15234
385.774 14812
385.787 14486
385.801 13676
385.814 12961
385.828 12382
385.841 12163
385.855 11626
385.868 11583
385.881 11062
385.895 10649
385.908 10481
385.922 10106
385.935 9809
385.949 9509
385.962 9283
385.976 9088
385.989 8982
386.002 8901
386.016 8882
386.029 8538
386.043 8356
386.056 8032
386.070 7927
386.083 7784
386.097 7678
386.110 7409
386.123 7382
386.137 7198
386.150 7141
386.164 6927
386.177 6723
386.191 6772
386.204 6681
386.217 6474
386.231 6398
386.244 6471
386.258 6294
386.271 6330
386.285 6243
386.298 6145
386.311 6002
386.325 5884
386.338 5752
386.352 5622
386.365 5620
386.379 5582
386.392 5420
386.405 5444
386.419 5367
386.432 5353
386.446 5363
386.459 5268
386.473 5167
386.486 5071
386.499 4925
386.513 4932
386.526 4950
386.540 4932
386.553 4896
386.567 4871
386.580 4891
386.593 4995
386.607 4886
386.620 4911
386.634 4862
386.647 4777
386.661 4743
386.674 4627
386.687 4619
386.701 4474
386.714 4440
386.728 4406
386.741 4412
386.754 4328
386.768 4425
386.781 4328
386.795 4320
386.808 4156
386.822 4236
386.835 4153
386.848 4096
386.862 4055
386.875 4058
386.889 4102
386.902 4062
386.915 4066
386.929 4016
386.942 3955
386.956 4005
386.969 3947
386.983 3946
386.996 3987
387.009 3956
387.023 3861
387.036 3851
387.050 3891
387.063 3834
387.076 3858
387.090 3825
387.103 3803
387.117 3917
387.130 3822
387.143 3860
387.157 3836
387.170 3824
387.184 3842
387.197 3764
387.210 3786
387.224 3709
387.237 3755
387.251 3708
387.264 3709
387.278 3652
387.291 3696
387.304 3728
387.318 3736
387.331 3659
387.345 3780
387.358 3779
387.371 3709
387.385 3668
387.398 3691
387.412 3631
387.425 3605
387.438 3618
387.452 3630
387.465 3538
387.478 3615
387.492 3538
387.505 3676
387.519 3682
387.532 3819
387.545 3810
387.559 3813
387.572 3892
387.586 3919
387.599 3888
387.612 4004
387.626 3929
387.639 3991
387.653 4037
387.666 3831
387.679 3801
387.693 3715
387.706 3802
387.720 3850
387.733 3959
387.746 4125
387.760 4041
387.773 4077
387.787 4077
387.800 4162
387.813 4088
387.827 4057
387.840 4039
387.853 4145
387.867 4174
387.880 4373
387.894 4405
387.907 4419
387.920 4442
387.934 4436
387.947 4485
387.961 4504
387.974 4548
387.987 4592
388.001 4554
388.014 4630
388.027 4764
388.041 4796
388.054 4714
388.068 4757
388.081 5001
388.094 5006
388.108 5102
388.121 5111
388.134 4989
388.148 5050
388.161 4928
388.175 4980
388.188 4888
388.201 4932
388.215 4863
388.228 4800
388.241 4745
388.255 4809
388.268 4705
388.282 4627
388.295 4485
388.308 4457
388.322 4276
388.335 4200
388.348 3994
388.362 3899
388.375 3927
388.389 3886
388.402 3842
388.415 3743
388.429 3716
388.442 3651
388.455 3494
388.469 3436
388.482 3388
388.495 3380
388.509 3324
388.522 3224
388.536 3144
388.549 2963
388.562 2879
388.576 2812
388.589 2800
388.602 2766
388.616 2664
388.629 2622
388.642 2590
388.656 2487
388.669 2488
388.683 2504
388.696 2469
388.709 2499
388.723 2387
388.736 2387
388.749 2291
388.763 2320
388.776 2236
388.789 2241
388.803 2187
388.816 2133
388.829 2100
388.843 2154
388.856 2084
388.870 2052
388.883 2053
388.896 2048
388.910 2011
388.923 2073
388.936 2082
388.950 2100
388.963 2082
388.976 2020
388.990 2053
389.003 2021
389.016 2041
389.030 2053
389.043 2077
389.056 2083
389.070 2135
389.083 2080
389.097 2008
389.110 2061
389.123 2004
389.137 2093
389.150 2107
389.163 2087
389.177 2058
389.190 2111
389.203 2143
389.217 2101
389.230 2176
389.243 2181
389.257 2157
389.270 2169
389.283 2185
389.297 2141
389.310 2138
389.323 2179
389.337 2158
389.350 2133
389.363 2098
389.377 2118
389.390 2153
389.403 2174
389.417 2134
389.430 2072
389.443 2087
389.457 2098
389.470 2151
389.483 2149
389.497 2125
389.510 2069
389.523 2071
389.537 2050
389.550 2023
389.563 1982
389.577 1959
389.590 1874
389.603 1823
389.617 1796
389.630 1814
389.643 1809
389.657 1794
389.670 1764
389.683 1753
389.697 1700
389.710 1667
389.723 1704
389.737 1689
389.750 1666
389.763 1609
389.777 1602
389.790 1632
389.803 1590
389.817 1527
389.830 1539
389.843 1511
389.857 1520
389.870 1477
389.883 1447
389.897 1484
389.910 1486
389.923 1456
389.937 1438
389.950 1447
389.963 1462
389.977 1445
389.990 1399
390.003 1454
390.017 1412
390.030 1409
390.043 1441
390.057 1386
390.070 1360
390.083 1392
390.096 1376
390.110 1336
390.123 1389
390.136 1364
390.150 1355
390.163 1339
390.176 1376
390.190 1360
390.203 1357
390.216 1353
390.230 1311
390.243 1335
390.256 1308
390.270 1312
390.283 1303
390.296 1314
390.310 1316
390.323 1313
390.336 1297
390.349 1298
390.363 1294
390.376 1304
390.389 1334
390.403 1302
390.416 1280
390.429 1275
390.443 1289
390.456 1279
390.469 1287
390.483 1278
390.496 1262
390.509 1245
390.522 1255
390.536 1228
390.549 1252
390.562 1245
390.576 1248
390.589 1266
390.602 1256
390.616 1235
390.629 1205
390.642 1223
390.655 1234
390.669 1248
390.682 1210
390.695 1236
390.709 1219
390.722 1217
390.735 1207
390.749 1209
390.762 1234
390.775 1214
390.788 1177
390.802 1197
390.815 1218
390.828 1206
390.842 1190
390.855 1179
390.868 1190
390.882 1182
390.895 1164
390.908 1162
390.921 1192
390.935 1178
390.948 1157
390.961 1172
390.975 1148
390.988 1169
391.001 1141
391.014 1127
391.028 1114
391.041 1130
391.054 1108
391.068 1143
391.081 1153
391.094 1126
391.107 1152
391.121 1107
391.134 1114
391.147 1112
391.161 1129
391.174 1122
391.187 1093
391.200 1072
391.214 1064
391.227 1076
391.240 1093
391.254 1055
391.267 1090
391.280 1050
391.293 1048
391.307 1042
391.320 1038
391.333 1046
391.347 1055
391.360 1040
391.373 1039
391.386 1070
391.400 1021
391.413 1033
391.426 994
391.440 1020
391.453 1014
391.466 1032
391.479 1001
391.493 1002
391.506 1000
391.519 983
391.532 999
391.546 995
391.559 980
391.572 999
391.586 995
391.599 976
391.612 951
391.625 960
391.639 981
391.652 979
391.665 986
391.678 972
391.692 955
391.705 951
391.718 954
391.732 962
391.745 944
391.758 952
391.771 936
391.785 951
391.798 929
391.811 951
391.824 900
391.838 922
391.851 924
391.864 921
391.877 929
391.891 912
391.904 944
391.917 923
391.931 912
391.944 923
391.957 942
391.970 924
391.984 919
391.997 891
392.010 928
392.023 911
392.037 919
392.050 917
392.063 903
392.076 890
392.090 892
392.103 911
392.116 903
392.129 892
392.143 883
392.156 913
392.169 880
392.182 890
392.196 882
392.209 862
392.222 899
392.235 879
392.249 868
392.262 873
392.275 860
392.288 885
392.302 868
392.315 877
392.328 851
392.341 867
392.355 861
392.368 862
392.381 866
392.394 879
392.408 883
392.421 869
392.434 889
392.447 882
392.461 883
392.474 861
392.487 867
392.500 871
392.514 872
392.527 855
392.540 881
392.553 866
392.567 864
392.580 859
392.593 851
392.606 851
392.620 849
392.633 849
392.646 843
392.659 856
392.673 860
392.686 846
392.699 853
392.712 845
392.726 808
392.739 840
392.752 837
392.765 841
392.778 828
392.792 848
392.805 846
392.818 853
392.831 845
392.845 844
392.858 860
392.871 838
392.884 849
392.898 835
392.911 844
392.924 836
392.937 854
392.951 848
392.964 843
392.977 859
392.990 847
393.003 828
393.017 856
393.030 846
393.043 844
393.056 819
393.070 847
393.083 845
393.096 849
393.109 856
393.122 833
393.136 833
393.149 816
393.162 813
393.175 833
393.189 843
393.202 838
393.215 824
393.228 842
393.242 816
393.255 806
393.268 826
393.281 839
393.294 818
393.308 829
393.321 839
393.334 834
393.347 830
393.360 818
393.374 830
393.387 820
393.400 841
393.413 825
393.427 832
393.440 830
393.453 824
393.466 802
393.479 815
393.493 803
393.506 823
393.519 841
393.532 834
393.546 830
393.559 817
393.572 835
393.585 820
393.598 834
393.612 823
393.625 844
393.638 826
393.651 828
393.664 832
393.678 825
393.691 832
393.704 812
393.717 825
393.730 829
393.744 837
393.757 832
393.770 818
393.783 820
393.796 820
393.810 818
393.823 823
393.836 832
393.849 817
393.863 820
393.876 820
393.889 820
393.902 807
393.915 831
393.929 822
