375.891 727
375.905 714
375.919 719
375.933 729
375.946 716
375.960 734
375.974 734
375.987 723
376.001 742
376.015 742
376.029 755
376.042 734
376.056 733
376.070 740
376.084 737
376.097 759
376.111 744
376.125 749
376.139 741
376.152 757
376.166 752
376.180 748
376.193 748
376.207 761
376.221 747
376.235 747
376.248 757
376.262 764
376.276 766
376.290 763
376.303 758
376.317 760
376.331 753
376.345 768
376.358 769
376.372 787
376.386 775
376.399 783
376.413 788
376.427 784
376.441 781
376.454 783
376.468 783
376.482 781
376.495 783
376.509 789
376.523 791
376.537 803
376.550 813
376.564 814
376.578 833
376.592 814
376.605 808
376.619 813
376.633 819
376.646 810
376.660 806
376.674 811
376.688 810
376.701 817
376.715 828
376.729 840
376.742 832
376.756 841
376.770 825
376.784 842
376.797 839
376.811 851
376.825 846
376.838 875
376.852 874
376.866 865
376.880 847
376.893 870
376.907 869
376.921 881
376.934 890
376.948 879
376.962 876
376.976 901
376.989 902
377.003 887
377.017 898
377.030 936
377.044 934
377.058 939
377.071 919
377.085 946
377.099 929
377.113 927
377.126 937
377.140 946
377.154 940
377.167 969
377.181 950
377.195 971
377.208 965
377.222 986
377.236 971
377.250 960
377.263 958
377.277 969
377.291 1000
377.304 1006
377.318 1004
377.332 1013
377.345 1014
377.359 1007
377.373 1007
377.387 1018
377.400 1005
377.414 1024
377.428 1045
377.441 1036
377.455 1045
377.469 1049
377.482 1093
377.496 1077
377.510 1075
377.524 1082
377.537 1083
377.551 1116
377.565 1105
377.578 1107
377.592 1099
377.606 1122
377.619 1103
377.633 1106
377.647 1108
377.660 1136
377.674 1125
377.688 1114
377.701 1116
377.715 1145
377.729 1131
377.743 1156
377.756 1159
377.770 1140
377.784 1157
377.797 1141
377.811 1165
377.825 1155
377.838 1164
377.852 1186
377.866 1201
377.879 1214
377.893 1207
377.907 1195
377.920 1241
377.934 1205
377.948 1235
377.961 1216
377.975 1252
377.989 1243
378.002 1239
378.016 1244
378.030 1229
378.044 1237
378.057 1226
378.071 1251
378.085 1274
378.098 1262
378.112 1250
378.126 1291
378.139 1284
378.153 1287
378.167 1293
378.180 1293
378.194 1300
378.208 1300
378.221 1335
378.235 1297
378.249 1317
378.262 1317
378.276 1298
378.290 1322
378.303 1331
378.317 1346
378.331 1332
378.344 1351
378.358 1342
378.372 1360
378.385 1340
378.399 1373
378.413 1355
378.426 1392
378.440 1370
378.454 1368
378.467 1398
378.481 1414
378.495 1370
378.508 1387
378.522 1387
378.536 1405
378.549 1407
378.563 1425
378.577 1378
378.590 1456
378.604 1449
378.618 1422
378.631 1408
378.645 1468
378.659 1446
378.672 1442
378.686 1480
378.700 1556
378.713 1532
378.727 1539
378.740 1520
378.754 1557
378.768 1519
378.781 1572
378.795 1563
378.809 1561
378.822 1575
378.836 1571
378.850 1508
378.863 1549
378.877 1544
378.891 1553
378.904 1567
378.918 1578
378.932 1585
378.945 1577
378.959 1552
378.973 1592
378.986 1599
379.000 1605
379.014 1620
379.027 1592
379.041 1577
379.054 1585
379.068 1616
379.082 1612
379.095 1635
379.109 1655
379.123 1607
379.136 1658
379.150 1664
379.164 1666
379.177 1639
379.191 1655
379.205 1654
379.218 1676
379.232 1675
379.245 1689
379.259 1702
379.273 1730
379.286 1719
379.300 1730
379.314 1730
379.327 1763
379.341 1729
379.355 1788
379.368 1785
379.382 1740
379.396 1772
379.409 1801
379.423 1783
379.436 1857
379.450 1804
379.464 1848
379.477 1852
379.491 1827
379.505 1843
379.518 1866
379.532 1916
379.546 1918
379.559 1905
379.573 1892
379.586 1913
379.600 1967
379.614 1964
379.627 2009
379.641 2068
379.655 2007
379.668 1968
379.682 2021
379.695 2056
379.709 2007
379.723 2057
379.736 2133
379.750 2167
379.764 2244
379.777 2237
379.791 2297
379.804 2276
379.818 2277
379.832 2254
379.845 2145
379.859 2232
379.873 2239
379.886 2275
379.900 2300
379.913 2306
379.927 2376
379.941 2423
379.954 2408
379.968 2441
379.982 2474
379.995 2455
380.009 2482
380.022 2526
380.036 2556
380.050 2575
380.063 2607
380.077 2734
380.090 2785
380.104 2802
380.118 2782
380.131 2855
380.145 2783
380.159 2910
380.172 2908
380.186 3000
380.199 3040
380.213 3060
380.227 3114
380.240 3147
380.254 3126
380.267 3100
380.281 3127
380.295 3166
380.308 3225
380.322 3335
380.336 3315
380.349 3378
380.363 3335
380.376 3472
380.390 3448
380.404 3525
380.417 3575
380.431 3634
380.444 3657
380.458 3635
380.472 3718
380.485 3731
380.499 3812
380.512 3842
380.526 3922
380.540 3980
380.553 3922
380.567 4017
380.580 4059
380.594 4142
380.608 4177
380.621 4434
380.635 4439
380.648 4457
380.662 4432
380.676 4464
380.689 4556
380.703 4555
380.716 4609
380.730 4667
380.744 4777
380.757 4851
380.771 4923
380.784 5026
380.798 4958
380.812 5027
380.825 5030
380.839 5125
380.852 5303
380.866 5426
380.880 5485
380.893 5414
380.907 5412
380.920 5502
380.934 5522
380.948 5538
380.961 5619
380.975 5695
380.988 5760
381.002 5656
381.015 5756
381.029 5712
381.043 5985
381.056 5975
381.070 5983
381.083 5991
381.097 5926
381.111 6069
381.124 6281
381.138 6240
381.151 6294
381.165 6424
381.179 6423
381.192 6368
381.206 6428
381.219 6436
381.233 6419
381.246 6440
381.260 6645
381.274 6536
381.287 6722
381.301 6674
381.314 6694
381.328 6686
381.341 6739
381.355 6763
381.369 6891
381.382 6846
381.396 6886
381.409 6938
381.423 7106
381.437 7198
381.450 7242
381.464 7250
381.477 7356
381.491 7420
381.504 7312
381.518 7328
381.532 7429
381.545 7494
381.559 7803
381.572 7902
381.586 7782
381.599 7837
381.613 7852
381.627 7854
381.640 7896
381.654 7932
381.667 8008
381.681 7947
381.694 7925
381.708 7795
381.722 7632
381.735 7788
381.749 7817
381.762 7826
381.776 7778
381.789 7916
381.803 7764
381.817 7897
381.830 7899
381.844 7983
381.857 8031
381.871 8050
381.884 8072
381.898 7947
381.911 8026
381.925 8035
381.939 8187
381.952 8188
381.966 8213
381.979 8231
381.993 8374
382.006 8490
382.020 8507
382.034 8588
382.047 8407
382.061 8368
382.074 8519
382.088 8482
382.101 8402
382.115 8393
382.128 8496
382.142 8754
382.156 9005
382.169 9074
382.183 9074
382.196 8916
382.210 9008
382.223 8997
382.237 8832
382.250 9041
382.264 8970
382.278 9099
382.291 9236
382.305 9307
382.318 9508
382.332 9294
382.345 9065
382.359 9108
382.372 9140
382.386 9129
382.399 9178
382.413 9233
382.427 9314
382.440 9322
382.454 9322
382.467 9457
382.481 9717
382.494 9792
382.508 9909
382.521 9939
382.535 9937
382.548 9855
382.562 9865
382.576 10079
382.589 9970
382.603 10010
382.616 10181
382.630 10236
382.643 10279
382.657 10462
382.670 10526
382.684 10606
382.697 10442
382.711 10533
382.724 10684
382.738 10665
382.752 10740
382.765 10862
382.779 10951
382.792 10974
382.806 11141
382.819 11218
382.833 11238
382.846 11444
382.860 11518
382.873 11566
382.887 11638
382.900 11770
382.914 11986
382.928 12102
382.941 12132
382.955 12073
382.968 12591
382.982 12661
382.995 12703
383.009 12658
383.022 12841
383.036 13036
383.049 13043
383.063 13270
383.076 13444
383.090 13434
383.103 13486
383.117 13554
383.130 13920
383.144 14053
383.158 14085
383.171 14198
383.185 14303
383.198 14544
383.212 14844
383.225 14993
383.239 15237
383.252 15360
383.266 15561
383.279 15417
383.293 15758
383.306 15962
383.320 16208
383.333 16633
383.347 16853
383.360 16754
383.374 16934
383.387 17008
383.401 17073
383.414 17183
383.428 17142
383.441 17388
383.455 17445
383.468 17505
383.482 17726
383.496 18501
383.509 18533
383.523 18668
383.536 18769
383.550 18898
383.563 19012
383.577 19356
383.590 19706
383.604 19527
383.617 19552
383.631 19543
383.644 19637
383.658 19457
383.671 19679
383.685 19768
383.698 20166
383.712 20554
383.725 20608
383.739 20541
383.752 20485
383.766 20543
383.779 20784
383.793 21027
383.806 21293
383.820 21974
383.833 22062
383.847 22114
383.860 22453
383.874 22527
383.887 22083
383.901 22440
383.914 22613
383.928 22970
383.941 23216
383.955 23015
383.968 23187
383.982 23157
383.995 23316
384.009 23609
384.022 23793
384.036 24059
384.049 24017
384.063 24481
384.076 25104
384.090 25743
384.103 26226
384.117 26563
384.130 26580
384.144 26014
384.157 26069
384.171 26198
384.184 26302
384.198 26529
384.211 26949
384.225 27085
384.238 28080
384.252 28459
384.265 28660
384.279 28832
384.292 29286
384.306 29682
384.319 29722
384.333 29733
384.346 30052
384.360 30060
384.373 30242
384.387 30650
384.400 31255
384.414 31660
384.427 31904
384.441 32153
384.454 32609
384.468 33013
384.481 33100
384.495 33675
384.508 34154
384.522 34503
384.535 34813
384.549 35324
384.562 35620
384.575 36093
384.589 37258
384.602 38381
384.616 39299
384.629 39776
384.643 40180
384.656 40655
384.670 41095
384.683 41410
384.697 41595
384.710 42345
384.724 42661
384.737 43232
384.751 43960
384.764 44293
384.778 45243
384.791 45850
384.805 46294
384.818 47033
384.832 47004
384.845 47626
384.859 47903
384.872 47885
384.885 47501
384.899 47576
384.912 48326
384.926 48268
384.939 48626
384.953 48677
384.966 48887
384.980 49428
384.993 49350
385.007 49757
385.020 49562
385.034 49530
385.047 49311
385.061 48955
385.074 48854
385.088 48231
385.101 48132
385.114 47820
385.128 47573
385.141 47143
385.155 46607
385.168 47232
385.182 47266
385.195 46686
385.209 45600
385.222 44145
385.236 43488
385.249 42389
385.263 41617
385.276 40145
385.290 39014
385.303 37895
385.316 37007
385.330 36663
385.343 35655
385.357 34521
385.370 33390
385.384 32596
385.397 31249
385.411 30904
385.424 29956
385.438 29203
385.451 28623
385.464 28268
385.478 27322
385.491 26497
385.505 25714
385.518 24796
385.532 24224
385.545 22748
385.559 21971
385.572 21386
385.586 20757
385.599 20410
385.612 19964
385.626 19146
385.639 18277
385.653 17881
385.666 17882
385.680 17154
385.693 16349
385.707 15620
385.720 15294
385.734 14592
385.747 14004
385.760 13422
385.774 13133
385.787 12724
385.801 12227
385.814 11494
385.828 11037
385.841 10841
385.855 10702
385.868 10222
385.881 9938
385.895 9732
385.908 9516
385.922 9136
385.935 9023
385.949 8742
385.962 8474
385.976 8436
385.989 8278
386.002 8199
386.016 8005
386.029 7949
386.043 7778
386.056 7470
386.070 7450
386.083 7295
386.097 7263
386.110 7123
386.123 7022
386.137 6855
386.150 6687
386.164 6624
386.177 6519
386.191 6522
386.204 6357
386.217 6109
386.231 6132
386.244 6089
386.258 6025
386.271 5991
386.285 5919
386.298 5867
386.311 5724
386.325 5588
386.338 5561
386.352 5435
386.365 5397
386.379 5323
386.392 5290
386.405 5185
386.419 5187
386.432 5220
386.446 5171
386.459 5170
386.473 4994
386.486 4966
386.499 4855
386.513 4867
386.526 4824
386.540 4812
386.553 4725
386.567 4744
386.580 4833
386.593 4921
386.607 4901
386.620 4752
386.634 4787
386.647 4725
386.661 4655
386.674 4539
386.687 4531
386.701 4396
386.714 4368
386.728 4336
386.741 4335
386.754 4309
386.768 4291
386.781 4284
386.795 4132
386.808 4195
386.822 4181
386.835 4146
386.848 4088
386.862 4040
386.875 4014
386.889 3924
386.902 3971
386.915 3968
386.929 3943
386.942 3982
386.956 3962
386.969 3905
386.983 3793
386.996 3846
387.009 3900
387.023 3844
387.036 3871
387.050 3801
387.063 3870
387.076 3855
387.090 3815
387.103 3772
387.117 3740
387.130 3750
387.143 3812
387.157 3842
387.170 3821
387.184 3721
387.197 3724
387.210 3778
387.224 3712
387.237 3682
387.251 3557
387.264 3648
387.278 3598
387.291 3585
387.304 3637
387.318 3615
387.331 3566
387.345 3594
387.358 3586
387.371 3598
387.385 3539
387.398 3574
387.412 3494
387.425 3521
387.438 3509
387.452 3505
387.465 3457
387.478 3525
387.492 3484
387.505 3455
387.519 3562
387.532 3599
387.545 3678
387.559 3723
387.572 3628
387.586 3689
387.599 3678
387.612 3735
387.626 3794
387.639 3707
387.653 3721
387.666 3639
387.679 3566
387.693 3578
387.706 3567
387.720 3581
387.733 3671
387.746 3746
387.760 3728
387.773 3739
387.787 3732
387.800 3743
387.813 3715
387.827 3758
387.840 3698
387.853 3614
387.867 3727
387.880 3924
387.894 3938
387.907 3978
387.920 3931
387.934 3940
387.947 3861
387.961 4020
387.974 3812
387.987 3862
388.001 3979
388.014 3978
388.027 4026
388.041 4075
388.054 3992
388.068 3946
388.081 4143
388.094 4116
388.108 4126
388.121 4027
388.134 4114
388.148 4070
388.161 4031
388.175 3979
388.188 3960
388.201 3898
388.215 3885
388.228 3835
388.241 3760
388.255 3823
388.268 3727
388.282 3688
388.295 3617
388.308 3543
388.322 3493
388.335 3335
388.348 3348
388.362 3266
388.375 3155
388.389 3189
388.402 3082
388.415 3025
388.429 3038
388.442 2963
388.455 2933
388.469 2903
388.482 2846
388.495 2846
388.509 2733
388.522 2735
388.536 2679
388.549 2545
388.562 2515
388.576 2441
388.589 2390
388.602 2348
388.616 2354
388.629 2322
388.642 2285
388.656 2214
388.669 2187
388.683 2172
388.696 2212
388.709 2178
388.723 2121
388.736 2149
388.749 2077
388.763 2030
388.776 2032
388.789 2019
388.803 1995
388.816 1947
388.829 1937
388.843 1920
388.856 1916
388.870 1855
388.883 1932
388.896 1906
388.910 1877
388.923 1933
388.936 1906
388.950 1923
388.963 1914
388.976 1930
388.990 1889
389.003 1861
389.016 1872
389.030 1902
389.043 1849
389.056 1869
389.070 1936
389.083 1839
389.097 1895
389.110 1902
389.123 1902
389.137 1910
389.150 1934
389.163 1923
389.177 1988
389.190 1908
389.203 1892
389.217 1946
389.230 1925
389.243 1996
389.257 1951
389.270 1988
389.283 1963
389.297 1974
389.310 1937
389.323 1940
389.337 1965
389.350 1954
389.363 1977
389.377 1983
389.390 1989
389.403 1945
389.417 1942
389.430 1931
389.443 1922
389.457 1906
389.470 1942
389.483 1996
389.497 1943
389.510 1933
389.523 1945
389.537 1885
389.550 1874
389.563 1844
389.577 1786
389.590 1788
389.603 1723
389.617 1711
389.630 1710
389.643 1724
389.657 1676
389.670 1662
389.683 1673
389.697 1652
389.710 1611
389.723 1608
389.737 1607
389.750 1581
389.763 1576
389.777 1574
389.790 1486
389.803 1529
389.817 1512
389.830 1486
389.843 1490
389.857 1445
389.870 1446
389.883 1430
389.897 1395
389.910 1433
389.923 1425
389.937 1433
389.950 1436
389.963 1391
389.977 1439
389.990 1367
390.003 1426
390.017 1418
390.030 1394
390.043 1423
390.057 1371
390.070 1332
390.083 1357
390.096 1323
390.110 1370
390.123 1374
390.136 1348
390.150 1349
390.163 1366
390.176 1312
390.190 1347
390.203 1328
390.216 1327
390.230 1296
390.243 1310
390.256 1282
390.270 1299
390.283 1308
390.296 1271
390.310 1286
390.323 1278
390.336 1291
390.349 1287
390.363 1271
390.376 1290
390.389 1319
390.403 1289
390.416 1275
390.429 1285
390.443 1305
390.456 1296
390.469 1283
390.483 1244
390.496 1259
390.509 1242
390.522 1254
390.536 1243
390.549 1257
390.562 1245
390.576 1242
390.589 1231
390.602 1271
390.616 1222
390.629 1217
390.642 1216
390.655 1209
390.669 1242
390.682 1206
390.695 1218
390.709 1191
390.722 1206
390.735 1182
390.749 1188
390.762 1225
390.775 1188
390.788 1191
390.802 1185
390.815 1199
390.828 1185
390.842 1194
390.855 1159
390.868 1139
390.882 1175
390.895 1173
390.908 1171
390.921 1138
390.935 1197
390.948 1146
390.961 1170
390.975 1127
390.988 1152
391.001 1144
391.014 1147
391.028 1159
391.041 1124
391.054 1121
391.068 1144
391.081 1112
391.094 1097
391.107 1107
391.121 1100
391.134 1065
391.147 1073
391.161 1095
391.174 1125
391.187 1086
391.200 1066
391.214 1062
391.227 1076
391.240 1048
391.254 1053
391.267 1053
391.280 1047
391.293 1056
391.307 1019
391.320 1018
391.333 1020
391.347 1045
391.360 1031
391.373 1024
391.386 1010
391.400 1033
391.413 1002
391.426 1005
391.440 1007
391.453 997
391.466 1001
391.479 965
391.493 991
391.506 973
391.519 977
391.532 986
391.546 966
391.559 969
391.572 985
391.586 947
391.599 948
391.612 934
391.625 953
391.639 963
391.652 936
391.665 965
391.678 951
391.692 946
391.705 932
391.718 926
391.732 937
391.745 919
391.758 926
391.771 917
391.785 902
391.798 923
391.811 895
391.824 906
391.838 903
391.851 914
391.864 890
391.877 924
391.891 889
391.904 902
391.917 904
391.931 895
391.944 892
391.957 910
391.970 912
391.984 907
391.997 903
392.010 898
392.023 878
392.037 874
392.050 885
392.063 888
392.076 869
392.090 883
392.103 873
392.116 887
392.129 882
392.143 883
392.156 853
392.169 871
392.182 871
392.196 882
392.209 868
392.222 878
392.235 864
392.249 872
392.262 871
392.275 853
392.288 872
392.302 843
392.315 858
392.328 838
392.341 867
392.355 865
392.368 828
392.381 847
392.394 856
392.408 853
392.421 842
392.434 861
392.447 854
392.461 837
392.474 853
392.487 850
392.500 848
392.514 853
392.527 857
392.540 862
392.553 839
392.567 838
392.580 848
392.593 832
392.606 852
392.620 835
392.633 837
392.646 845
392.659 838
392.673 814
392.686 828
392.699 839
392.712 840
392.726 837
392.739 837
392.752 833
392.765 833
392.778 817
392.792 830
392.805 836
392.818 859
392.831 824
392.845 823
392.858 814
392.871 830
392.884 831
392.898 825
392.911 843
392.924 841
392.937 838
392.951 842
392.964 835
392.977 820
392.990 840
393.003 850
393.017 828
393.030 814
393.043 837
393.056 831
393.070 809
393.083 847
393.096 829
393.109 834
393.122 821
393.136 800
393.149 828
393.162 820
393.175 797
393.189 802
393.202 829
393.215 839
393.228 828
393.242 820
393.255 830
393.268 821
393.281 817
393.294 820
393.308 816
393.321 823
393.334 823
393.347 822
393.360 815
393.374 807
393.387 825
393.400 809
393.413 799
393.427 824
393.440 819
393.453 809
393.466 820
393.479 809
393.493 824
393.506 812
393.519 804
393.532 817
393.546 832
393.559 820
393.572 819
393.585 804
393.598 809
393.612 823
393.625 812
393.638 818
393.651 800
393.664 805
393.678 818
393.691 823
393.704 809
393.717 798
393.730 815
393.744 831
393.757 819
393.770 810
393.783 820
393.796 808
393.810 818
393.823 785
393.836 790
393.849 793
393.863 803
393.876 808
393.889 809
393.902 820
393.915 794
393.929 794
