375.891 720
375.905 737
375.919 722
375.933 728
375.946 730
375.960 727
375.974 729
375.987 732
376.001 720
376.015 722
376.029 732
376.042 731
376.056 741
376.070 729
376.084 742
376.097 739
376.111 746
376.125 748
376.139 747
376.152 745
376.166 761
376.180 749
376.193 756
376.207 761
376.221 757
376.235 754
376.248 754
376.262 755
376.276 768
376.290 765
376.303 754
376.317 750
376.331 768
376.345 783
376.358 774
376.372 785
376.386 786
376.399 774
376.413 783
376.427 777
376.441 798
376.454 792
376.468 775
376.482 777
376.495 787
376.509 788
376.523 811
376.537 799
376.550 805
376.564 808
376.578 800
376.592 817
376.605 808
376.619 812
376.633 825
376.646 824
376.660 819
376.674 803
376.688 836
376.701 834
376.715 824
376.729 811
376.742 839
376.756 819
376.770 843
376.784 840
376.797 829
376.811 855
376.825 868
376.838 870
376.852 867
376.866 876
376.880 878
376.893 863
376.907 863
376.921 883
376.934 863
376.948 875
376.962 887
376.976 898
376.989 887
377.003 912
377.017 885
377.030 924
377.044 932
377.058 930
377.071 938
377.085 935
377.099 941
377.113 922
377.126 929
377.140 929
377.154 937
377.167 957
377.181 972
377.195 949
377.208 961
377.222 971
377.236 986
377.250 964
377.263 987
377.277 996
377.291 994
377.304 995
377.318 1008
377.332 1011
377.345 1015
377.359 975
377.373 1024
377.387 1024
377.400 1019
377.414 1012
377.428 1047
377.441 1054
377.455 1050
377.469 1053
377.482 1054
377.496 1067
377.510 1084
377.524 1068
377.537 1102
377.551 1086
377.565 1103
377.578 1087
377.592 1110
377.606 1079
377.619 1097
377.633 1085
377.647 1068
377.660 1122
377.674 1128
377.688 1101
377.701 1133
377.715 1145
377.729 1126
377.743 1145
377.756 1141
377.770 1161
377.784 1162
377.797 1171
377.811 1146
377.825 1156
377.838 1150
377.852 1185
377.866 1196
377.879 1210
377.893 1200
377.907 1222
377.920 1180
377.934 1211
377.948 1185
377.961 1199
377.975 1203
377.989 1221
378.002 1245
378.016 1209
378.030 1240
378.044 1233
378.057 1241
378.071 1245
378.085 1263
378.098 1248
378.112 1244
378.126 1250
378.139 1289
378.153 1288
378.167 1253
378.180 1300
378.194 1290
378.208 1313
378.221 1285
378.235 1305
378.249 1322
378.262 1300
378.276 1324
378.290 1330
378.303 1344
378.317 1359
378.331 1338
378.344 1355
378.358 1331
378.372 1349
378.385 1370
378.399 1366
378.413 1373
378.426 1392
378.440 1367
378.454 1366
378.467 1398
378.481 1375
378.495 1396
378.508 1385
378.522 1387
378.536 1378
378.549 1410
378.563 1405
378.577 1413
378.590 1433
378.604 1421
378.618 1443
378.631 1448
378.645 1502
378.659 1452
378.672 1452
378.686 1519
378.700 1509
378.713 1510
378.727 1506
378.740 1543
378.754 1506
378.768 1538
378.781 1546
378.795 1532
378.809 1571
378.822 1574
378.836 1528
378.850 1506
378.863 1540
378.877 1560
378.891 1570
378.904 1581
378.918 1565
378.932 1579
378.945 1548
378.959 1552
378.973 1561
378.986 1544
379.000 1605
379.014 1586
379.027 1585
379.041 1584
379.054 1628
379.068 1601
379.082 1596
379.095 1638
379.109 1592
379.123 1577
379.136 1644
379.150 1629
379.164 1649
379.177 1655
379.191 1663
379.205 1647
379.218 1670
379.232 1698
379.245 1688
379.259 1693
379.273 1701
379.286 1729
379.300 1701
379.314 1730
379.327 1680
379.341 1728
379.355 1762
379.368 1765
379.382 1718
379.396 1721
379.409 1774
379.423 1842
379.436 1811
379.450 1794
379.464 1815
379.477 1819
379.491 1855
379.505 1839
379.518 1840
379.532 1871
379.546 1943
379.559 1932
379.573 1933
379.586 1902
379.600 1919
379.614 1989
379.627 2006
379.641 2032
379.655 2028
379.668 1997
379.682 2022
379.695 2009
379.709 2038
379.723 2030
379.736 2125
379.750 2152
379.764 2219
379.777 2209
379.791 2228
379.804 2238
379.818 2297
379.832 2218
379.845 2202
379.859 2216
379.873 2274
379.886 2275
379.900 2303
379.913 2311
379.927 2348
379.941 2391
379.954 2426
379.968 2423
379.982 2430
379.995 2491
380.009 2444
380.022 2502
380.036 2517
380.050 2522
380.063 2589
380.077 2688
380.090 2775
380.104 2799
380.118 2755
380.131 2846
380.145 2901
380.159 2858
380.172 2889
380.186 2987
380.199 3031
380.213 3087
380.227 3113
380.240 3092
380.254 3126
380.267 3120
380.281 3193
380.295 3138
380.308 3199
380.322 3197
380.336 3325
380.349 3395
380.363 3356
380.376 3438
380.390 3435
380.404 3486
380.417 3500
380.431 3589
380.444 3559
380.458 3693
380.472 3633
380.485 3749
380.499 3764
380.512 3835
380.526 3895
380.540 3944
380.553 3976
380.567 4018
380.580 4065
380.594 4041
380.608 4195
380.621 4390
380.635 4346
380.648 4421
380.662 4425
380.676 4493
380.689 4488
380.703 4517
380.716 4591
380.730 4598
380.744 4702
380.757 4823
380.771 4932
380.784 5000
380.798 4978
380.812 5083
380.825 5068
380.839 5111
380.852 5320
380.866 5299
380.880 5466
380.893 5398
380.907 5440
380.920 5418
380.934 5533
380.948 5638
380.961 5536
380.975 5746
380.988 5775
381.002 5675
381.015 5762
381.029 5836
381.043 5940
381.056 5917
381.070 5924
381.083 6012
381.097 6066
381.111 6130
381.124 6167
381.138 6310
381.151 6385
381.165 6445
381.179 6437
381.192 6421
381.206 6322
381.219 6340
381.233 6439
381.246 6469
381.260 6586
381.274 6513
381.287 6668
381.301 6691
381.314 6715
381.328 6764
381.341 6793
381.355 6812
381.369 6896
381.382 6889
381.396 6911
381.409 7028
381.423 7136
381.437 7100
381.450 7226
381.464 7296
381.477 7254
381.491 7424
381.504 7436
381.518 7392
381.532 7517
381.545 7545
381.559 7788
381.572 7845
381.586 7781
381.599 7835
381.613 7870
381.627 7883
381.640 7863
381.654 7908
381.667 7950
381.681 8058
381.694 8042
381.708 7839
381.722 7747
381.735 7696
381.749 7872
381.762 7795
381.776 7930
381.789 7829
381.803 7872
381.817 7924
381.830 7810
381.844 8007
381.857 7977
381.871 8044
381.884 8091
381.898 7979
381.911 8092
381.925 8031
381.939 8107
381.952 8187
381.966 8137
381.979 8204
381.993 8384
382.006 8498
382.020 8585
382.034 8542
382.047 8589
382.061 8436
382.074 8430
382.088 8415
382.101 8474
382.115 8388
382.128 8399
382.142 8853
382.156 9077
382.169 9064
382.183 9008
382.196 8945
382.210 8852
382.223 8875
382.237 8846
382.250 8898
382.264 9030
382.278 9041
382.291 9132
382.305 9272
382.318 9316
382.332 9487
382.345 9102
382.359 9054
382.372 9160
382.386 9068
382.399 9160
382.413 9224
382.427 9292
382.440 9324
382.454 9351
382.467 9457
382.481 9652
382.494 9900
382.508 9946
382.521 9987
382.535 9927
382.548 9844
382.562 9899
382.576 9838
382.589 9978
382.603 10010
382.616 10109
382.630 10185
382.643 10274
382.657 10402
382.670 10393
382.684 10425
382.697 10469
382.711 10635
382.724 10645
382.738 10746
382.752 10778
382.765 10788
382.779 10939
382.792 10961
382.806 11066
382.819 11130
382.833 11192
382.846 11310
382.860 11504
382.873 11371
382.887 11619
382.900 11725
382.914 11896
382.928 11994
382.941 12117
382.955 12259
382.968 12299
382.982 12596
382.995 12683
383.009 12809
383.022 12620
383.036 12839
383.049 13231
383.063 13086
383.076 13332
383.090 13246
383.103 13483
383.117 13492
383.130 13771
383.144 13791
383.158 13953
383.171 13988
383.185 14154
383.198 14522
383.212 14719
383.225 14751
383.239 15102
383.252 15421
383.266 15401
383.279 15526
383.293 15740
383.306 15872
383.320 16087
383.333 16561
383.347 16602
383.360 16695
383.374 16532
383.387 16917
383.401 17154
383.414 17111
383.428 17216
383.441 17122
383.455 17338
383.468 17422
383.482 17762
383.496 18463
383.509 18553
383.523 18546
383.536 18614
383.550 18771
383.563 18923
383.577 19198
383.590 19442
383.604 19450
383.617 19275
383.631 19479
383.644 19429
383.658 19582
383.671 19453
383.685 19766
383.698 19780
383.712 20165
383.725 20347
383.739 20379
383.752 20432
383.766 20434
383.779 20540
383.793 20699
383.806 21123
383.820 21846
383.833 21801
383.847 21972
383.860 22264
383.874 22443
383.887 21791
383.901 22018
383.914 22701
383.928 22676
383.941 22944
383.955 22580
383.968 22761
383.982 22940
383.995 22863
384.009 23142
384.022 23336
384.036 23385
384.049 23385
384.063 24024
384.076 24751
384.090 25209
384.103 25824
384.117 26220
384.130 25847
384.144 25435
384.157 25513
384.171 25571
384.184 25866
384.198 26015
384.211 26124
384.225 26596
384.238 27192
384.252 27238
384.265 27909
384.279 28073
384.292 28464
384.306 28849
384.319 28808
384.333 28932
384.346 29040
384.360 28933
384.373 29528
384.387 29807
384.400 30010
384.414 30576
384.427 30977
384.441 31161
384.454 31476
384.468 31916
384.481 32021
384.495 32594
384.508 32959
384.522 33170
384.535 33640
384.549 33776
384.562 34368
384.575 34765
384.589 35717
384.602 36944
384.616 38002
384.629 38382
384.643 38860
384.656 39133
384.670 39639
384.683 39743
384.697 40076
384.710 40570
384.724 41051
384.737 41784
384.751 42183
384.764 42752
384.778 43291
384.791 44014
384.805 44729
384.818 45357
384.832 45302
384.845 46025
384.859 46215
384.872 46212
384.885 45849
384.899 46194
384.912 46581
384.926 46984
384.939 47122
384.953 47221
384.966 47538
384.980 48089
384.993 48069
385.007 48177
385.020 48273
385.034 48075
385.047 48225
385.061 47824
385.074 47845
385.088 47808
385.101 47428
385.114 47166
385.128 47476
385.141 46861
385.155 47053
385.168 47233
385.182 47581
385.195 46825
385.209 46334
385.222 44801
385.236 44199
385.249 43308
385.263 42489
385.276 41170
385.290 40058
385.303 38656
385.316 38218
385.330 37635
385.343 36606
385.357 35678
385.370 34826
385.384 33471
385.397 32799
385.411 31846
385.424 30891
385.438 30168
385.451 29473
385.464 28843
385.478 28043
385.491 27556
385.505 26596
385.518 26040
385.532 24967
385.545 23787
385.559 22745
385.572 22393
385.586 21506
385.599 21197
385.612 20654
385.626 20035
385.639 19008
385.653 18755
385.666 18379
385.680 17697
385.693 16945
385.707 16274
385.720 15748
385.734 15341
385.747 14562
385.760 14040
385.774 13728
385.787 13279
385.801 12642
385.814 11999
385.828 11593
385.841 11324
385.855 11018
385.868 10589
385.881 10176
385.895 10027
385.908 9759
385.922 9554
385.935 9232
385.949 8992
385.962 8815
385.976 8620
385.989 8467
386.002 8417
386.016 8249
386.029 8024
386.043 8014
386.056 7705
386.070 7463
386.083 7507
386.097 7363
386.110 7261
386.123 7129
386.137 7104
386.150 6886
386.164 6693
386.177 6652
386.191 6622
386.204 6493
386.217 6214
386.231 6315
386.244 6192
386.258 6137
386.271 6140
386.285 5936
386.298 5921
386.311 5896
386.325 5843
386.338 5653
386.352 5605
386.365 5581
386.379 5469
386.392 5389
386.405 5261
386.419 5317
386.432 5231
386.446 5301
386.459 5244
386.473 5130
386.486 5110
386.499 4967
386.513 4996
386.526 4901
386.540 4869
386.553 4760
386.567 4824
386.580 4762
386.593 4882
386.607 4994
386.620 4857
386.634 4845
386.647 4690
386.661 4747
386.674 4581
386.687 4579
386.701 4390
386.714 4437
386.728 4385
386.741 4440
386.754 4407
386.768 4338
386.781 4337
386.795 4210
386.808 4145
386.822 4209
386.835 4139
386.848 4114
386.862 4040
386.875 4048
386.889 4009
386.902 3957
386.915 3979
386.929 3978
386.942 3934
386.956 3926
386.969 3911
386.983 3916
386.996 3881
387.009 3870
387.023 3923
387.036 3895
387.050 3840
387.063 3847
387.076 3811
387.090 3817
387.103 3820
387.117 3803
387.130 3823
387.143 3861
387.157 3884
387.170 3854
387.184 3774
387.197 3782
387.210 3789
387.224 3788
387.237 3691
387.251 3700
387.264 3604
387.278 3583
387.291 3655
387.304 3764
387.318 3709
387.331 3680
387.345 3680
387.358 3668
387.371 3663
387.385 3638
387.398 3585
387.412 3647
387.425 3646
387.438 3602
387.452 3523
387.465 3528
387.478 3546
387.492 3577
387.505 3600
387.519 3703
387.532 3804
387.545 3808
387.559 3860
387.572 3799
387.586 3877
387.599 3929
387.612 3855
387.626 4013
387.639 3931
387.653 3895
387.666 3795
387.679 3846
387.693 3768
387.706 3783
387.720 3756
387.733 3967
387.746 3897
387.760 4026
387.773 3904
387.787 3983
387.800 3974
387.813 3957
387.827 3899
387.840 3856
387.853 3856
387.867 3957
387.880 4040
387.894 4131
387.907 4179
387.920 4061
387.934 4066
387.947 4101
387.961 4054
387.974 4170
387.987 4178
388.001 4178
388.014 4155
388.027 4193
388.041 4222
388.054 4197
388.068 4268
388.081 4249
388.094 4419
388.108 4347
388.121 4411
388.134 4346
388.148 4263
388.161 4230
388.175 4208
388.188 4156
388.201 4085
388.215 4126
388.228 3982
388.241 3931
388.255 3936
388.268 3921
388.282 3868
388.295 3803
388.308 3685
388.322 3638
388.335 3582
388.348 3475
388.362 3433
388.375 3464
388.389 3336
388.402 3283
388.415 3227
388.429 3227
388.442 3173
388.455 3107
388.469 3023
388.482 2963
388.495 2947
388.509 2894
388.522 2932
388.536 2753
388.549 2681
388.562 2636
388.576 2549
388.589 2545
388.602 2498
388.616 2441
388.629 2429
388.642 2414
388.656 2346
388.669 2252
388.683 2259
388.696 2274
388.709 2322
388.723 2235
388.736 2201
388.749 2168
388.763 2105
388.776 2075
388.789 2152
388.803 2061
388.816 2039
388.829 2021
388.843 1977
388.856 1991
388.870 1978
388.883 1980
388.896 1900
388.910 1963
388.923 1960
388.936 1954
388.950 1989
388.963 1979
388.976 1926
388.990 1941
389.003 1899
389.016 1947
389.030 1917
389.043 1986
389.056 1962
389.070 2034
389.083 1961
389.097 1948
389.110 1915
389.123 1912
389.137 1916
389.150 1920
389.163 1943
389.177 1954
389.190 1974
389.203 1939
389.217 1934
389.230 1949
389.243 1958
389.257 1980
389.270 1989
389.283 1966
389.297 2050
389.310 2021
389.323 1975
389.337 1946
389.350 1972
389.363 2005
389.377 1999
389.390 1978
389.403 1952
389.417 1965
389.430 1960
389.443 1997
389.457 1943
389.470 2023
389.483 2018
389.497 1972
389.510 1934
389.523 1949
389.537 1916
389.550 1882
389.563 1879
389.577 1837
389.590 1718
389.603 1732
389.617 1744
389.630 1720
389.643 1711
389.657 1717
389.670 1665
389.683 1665
389.697 1599
389.710 1616
389.723 1622
389.737 1627
389.750 1607
389.763 1570
389.777 1561
389.790 1554
389.803 1503
389.817 1479
389.830 1513
389.843 1482
389.857 1464
389.870 1419
389.883 1412
389.897 1417
389.910 1451
389.923 1392
389.937 1450
389.950 1424
389.963 1418
389.977 1437
389.990 1415
390.003 1400
390.017 1420
390.030 1378
390.043 1379
390.057 1394
390.070 1355
390.083 1390
390.096 1385
390.110 1332
390.123 1356
390.136 1347
390.150 1374
390.163 1342
390.176 1346
390.190 1334
390.203 1347
390.216 1330
390.230 1282
390.243 1268
390.256 1262
390.270 1302
390.283 1309
390.296 1300
390.310 1284
390.323 1252
390.336 1285
390.349 1274
390.363 1286
390.376 1277
390.389 1295
390.403 1309
390.416 1292
390.429 1265
390.443 1284
390.456 1267
390.469 1247
390.483 1241
390.496 1233
390.509 1223
390.522 1234
390.536 1252
390.549 1253
390.562 1245
390.576 1218
390.589 1242
390.602 1235
390.616 1200
390.629 1217
390.642 1210
390.655 1217
390.669 1207
390.682 1208
390.695 1201
390.709 1190
390.722 1219
390.735 1198
390.749 1175
390.762 1224
390.775 1167
390.788 1200
390.802 1197
390.815 1189
390.828 1168
390.842 1161
390.855 1154
390.868 1179
390.882 1178
390.895 1128
390.908 1136
390.921 1170
390.935 1176
390.948 1129
390.961 1125
390.975 1122
390.988 1124
391.001 1150
391.014 1135
391.028 1117
391.041 1102
391.054 1125
391.068 1111
391.081 1105
391.094 1100
391.107 1116
391.121 1096
391.134 1110
391.147 1106
391.161 1094
391.174 1086
391.187 1063
391.200 1073
391.214 1072
391.227 1079
391.240 1061
391.254 1065
391.267 1061
391.280 1049
391.293 1039
391.307 1020
391.320 1025
391.333 1021
391.347 1014
391.360 1011
391.373 1021
391.386 1016
391.400 1006
391.413 1024
391.426 972
391.440 1001
391.453 992
391.466 994
391.479 993
391.493 992
391.506 1006
391.519 956
391.532 1003
391.546 957
391.559 976
391.572 970
391.586 972
391.599 963
391.612 963
391.625 947
391.639 937
391.652 959
391.665 932
391.678 959
391.692 953
391.705 956
391.718 916
391.732 925
391.745 919
391.758 944
391.771 918
391.785 927
391.798 910
391.811 907
391.824 887
391.838 895
391.851 906
391.864 898
391.877 897
391.891 903
391.904 910
391.917 906
391.931 923
391.944 901
391.957 903
391.970 885
391.984 909
391.997 900
392.010 905
392.023 866
392.037 885
392.050 880
392.063 887
392.076 867
392.090 878
392.103 896
392.116 889
392.129 870
392.143 879
392.156 880
392.169 872
392.182 884
392.196 873
392.209 867
392.222 868
392.235 869
392.249 864
392.262 836
392.275 855
392.288 862
392.302 855
392.315 847
392.328 861
392.341 854
392.355 860
392.368 847
392.381 853
392.394 855
392.408 862
392.421 858
392.434 871
392.447 865
392.461 842
392.474 877
392.487 855
392.500 854
392.514 850
392.527 846
392.540 838
392.553 859
392.567 846
392.580 832
392.593 839
392.606 812
392.620 838
392.633 832
392.646 832
392.659 821
392.673 841
392.686 825
392.699 847
392.712 829
392.726 828
392.739 839
392.752 825
392.765 816
392.778 848
392.792 828
392.805 828
392.818 837
392.831 826
392.845 831
392.858 825
392.871 823
392.884 830
392.898 830
392.911 830
392.924 833
392.937 829
392.951 828
392.964 830
392.977 827
392.990 823
393.003 834
393.017 834
393.030 818
393.043 822
393.056 848
393.070 826
393.083 834
393.096 809
393.109 827
393.122 833
393.136 820
393.149 821
393.162 815
393.175 824
393.189 793
393.202 791
393.215 814
393.228 835
393.242 803
393.255 799
393.268 814
393.281 797
393.294 797
393.308 817
393.321 808
393.334 800
393.347 812
393.360 813
393.374 798
393.387 835
393.400 818
393.413 811
393.427 815
393.440 804
393.453 801
393.466 813
393.479 807
393.493 817
393.506 800
393.519 815
393.532 804
393.546 804
393.559 796
393.572 826
393.585 815
393.598 816
393.612 830
393.625 823
393.638 819
393.651 795
393.664 800
393.678 818
393.691 796
393.704 817
393.717 792
393.730 799
393.744 818
393.757 806
393.770 818
393.783 789
393.796 801
393.810 805
393.823 802
393.836 787
393.849 803
393.863 809
393.876 800
393.889 805
393.902 815
393.915 798
393.929 798
