375.891 716
375.905 725
375.919 719
375.933 735
375.946 737
375.960 734
375.974 734
375.987 723
376.001 742
376.015 730
376.029 728
376.042 740
376.056 738
376.070 747
376.084 737
376.097 761
376.111 748
376.125 749
376.139 741
376.152 748
376.166 752
376.180 748
376.193 748
376.207 761
376.221 747
376.235 752
376.248 758
376.262 764
376.276 766
376.290 768
376.303 780
376.317 760
376.331 753
376.345 768
376.358 774
376.372 782
376.386 775
376.399 771
376.413 793
376.427 790
376.441 781
376.454 783
376.468 785
376.482 784
376.495 783
376.509 798
376.523 791
376.537 805
376.550 813
376.564 814
376.578 835
376.592 821
376.605 840
376.619 806
376.633 819
376.646 811
376.660 841
376.674 811
376.688 842
376.701 817
376.715 829
376.729 832
376.742 835
376.756 841
376.770 850
376.784 851
376.797 843
376.811 865
376.825 864
376.838 875
376.852 878
376.866 872
376.880 881
376.893 870
376.907 898
376.921 898
376.934 895
376.948 884
376.962 909
376.976 911
376.989 914
377.003 925
377.017 934
377.030 939
377.044 944
377.058 939
377.071 919
377.085 944
377.099 948
377.113 929
377.126 955
377.140 962
377.154 984
377.167 975
377.181 983
377.195 980
377.208 979
377.222 997
377.236 983
377.250 984
377.263 986
377.277 999
377.291 1000
377.304 1006
377.318 1034
377.332 1037
377.345 1024
377.359 1043
377.373 1007
377.387 1027
377.400 1036
377.414 1024
377.428 1045
377.441 1056
377.455 1045
377.469 1063
377.482 1093
377.496 1097
377.510 1099
377.524 1105
377.537 1134
377.551 1136
377.565 1121
377.578 1124
377.592 1104
377.606 1125
377.619 1113
377.633 1133
377.647 1145
377.660 1132
377.674 1125
377.688 1150
377.701 1161
377.715 1151
377.729 1161
377.743 1156
377.756 1172
377.770 1158
377.784 1165
377.797 1175
377.811 1211
377.825 1178
377.838 1203
377.852 1200
377.866 1201
377.879 1248
377.893 1246
377.907 1206
377.920 1220
377.934 1248
377.948 1228
377.961 1250
377.975 1252
377.989 1254
378.002 1251
378.016 1259
378.030 1268
378.044 1258
378.057 1275
378.071 1281
378.085 1276
378.098 1276
378.112 1308
378.126 1300
378.139 1303
378.153 1291
378.167 1293
378.180 1305
378.194 1318
378.208 1316
378.221 1344
378.235 1298
378.249 1338
378.262 1317
378.276 1298
378.290 1379
378.303 1331
378.317 1351
378.331 1344
378.344 1351
378.358 1361
378.372 1360
378.385 1366
378.399 1394
378.413 1355
378.426 1395
378.440 1387
378.454 1441
378.467 1417
378.481 1428
378.495 1402
378.508 1423
378.522 1428
378.536 1442
378.549 1422
378.563 1425
378.577 1423
378.590 1456
378.604 1469
378.618 1442
378.631 1474
378.645 1520
378.659 1500
378.672 1461
378.686 1480
378.700 1550
378.713 1532
378.727 1518
378.740 1550
378.754 1563
378.768 1580
378.781 1568
378.795 1566
378.809 1561
378.822 1642
378.836 1594
378.850 1508
378.863 1560
378.877 1575
378.891 1599
378.904 1606
378.918 1616
378.932 1615
378.945 1577
378.959 1578
378.973 1592
378.986 1622
379.000 1605
379.014 1614
379.027 1614
379.041 1579
379.054 1585
379.068 1616
379.082 1631
379.095 1635
379.109 1629
379.123 1635
379.136 1665
379.150 1667
379.164 1666
379.177 1639
379.191 1679
379.205 1691
379.218 1683
379.232 1699
379.245 1729
379.259 1711
379.273 1737
379.286 1753
379.300 1730
379.314 1748
379.327 1763
379.341 1738
379.355 1794
379.368 1785
379.382 1778
379.396 1786
379.409 1801
379.423 1786
379.436 1876
379.450 1804
379.464 1847
379.477 1872
379.491 1894
379.505 1858
379.518 1919
379.532 1916
379.546 1958
379.559 1932
379.573 1958
379.586 1913
379.600 1967
379.614 1984
379.627 2009
379.641 2028
379.655 2080
379.668 2030
379.682 2023
379.695 2056
379.709 2078
379.723 2051
379.736 2133
379.750 2208
379.764 2251
379.777 2299
379.791 2308
379.804 2311
379.818 2293
379.832 2298
379.845 2250
379.859 2232
379.873 2241
379.886 2301
379.900 2307
379.913 2372
379.927 2374
379.941 2420
379.954 2408
379.968 2441
379.982 2477
379.995 2497
380.009 2482
380.022 2533
380.036 2545
380.050 2589
380.063 2652
380.077 2805
380.090 2808
380.104 2802
380.118 2810
380.131 2857
380.145 2924
380.159 2910
380.172 2955
380.186 3000
380.199 3040
380.213 3092
380.227 3167
380.240 3215
380.254 3133
380.267 3100
380.281 3151
380.295 3293
380.308 3225
380.322 3303
380.336 3308
380.349 3419
380.363 3448
380.376 3472
380.390 3497
380.404 3569
380.417 3632
380.431 3646
380.444 3709
380.458 3768
380.472 3718
380.485 3800
380.499 3869
380.512 3898
380.526 3973
380.540 3988
380.553 3992
380.567 4038
380.580 4131
380.594 4179
380.608 4281
380.621 4447
380.635 4455
380.648 4450
380.662 4529
380.676 4464
380.689 4556
380.703 4555
380.716 4699
380.730 4697
380.744 4777
380.757 4936
380.771 5041
380.784 5102
380.798 4987
380.812 5087
380.825 5135
380.839 5240
380.852 5360
380.866 5512
380.880 5532
380.893 5548
380.907 5517
380.920 5506
380.934 5572
380.948 5538
380.961 5745
380.975 5830
380.988 5862
381.002 5847
381.015 5756
381.029 5913
381.043 5985
381.056 5975
381.070 6068
381.083 6104
381.097 6194
381.111 6216
381.124 6376
381.138 6298
381.151 6332
381.165 6424
381.179 6451
381.192 6419
381.206 6434
381.219 6436
381.233 6453
381.246 6672
381.260 6683
381.274 6597
381.287 6820
381.301 6791
381.314 6783
381.328 6850
381.341 6869
381.355 6763
381.369 6919
381.382 6913
381.396 7044
381.409 7151
381.423 7233
381.437 7223
381.450 7342
381.464 7371
381.477 7356
381.491 7420
381.504 7507
381.518 7450
381.532 7429
381.545 7668
381.559 7864
381.572 7902
381.586 7782
381.599 7920
381.613 7967
381.627 7955
381.640 7970
381.654 7932
381.667 8088
381.681 8161
381.694 8017
381.708 7911
381.722 7632
381.735 7898
381.749 7817
381.762 7899
381.776 7912
381.789 7965
381.803 7928
381.817 7897
381.830 7915
381.844 8006
381.857 8031
381.871 8171
381.884 8181
381.898 8263
381.911 8186
381.925 8174
381.939 8266
381.952 8264
381.966 8213
381.979 8350
381.993 8425
382.006 8516
382.020 8507
382.034 8616
382.047 8457
382.061 8518
382.074 8535
382.088 8502
382.101 8546
382.115 8591
382.128 8496
382.142 8879
382.156 9148
382.169 9074
382.183 9112
382.196 9001
382.210 9008
382.223 9045
382.237 9059
382.250 9041
382.264 9134
382.278 9198
382.291 9280
382.305 9412
382.318 9622
382.332 9507
382.345 9268
382.359 9214
382.372 9213
382.386 9168
382.399 9309
382.413 9289
382.427 9456
382.440 9415
382.454 9596
382.467 9606
382.481 9736
382.494 9839
382.508 10086
382.521 10276
382.535 10116
382.548 9965
382.562 10077
382.576 10156
382.589 10015
382.603 10270
382.616 10208
382.630 10453
382.643 10460
382.657 10523
382.670 10727
382.684 10688
382.697 10581
382.711 10704
382.724 10925
382.738 10864
382.752 10866
382.765 10984
382.779 11062
382.792 11077
382.806 11265
382.819 11364
382.833 11424
382.846 11595
382.860 11734
382.873 11686
382.887 11736
382.900 11875
382.914 12134
382.928 12300
382.941 12336
382.955 12409
382.968 12629
382.982 12787
382.995 12900
383.009 12994
383.022 12988
383.036 13036
383.049 13344
383.063 13456
383.076 13713
383.090 13765
383.103 13666
383.117 13787
383.130 14001
383.144 14129
383.158 14197
383.171 14488
383.185 14546
383.198 14768
383.212 15091
383.225 15346
383.239 15506
383.252 15730
383.266 15809
383.279 16084
383.293 16084
383.306 16297
383.320 16559
383.333 16946
383.347 17332
383.360 17039
383.374 17209
383.387 17517
383.401 17666
383.414 17695
383.428 17624
383.441 17819
383.455 18141
383.468 18010
383.482 18198
383.496 19005
383.509 19038
383.523 19299
383.536 19343
383.550 19496
383.563 19552
383.577 19747
383.590 19988
383.604 20276
383.617 20055
383.631 20146
383.644 20012
383.658 20160
383.671 20275
383.685 20503
383.698 20958
383.712 21237
383.725 21362
383.739 21356
383.752 21397
383.766 21568
383.779 21643
383.793 21773
383.806 21940
383.820 22822
383.833 23078
383.847 23021
383.860 23310
383.874 23502
383.887 23141
383.901 23342
383.914 23970
383.928 23982
383.941 24228
383.955 24110
383.968 24055
383.982 24225
383.995 24646
384.009 24627
384.022 24877
384.036 25105
384.049 25374
384.063 25818
384.076 26683
384.090 27050
384.103 27769
384.117 28296
384.130 28104
384.144 27608
384.157 27407
384.171 27800
384.184 28201
384.198 28379
384.211 28384
384.225 28927
384.238 29893
384.252 30269
384.265 30497
384.279 30872
384.292 31451
384.306 31841
384.319 31609
384.333 31786
384.346 31894
384.360 32135
384.373 32744
384.387 33051
384.400 33275
384.414 33887
384.427 34192
384.441 34764
384.454 34981
384.468 35311
384.481 35655
384.495 36096
384.508 36507
384.522 36702
384.535 37518
384.549 37559
384.562 37963
384.575 38677
384.589 39550
384.602 40990
384.616 41906
384.629 42124
384.643 42767
384.656 43162
384.670 43584
384.683 43656
384.697 44007
384.710 44245
384.724 45289
384.737 45443
384.751 46044
384.764 46690
384.778 47415
384.791 48146
384.805 48506
384.818 48869
384.832 49283
384.845 49442
384.859 49872
384.872 49465
384.885 49049
384.899 49499
384.912 49525
384.926 49556
384.939 49953
384.953 50152
384.966 50197
384.980 50424
384.993 50249
385.007 50231
385.020 50050
385.034 49951
385.047 49741
385.061 49079
385.074 48956
385.088 48231
385.101 48132
385.114 47820
385.128 47573
385.141 47143
385.155 46531
385.168 47028
385.182 46894
385.195 45975
385.209 45068
385.222 43159
385.236 42211
385.249 41317
385.263 40239
385.276 38770
385.290 37410
385.303 36089
385.316 35120
385.330 34562
385.343 33713
385.357 32556
385.370 31485
385.384 30374
385.397 29520
385.411 28681
385.424 27945
385.438 27277
385.451 26538
385.464 26053
385.478 25470
385.491 24525
385.505 23737
385.518 23066
385.532 22347
385.545 21207
385.559 20153
385.572 19781
385.586 19322
385.599 18723
385.612 18383
385.626 17825
385.639 17012
385.653 16690
385.666 16546
385.680 15830
385.693 15005
385.707 14528
385.720 14235
385.734 13676
385.747 13195
385.760 12713
385.774 12238
385.787 12113
385.801 11532
385.814 10954
385.828 10612
385.841 10339
385.855 10170
385.868 9858
385.881 9549
385.895 9440
385.908 9122
385.922 8875
385.935 8732
385.949 8569
385.962 8245
385.976 8255
385.989 8071
386.002 8127
386.016 7973
386.029 7709
386.043 7657
386.056 7409
386.070 7253
386.083 7270
386.097 7125
386.110 6951
386.123 6926
386.137 6855
386.150 6687
386.164 6624
386.177 6435
386.191 6522
386.204 6357
386.217 6109
386.231 6132
386.244 6089
386.258 6025
386.271 5991
386.285 5919
386.298 5867
386.311 5724
386.325 5588
386.338 5561
386.352 5435
386.365 5397
386.379 5323
386.392 5290
386.405 5185
386.419 5187
386.432 5220
386.446 5171
386.459 5170
386.473 4994
386.486 4966
386.499 4855
386.513 4867
386.526 4824
386.540 4848
386.553 4725
386.567 4744
386.580 4833
386.593 4907
386.607 4901
386.620 4752
386.634 4787
386.647 4725
386.661 4655
386.674 4539
386.687 4531
386.701 4396
386.714 4368
386.728 4336
386.741 4335
386.754 4309
386.768 4291
386.781 4284
386.795 4132
386.808 4255
386.822 4181
386.835 4146
386.848 4088
386.862 4040
386.875 4014
386.889 3924
386.902 3971
386.915 3968
386.929 3943
386.942 3982
386.956 3962
386.969 3905
386.983 3793
386.996 3846
387.009 3900
387.023 3844
387.036 3871
387.050 3801
387.063 3867
387.076 3855
387.090 3816
387.103 3772
387.117 3740
387.130 3750
387.143 3812
387.157 3842
387.170 3826
387.184 3721
387.197 3724
387.210 3778
387.224 3722
387.237 3682
387.251 3557
387.264 3648
387.278 3598
387.291 3585
387.304 3637
387.318 3615
387.331 3566
387.345 3594
387.358 3586
387.371 3598
387.385 3539
387.398 3580
387.412 3494
387.425 3521
387.438 3509
387.452 3505
387.465 3457
387.478 3486
387.492 3484
387.505 3455
387.519 3582
387.532 3599
387.545 3678
387.559 3723
387.572 3628
387.586 3689
387.599 3678
387.612 3735
387.626 3794
387.639 3707
387.653 3721
387.666 3639
387.679 3566
387.693 3578
387.706 3567
387.720 3581
387.733 3618
387.746 3738
387.760 3728
387.773 3739
387.787 3732
387.800 3743
387.813 3710
387.827 3735
387.840 3670
387.853 3614
387.867 3701
387.880 3808
387.894 3813
387.907 3835
387.920 3796
387.934 3791
387.947 3771
387.961 3794
387.974 3760
387.987 3723
388.001 3735
388.014 3745
388.027 3760
388.041 3780
388.054 3730
388.068 3696
388.081 3732
388.094 3725
388.108 3713
388.121 3718
388.134 3652
388.148 3705
388.161 3648
388.175 3536
388.188 3524
388.201 3516
388.215 3451
388.228 3458
388.241 3413
388.255 3365
388.268 3348
388.282 3316
388.295 3268
388.308 3170
388.322 3096
388.335 3036
388.348 3013
388.362 2931
388.375 2917
388.389 2927
388.402 2846
388.415 2796
388.429 2821
388.442 2752
388.455 2713
388.469 2688
388.482 2704
388.495 2605
388.509 2562
388.522 2528
388.536 2486
388.549 2357
388.562 2335
388.576 2304
388.589 2273
388.602 2258
388.616 2252
388.629 2229
388.642 2162
388.656 2169
388.669 2099
388.683 2101
388.696 2121
388.709 2108
388.723 2087
388.736 2029
388.749 2026
388.763 1963
388.776 1936
388.789 1928
388.803 1938
388.816 1925
388.829 1910
388.843 1902
388.856 1803
388.870 1838
388.883 1866
388.896 1868
388.910 1835
388.923 1837
388.936 1888
388.950 1860
388.963 1902
388.976 1825
388.990 1842
389.003 1836
389.016 1834
389.030 1848
389.043 1836
389.056 1822
389.070 1842
389.083 1839
389.097 1789
389.110 1836
389.123 1879
389.137 1762
389.150 1808
389.163 1866
389.177 1861
389.190 1878
389.203 1847
389.217 1873
389.230 1898
389.243 1855
389.257 1849
389.270 1893
389.283 1888
389.297 1889
389.310 1877
389.323 1844
389.337 1933
389.350 1860
389.363 1885
389.377 1856
389.390 1893
389.403 1905
389.417 1873
389.430 1909
389.443 1887
389.457 1855
389.470 1866
389.483 1879
389.497 1867
389.510 1885
389.523 1849
389.537 1837
389.550 1803
389.563 1749
389.577 1749
389.590 1716
389.603 1722
389.617 1680
389.630 1694
389.643 1702
389.657 1659
389.670 1662
389.683 1641
389.697 1589
389.710 1595
389.723 1608
389.737 1607
389.750 1565
389.763 1549
389.777 1574
389.790 1486
389.803 1501
389.817 1522
389.830 1477
389.843 1487
389.857 1438
389.870 1446
389.883 1430
389.897 1426
389.910 1406
389.923 1425
389.937 1432
389.950 1436
389.963 1391
389.977 1442
389.990 1367
390.003 1426
390.017 1418
390.030 1394
390.043 1376
390.057 1398
390.070 1392
390.083 1357
390.096 1323
390.110 1354
390.123 1382
390.136 1348
390.150 1323
390.163 1377
390.176 1312
390.190 1347
390.203 1328
390.216 1327
390.230 1296
390.243 1310
390.256 1282
390.270 1299
390.283 1308
390.296 1271
390.310 1301
390.323 1278
390.336 1291
390.349 1287
390.363 1271
390.376 1290
390.389 1314
390.403 1269
390.416 1275
390.429 1285
390.443 1305
390.456 1296
390.469 1281
390.483 1264
390.496 1241
390.509 1242
390.522 1254
390.536 1255
390.549 1246
390.562 1208
390.576 1242
390.589 1231
390.602 1286
390.616 1222
390.629 1226
390.642 1216
390.655 1209
390.669 1250
390.682 1206
390.695 1228
390.709 1191
390.722 1206
390.735 1182
390.749 1188
390.762 1220
390.775 1188
390.788 1191
390.802 1185
390.815 1199
390.828 1185
390.842 1194
390.855 1159
390.868 1166
390.882 1182
390.895 1173
390.908 1158
390.921 1138
390.935 1180
390.948 1146
390.961 1170
390.975 1127
390.988 1143
391.001 1144
391.014 1132
391.028 1146
391.041 1113
391.054 1121
391.068 1134
391.081 1112
391.094 1097
391.107 1140
391.121 1100
391.134 1065
391.147 1073
391.161 1095
391.174 1103
391.187 1071
391.200 1066
391.214 1062
391.227 1046
391.240 1048
391.254 1053
391.267 1053
391.280 1030
391.293 1022
391.307 1025
391.320 1018
391.333 1017
391.347 1045
391.360 981
391.373 1024
391.386 1010
391.400 990
391.413 1002
391.426 997
391.440 995
391.453 988
391.466 1001
391.479 965
391.493 991
391.506 973
391.519 954
391.532 973
391.546 944
391.559 966
391.572 977
391.586 947
391.599 929
391.612 929
391.625 950
391.639 960
391.652 936
391.665 947
391.678 951
391.692 934
391.705 932
391.718 926
391.732 908
391.745 911
391.758 926
391.771 917
391.785 902
391.798 923
391.811 895
391.824 906
391.838 903
391.851 904
391.864 877
391.877 905
391.891 889
391.904 902
391.917 866
391.931 895
391.944 903
391.957 902
391.970 893
391.984 869
391.997 882
392.010 898
392.023 888
392.037 846
392.050 875
392.063 891
392.076 869
392.090 846
392.103 873
392.116 887
392.129 873
392.143 865
392.156 853
392.169 867
392.182 867
392.196 854
392.209 868
392.222 867
392.235 857
392.249 860
392.262 871
392.275 840
392.288 862
392.302 843
392.315 868
392.328 838
392.341 867
392.355 866
392.368 828
392.381 846
392.394 844
392.408 847
392.421 838
392.434 827
392.447 851
392.461 837
392.474 853
392.487 845
392.500 845
392.514 843
392.527 843
392.540 829
392.553 839
392.567 838
392.580 825
392.593 832
392.606 844
392.620 831
392.633 837
392.646 834
392.659 853
392.673 814
392.686 818
392.699 839
392.712 828
392.726 837
392.739 822
392.752 825
392.765 813
392.778 808
392.792 808
392.805 803
392.818 823
392.831 824
392.845 823
392.858 814
392.871 827
392.884 831
392.898 825
392.911 836
392.924 834
392.937 816
392.951 835
392.964 827
392.977 820
392.990 827
393.003 802
393.017 811
393.030 826
393.043 830
393.056 809
393.070 802
393.083 821
393.096 829
393.109 822
393.122 821
393.136 800
393.149 822
393.162 798
393.175 797
393.189 802
393.202 828
393.215 812
393.228 815
393.242 798
393.255 814
393.268 811
393.281 816
393.294 809
393.308 831
393.321 801
393.334 812
393.347 805
393.360 807
393.374 806
393.387 803
393.400 807
393.413 798
393.427 824
393.440 795
393.453 804
393.466 818
393.479 804
393.493 801
393.506 793
393.519 811
393.532 815
393.546 816
393.559 819
393.572 819
393.585 804
393.598 838
393.612 819
393.625 807
393.638 814
393.651 799
393.664 805
393.678 806
393.691 803
393.704 809
393.717 798
393.730 800
393.744 807
393.757 796
393.770 792
393.783 795
393.796 781
393.810 812
393.823 785
393.836 790
393.849 793
393.863 803
393.876 807
393.889 786
393.902 814
393.915 794
393.929 794
