375.891 712
375.905 726
375.919 722
375.933 733
375.946 725
375.960 720
375.974 740
375.987 731
376.001 734
376.015 744
376.029 738
376.042 730
376.056 739
376.070 752
376.084 742
376.097 715
376.111 746
376.125 746
376.139 754
376.152 752
376.166 742
376.180 754
376.193 766
376.207 742
376.221 738
376.235 759
376.248 762
376.262 768
376.276 757
376.290 770
376.303 782
376.317 771
376.331 782
376.345 772
376.358 769
376.372 773
376.386 766
376.399 763
376.413 787
376.427 794
376.441 773
376.454 783
376.468 791
376.482 783
376.495 784
376.509 801
376.523 797
376.537 801
376.550 820
376.564 811
376.578 806
376.592 815
376.605 809
376.619 819
376.633 800
376.646 829
376.660 834
376.674 811
376.688 813
376.701 835
376.715 827
376.729 848
376.742 856
376.756 843
376.770 860
376.784 834
376.797 835
376.811 851
376.825 855
376.838 875
376.852 859
376.866 863
376.880 862
376.893 863
376.907 865
376.921 888
376.934 877
376.948 903
376.962 890
376.976 902
376.989 885
377.003 898
377.017 891
377.030 908
377.044 938
377.058 920
377.071 923
377.085 901
377.099 917
377.113 947
377.126 935
377.140 945
377.154 934
377.167 961
377.181 958
377.195 963
377.208 943
377.222 998
377.236 962
377.250 1002
377.263 989
377.277 1001
377.291 1011
377.304 1002
377.318 1027
377.332 1016
377.345 1010
377.359 1019
377.373 1021
377.387 1038
377.400 1053
377.414 1053
377.428 1028
377.441 1028
377.455 1068
377.469 1069
377.482 1089
377.496 1074
377.510 1074
377.524 1084
377.537 1067
377.551 1077
377.565 1100
377.578 1117
377.592 1084
377.606 1093
377.619 1110
377.633 1106
377.647 1110
377.660 1100
377.674 1097
377.688 1112
377.701 1138
377.715 1137
377.729 1145
377.743 1157
377.756 1158
377.770 1135
377.784 1171
377.797 1183
377.811 1177
377.825 1154
377.838 1168
377.852 1180
377.866 1196
377.879 1233
377.893 1216
377.907 1202
377.920 1208
377.934 1244
377.948 1235
377.961 1235
377.975 1257
377.989 1233
378.002 1241
378.016 1235
378.030 1239
378.044 1247
378.057 1266
378.071 1232
378.085 1277
378.098 1264
378.112 1262
378.126 1272
378.139 1228
378.153 1273
378.167 1312
378.180 1293
378.194 1305
378.208 1319
378.221 1299
378.235 1291
378.249 1313
378.262 1327
378.276 1293
378.290 1327
378.303 1350
378.317 1333
378.331 1323
378.344 1320
378.358 1329
378.372 1349
378.385 1332
378.399 1363
378.413 1392
378.426 1412
378.440 1422
378.454 1381
378.467 1373
378.481 1435
378.495 1411
378.508 1405
378.522 1402
378.536 1385
378.549 1391
378.563 1417
378.577 1418
378.590 1431
378.604 1456
378.618 1445
378.631 1450
378.645 1445
378.659 1492
378.672 1497
378.686 1513
378.700 1516
378.713 1507
378.727 1520
378.740 1560
378.754 1530
378.768 1561
378.781 1526
378.795 1586
378.809 1572
378.822 1597
378.836 1594
378.850 1557
378.863 1531
378.877 1584
378.891 1583
378.904 1592
378.918 1621
378.932 1575
378.945 1618
378.959 1564
378.973 1628
378.986 1586
379.000 1602
379.014 1631
379.027 1603
379.041 1641
379.054 1621
379.068 1629
379.082 1654
379.095 1667
379.109 1648
379.123 1636
379.136 1648
379.150 1685
379.164 1689
379.177 1666
379.191 1702
379.205 1661
379.218 1685
379.232 1709
379.245 1665
379.259 1760
379.273 1682
379.286 1720
379.300 1741
379.314 1751
379.327 1730
379.341 1780
379.355 1778
379.368 1771
379.382 1828
379.396 1806
379.409 1839
379.423 1811
379.436 1837
379.450 1838
379.464 1820
379.477 1872
379.491 1847
379.505 1865
379.518 1895
379.532 1901
379.546 1965
379.559 1965
379.573 1933
379.586 1962
379.600 1961
379.614 2021
379.627 2047
379.641 2073
379.655 2022
379.668 2027
379.682 2060
379.695 2021
379.709 2077
379.723 2076
379.736 2151
379.750 2244
379.764 2291
379.777 2261
379.791 2333
379.804 2335
379.818 2340
379.832 2272
379.845 2233
379.859 2252
379.873 2304
379.886 2295
379.900 2367
379.913 2371
379.927 2386
379.941 2439
379.954 2500
379.968 2494
379.982 2535
379.995 2579
380.009 2517
380.022 2476
380.036 2598
380.050 2555
380.063 2665
380.077 2797
380.090 2811
380.104 2830
380.118 2874
380.131 2803
380.145 2954
380.159 2890
380.172 2971
380.186 3041
380.199 3106
380.213 3146
380.227 3199
380.240 3262
380.254 3146
380.267 3154
380.281 3179
380.295 3214
380.308 3260
380.322 3376
380.336 3356
380.349 3425
380.363 3454
380.376 3518
380.390 3493
380.404 3559
380.417 3655
380.431 3640
380.444 3715
380.458 3808
380.472 3754
380.485 3761
380.499 3922
380.512 3868
380.526 4041
380.540 4029
380.553 4048
380.567 4128
380.580 4160
380.594 4239
380.608 4332
380.621 4498
380.635 4515
380.648 4457
380.662 4512
380.676 4623
380.689 4664
380.703 4668
380.716 4613
380.730 4734
380.744 4901
380.757 4839
380.771 4988
380.784 5074
380.798 5138
380.812 5184
380.825 5197
380.839 5233
380.852 5402
380.866 5525
380.880 5562
380.893 5585
380.907 5554
380.920 5548
380.934 5579
380.948 5796
380.961 5780
380.975 5866
380.988 5916
381.002 5938
381.015 5854
381.029 5937
381.043 6123
381.056 6114
381.070 6141
381.083 6283
381.097 6203
381.111 6244
381.124 6424
381.138 6424
381.151 6498
381.165 6529
381.179 6611
381.192 6589
381.206 6525
381.219 6638
381.233 6657
381.246 6664
381.260 6741
381.274 6771
381.287 6745
381.301 6949
381.314 6917
381.328 7047
381.341 7099
381.355 7023
381.369 6978
381.382 7141
381.396 7184
381.409 7228
381.423 7305
381.437 7344
381.450 7321
381.464 7519
381.477 7550
381.491 7742
381.504 7635
381.518 7652
381.532 7737
381.545 7849
381.559 8073
381.572 7999
381.586 8009
381.599 7957
381.613 8041
381.627 8183
381.640 8195
381.654 8221
381.667 8195
381.681 8227
381.694 8203
381.708 8003
381.722 7955
381.735 8082
381.749 8065
381.762 8067
381.776 8097
381.789 8016
381.803 8111
381.817 8199
381.830 8145
381.844 8229
381.857 8214
381.871 8368
381.884 8344
381.898 8245
381.911 8317
381.925 8434
381.939 8404
381.952 8504
381.966 8498
381.979 8461
381.993 8647
382.006 8762
382.020 8788
382.034 8825
382.047 8874
382.061 8729
382.074 8804
382.088 8688
382.101 8710
382.115 8770
382.128 8822
382.142 9055
382.156 9472
382.169 9460
382.183 9312
382.196 9250
382.210 9237
382.223 9360
382.237 9295
382.250 9317
382.264 9246
382.278 9397
382.291 9497
382.305 9495
382.318 9676
382.332 9681
382.345 9426
382.359 9353
382.372 9429
382.386 9426
382.399 9555
382.413 9521
382.427 9640
382.440 9669
382.454 9698
382.467 9711
382.481 9918
382.494 10274
382.508 10314
382.521 10467
382.535 10382
382.548 10332
382.562 10234
382.576 10387
382.589 10355
382.603 10399
382.616 10493
382.630 10633
382.643 10718
382.657 10917
382.670 10769
382.684 10968
382.697 10807
382.711 10983
382.724 11036
382.738 11174
382.752 10935
382.765 11234
382.779 11320
382.792 11576
382.806 11511
382.819 11731
382.833 11698
382.846 11815
382.860 11856
382.873 11921
382.887 12087
382.900 12313
382.914 12327
382.928 12457
382.941 12495
382.955 12628
382.968 12821
382.982 12969
382.995 13148
383.009 13203
383.022 13337
383.036 13529
383.049 13633
383.063 13621
383.076 13670
383.090 13889
383.103 14003
383.117 14080
383.130 14328
383.144 14417
383.158 14542
383.171 14792
383.185 14927
383.198 15114
383.212 15380
383.225 15494
383.239 15803
383.252 15835
383.266 16002
383.279 16117
383.293 16144
383.306 16455
383.320 16843
383.333 17417
383.347 17495
383.360 17391
383.374 17360
383.387 17680
383.401 17684
383.414 17882
383.428 17810
383.441 17792
383.455 18016
383.468 18342
383.482 18469
383.496 19086
383.509 19143
383.523 19342
383.536 19453
383.550 19581
383.563 19452
383.577 19861
383.590 20120
383.604 20335
383.617 20150
383.631 20138
383.644 20057
383.658 20154
383.671 20250
383.685 20508
383.698 20478
383.712 20930
383.725 20952
383.739 21001
383.752 21062
383.766 21141
383.779 21415
383.793 21402
383.806 21871
383.820 22438
383.833 22524
383.847 22699
383.860 22785
383.874 22948
383.887 22310
383.901 22670
383.914 23188
383.928 23326
383.941 23393
383.955 23343
383.968 23294
383.982 23514
383.995 23554
384.009 23857
384.022 24029
384.036 23998
384.049 24011
384.063 24833
384.076 25179
384.090 25658
384.103 26356
384.117 26568
384.130 26633
384.144 26092
384.157 26021
384.171 26088
384.184 26408
384.198 26515
384.211 26688
384.225 27028
384.238 27648
384.252 28162
384.265 28326
384.279 28540
384.292 29081
384.306 29294
384.319 29335
384.333 29225
384.346 29267
384.360 29611
384.373 29941
384.387 30377
384.400 30637
384.414 30939
384.427 31292
384.441 31519
384.454 31839
384.468 32226
384.481 32811
384.495 32859
384.508 33215
384.522 33698
384.535 34016
384.549 34334
384.562 34951
384.575 35283
384.589 36220
384.602 37356
384.616 37974
384.629 38514
384.643 39112
384.656 39618
384.670 40039
384.683 40212
384.697 40799
384.710 41178
384.724 41826
384.737 42120
384.751 42963
384.764 43158
384.778 43878
384.791 44982
384.805 45297
384.818 45946
384.832 46132
384.845 46849
384.859 46856
384.872 46950
384.885 46635
384.899 47265
384.912 47359
384.926 47909
384.939 47882
384.953 48346
384.966 48358
384.980 48701
384.993 48880
385.007 48659
385.020 48743
385.034 48833
385.047 48391
385.061 48269
385.074 47559
385.088 47553
385.101 47199
385.114 47228
385.128 46748
385.141 46584
385.155 46250
385.168 46426
385.182 46534
385.195 46034
385.209 45355
385.222 43782
385.236 43005
385.249 42297
385.263 41207
385.276 40041
385.290 38907
385.303 37751
385.316 36624
385.330 36203
385.343 35263
385.357 34770
385.370 33377
385.384 32119
385.397 31499
385.411 30619
385.424 29628
385.438 28925
385.451 28303
385.464 27981
385.478 26885
385.491 26237
385.505 25382
385.518 24421
385.532 23599
385.545 22572
385.559 21583
385.572 21271
385.586 20364
385.599 20009
385.612 19591
385.626 18941
385.639 18055
385.653 17632
385.666 17646
385.680 16799
385.693 16157
385.707 15620
385.720 15097
385.734 14608
385.747 13860
385.760 13473
385.774 13199
385.787 12893
385.801 12305
385.814 11607
385.828 11325
385.841 11077
385.855 10821
385.868 10368
385.881 10063
385.895 9896
385.908 9623
385.922 9379
385.935 9381
385.949 9011
385.962 8951
385.976 8648
385.989 8488
386.002 8654
386.016 8307
386.029 8167
386.043 8062
386.056 7883
386.070 7811
386.083 7619
386.097 7562
386.110 7376
386.123 7331
386.137 7189
386.150 7120
386.164 7010
386.177 6896
386.191 6932
386.204 6747
386.217 6604
386.231 6653
386.244 6530
386.258 6548
386.271 6469
386.285 6272
386.298 6308
386.311 6226
386.325 6029
386.338 5918
386.352 5989
386.365 5856
386.379 5892
386.392 5713
386.405 5688
386.419 5529
386.432 5646
386.446 5605
386.459 5648
386.473 5583
386.486 5425
386.499 5269
386.513 5279
386.526 5273
386.540 5215
386.553 5166
386.567 5126
386.580 5215
386.593 5304
386.607 5274
386.620 5212
386.634 5258
386.647 5190
386.661 5037
386.674 4970
386.687 4939
386.701 4895
386.714 4882
386.728 4835
386.741 4798
386.754 4704
386.768 4799
386.781 4704
386.795 4668
386.808 4632
386.822 4573
386.835 4472
386.848 4590
386.862 4476
386.875 4515
386.889 4523
386.902 4429
386.915 4439
386.929 4370
386.942 4474
386.956 4346
386.969 4364
386.983 4266
386.996 4361
387.009 4328
387.023 4247
387.036 4257
387.050 4197
387.063 4283
387.076 4258
387.090 4256
387.103 4209
387.117 4174
387.130 4154
387.143 4252
387.157 4266
387.170 4238
387.184 4180
387.197 4215
387.210 4110
387.224 4167
387.237 4121
387.251 4009
387.264 4081
387.278 4003
387.291 4098
387.304 3968
387.318 3988
387.331 4004
387.345 3988
387.358 3940
387.371 4001
387.385 3928
387.398 3946
387.412 3954
387.425 3892
387.438 3900
387.452 3805
387.465 3814
387.478 3805
387.492 3926
387.505 3840
387.519 3854
387.532 4020
387.545 4118
387.559 4182
387.572 4080
387.586 4039
387.599 3988
387.612 4052
387.626 4095
387.639 4065
387.653 4153
387.666 4002
387.679 3911
387.693 3961
387.706 3875
387.720 4068
387.733 4046
387.746 4114
387.760 4049
387.773 4108
387.787 4126
387.800 4102
387.813 4118
387.827 4088
387.840 4060
387.853 3993
387.867 4081
387.880 4191
387.894 4273
387.907 4328
387.920 4166
387.934 4238
387.947 4277
387.961 4283
387.974 4213
387.987 4206
388.001 4197
388.014 4250
388.027 4346
388.041 4385
388.054 4306
388.068 4406
388.081 4342
388.094 4518
388.108 4451
388.121 4486
388.134 4388
388.148 4414
388.161 4343
388.175 4306
388.188 4273
388.201 4281
388.215 4127
388.228 4049
388.241 4124
388.255 4069
388.268 4041
388.282 4012
388.295 3912
388.308 3917
388.322 3798
388.335 3671
388.348 3590
388.362 3542
388.375 3465
388.389 3453
388.402 3330
388.415 3272
388.429 3250
388.442 3265
388.455 3229
388.469 3108
388.482 3130
388.495 3110
388.509 3025
388.522 2981
388.536 2876
388.549 2758
388.562 2708
388.576 2642
388.589 2625
388.602 2591
388.616 2530
388.629 2499
388.642 2474
388.656 2482
388.669 2411
388.683 2436
388.696 2396
388.709 2376
388.723 2352
388.736 2300
388.749 2328
388.763 2215
388.776 2227
388.789 2195
388.803 2195
388.816 2178
388.829 2167
388.843 2127
388.856 2075
388.870 2081
388.883 2058
388.896 2043
388.910 2060
388.923 2096
388.936 2118
388.950 2066
388.963 2090
388.976 2123
388.990 2076
389.003 2067
389.016 2093
389.030 2040
389.043 2092
389.056 2120
389.070 2096
389.083 2045
389.097 2095
389.110 2052
389.123 1993
389.137 2063
389.150 2078
389.163 2043
389.177 2107
389.190 2058
389.203 2144
389.217 2099
389.230 2097
389.243 2120
389.257 2130
389.270 2182
389.283 2130
389.297 2127
389.310 2143
389.323 2173
389.337 2085
389.350 2048
389.363 2098
389.377 2127
389.390 2155
389.403 2100
389.417 2108
389.430 2136
389.443 2143
389.457 2063
389.470 2119
389.483 2077
389.497 2128
389.510 2063
389.523 2065
389.537 2057
389.550 2011
389.563 1996
389.577 1942
389.590 1876
389.603 1965
389.617 1872
389.630 1834
389.643 1863
389.657 1846
389.670 1809
389.683 1749
389.697 1764
389.710 1738
389.723 1745
389.737 1705
389.750 1706
389.763 1725
389.777 1714
389.790 1643
389.803 1672
389.817 1650
389.830 1637
389.843 1597
389.857 1538
389.870 1566
389.883 1520
389.897 1564
389.910 1534
389.923 1553
389.937 1503
389.950 1568
389.963 1507
389.977 1492
389.990 1526
390.003 1499
390.017 1496
390.030 1537
390.043 1507
390.057 1491
390.070 1507
390.083 1476
390.096 1488
390.110 1478
390.123 1451
390.136 1477
390.150 1443
390.163 1498
390.176 1447
390.190 1391
390.203 1411
390.216 1397
390.230 1409
390.243 1397
390.256 1390
390.270 1384
390.283 1384
390.296 1402
390.310 1391
390.323 1404
390.336 1402
390.349 1386
390.363 1392
390.376 1372
390.389 1392
390.403 1390
390.416 1403
390.429 1410
390.443 1339
390.456 1356
390.469 1363
390.483 1339
390.496 1340
390.509 1358
390.522 1357
390.536 1312
390.549 1381
390.562 1337
390.576 1318
390.589 1331
390.602 1322
390.616 1319
390.629 1303
390.642 1318
390.655 1309
390.669 1292
390.682 1315
390.695 1306
390.709 1253
390.722 1293
390.735 1293
390.749 1248
390.762 1285
390.775 1297
390.788 1308
390.802 1292
390.815 1261
390.828 1219
390.842 1277
390.855 1274
390.868 1236
390.882 1266
390.895 1218
390.908 1213
390.921 1246
390.935 1252
390.948 1237
390.961 1233
390.975 1214
390.988 1216
391.001 1246
391.014 1219
391.028 1231
391.041 1199
391.054 1229
391.068 1207
391.081 1194
391.094 1195
391.107 1199
391.121 1164
391.134 1156
391.147 1166
391.161 1191
391.174 1157
391.187 1146
391.200 1141
391.214 1072
391.227 1132
391.240 1147
391.254 1097
391.267 1112
391.280 1095
391.293 1079
391.307 1092
391.320 1062
391.333 1046
391.347 1080
391.360 1069
391.373 1083
391.386 1063
391.400 1054
391.413 1087
391.426 1054
391.440 1070
391.453 1053
391.466 1058
391.479 1062
391.493 1067
391.506 1040
391.519 1037
391.532 1031
391.546 1020
391.559 1014
391.572 1024
391.586 997
391.599 999
391.612 975
391.625 987
391.639 990
391.652 1009
391.665 997
391.678 1008
391.692 989
391.705 989
391.718 958
391.732 968
391.745 982
391.758 955
391.771 983
391.785 980
391.798 945
391.811 957
391.824 967
391.838 960
391.851 964
391.864 942
391.877 946
391.891 931
391.904 925
391.917 960
391.931 935
391.944 945
391.957 937
391.970 945
391.984 932
391.997 917
392.010 924
392.023 919
392.037 916
392.050 914
392.063 921
392.076 905
392.090 918
392.103 930
392.116 901
392.129 923
392.143 928
392.156 892
392.169 922
392.182 875
392.196 903
392.209 915
392.222 911
392.235 889
392.249 890
392.262 900
392.275 862
392.288 910
392.302 886
392.315 891
392.328 895
392.341 901
392.355 897
392.368 892
392.381 879
392.394 884
392.408 874
392.421 871
392.434 894
392.447 876
392.461 888
392.474 873
392.487 889
392.500 891
392.514 860
392.527 886
392.540 887
392.553 884
392.567 865
392.580 851
392.593 865
392.606 888
392.620 856
392.633 849
392.646 859
392.659 879
392.673 896
392.686 880
392.699 863
392.712 860
392.726 854
392.739 852
392.752 865
392.765 846
392.778 858
392.792 873
392.805 854
392.818 872
392.831 843
392.845 864
392.858 849
392.871 876
392.884 878
392.898 869
392.911 863
392.924 875
392.937 883
392.951 867
392.964 846
392.977 875
392.990 858
393.003 860
393.017 863
393.030 845
393.043 849
393.056 841
393.070 852
393.083 872
393.096 839
393.109 861
393.122 856
393.136 863
393.149 849
393.162 851
393.175 847
393.189 850
393.202 853
393.215 859
393.228 825
393.242 815
393.255 833
393.268 818
393.281 850
393.294 826
393.308 835
393.321 833
393.334 841
393.347 832
393.360 832
393.374 838
393.387 823
393.400 848
393.413 835
393.427 859
393.440 826
393.453 824
393.466 816
393.479 830
393.493 835
393.506 815
393.519 852
393.532 840
393.546 854
393.559 852
393.572 841
393.585 830
393.598 842
393.612 845
393.625 844
393.638 839
393.651 860
393.664 835
393.678 854
393.691 842
393.704 847
393.717 834
393.730 830
393.744 807
393.757 832
393.770 834
393.783 831
393.796 843
393.810 835
393.823 816
393.836 835
393.849 830
393.863 828
393.876 857
393.889 835
393.902 832
393.915 821
393.929 817
