375.891 711
375.905 704
375.919 718
375.933 730
375.946 714
375.960 722
375.974 717
375.987 736
376.001 726
376.015 714
376.029 727
376.042 731
376.056 716
376.070 740
376.084 734
376.097 723
376.111 736
376.125 726
376.139 732
376.152 743
376.166 741
376.180 760
376.193 743
376.207 728
376.221 742
376.235 734
376.248 735
376.262 722
376.276 755
376.290 756
376.303 757
376.317 758
376.331 742
376.345 757
376.358 750
376.372 747
376.386 769
376.399 780
376.413 757
376.427 770
376.441 782
376.454 774
376.468 785
376.482 784
376.495 785
376.509 777
376.523 797
376.537 796
376.550 796
376.564 796
376.578 805
376.592 805
376.605 795
376.619 802
376.633 801
376.646 804
376.660 799
376.674 812
376.688 803
376.701 823
376.715 805
376.729 815
376.742 817
376.756 826
376.770 813
376.784 832
376.797 836
376.811 833
376.825 834
376.838 846
376.852 834
376.866 850
376.880 842
376.893 861
376.907 866
376.921 851
376.934 869
376.948 857
376.962 860
376.976 874
376.989 864
377.003 885
377.017 894
377.030 900
377.044 895
377.058 906
377.071 925
377.085 902
377.099 905
377.113 919
377.126 901
377.140 900
377.154 914
377.167 942
377.181 944
377.195 925
377.208 951
377.222 964
377.236 949
377.250 940
377.263 979
377.277 962
377.291 980
377.304 984
377.318 973
377.332 966
377.345 984
377.359 985
377.373 971
377.387 1015
377.400 998
377.414 1005
377.428 1002
377.441 1001
377.455 1020
377.469 1026
377.482 1028
377.496 1028
377.510 1067
377.524 1030
377.537 1059
377.551 1031
377.565 1014
377.578 1071
377.592 1077
377.606 1039
377.619 1058
377.633 1052
377.647 1103
377.660 1120
377.674 1044
377.688 1104
377.701 1077
377.715 1127
377.729 1090
377.743 1082
377.756 1100
377.770 1130
377.784 1127
377.797 1111
377.811 1124
377.825 1141
377.838 1138
377.852 1114
377.866 1173
377.879 1168
377.893 1173
377.907 1190
377.920 1173
377.934 1200
377.948 1170
377.961 1163
377.975 1179
377.989 1203
378.002 1212
378.016 1170
378.030 1194
378.044 1216
378.057 1220
378.071 1196
378.085 1229
378.098 1215
378.112 1250
378.126 1241
378.139 1229
378.153 1271
378.167 1199
378.180 1221
378.194 1262
378.208 1254
378.221 1232
378.235 1231
378.249 1242
378.262 1275
378.276 1271
378.290 1285
378.303 1253
378.317 1247
378.331 1260
378.344 1292
378.358 1304
378.372 1305
378.385 1300
378.399 1319
378.413 1322
378.426 1310
378.440 1308
378.454 1336
378.467 1339
378.481 1318
378.495 1348
378.508 1367
378.522 1332
378.536 1348
378.549 1360
378.563 1364
378.577 1417
378.590 1376
378.604 1384
378.618 1412
378.631 1388
378.645 1400
378.659 1431
378.672 1420
378.686 1441
378.700 1473
378.713 1498
378.727 1467
378.740 1454
378.754 1478
378.768 1491
378.781 1468
378.795 1464
378.809 1529
378.822 1486
378.836 1505
378.850 1475
378.863 1446
378.877 1533
378.891 1494
378.904 1508
378.918 1508
378.932 1534
378.945 1499
378.959 1506
378.973 1489
378.986 1553
379.000 1489
379.014 1522
379.027 1557
379.041 1527
379.054 1559
379.068 1571
379.082 1559
379.095 1527
379.109 1543
379.123 1531
379.136 1565
379.150 1579
379.164 1576
379.177 1570
379.191 1568
379.205 1614
379.218 1577
379.232 1623
379.245 1634
379.259 1609
379.273 1604
379.286 1644
379.300 1647
379.314 1651
379.327 1654
379.341 1634
379.355 1690
379.368 1693
379.382 1724
379.396 1714
379.409 1747
379.423 1714
379.436 1729
379.450 1736
379.464 1745
379.477 1734
379.491 1743
379.505 1781
379.518 1795
379.532 1841
379.546 1839
379.559 1837
379.573 1854
379.586 1855
379.600 1843
379.614 1848
379.627 1925
379.641 1915
379.655 1891
379.668 1895
379.682 1956
379.695 1935
379.709 1959
379.723 1956
379.736 2047
379.750 2115
379.764 2156
379.777 2156
379.791 2085
379.804 2145
379.818 2179
379.832 2162
379.845 2125
379.859 2108
379.873 2134
379.886 2149
379.900 2195
379.913 2146
379.927 2203
379.941 2313
379.954 2265
379.968 2304
379.982 2344
379.995 2360
380.009 2347
380.022 2361
380.036 2476
380.050 2375
380.063 2490
380.077 2606
380.090 2630
380.104 2626
380.118 2694
380.131 2605
380.145 2684
380.159 2721
380.172 2737
380.186 2842
380.199 2845
380.213 2847
380.227 2958
380.240 3001
380.254 2960
380.267 2958
380.281 2955
380.295 2986
380.308 2993
380.322 2996
380.336 3109
380.349 3125
380.363 3230
380.376 3196
380.390 3292
380.404 3344
380.417 3331
380.431 3419
380.444 3346
380.458 3425
380.472 3558
380.485 3541
380.499 3591
380.512 3509
380.526 3633
380.540 3680
380.553 3749
380.567 3796
380.580 3795
380.594 3957
380.608 3988
380.621 4092
380.635 4169
380.648 4152
380.662 4133
380.676 4255
380.689 4219
380.703 4340
380.716 4332
380.730 4370
380.744 4446
380.757 4485
380.771 4642
380.784 4673
380.798 4636
380.812 4693
380.825 4672
380.839 4818
380.852 4955
380.866 5018
380.880 5183
380.893 5099
380.907 5011
380.920 5056
380.934 5185
380.948 5285
380.961 5175
380.975 5419
380.988 5319
381.002 5343
381.015 5261
381.029 5366
381.043 5589
381.056 5559
381.070 5585
381.083 5720
381.097 5650
381.111 5652
381.124 5772
381.138 5965
381.151 5946
381.165 6028
381.179 6032
381.192 6037
381.206 5991
381.219 6091
381.233 6194
381.246 6144
381.260 6100
381.274 6179
381.287 6221
381.301 6408
381.314 6271
381.328 6458
381.341 6322
381.355 6430
381.369 6372
381.382 6537
381.396 6373
381.409 6629
381.423 6624
381.437 6828
381.450 6644
381.464 6640
381.477 6871
381.491 7077
381.504 7006
381.518 6981
381.532 6988
381.545 7137
381.559 7399
381.572 7277
381.586 7362
381.599 7279
381.613 7368
381.627 7451
381.640 7438
381.654 7554
381.667 7440
381.681 7542
381.694 7494
381.708 7314
381.722 7231
381.735 7337
381.749 7312
381.762 7303
381.776 7375
381.789 7324
381.803 7298
381.817 7415
381.830 7473
381.844 7436
381.857 7508
381.871 7582
381.884 7641
381.898 7515
381.911 7631
381.925 7574
381.939 7642
381.952 7704
381.966 7663
381.979 7783
381.993 7962
382.006 8061
382.020 7996
382.034 8161
382.047 8116
382.061 8083
382.074 8054
382.088 7910
382.101 7971
382.115 7904
382.128 8091
382.142 8200
382.156 8586
382.169 8506
382.183 8527
382.196 8468
382.210 8434
382.223 8422
382.237 8613
382.250 8494
382.264 8421
382.278 8693
382.291 8653
382.305 8686
382.318 8935
382.332 9067
382.345 8631
382.359 8458
382.372 8597
382.386 8546
382.399 8785
382.413 8622
382.427 8770
382.440 8848
382.454 8814
382.467 8970
382.481 8995
382.494 9342
382.508 9444
382.521 9453
382.535 9392
382.548 9402
382.562 9308
382.576 9588
382.589 9510
382.603 9644
382.616 9709
382.630 9704
382.643 9773
382.657 9775
382.670 9961
382.684 9888
382.697 9956
382.711 9991
382.724 10028
382.738 10217
382.752 10157
382.765 10255
382.779 10321
382.792 10547
382.806 10666
382.819 10697
382.833 10810
382.846 10862
382.860 10862
382.873 11043
382.887 11008
382.900 11172
382.914 11268
382.928 11277
382.941 11552
382.955 11562
382.968 11672
382.982 11906
382.995 12083
383.009 12144
383.022 12374
383.036 12244
383.049 12377
383.063 12463
383.076 12553
383.090 12652
383.103 12828
383.117 12807
383.130 13058
383.144 13076
383.158 13240
383.171 13460
383.185 13425
383.198 13632
383.212 13885
383.225 14131
383.239 14404
383.252 14485
383.266 14768
383.279 14838
383.293 14933
383.306 15053
383.320 15333
383.333 15680
383.347 15959
383.360 15880
383.374 16158
383.387 16164
383.401 16306
383.414 16412
383.428 16354
383.441 16336
383.455 16697
383.468 16566
383.482 17022
383.496 17383
383.509 17768
383.523 17580
383.536 17739
383.550 17904
383.563 18068
383.577 18482
383.590 18574
383.604 18626
383.617 18647
383.631 18716
383.644 18414
383.658 18633
383.671 18533
383.685 18588
383.698 18969
383.712 19213
383.725 19413
383.739 19278
383.752 19122
383.766 19391
383.779 19676
383.793 19748
383.806 20064
383.820 20677
383.833 20623
383.847 20603
383.860 21289
383.874 21253
383.887 20635
383.901 20847
383.914 21249
383.928 21267
383.941 21677
383.955 21642
383.968 21394
383.982 21407
383.995 21684
384.009 21789
384.022 22004
384.036 22169
384.049 22419
384.063 22410
384.076 22848
384.090 23589
384.103 24032
384.117 24328
384.130 24138
384.144 23975
384.157 23866
384.171 23822
384.184 23941
384.198 24098
384.211 24527
384.225 24650
384.238 25296
384.252 25725
384.265 25778
384.279 25942
384.292 26355
384.306 26652
384.319 26558
384.333 26807
384.346 26810
384.360 27013
384.373 27291
384.387 27565
384.400 27832
384.414 27870
384.427 28439
384.441 28653
384.454 29059
384.468 29127
384.481 29281
384.495 29916
384.508 29924
384.522 30522
384.535 30524
384.549 31234
384.562 31445
384.575 32113
384.589 33064
384.602 34065
384.616 34937
384.629 35123
384.643 35552
384.656 36287
384.670 36617
384.683 36758
384.697 36980
384.710 37736
384.724 38398
384.737 38585
384.751 39194
384.764 39870
384.778 40518
384.791 41491
384.805 42177
384.818 42233
384.832 42841
384.845 43288
384.859 43771
384.872 43479
384.885 43516
384.899 43771
384.912 44366
384.926 44480
384.939 44773
384.953 45084
384.966 45472
384.980 46010
384.993 46742
385.007 46473
385.020 46738
385.034 46672
385.047 46660
385.061 46822
385.074 46866
385.088 46561
385.101 46265
385.114 46820
385.128 46384
385.141 46370
385.155 46289
385.168 47029
385.182 47108
385.195 46445
385.209 45992
385.222 44314
385.236 43789
385.249 43005
385.263 41990
385.276 40916
385.290 39881
385.303 38736
385.316 37604
385.330 37529
385.343 36341
385.357 35657
385.370 34401
385.384 33498
385.397 32566
385.411 31624
385.424 30919
385.438 30201
385.451 29659
385.464 29059
385.478 28136
385.491 27503
385.505 27013
385.518 25712
385.532 25026
385.545 23637
385.559 22631
385.572 22303
385.586 21577
385.599 21242
385.612 20944
385.626 20018
385.639 19096
385.653 18860
385.666 18545
385.680 17759
385.693 16997
385.707 16426
385.720 15856
385.734 15263
385.747 14724
385.760 14072
385.774 13637
385.787 13310
385.801 12607
385.814 11919
385.828 11682
385.841 11268
385.855 11083
385.868 10584
385.881 10207
385.895 9959
385.908 9726
385.922 9471
385.935 9344
385.949 9073
385.962 8775
385.976 8641
385.989 8571
386.002 8460
386.016 8285
386.029 8095
386.043 7996
386.056 7679
386.070 7505
386.083 7388
386.097 7379
386.110 7264
386.123 7166
386.137 7060
386.150 6806
386.164 6715
386.177 6700
386.191 6646
386.204 6468
386.217 6260
386.231 6270
386.244 6172
386.258 6146
386.271 6067
386.285 5986
386.298 5913
386.311 5895
386.325 5772
386.338 5437
386.352 5499
386.365 5532
386.379 5410
386.392 5398
386.405 5276
386.419 5202
386.432 5191
386.446 5223
386.459 5249
386.473 5138
386.486 5087
386.499 4953
386.513 4946
386.526 4930
386.540 4911
386.553 4786
386.567 4793
386.580 4907
386.593 4850
386.607 4877
386.620 4882
386.634 4911
386.647 4720
386.661 4636
386.674 4557
386.687 4560
386.701 4439
386.714 4434
386.728 4401
386.741 4359
386.754 4430
386.768 4412
386.781 4316
386.795 4281
386.808 4274
386.822 4165
386.835 4131
386.848 4087
386.862 4007
386.875 4110
386.889 4131
386.902 4034
386.915 4021
386.929 4027
386.942 3987
386.956 3960
386.969 3891
386.983 3891
386.996 3890
387.009 3907
387.023 3879
387.036 3873
387.050 3895
387.063 3878
387.076 3858
387.090 3843
387.103 3823
387.117 3794
387.130 3846
387.143 3840
387.157 3830
387.170 3848
387.184 3802
387.197 3770
387.210 3755
387.224 3745
387.237 3678
387.251 3650
387.264 3675
387.278 3591
387.291 3644
387.304 3646
387.318 3724
387.331 3626
387.345 3678
387.358 3640
387.371 3679
387.385 3600
387.398 3604
387.412 3534
387.425 3545
387.438 3540
387.452 3522
387.465 3476
387.478 3504
387.492 3490
387.505 3497
387.519 3627
387.532 3640
387.545 3706
387.559 3733
387.572 3778
387.586 3690
387.599 3708
387.612 3787
387.626 3789
387.639 3833
387.653 3798
387.666 3651
387.679 3566
387.693 3597
387.706 3698
387.720 3684
387.733 3805
387.746 3840
387.760 3827
387.773 3749
387.787 3862
387.800 3753
387.813 3878
387.827 3748
387.840 3804
387.853 3718
387.867 3783
387.880 3943
387.894 4040
387.907 4110
387.920 3942
387.934 4052
387.947 3993
387.961 4050
387.974 4030
387.987 4002
388.001 4011
388.014 4112
388.027 4163
388.041 4135
388.054 4200
388.068 4254
388.081 4239
388.094 4366
388.108 4284
388.121 4259
388.134 4281
388.148 4278
388.161 4281
388.175 4251
388.188 4152
388.201 4115
388.215 4032
388.228 4104
388.241 4015
388.255 3952
388.268 3922
388.282 3987
388.295 3858
388.308 3767
388.322 3680
388.335 3544
388.348 3474
388.362 3405
388.375 3426
388.389 3331
388.402 3300
388.415 3250
388.429 3194
388.442 3125
388.455 3082
388.469 2974
388.482 2907
388.495 2949
388.509 2940
388.522 2810
388.536 2833
388.549 2697
388.562 2574
388.576 2531
388.589 2486
388.602 2452
388.616 2479
388.629 2357
388.642 2339
388.656 2291
388.669 2223
388.683 2280
388.696 2211
388.709 2286
388.723 2220
388.736 2113
388.749 2124
388.763 2057
388.776 1982
388.789 2023
388.803 2024
388.816 1989
388.829 2002
388.843 1977
388.856 1926
388.870 1944
388.883 1878
388.896 1938
388.910 1886
388.923 1946
388.936 1934
388.950 1946
388.963 1917
388.976 1921
388.990 1918
389.003 1880
389.016 1943
389.030 1952
389.043 1971
389.056 1968
389.070 1944
389.083 1893
389.097 1899
389.110 1925
389.123 1938
389.137 1911
389.150 1942
389.163 1935
389.177 1913
389.190 1949
389.203 1992
389.217 1983
389.230 1972
389.243 1938
389.257 1952
389.270 2007
389.283 1993
389.297 2019
389.310 2063
389.323 1961
389.337 1970
389.350 1987
389.363 1996
389.377 2009
389.390 1961
389.403 1949
389.417 2041
389.430 1985
389.443 1987
389.457 1993
389.470 1995
389.483 2020
389.497 1938
389.510 1981
389.523 1943
389.537 1897
389.550 1896
389.563 1827
389.577 1761
389.590 1773
389.603 1764
389.617 1761
389.630 1772
389.643 1712
389.657 1691
389.670 1682
389.683 1641
389.697 1668
389.710 1615
389.723 1640
389.737 1628
389.750 1620
389.763 1602
389.777 1556
389.790 1597
389.803 1532
389.817 1537
389.830 1510
389.843 1500
389.857 1453
389.870 1433
389.883 1430
389.897 1418
389.910 1446
389.923 1423
389.937 1452
389.950 1435
389.963 1422
389.977 1407
389.990 1400
390.003 1437
390.017 1396
390.030 1405
390.043 1425
390.057 1370
390.070 1386
390.083 1366
390.096 1369
390.110 1395
390.123 1379
390.136 1356
390.150 1372
390.163 1305
390.176 1361
390.190 1351
390.203 1320
390.216 1291
390.230 1305
390.243 1276
390.256 1313
390.270 1333
390.283 1320
390.296 1303
390.310 1274
390.323 1307
390.336 1269
390.349 1246
390.363 1300
390.376 1286
390.389 1301
390.403 1297
390.416 1265
390.429 1270
390.443 1270
390.456 1262
390.469 1241
390.483 1247
390.496 1243
390.509 1245
390.522 1233
390.536 1231
390.549 1226
390.562 1250
390.576 1249
390.589 1214
390.602 1254
390.616 1224
390.629 1219
390.642 1234
390.655 1232
390.669 1217
390.682 1226
390.695 1218
390.709 1224
390.722 1185
390.735 1226
390.749 1175
390.762 1200
390.775 1190
390.788 1180
390.802 1215
390.815 1181
390.828 1171
390.842 1175
390.855 1177
390.868 1165
390.882 1157
390.895 1173
390.908 1191
390.921 1172
390.935 1147
390.948 1155
390.961 1189
390.975 1141
390.988 1151
391.001 1143
391.014 1083
391.028 1160
391.041 1133
391.054 1134
391.068 1088
391.081 1127
391.094 1108
391.107 1099
391.121 1113
391.134 1096
391.147 1109
391.161 1116
391.174 1110
391.187 1078
391.200 1083
391.214 1098
391.227 1072
391.240 1054
391.254 1092
391.267 1060
391.280 1088
391.293 1033
391.307 1037
391.320 1014
391.333 1018
391.347 1017
391.360 1015
391.373 1056
391.386 1023
391.400 1001
391.413 1005
391.426 1011
391.440 1039
391.453 980
391.466 1015
391.479 990
391.493 999
391.506 1004
391.519 992
391.532 1004
391.546 1004
391.559 968
391.572 947
391.586 940
391.599 961
391.612 968
391.625 936
391.639 964
391.652 978
391.665 949
391.678 965
391.692 952
391.705 943
391.718 963
391.732 930
391.745 906
391.758 932
391.771 921
391.785 935
391.798 910
391.811 907
391.824 915
391.838 878
391.851 908
391.864 917
391.877 923
391.891 899
391.904 894
391.917 894
391.931 917
391.944 900
391.957 908
391.970 909
391.984 875
391.997 882
392.010 895
392.023 919
392.037 887
392.050 903
392.063 906
392.076 867
392.090 872
392.103 878
392.116 897
392.129 901
392.143 896
392.156 877
392.169 875
392.182 892
392.196 845
392.209 876
392.222 878
392.235 863
392.249 887
392.262 870
392.275 867
392.288 876
392.302 836
392.315 875
392.328 861
392.341 845
392.355 851
392.368 868
392.381 869
392.394 861
392.408 844
392.421 856
392.434 869
392.447 871
392.461 858
392.474 857
392.487 855
392.500 850
392.514 859
392.527 865
392.540 858
392.553 839
392.567 847
392.580 861
392.593 846
392.606 866
392.620 856
392.633 851
392.646 837
392.659 850
392.673 847
392.686 847
392.699 830
392.712 841
392.726 836
392.739 845
392.752 824
392.765 853
392.778 834
392.792 850
392.805 854
392.818 803
392.831 835
392.845 826
392.858 838
392.871 817
392.884 853
392.898 832
392.911 835
392.924 843
392.937 823
392.951 822
392.964 844
392.977 837
392.990 825
393.003 825
393.017 815
393.030 829
393.043 834
393.056 836
393.070 823
393.083 845
393.096 823
393.109 831
393.122 834
393.136 840
393.149 831
393.162 837
393.175 840
393.189 840
393.202 841
393.215 820
393.228 807
393.242 808
393.255 804
393.268 805
393.281 819
393.294 815
393.308 799
393.321 804
393.334 818
393.347 813
393.360 829
393.374 806
393.387 836
393.400 821
393.413 826
393.427 808
393.440 817
393.453 797
393.466 814
393.479 816
393.493 809
393.506 812
393.519 817
393.532 818
393.546 821
393.559 819
393.572 800
393.585 802
393.598 830
393.612 813
393.625 817
393.638 809
393.651 818
393.664 812
393.678 830
393.691 802
393.704 809
393.717 835
393.730 822
393.744 822
393.757 816
393.770 804
393.783 822
393.796 792
393.810 824
393.823 800
393.836 812
393.849 808
393.863 828
393.876 811
393.889 804
393.902 812
393.915 805
393.929 793
