375.891 726
375.905 698
375.919 717
375.933 722
375.946 721
375.960 729
375.974 731
375.987 734
376.001 712
376.015 738
376.029 722
376.042 734
376.056 721
376.070 744
376.084 740
376.097 713
376.111 739
376.125 732
376.139 745
376.152 753
376.166 745
376.180 750
376.193 763
376.207 755
376.221 754
376.235 735
376.248 761
376.262 753
376.276 754
376.290 749
376.303 746
376.317 756
376.331 765
376.345 763
376.358 775
376.372 758
376.386 760
376.399 777
376.413 770
376.427 781
376.441 760
376.454 768
376.468 784
376.482 776
376.495 780
376.509 782
376.523 796
376.537 788
376.550 806
376.564 805
376.578 815
376.592 804
376.605 810
376.619 813
376.633 802
376.646 819
376.660 808
376.674 806
376.688 833
376.701 817
376.715 825
376.729 826
376.742 828
376.756 832
376.770 830
376.784 844
376.797 852
376.811 836
376.825 846
376.838 848
376.852 855
376.866 868
376.880 869
376.893 857
376.907 880
376.921 866
376.934 875
376.948 889
376.962 891
376.976 898
376.989 865
377.003 922
377.017 906
377.030 892
377.044 918
377.058 932
377.071 927
377.085 932
377.099 927
377.113 911
377.126 922
377.140 926
377.154 936
377.167 963
377.181 951
377.195 951
377.208 961
377.222 976
377.236 960
377.250 957
377.263 960
377.277 965
377.291 998
377.304 988
377.318 1012
377.332 978
377.345 1024
377.359 1016
377.373 1029
377.387 1036
377.400 1019
377.414 1016
377.428 1030
377.441 1032
377.455 1058
377.469 1035
377.482 1060
377.496 1072
377.510 1059
377.524 1100
377.537 1089
377.551 1097
377.565 1074
377.578 1109
377.592 1056
377.606 1092
377.619 1092
377.633 1086
377.647 1087
377.660 1090
377.674 1107
377.688 1110
377.701 1142
377.715 1118
377.729 1147
377.743 1136
377.756 1148
377.770 1136
377.784 1162
377.797 1188
377.811 1158
377.825 1177
377.838 1145
377.852 1168
377.866 1198
377.879 1182
377.893 1184
377.907 1204
377.920 1226
377.934 1221
377.948 1194
377.961 1216
377.975 1214
377.989 1222
378.002 1227
378.016 1239
378.030 1238
378.044 1238
378.057 1250
378.071 1243
378.085 1239
378.098 1250
378.112 1274
378.126 1264
378.139 1280
378.153 1267
378.167 1264
378.180 1293
378.194 1295
378.208 1290
378.221 1296
378.235 1319
378.249 1316
378.262 1297
378.276 1290
378.290 1300
378.303 1319
378.317 1316
378.331 1313
378.344 1336
378.358 1337
378.372 1357
378.385 1330
378.399 1353
378.413 1360
378.426 1392
378.440 1395
378.454 1419
378.467 1366
378.481 1382
378.495 1371
378.508 1406
378.522 1397
378.536 1377
378.549 1442
378.563 1387
378.577 1386
378.590 1401
378.604 1440
378.618 1422
378.631 1448
378.645 1426
378.659 1444
378.672 1459
378.686 1463
378.700 1507
378.713 1515
378.727 1520
378.740 1498
378.754 1520
378.768 1541
378.781 1524
378.795 1521
378.809 1563
378.822 1572
378.836 1493
378.850 1505
378.863 1532
378.877 1541
378.891 1558
378.904 1597
378.918 1565
378.932 1570
378.945 1548
378.959 1545
378.973 1585
378.986 1555
379.000 1564
379.014 1541
379.027 1581
379.041 1605
379.054 1586
379.068 1589
379.082 1586
379.095 1572
379.109 1597
379.123 1651
379.136 1604
379.150 1631
379.164 1642
379.177 1620
379.191 1654
379.205 1604
379.218 1652
379.232 1698
379.245 1658
379.259 1682
379.273 1695
379.286 1707
379.300 1671
379.314 1741
379.327 1714
379.341 1718
379.355 1728
379.368 1727
379.382 1764
379.396 1768
379.409 1751
379.423 1761
379.436 1798
379.450 1765
379.464 1780
379.477 1782
379.491 1812
379.505 1824
379.518 1822
379.532 1860
379.546 1882
379.559 1914
379.573 1883
379.586 1900
379.600 1900
379.614 1953
379.627 1987
379.641 1964
379.655 2003
379.668 2000
379.682 1979
379.695 1958
379.709 2047
379.723 1990
379.736 2117
379.750 2162
379.764 2161
379.777 2168
379.791 2176
379.804 2235
379.818 2199
379.832 2185
379.845 2193
379.859 2175
379.873 2191
379.886 2181
379.900 2254
379.913 2280
379.927 2321
379.941 2325
379.954 2348
379.968 2330
379.982 2386
379.995 2381
380.009 2397
380.022 2505
380.036 2434
380.050 2453
380.063 2539
380.077 2669
380.090 2663
380.104 2670
380.118 2716
380.131 2753
380.145 2771
380.159 2786
380.172 2828
380.186 2921
380.199 2941
380.213 2959
380.227 3020
380.240 3030
380.254 3028
380.267 3067
380.281 3070
380.295 3125
380.308 3099
380.322 3137
380.336 3212
380.349 3256
380.363 3343
380.376 3331
380.390 3413
380.404 3404
380.417 3484
380.431 3451
380.444 3526
380.458 3563
380.472 3578
380.485 3644
380.499 3657
380.512 3684
380.526 3776
380.540 3835
380.553 3845
380.567 3893
380.580 3907
380.594 3983
380.608 4096
380.621 4222
380.635 4228
380.648 4239
380.662 4247
380.676 4346
380.689 4315
380.703 4443
380.716 4481
380.730 4441
380.744 4504
380.757 4687
380.771 4779
380.784 4806
380.798 4783
380.812 4862
380.825 4827
380.839 4978
380.852 5102
380.866 5172
380.880 5248
380.893 5197
380.907 5189
380.920 5228
380.934 5253
380.948 5422
380.961 5450
380.975 5508
380.988 5538
381.002 5459
381.015 5597
381.029 5597
381.043 5698
381.056 5810
381.070 5721
381.083 5826
381.097 5814
381.111 5934
381.124 6010
381.138 5996
381.151 6122
381.165 6134
381.179 6125
381.192 6205
381.206 6131
381.219 6229
381.233 6347
381.246 6354
381.260 6365
381.274 6342
381.287 6491
381.301 6444
381.314 6520
381.328 6537
381.341 6544
381.355 6696
381.369 6672
381.382 6725
381.396 6704
381.409 6777
381.423 6878
381.437 6932
381.450 6946
381.464 7034
381.477 7081
381.491 7230
381.504 7130
381.518 7133
381.532 7270
381.545 7402
381.559 7640
381.572 7583
381.586 7599
381.599 7608
381.613 7538
381.627 7674
381.640 7621
381.654 7711
381.667 7730
381.681 7694
381.694 7715
381.708 7440
381.722 7575
381.735 7577
381.749 7582
381.762 7578
381.776 7590
381.789 7785
381.803 7600
381.817 7772
381.830 7632
381.844 7773
381.857 7673
381.871 7879
381.884 7974
381.898 7875
381.911 7896
381.925 7915
381.939 7892
381.952 8021
381.966 7958
381.979 8090
381.993 8234
382.006 8192
382.020 8363
382.034 8337
382.047 8210
382.061 8338
382.074 8177
382.088 8195
382.101 8289
382.115 8383
382.128 8325
382.142 8537
382.156 8832
382.169 8743
382.183 8860
382.196 8665
382.210 8755
382.223 8693
382.237 8779
382.250 8819
382.264 8889
382.278 8903
382.291 8946
382.305 9141
382.318 9160
382.332 9208
382.345 8937
382.359 8906
382.372 8996
382.386 8938
382.399 8942
382.413 8970
382.427 9176
382.440 9097
382.454 9214
382.467 9305
382.481 9458
382.494 9604
382.508 9761
382.521 9738
382.535 9784
382.548 9670
382.562 9806
382.576 9714
382.589 9845
382.603 9937
382.616 9971
382.630 10036
382.643 10078
382.657 10233
382.670 10208
382.684 10356
382.697 10139
382.711 10408
382.724 10480
382.738 10567
382.752 10526
382.765 10672
382.779 10820
382.792 10834
382.806 10933
382.819 11170
382.833 11106
382.846 11314
382.860 11314
382.873 11380
382.887 11569
382.900 11723
382.914 11767
382.928 12005
382.941 12117
382.955 12156
382.968 12368
382.982 12557
382.995 12616
383.009 12781
383.022 12721
383.036 12743
383.049 12996
383.063 13091
383.076 13219
383.090 13253
383.103 13422
383.117 13621
383.130 13727
383.144 13784
383.158 14013
383.171 14191
383.185 14453
383.198 14439
383.212 14688
383.225 14747
383.239 15107
383.252 15282
383.266 15430
383.279 15597
383.293 15848
383.306 15928
383.320 16180
383.333 16680
383.347 16940
383.360 16954
383.374 16861
383.387 17084
383.401 17345
383.414 17350
383.428 17250
383.441 17462
383.455 17592
383.468 17815
383.482 18008
383.496 18646
383.509 18921
383.523 18863
383.536 18957
383.550 18898
383.563 19312
383.577 19498
383.590 19803
383.604 20000
383.617 19703
383.631 19993
383.644 19803
383.658 19945
383.671 20226
383.685 20221
383.698 20532
383.712 20862
383.725 21076
383.739 20912
383.752 21150
383.766 21146
383.779 21292
383.793 21570
383.806 21812
383.820 22379
383.833 22629
383.847 22665
383.860 22987
383.874 23292
383.887 22645
383.901 22969
383.914 23376
383.928 23715
383.941 23697
383.955 23719
383.968 23901
383.982 23923
383.995 24094
384.009 24423
384.022 24517
384.036 24688
384.049 24925
384.063 25445
384.076 26212
384.090 26636
384.103 27338
384.117 27601
384.130 27378
384.144 27090
384.157 27393
384.171 27288
384.184 27552
384.198 27851
384.211 27967
384.225 28465
384.238 29510
384.252 29550
384.265 30148
384.279 30485
384.292 30677
384.306 30933
384.319 31160
384.333 31112
384.346 31321
384.360 31617
384.373 32057
384.387 32571
384.400 32722
384.414 33052
384.427 33809
384.441 33777
384.454 34403
384.468 34534
384.481 34792
384.495 35353
384.508 35691
384.522 36240
384.535 36534
384.549 36979
384.562 37409
384.575 37902
384.589 39027
384.602 40053
384.616 41046
384.629 41190
384.643 42034
384.656 42500
384.670 43021
384.683 42733
384.697 43412
384.710 43839
384.724 44530
384.737 44906
384.751 45670
384.764 45925
384.778 46548
384.791 47363
384.805 48160
384.818 48502
384.832 48270
384.845 49088
384.859 49342
384.872 48988
384.885 49010
384.899 49414
384.912 49650
384.926 49465
384.939 49868
384.953 50054
384.966 50013
384.980 50501
384.993 50453
385.007 50385
385.020 49717
385.034 49844
385.047 49150
385.061 48740
385.074 48365
385.088 47529
385.101 47268
385.114 46502
385.128 46202
385.141 45452
385.155 45341
385.168 45342
385.182 45156
385.195 44526
385.209 43641
385.222 41999
385.236 40977
385.249 39981
385.263 38837
385.276 37905
385.290 36601
385.303 35182
385.316 34269
385.330 33768
385.343 33218
385.357 32035
385.370 30866
385.384 29627
385.397 28775
385.411 28046
385.424 27360
385.438 26457
385.451 26015
385.464 25479
385.478 24698
385.491 24018
385.505 23176
385.518 22461
385.532 21867
385.545 20602
385.559 19726
385.572 19352
385.586 18561
385.599 18432
385.612 18054
385.626 17288
385.639 16465
385.653 16351
385.666 15954
385.680 15378
385.693 14626
385.707 14126
385.720 13700
385.734 13316
385.747 12682
385.760 12145
385.774 11903
385.787 11704
385.801 11366
385.814 10627
385.828 10092
385.841 10066
385.855 9854
385.868 9487
385.881 9225
385.895 9090
385.908 8879
385.922 8532
385.935 8560
385.949 8175
385.962 8052
385.976 7735
385.989 7842
386.002 7825
386.016 7612
386.029 7441
386.043 7394
386.056 7206
386.070 6884
386.083 6916
386.097 6827
386.110 6771
386.123 6739
386.137 6549
386.150 6532
386.164 6286
386.177 6260
386.191 6274
386.204 6028
386.217 5968
386.231 5868
386.244 5917
386.258 5947
386.271 5839
386.285 5748
386.298 5660
386.311 5598
386.325 5475
386.338 5371
386.352 5336
386.365 5320
386.379 5189
386.392 5114
386.405 5112
386.419 5040
386.432 5065
386.446 5001
386.459 5015
386.473 4923
386.486 4837
386.499 4802
386.513 4638
386.526 4731
386.540 4634
386.553 4620
386.567 4643
386.580 4652
386.593 4726
386.607 4780
386.620 4647
386.634 4727
386.647 4662
386.661 4477
386.674 4465
386.687 4485
386.701 4332
386.714 4316
386.728 4279
386.741 4319
386.754 4250
386.768 4299
386.781 4208
386.795 4204
386.808 4082
386.822 4029
386.835 4102
386.848 3986
386.862 4019
386.875 4004
386.889 3983
386.902 3903
386.915 3948
386.929 3884
386.942 3930
386.956 3863
386.969 3862
386.983 3758
386.996 3867
387.009 3799
387.023 3855
387.036 3852
387.050 3796
387.063 3733
387.076 3787
387.090 3788
387.103 3722
387.117 3718
387.130 3692
387.143 3733
387.157 3760
387.170 3735
387.184 3654
387.197 3711
387.210 3662
387.224 3616
387.237 3586
387.251 3612
387.264 3535
387.278 3505
387.291 3559
387.304 3582
387.318 3611
387.331 3557
387.345 3510
387.358 3580
387.371 3530
387.385 3482
387.398 3541
387.412 3436
387.425 3451
387.438 3436
387.452 3424
387.465 3433
387.478 3345
387.492 3369
387.505 3386
387.519 3472
387.532 3567
387.545 3600
387.559 3656
387.572 3584
387.586 3577
387.599 3568
387.612 3628
387.626 3661
387.639 3619
387.653 3649
387.666 3576
387.679 3474
387.693 3496
387.706 3449
387.720 3554
387.733 3562
387.746 3669
387.760 3639
387.773 3618
387.787 3688
387.800 3579
387.813 3574
387.827 3576
387.840 3494
387.853 3488
387.867 3536
387.880 3666
387.894 3752
387.907 3730
387.920 3621
387.934 3552
387.947 3590
387.961 3567
387.974 3577
387.987 3570
388.001 3603
388.014 3536
388.027 3584
388.041 3617
388.054 3534
388.068 3672
388.081 3618
388.094 3613
388.108 3595
388.121 3717
388.134 3499
388.148 3563
388.161 3526
388.175 3426
388.188 3319
388.201 3355
388.215 3381
388.228 3360
388.241 3305
388.255 3229
388.268 3302
388.282 3248
388.295 3205
388.308 3103
388.322 3099
388.335 3007
388.348 2949
388.362 2876
388.375 2895
388.389 2812
388.402 2816
388.415 2738
388.429 2697
388.442 2745
388.455 2578
388.469 2618
388.482 2569
388.495 2543
388.509 2501
388.522 2510
388.536 2402
388.549 2319
388.562 2241
388.576 2240
388.589 2189
388.602 2216
388.616 2121
388.629 2163
388.642 2145
388.656 2036
388.669 2086
388.683 2029
388.696 2077
388.709 1983
388.723 1980
388.736 1967
388.749 1962
388.763 1903
388.776 1914
388.789 1904
388.803 1865
388.816 1870
388.829 1852
388.843 1830
388.856 1815
388.870 1789
388.883 1803
388.896 1830
388.910 1830
388.923 1845
388.936 1819
388.950 1823
388.963 1797
388.976 1828
388.990 1810
389.003 1826
389.016 1823
389.030 1802
389.043 1819
389.056 1832
389.070 1807
389.083 1824
389.097 1766
389.110 1775
389.123 1799
389.137 1813
389.150 1822
389.163 1844
389.177 1829
389.190 1794
389.203 1811
389.217 1826
389.230 1845
389.243 1802
389.257 1834
389.270 1815
389.283 1861
389.297 1850
389.310 1894
389.323 1859
389.337 1883
389.350 1839
389.363 1815
389.377 1856
389.390 1814
389.403 1882
389.417 1824
389.430 1863
389.443 1907
389.457 1872
389.470 1851
389.483 1869
389.497 1828
389.510 1837
389.523 1830
389.537 1806
389.550 1766
389.563 1767
389.577 1729
389.590 1674
389.603 1725
389.617 1670
389.630 1609
389.643 1633
389.657 1641
389.670 1603
389.683 1609
389.697 1609
389.710 1540
389.723 1522
389.737 1566
389.750 1560
389.763 1559
389.777 1493
389.790 1478
389.803 1529
389.817 1449
389.830 1446
389.843 1476
389.857 1424
389.870 1412
389.883 1392
389.897 1393
389.910 1416
389.923 1411
389.937 1399
389.950 1450
389.963 1394
389.977 1386
389.990 1382
390.003 1406
390.017 1377
390.030 1393
390.043 1356
390.057 1347
390.070 1339
390.083 1331
390.096 1328
390.110 1352
390.123 1341
390.136 1312
390.150 1330
390.163 1317
390.176 1338
390.190 1327
390.203 1313
390.216 1287
390.230 1296
390.243 1275
390.256 1258
390.270 1268
390.283 1270
390.296 1260
390.310 1292
390.323 1252
390.336 1254
390.349 1247
390.363 1257
390.376 1273
390.389 1267
390.403 1274
390.416 1275
390.429 1266
390.443 1263
390.456 1248
390.469 1258
390.483 1222
390.496 1219
390.509 1218
390.522 1218
390.536 1244
390.549 1236
390.562 1205
390.576 1215
390.589 1235
390.602 1217
390.616 1226
390.629 1211
390.642 1195
390.655 1218
390.669 1210
390.682 1186
390.695 1207
390.709 1187
390.722 1198
390.735 1195
390.749 1179
390.762 1188
390.775 1182
390.788 1171
390.802 1180
390.815 1175
390.828 1163
390.842 1168
390.855 1178
390.868 1139
390.882 1137
390.895 1130
390.908 1124
390.921 1150
390.935 1124
390.948 1145
390.961 1143
390.975 1113
390.988 1104
391.001 1131
391.014 1139
391.028 1078
391.041 1114
391.054 1081
391.068 1111
391.081 1087
391.094 1111
391.107 1091
391.121 1086
391.134 1079
391.147 1086
391.161 1055
391.174 1062
391.187 1048
391.200 1037
391.214 1063
391.227 1032
391.240 1044
391.254 1052
391.267 1024
391.280 1022
391.293 1026
391.307 1016
391.320 1021
391.333 1019
391.347 998
391.360 1003
391.373 997
391.386 987
391.400 997
391.413 976
391.426 963
391.440 974
391.453 1000
391.466 960
391.479 953
391.493 955
391.506 970
391.519 983
391.532 961
391.546 936
391.559 964
391.572 953
391.586 948
391.599 946
391.612 950
391.625 928
391.639 918
391.652 937
391.665 933
391.678 934
391.692 922
391.705 939
391.718 916
391.732 921
391.745 925
391.758 893
391.771 901
391.785 897
391.798 881
391.811 889
391.824 916
391.838 882
391.851 889
391.864 888
391.877 873
391.891 890
391.904 870
391.917 884
391.931 863
391.944 887
391.957 885
391.970 877
391.984 869
391.997 872
392.010 872
392.023 863
392.037 876
392.050 868
392.063 860
392.076 849
392.090 847
392.103 857
392.116 852
392.129 866
392.143 868
392.156 859
392.169 873
392.182 858
392.196 857
392.209 862
392.222 848
392.235 832
392.249 847
392.262 829
392.275 851
392.288 838
392.302 846
392.315 848
392.328 818
392.341 845
392.355 848
392.368 832
392.381 832
392.394 850
392.408 856
392.421 831
392.434 835
392.447 837
392.461 824
392.474 825
392.487 828
392.500 832
392.514 833
392.527 843
392.540 847
392.553 834
392.567 834
392.580 821
392.593 824
392.606 833
392.620 822
392.633 802
392.646 836
392.659 810
392.673 824
392.686 798
392.699 826
392.712 829
392.726 805
392.739 815
392.752 834
392.765 813
392.778 810
392.792 814
392.805 805
392.818 828
392.831 835
392.845 820
392.858 822
392.871 811
392.884 816
392.898 834
392.911 824
392.924 825
392.937 815
392.951 832
392.964 803
392.977 820
392.990 803
393.003 810
393.017 815
393.030 818
393.043 819
393.056 791
393.070 821
393.083 817
393.096 806
393.109 812
393.122 809
393.136 806
393.149 812
393.162 813
393.175 804
393.189 810
393.202 816
393.215 809
393.228 807
393.242 806
393.255 802
393.268 814
393.281 795
393.294 783
393.308 793
393.321 773
393.334 799
393.347 824
393.360 789
393.374 801
393.387 791
393.400 785
393.413 811
393.427 799
393.440 772
393.453 792
393.466 803
393.479 802
393.493 798
393.506 798
393.519 813
393.532 823
393.546 788
393.559 797
393.572 804
393.585 808
393.598 811
393.612 794
393.625 802
393.638 791
393.651 800
393.664 789
393.678 790
393.691 784
393.704 795
393.717 792
393.730 789
393.744 800
393.757 792
393.770 794
393.783 790
393.796 801
393.810 797
393.823 786
393.836 792
393.849 804
393.863 801
393.876 794
393.889 795
393.902 792
393.915 804
393.929 801
