375.891 717
375.905 710
375.919 716
375.933 736
375.946 727
375.960 743
375.974 722
375.987 735
376.001 748
376.015 732
376.029 745
376.042 737
376.056 741
376.070 745
376.084 748
376.097 748
376.111 736
376.125 740
376.139 765
376.152 755
376.166 752
376.180 759
376.193 738
376.207 736
376.221 758
376.235 759
376.248 748
376.262 765
376.276 780
376.290 765
376.303 772
376.317 775
376.331 775
376.345 771
376.358 783
376.372 779
376.386 774
376.399 789
376.413 786
376.427 782
376.441 793
376.454 792
376.468 793
376.482 784
376.495 803
376.509 807
376.523 795
376.537 803
376.550 810
376.564 797
376.578 813
376.592 819
376.605 821
376.619 830
376.633 818
376.646 831
376.660 812
376.674 834
376.688 808
376.701 832
376.715 836
376.729 827
376.742 835
376.756 855
376.770 853
376.784 851
376.797 869
376.811 847
376.825 866
376.838 869
376.852 875
376.866 869
376.880 868
376.893 880
376.907 866
376.921 891
376.934 896
376.948 895
376.962 907
376.976 901
376.989 896
377.003 935
377.017 915
377.030 915
377.044 930
377.058 938
377.071 941
377.085 934
377.099 924
377.113 956
377.126 969
377.140 937
377.154 962
377.167 966
377.181 988
377.195 969
377.208 984
377.222 998
377.236 982
377.250 994
377.263 993
377.277 1031
377.291 1000
377.304 1013
377.318 1045
377.332 1034
377.345 1053
377.359 1049
377.373 1047
377.387 1040
377.400 1044
377.414 1048
377.428 1030
377.441 1057
377.455 1072
377.469 1068
377.482 1092
377.496 1086
377.510 1091
377.524 1119
377.537 1115
377.551 1108
377.565 1126
377.578 1118
377.592 1112
377.606 1106
377.619 1114
377.633 1078
377.647 1120
377.660 1134
377.674 1145
377.688 1135
377.701 1129
377.715 1167
377.729 1152
377.743 1170
377.756 1172
377.770 1166
377.784 1183
377.797 1172
377.811 1174
377.825 1182
377.838 1189
377.852 1216
377.866 1235
377.879 1223
377.893 1245
377.907 1212
377.920 1198
377.934 1226
377.948 1235
377.961 1217
377.975 1244
377.989 1241
378.002 1255
378.016 1250
378.030 1216
378.044 1273
378.057 1224
378.071 1251
378.085 1254
378.098 1250
378.112 1282
378.126 1273
378.139 1304
378.153 1289
378.167 1277
378.180 1290
378.194 1307
378.208 1290
378.221 1310
378.235 1310
378.249 1332
378.262 1340
378.276 1334
378.290 1331
378.303 1322
378.317 1341
378.331 1338
378.344 1355
378.358 1355
378.372 1374
378.385 1378
378.399 1374
378.413 1380
378.426 1365
378.440 1410
378.454 1451
378.467 1385
378.481 1410
378.495 1408
378.508 1413
378.522 1417
378.536 1391
378.549 1405
378.563 1426
378.577 1415
378.590 1445
378.604 1472
378.618 1483
378.631 1446
378.645 1494
378.659 1451
378.672 1449
378.686 1494
378.700 1524
378.713 1547
378.727 1568
378.740 1515
378.754 1550
378.768 1537
378.781 1539
378.795 1548
378.809 1539
378.822 1563
378.836 1600
378.850 1548
378.863 1541
378.877 1600
378.891 1599
378.904 1575
378.918 1574
378.932 1614
378.945 1594
378.959 1590
378.973 1577
378.986 1592
379.000 1615
379.014 1585
379.027 1596
379.041 1606
379.054 1580
379.068 1611
379.082 1639
379.095 1616
379.109 1609
379.123 1646
379.136 1638
379.150 1642
379.164 1687
379.177 1658
379.191 1666
379.205 1683
379.218 1665
379.232 1653
379.245 1730
379.259 1667
379.273 1749
379.286 1749
379.300 1735
379.314 1705
379.327 1718
379.341 1767
379.355 1691
379.368 1771
379.382 1800
379.396 1788
379.409 1784
379.423 1828
379.436 1861
379.450 1836
379.464 1809
379.477 1869
379.491 1867
379.505 1863
379.518 1846
379.532 1883
379.546 1907
379.559 1927
379.573 1948
379.586 1920
379.600 1992
379.614 1980
379.627 2029
379.641 2003
379.655 2028
379.668 2024
379.682 2009
379.695 2042
379.709 2051
379.723 2058
379.736 2140
379.750 2223
379.764 2192
379.777 2225
379.791 2245
379.804 2322
379.818 2266
379.832 2257
379.845 2240
379.859 2201
379.873 2249
379.886 2279
379.900 2285
379.913 2342
379.927 2302
379.941 2371
379.954 2388
379.968 2435
379.982 2463
379.995 2508
380.009 2490
380.022 2543
380.036 2596
380.050 2599
380.063 2617
380.077 2734
380.090 2739
380.104 2813
380.118 2815
380.131 2822
380.145 2865
380.159 2862
380.172 2915
380.186 2997
380.199 3015
380.213 3098
380.227 3146
380.240 3171
380.254 3156
380.267 3124
380.281 3214
380.295 3191
380.308 3186
380.322 3298
380.336 3296
380.349 3330
380.363 3426
380.376 3499
380.390 3552
380.404 3547
380.417 3611
380.431 3647
380.444 3656
380.458 3691
380.472 3742
380.485 3863
380.499 3827
380.512 3889
380.526 3914
380.540 3960
380.553 4043
380.567 4070
380.580 4147
380.594 4150
380.608 4258
380.621 4450
380.635 4462
380.648 4469
380.662 4459
380.676 4615
380.689 4588
380.703 4535
380.716 4622
380.730 4656
380.744 4845
380.757 4883
380.771 4989
380.784 4991
380.798 5144
380.812 5145
380.825 5149
380.839 5230
380.852 5352
380.866 5446
380.880 5531
380.893 5554
380.907 5474
380.920 5531
380.934 5561
380.948 5719
380.961 5637
380.975 5732
380.988 5841
381.002 5803
381.015 5876
381.029 5915
381.043 5997
381.056 6142
381.070 6088
381.083 6119
381.097 6233
381.111 6251
381.124 6409
381.138 6403
381.151 6383
381.165 6413
381.179 6476
381.192 6407
381.206 6505
381.219 6573
381.233 6492
381.246 6594
381.260 6648
381.274 6746
381.287 6713
381.301 6817
381.314 6745
381.328 6921
381.341 6917
381.355 6870
381.369 7036
381.382 7025
381.396 6990
381.409 7174
381.423 7243
381.437 7238
381.450 7326
381.464 7304
381.477 7520
381.491 7493
381.504 7586
381.518 7481
381.532 7502
381.545 7713
381.559 7792
381.572 7940
381.586 7941
381.599 8000
381.613 7948
381.627 7970
381.640 8004
381.654 8012
381.667 7970
381.681 8081
381.694 8121
381.708 7914
381.722 7848
381.735 7912
381.749 7902
381.762 7936
381.776 7974
381.789 7966
381.803 8021
381.817 8010
381.830 8063
381.844 8114
381.857 8091
381.871 8300
381.884 8228
381.898 8044
381.911 8240
381.925 8215
381.939 8226
381.952 8357
381.966 8308
381.979 8357
381.993 8517
382.006 8699
382.020 8719
382.034 8663
382.047 8420
382.061 8665
382.074 8543
382.088 8570
382.101 8613
382.115 8525
382.128 8630
382.142 8757
382.156 9183
382.169 9110
382.183 9166
382.196 9044
382.210 8999
382.223 9042
382.237 8982
382.250 9207
382.264 9017
382.278 9195
382.291 9279
382.305 9361
382.318 9451
382.332 9557
382.345 9276
382.359 9225
382.372 9285
382.386 9250
382.399 9206
382.413 9328
382.427 9288
382.440 9388
382.454 9502
382.467 9658
382.481 9688
382.494 9938
382.508 10176
382.521 10128
382.535 10025
382.548 9969
382.562 10062
382.576 9939
382.589 10155
382.603 10210
382.616 10335
382.630 10341
382.643 10557
382.657 10541
382.670 10742
382.684 10788
382.697 10563
382.711 10744
382.724 10822
382.738 10957
382.752 10896
382.765 11014
382.779 11083
382.792 11200
382.806 11184
382.819 11295
382.833 11459
382.846 11546
382.860 11755
382.873 11924
382.887 11885
382.900 12048
382.914 12120
382.928 12320
382.941 12387
382.955 12567
382.968 12711
382.982 12880
382.995 12978
383.009 12999
383.022 13164
383.036 13191
383.049 13315
383.063 13394
383.076 13527
383.090 13757
383.103 13866
383.117 13880
383.130 14061
383.144 14094
383.158 14345
383.171 14636
383.185 14659
383.198 14880
383.212 15172
383.225 15458
383.239 15528
383.252 15826
383.266 16091
383.279 16041
383.293 16238
383.306 16292
383.320 16698
383.333 17131
383.347 17490
383.360 17313
383.374 17437
383.387 17582
383.401 17715
383.414 17825
383.428 17854
383.441 17940
383.455 18097
383.468 18053
383.482 18346
383.496 19247
383.509 19253
383.523 19449
383.536 19431
383.550 19741
383.563 19812
383.577 19945
383.590 20345
383.604 20418
383.617 20434
383.631 20422
383.644 20257
383.658 20411
383.671 20590
383.685 20850
383.698 21064
383.712 21471
383.725 21516
383.739 21631
383.752 21493
383.766 21635
383.779 21748
383.793 21995
383.806 22233
383.820 23056
383.833 23142
383.847 23430
383.860 23614
383.874 23834
383.887 23391
383.901 23561
383.914 24009
383.928 24372
383.941 24402
383.955 24277
383.968 24537
383.982 24546
383.995 24841
384.009 25116
384.022 25298
384.036 25533
384.049 25911
384.063 26252
384.076 26877
384.090 27546
384.103 28165
384.117 28562
384.130 28565
384.144 28019
384.157 28110
384.171 28292
384.184 28500
384.198 28640
384.211 28992
384.225 29399
384.238 30443
384.252 30831
384.265 31161
384.279 31604
384.292 31960
384.306 32566
384.319 32389
384.333 32322
384.346 32605
384.360 32913
384.373 32930
384.387 33963
384.400 34061
384.414 34217
384.427 34861
384.441 35284
384.454 35432
384.468 35908
384.481 36509
384.495 36690
384.508 37123
384.522 37786
384.535 37889
384.549 38167
384.562 38863
384.575 39382
384.589 40478
384.602 41426
384.616 42254
384.629 43117
384.643 43472
384.656 43867
384.670 44175
384.683 44115
384.697 44276
384.710 45180
384.724 45318
384.737 46226
384.751 46831
384.764 46834
384.778 47737
384.791 48328
384.805 48923
384.818 49135
384.832 49299
384.845 49392
384.859 50153
384.872 49803
384.885 49482
384.899 49348
384.912 49719
384.926 49657
384.939 49813
384.953 49676
384.966 50096
384.980 50035
384.993 49858
385.007 50238
385.020 49406
385.034 49304
385.047 49223
385.061 48425
385.074 48140
385.088 47879
385.101 47363
385.114 46812
385.128 46267
385.141 45806
385.155 45244
385.168 45845
385.182 45577
385.195 44650
385.209 44034
385.222 42364
385.236 41478
385.249 40624
385.263 39600
385.276 38332
385.290 37301
385.303 35839
385.316 34852
385.330 34361
385.343 33144
385.357 32471
385.370 31280
385.384 30172
385.397 29426
385.411 28548
385.424 27640
385.438 26924
385.451 26305
385.464 25706
385.478 25028
385.491 24219
385.505 23294
385.518 22692
385.532 21844
385.545 20620
385.559 19880
385.572 19396
385.586 18657
385.599 18452
385.612 17952
385.626 17097
385.639 16666
385.653 16372
385.666 16158
385.680 15499
385.693 14776
385.707 14297
385.720 13868
385.734 13344
385.747 12866
385.760 12459
385.774 12188
385.787 11812
385.801 11350
385.814 10839
385.828 10428
385.841 10274
385.855 9941
385.868 9717
385.881 9482
385.895 9271
385.908 9064
385.922 8831
385.935 8659
385.949 8300
385.962 8166
385.976 8006
385.989 7948
386.002 7920
386.016 7667
386.029 7706
386.043 7476
386.056 7306
386.070 7075
386.083 7031
386.097 6898
386.110 6810
386.123 6814
386.137 6711
386.150 6575
386.164 6440
386.177 6336
386.191 6337
386.204 6064
386.217 6079
386.231 5898
386.244 5993
386.258 5965
386.271 5941
386.285 5824
386.298 5866
386.311 5805
386.325 5539
386.338 5471
386.352 5481
386.365 5250
386.379 5329
386.392 5209
386.405 5302
386.419 5140
386.432 5158
386.446 5197
386.459 5122
386.473 5086
386.486 4898
386.499 4807
386.513 4877
386.526 4796
386.540 4750
386.553 4658
386.567 4703
386.580 4763
386.593 4777
386.607 4835
386.620 4748
386.634 4685
386.647 4738
386.661 4598
386.674 4537
386.687 4521
386.701 4448
386.714 4319
386.728 4249
386.741 4347
386.754 4300
386.768 4384
386.781 4309
386.795 4256
386.808 4192
386.822 4162
386.835 4090
386.848 4039
386.862 4078
386.875 3978
386.889 4010
386.902 4013
386.915 3933
386.929 3934
386.942 3951
386.956 3958
386.969 3840
386.983 3801
386.996 3903
387.009 3811
387.023 3854
387.036 3834
387.050 3848
387.063 3854
387.076 3835
387.090 3818
387.103 3828
387.117 3726
387.130 3773
387.143 3871
387.157 3830
387.170 3770
387.184 3674
387.197 3787
387.210 3747
387.224 3702
387.237 3739
387.251 3618
387.264 3554
387.278 3588
387.291 3642
387.304 3563
387.318 3564
387.331 3574
387.345 3540
387.358 3579
387.371 3557
387.385 3551
387.398 3552
387.412 3517
387.425 3455
387.438 3422
387.452 3399
387.465 3455
387.478 3474
387.492 3352
387.505 3397
387.519 3456
387.532 3537
387.545 3577
387.559 3574
387.572 3623
387.586 3518
387.599 3610
387.612 3561
387.626 3628
387.639 3650
387.653 3583
387.666 3498
387.679 3431
387.693 3503
387.706 3494
387.720 3545
387.733 3525
387.746 3585
387.760 3620
387.773 3584
387.787 3571
387.800 3603
387.813 3600
387.827 3553
387.840 3531
387.853 3432
387.867 3539
387.880 3682
387.894 3684
387.907 3696
387.920 3606
387.934 3637
387.947 3655
387.961 3563
387.974 3561
387.987 3558
388.001 3561
388.014 3580
388.027 3534
388.041 3632
388.054 3613
388.068 3523
388.081 3616
388.094 3491
388.108 3578
388.121 3531
388.134 3510
388.148 3466
388.161 3500
388.175 3437
388.188 3336
388.201 3317
388.215 3293
388.228 3290
388.241 3263
388.255 3231
388.268 3261
388.282 3189
388.295 3109
388.308 3057
388.322 2962
388.335 2894
388.348 2915
388.362 2759
388.375 2716
388.389 2789
388.402 2703
388.415 2682
388.429 2687
388.442 2603
388.455 2543
388.469 2608
388.482 2545
388.495 2498
388.509 2441
388.522 2432
388.536 2351
388.549 2314
388.562 2273
388.576 2185
388.589 2203
388.602 2186
388.616 2246
388.629 2163
388.642 2150
388.656 2025
388.669 2090
388.683 2044
388.696 2053
388.709 2021
388.723 2028
388.736 2027
388.749 2021
388.763 1952
388.776 1911
388.789 1971
388.803 1876
388.816 1848
388.829 1854
388.843 1812
388.856 1837
388.870 1837
388.883 1789
388.896 1802
388.910 1797
388.923 1796
388.936 1848
388.950 1835
388.963 1805
388.976 1784
388.990 1764
389.003 1751
389.016 1812
389.030 1819
389.043 1793
389.056 1843
389.070 1816
389.083 1774
389.097 1742
389.110 1805
389.123 1816
389.137 1768
389.150 1802
389.163 1799
389.177 1781
389.190 1812
389.203 1789
389.217 1779
389.230 1809
389.243 1794
389.257 1835
389.270 1820
389.283 1829
389.297 1843
389.310 1807
389.323 1797
389.337 1829
389.350 1870
389.363 1853
389.377 1814
389.390 1846
389.403 1761
389.417 1845
389.430 1803
389.443 1786
389.457 1813
389.470 1789
389.483 1813
389.497 1832
389.510 1800
389.523 1763
389.537 1815
389.550 1725
389.563 1712
389.577 1689
389.590 1662
389.603 1681
389.617 1680
389.630 1638
389.643 1626
389.657 1621
389.670 1630
389.683 1565
389.697 1588
389.710 1557
389.723 1547
389.737 1565
389.750 1551
389.763 1496
389.777 1524
389.790 1478
389.803 1511
389.817 1500
389.830 1477
389.843 1477
389.857 1429
389.870 1416
389.883 1395
389.897 1399
389.910 1389
389.923 1413
389.937 1421
389.950 1434
389.963 1392
389.977 1413
389.990 1421
390.003 1421
390.017 1409
390.030 1393
390.043 1399
390.057 1361
390.070 1354
390.083 1366
390.096 1354
390.110 1390
390.123 1359
390.136 1365
390.150 1353
390.163 1328
390.176 1339
390.190 1342
390.203 1327
390.216 1314
390.230 1291
390.243 1310
390.256 1310
390.270 1303
390.283 1313
390.296 1274
390.310 1297
390.323 1298
390.336 1274
390.349 1279
390.363 1284
390.376 1303
390.389 1302
390.403 1302
390.416 1322
390.429 1253
390.443 1259
390.456 1267
390.469 1269
390.483 1237
390.496 1259
390.509 1266
390.522 1262
390.536 1219
390.549 1262
390.562 1282
390.576 1219
390.589 1231
390.602 1243
390.616 1225
390.629 1232
390.642 1210
390.655 1220
390.669 1205
390.682 1162
390.695 1213
390.709 1222
390.722 1212
390.735 1219
390.749 1169
390.762 1200
390.775 1180
390.788 1183
390.802 1202
390.815 1196
390.828 1161
390.842 1143
390.855 1181
390.868 1174
390.882 1166
390.895 1160
390.908 1164
390.921 1162
390.935 1176
390.948 1175
390.961 1149
390.975 1140
390.988 1133
391.001 1132
391.014 1132
391.028 1122
391.041 1106
391.054 1095
391.068 1108
391.081 1119
391.094 1092
391.107 1117
391.121 1100
391.134 1088
391.147 1093
391.161 1101
391.174 1086
391.187 1055
391.200 1048
391.214 1060
391.227 1059
391.240 1040
391.254 1031
391.267 1043
391.280 1039
391.293 1019
391.307 983
391.320 1008
391.333 1013
391.347 991
391.360 998
391.373 1006
391.386 981
391.400 999
391.413 997
391.426 1008
391.440 975
391.453 976
391.466 972
391.479 970
391.493 970
391.506 980
391.519 978
391.532 965
391.546 958
391.559 959
391.572 958
391.586 952
391.599 956
391.612 907
391.625 935
391.639 944
391.652 953
391.665 939
391.678 965
391.692 920
391.705 919
391.718 919
391.732 912
391.745 918
391.758 896
391.771 892
391.785 906
391.798 906
391.811 886
391.824 909
391.838 872
391.851 897
391.864 891
391.877 885
391.891 887
391.904 876
391.917 889
391.931 878
391.944 882
391.957 887
391.970 894
391.984 884
391.997 888
392.010 875
392.023 873
392.037 863
392.050 876
392.063 876
392.076 851
392.090 869
392.103 880
392.116 862
392.129 867
392.143 850
392.156 860
392.169 886
392.182 876
392.196 852
392.209 860
392.222 838
392.235 841
392.249 851
392.262 858
392.275 847
392.288 823
392.302 849
392.315 841
392.328 848
392.341 845
392.355 832
392.368 831
392.381 854
392.394 841
392.408 850
392.421 833
392.434 842
392.447 848
392.461 841
392.474 836
392.487 828
392.500 836
392.514 804
392.527 840
392.540 852
392.553 836
392.567 846
392.580 839
392.593 826
392.606 807
392.620 825
392.633 812
392.646 816
392.659 828
392.673 806
392.686 810
392.699 826
392.712 813
392.726 828
392.739 819
392.752 818
392.765 818
392.778 819
392.792 820
392.805 818
392.818 819
392.831 827
392.845 809
392.858 807
392.871 806
392.884 812
392.898 815
392.911 837
392.924 815
392.937 817
392.951 820
392.964 817
392.977 803
392.990 811
393.003 815
393.017 828
393.030 809
393.043 800
393.056 797
393.070 815
393.083 821
393.096 804
393.109 819
393.122 799
393.136 822
393.149 807
393.162 805
393.175 791
393.189 801
393.202 808
393.215 802
393.228 807
393.242 798
393.255 786
393.268 812
393.281 797
393.294 797
393.308 803
393.321 793
393.334 805
393.347 777
393.360 794
393.374 798
393.387 799
393.400 794
393.413 807
393.427 778
393.440 806
393.453 792
393.466 802
393.479 789
393.493 796
393.506 807
393.519 807
393.532 802
393.546 823
393.559 809
393.572 800
393.585 796
393.598 782
393.612 810
393.625 797
393.638 795
393.651 807
393.664 803
393.678 797
393.691 806
393.704 808
393.717 800
393.730 799
393.744 800
393.757 792
393.770 800
393.783 800
393.796 800
393.810 810
393.823 797
393.836 788
393.849 798
393.863 796
393.876 797
393.889 796
393.902 775
393.915 778
393.929 780
