375.891 702
375.905 722
375.919 716
375.933 718
375.946 717
375.960 719
375.974 708
375.987 710
376.001 722
376.015 733
376.029 714
376.042 725
376.056 719
376.070 725
376.084 742
376.097 725
376.111 728
376.125 742
376.139 732
376.152 736
376.166 731
376.180 740
376.193 737
376.207 747
376.221 742
376.235 740
376.248 731
376.262 759
376.276 752
376.290 744
376.303 749
376.317 743
376.331 739
376.345 765
376.358 755
376.372 757
376.386 741
376.399 777
376.413 767
376.427 795
376.441 778
376.454 784
376.468 772
376.482 785
376.495 790
376.509 787
376.523 776
376.537 801
376.550 779
376.564 780
376.578 787
376.592 785
376.605 801
376.619 813
376.633 793
376.646 806
376.660 796
376.674 791
376.688 802
376.701 813
376.715 806
376.729 819
376.742 807
376.756 824
376.770 830
376.784 799
376.797 814
376.811 845
376.825 817
376.838 851
376.852 851
376.866 839
376.880 849
376.893 821
376.907 850
376.921 836
376.934 874
376.948 857
376.962 881
376.976 850
376.989 881
377.003 879
377.017 877
377.030 896
377.044 881
377.058 882
377.071 903
377.085 888
377.099 891
377.113 894
377.126 913
377.140 891
377.154 923
377.167 897
377.181 918
377.195 934
377.208 912
377.222 908
377.236 944
377.250 949
377.263 922
377.277 923
377.291 931
377.304 941
377.318 948
377.332 963
377.345 956
377.359 960
377.373 951
377.387 948
377.400 947
377.414 954
377.428 952
377.441 958
377.455 964
377.469 978
377.482 968
377.496 973
377.510 989
377.524 1001
377.537 1009
377.551 1020
377.565 997
377.578 989
377.592 1006
377.606 997
377.619 982
377.633 978
377.647 989
377.660 996
377.674 1004
377.688 1018
377.701 1034
377.715 1024
377.729 1053
377.743 1033
377.756 1049
377.770 1029
377.784 1043
377.797 1049
377.811 1021
377.825 1031
377.838 1011
377.852 1036
377.866 1040
377.879 1072
377.893 1070
377.907 1058
377.920 1053
377.934 1068
377.948 1047
377.961 1036
377.975 1051
377.989 1047
378.002 1047
378.016 1095
378.030 1085
378.044 1085
378.057 1083
378.071 1087
378.085 1106
378.098 1070
378.112 1060
378.126 1094
378.139 1084
378.153 1096
378.167 1098
378.180 1124
378.194 1071
378.208 1053
378.221 1044
378.235 1109
378.249 1106
378.262 1094
378.276 1112
378.290 1085
378.303 1095
378.317 1113
378.331 1116
378.344 1111
378.358 1134
378.372 1114
378.385 1136
378.399 1159
378.413 1125
378.426 1157
378.440 1095
378.454 1137
378.467 1122
378.481 1146
378.495 1157
378.508 1111
378.522 1133
378.536 1143
378.549 1123
378.563 1143
378.577 1145
378.590 1171
378.604 1164
378.618 1157
378.631 1152
378.645 1181
378.659 1208
378.672 1152
378.686 1205
378.700 1189
378.713 1188
378.727 1169
378.740 1178
378.754 1176
378.768 1187
378.781 1195
378.795 1190
378.809 1191
378.822 1182
378.836 1207
378.850 1180
378.863 1210
378.877 1193
378.891 1240
378.904 1198
378.918 1228
378.932 1231
378.945 1185
378.959 1229
378.973 1199
378.986 1198
379.000 1248
379.014 1259
379.027 1218
379.041 1243
379.054 1213
379.068 1219
379.082 1268
379.095 1259
379.109 1234
379.123 1248
379.136 1263
379.150 1289
379.164 1256
379.177 1276
379.191 1242
379.205 1244
379.218 1286
379.232 1279
379.245 1291
379.259 1283
379.273 1276
379.286 1266
379.300 1274
379.314 1324
379.327 1297
379.341 1327
379.355 1317
379.368 1379
379.382 1352
379.396 1387
379.409 1365
379.423 1354
379.436 1401
379.450 1371
379.464 1404
379.477 1397
379.491 1363
379.505 1390
379.518 1418
379.532 1421
379.546 1414
379.559 1433
379.573 1438
379.586 1381
379.600 1459
379.614 1472
379.627 1488
379.641 1489
379.655 1497
379.668 1495
379.682 1508
379.695 1536
379.709 1529
379.723 1504
379.736 1546
379.750 1522
379.764 1581
379.777 1567
379.791 1602
379.804 1636
379.818 1607
379.832 1650
379.845 1595
379.859 1627
379.873 1670
379.886 1670
379.900 1659
379.913 1695
379.927 1735
379.941 1702
379.954 1736
379.968 1720
379.982 1783
379.995 1820
380.009 1766
380.022 1858
380.036 1846
380.050 1846
380.063 1881
380.077 1924
380.090 1923
380.104 1998
380.118 2006
380.131 1979
380.145 1985
380.159 2013
380.172 2093
380.186 2087
380.199 2142
380.213 2097
380.227 2149
380.240 2155
380.254 2236
380.267 2263
380.281 2243
380.295 2302
380.308 2294
380.322 2335
380.336 2384
380.349 2313
380.363 2352
380.376 2386
380.390 2540
380.404 2524
380.417 2549
380.431 2533
380.444 2647
380.458 2607
380.472 2675
380.485 2645
380.499 2662
380.512 2688
380.526 2766
380.540 2777
380.553 2881
380.567 2820
380.580 2967
380.594 2954
380.608 2978
380.621 2985
380.635 3035
380.648 3074
380.662 3087
380.676 3104
380.689 3197
380.703 3106
380.716 3257
380.730 3246
380.744 3317
380.757 3348
380.771 3525
380.784 3369
380.798 3447
380.812 3631
380.825 3592
380.839 3611
380.852 3720
380.866 3766
380.880 3753
380.893 3843
380.907 3892
380.920 3936
380.934 3943
380.948 3981
380.961 4041
380.975 4087
380.988 4178
381.002 4176
381.015 4187
381.029 4288
381.043 4376
381.056 4298
381.070 4414
381.083 4439
381.097 4432
381.111 4528
381.124 4578
381.138 4706
381.151 4688
381.165 4823
381.179 4736
381.192 4798
381.206 4796
381.219 4758
381.233 4932
381.246 4860
381.260 4982
381.274 4964
381.287 5031
381.301 5011
381.314 5156
381.328 5175
381.341 5126
381.355 5315
381.369 5322
381.382 5408
381.396 5458
381.409 5378
381.423 5561
381.437 5635
381.450 5619
381.464 5737
381.477 5756
381.491 5799
381.504 5821
381.518 5764
381.532 5786
381.545 6014
381.559 6005
381.572 6198
381.586 6169
381.599 6105
381.613 6194
381.627 6239
381.640 6352
381.654 6344
381.667 6427
381.681 6439
381.694 6489
381.708 6488
381.722 6418
381.735 6429
381.749 6462
381.762 6551
381.776 6563
381.789 6623
381.803 6650
381.817 6744
381.830 6757
381.844 6767
381.857 6810
381.871 6903
381.884 6764
381.898 6884
381.911 7047
381.925 7044
381.939 7232
381.952 7169
381.966 7236
381.979 7296
381.993 7306
382.006 7387
382.020 7330
382.034 7475
382.047 7559
382.061 7528
382.074 7604
382.088 7543
382.101 7679
382.115 7786
382.128 7755
382.142 7909
382.156 8050
382.169 7985
382.183 7986
382.196 8133
382.210 8188
382.223 8200
382.237 8278
382.250 8298
382.264 8406
382.278 8337
382.291 8619
382.305 8644
382.318 8579
382.332 8763
382.345 8815
382.359 8796
382.372 8797
382.386 8781
382.399 9040
382.413 9002
382.427 8977
382.440 9183
382.454 9310
382.467 9446
382.481 9555
382.494 9812
382.508 10001
382.521 10120
382.535 10040
382.548 10070
382.562 10179
382.576 10059
382.589 10199
382.603 10297
382.616 10452
382.630 10620
382.643 10670
382.657 10861
382.670 10844
382.684 10976
382.697 10931
382.711 11058
382.724 11051
382.738 11199
382.752 11253
382.765 11362
382.779 11481
382.792 11706
382.806 11616
382.819 11614
382.833 11905
382.846 12072
382.860 12174
382.873 12240
382.887 12466
382.900 12711
382.914 13131
382.928 13149
382.941 13281
382.955 13566
382.968 13652
382.982 13750
382.995 13928
383.009 13891
383.022 14072
383.036 14083
383.049 14522
383.063 14672
383.076 14879
383.090 14567
383.103 14736
383.117 14891
383.130 15012
383.144 15067
383.158 15261
383.171 15578
383.185 15620
383.198 15940
383.212 16149
383.225 16413
383.239 16895
383.252 16991
383.266 17235
383.279 17228
383.293 17428
383.306 17665
383.320 17673
383.333 18260
383.347 18385
383.360 18402
383.374 18113
383.387 18605
383.401 18609
383.414 18750
383.428 18824
383.441 18886
383.455 18997
383.468 19055
383.482 19149
383.496 19599
383.509 19743
383.523 19841
383.536 19793
383.550 19764
383.563 19966
383.577 20359
383.590 20334
383.604 20551
383.617 20571
383.631 20464
383.644 20776
383.658 20770
383.671 20984
383.685 20976
383.698 21718
383.712 21573
383.725 21920
383.739 21730
383.752 21491
383.766 21404
383.779 21524
383.793 21772
383.806 21830
383.820 21963
383.833 21881
383.847 22310
383.860 22222
383.874 22347
383.887 22300
383.901 22528
383.914 22435
383.928 22637
383.941 22851
383.955 22675
383.968 22422
383.982 22605
383.995 22756
384.009 22813
384.022 22889
384.036 22838
384.049 22748
384.063 22973
384.076 23633
384.090 23815
384.103 23990
384.117 23837
384.130 23899
384.144 23330
384.157 23203
384.171 23255
384.184 23208
384.198 23274
384.211 23244
384.225 23240
384.238 23853
384.252 23647
384.265 23577
384.279 23456
384.292 23400
384.306 23352
384.319 22971
384.333 22703
384.346 22411
384.360 22196
384.373 21934
384.387 21764
384.400 21582
384.414 21287
384.427 21305
384.441 20831
384.454 20591
384.468 20232
384.481 20018
384.495 19731
384.508 19364
384.522 19102
384.535 18690
384.549 17967
384.562 17762
384.575 17519
384.589 17313
384.602 17023
384.616 16685
384.629 16184
384.643 15774
384.656 14978
384.670 14486
384.683 14000
384.697 13619
384.710 13178
384.724 12802
384.737 12360
384.751 12016
384.764 11648
384.778 11311
384.791 10930
384.805 10652
384.818 10326
384.832 9911
384.845 9591
384.859 9341
384.872 9165
384.885 8648
384.899 8414
384.912 8190
384.926 7904
384.939 7758
384.953 7572
384.966 7425
384.980 7246
384.993 7077
385.007 6716
385.020 6639
385.034 6325
385.047 6252
385.061 6064
385.074 5825
385.088 5772
385.101 5611
385.114 5702
385.128 5399
385.141 5299
385.155 5183
385.168 5234
385.182 5236
385.195 5175
385.209 5041
385.222 4927
385.236 4772
385.249 4682
385.263 4643
385.276 4675
385.290 4602
385.303 4370
385.316 4244
385.330 4409
385.343 4252
385.357 4236
385.370 4131
385.384 4085
385.397 4103
385.411 3988
385.424 3922
385.438 3833
385.451 3822
385.464 3819
385.478 3683
385.491 3699
385.505 3702
385.518 3642
385.532 3550
385.545 3560
385.559 3466
385.572 3446
385.586 3331
385.599 3405
385.612 3363
385.626 3298
385.639 3248
385.653 3284
385.666 3259
385.680 3262
385.693 3241
385.707 3227
385.720 3183
385.734 3079
385.747 3020
385.760 3004
385.774 2948
385.787 2964
385.801 2897
385.814 2858
385.828 2809
385.841 2844
385.855 2797
385.868 2824
385.881 2787
385.895 2729
385.908 2769
385.922 2754
385.935 2665
385.949 2774
385.962 2657
385.976 2698
385.989 2642
386.002 2679
386.016 2685
386.029 2587
386.043 2609
386.056 2579
386.070 2533
386.083 2544
386.097 2540
386.110 2489
386.123 2519
386.137 2514
386.150 2501
386.164 2472
386.177 2462
386.191 2424
386.204 2427
386.217 2416
386.231 2342
386.244 2401
386.258 2340
386.271 2384
386.285 2355
386.298 2357
386.311 2355
386.325 2291
386.338 2307
386.352 2274
386.365 2308
386.379 2238
386.392 2250
386.405 2265
386.419 2223
386.432 2225
386.446 2232
386.459 2207
386.473 2201
386.486 2177
386.499 2185
386.513 2182
386.526 2122
386.540 2124
386.553 2124
386.567 2052
386.580 2088
386.593 2092
386.607 2119
386.620 2068
386.634 2062
386.647 2062
386.661 2085
386.674 2047
386.687 2050
386.701 2012
386.714 2000
386.728 2025
386.741 2004
386.754 2014
386.768 1994
386.781 1942
386.795 1974
386.808 1908
386.822 1962
386.835 1932
386.848 1954
386.862 1908
386.875 1870
386.889 1849
386.902 1858
386.915 1880
386.929 1873
386.942 1862
386.956 1841
386.969 1870
386.983 1845
386.996 1800
387.009 1833
387.023 1778
387.036 1790
387.050 1780
387.063 1778
387.076 1752
387.090 1769
387.103 1773
387.117 1742
387.130 1740
387.143 1725
387.157 1700
387.170 1759
387.184 1720
387.197 1735
387.210 1719
387.224 1667
387.237 1685
387.251 1667
387.264 1668
387.278 1672
387.291 1624
387.304 1680
387.318 1607
387.331 1637
387.345 1591
387.358 1586
387.371 1580
387.385 1587
387.398 1564
387.412 1593
387.425 1529
387.438 1526
387.452 1468
387.465 1508
387.478 1472
387.492 1478
387.505 1464
387.519 1485
387.532 1492
387.545 1496
387.559 1489
387.572 1449
387.586 1459
387.599 1430
387.612 1454
387.626 1454
387.639 1430
387.653 1417
387.666 1410
387.679 1367
387.693 1406
387.706 1312
387.720 1397
387.733 1376
387.746 1338
387.760 1365
387.773 1383
387.787 1386
387.800 1344
387.813 1340
387.827 1320
387.840 1341
387.853 1333
387.867 1332
387.880 1320
387.894 1311
387.907 1313
387.920 1310
387.934 1289
387.947 1280
387.961 1258
387.974 1251
387.987 1253
388.001 1257
388.014 1255
388.027 1256
388.041 1243
388.054 1256
388.068 1233
388.081 1205
388.094 1236
388.108 1193
388.121 1213
388.134 1198
388.148 1198
388.161 1193
388.175 1175
388.188 1201
388.201 1175
388.215 1172
388.228 1156
388.241 1166
388.255 1157
388.268 1143
388.282 1186
388.295 1156
388.308 1148
388.322 1153
388.335 1147
388.348 1130
388.362 1130
388.375 1124
388.389 1119
388.402 1167
388.415 1135
388.429 1145
388.442 1108
388.455 1146
388.469 1141
388.482 1130
388.495 1110
388.509 1124
388.522 1131
388.536 1111
388.549 1136
388.562 1094
388.576 1121
388.589 1116
388.602 1132
388.616 1113
388.629 1093
388.642 1098
388.656 1115
388.669 1100
388.683 1119
388.696 1109
388.709 1123
388.723 1092
388.736 1085
388.749 1099
388.763 1093
388.776 1079
388.789 1088
388.803 1101
388.816 1093
388.829 1103
388.843 1114
388.856 1106
388.870 1077
388.883 1091
388.896 1100
388.910 1094
388.923 1103
388.936 1077
388.950 1096
388.963 1078
388.976 1098
388.990 1054
389.003 1050
389.016 1065
389.030 1087
389.043 1074
389.056 1116
389.070 1079
389.083 1076
389.097 1059
389.110 1066
389.123 1070
389.137 1063
389.150 1090
389.163 1060
389.177 1064
389.190 1086
389.203 1066
389.217 1078
389.230 1066
389.243 1048
389.257 1059
389.270 1068
389.283 1070
389.297 1068
389.310 1061
389.323 1057
389.337 1051
389.350 1048
389.363 1041
389.377 1041
389.390 1058
389.403 1053
389.417 1048
389.430 1027
389.443 1043
389.457 1053
389.470 1051
389.483 1042
389.497 1030
389.510 1029
389.523 1050
389.537 1023
389.550 1026
389.563 1033
389.577 1009
389.590 1012
389.603 1015
389.617 1022
389.630 1011
389.643 1011
389.657 1013
389.670 1012
389.683 1007
389.697 1004
389.710 1017
389.723 1019
389.737 1014
389.750 1016
389.763 1009
389.777 980
389.790 1006
389.803 1009
389.817 991
389.830 988
389.843 984
389.857 969
389.870 1004
389.883 971
389.897 963
389.910 980
389.923 976
389.937 970
389.950 984
389.963 963
389.977 974
389.990 985
390.003 986
390.017 956
390.030 962
390.043 977
390.057 956
390.070 948
390.083 927
390.096 963
390.110 952
390.123 969
390.136 933
390.150 944
390.163 946
390.176 944
390.190 941
390.203 930
390.216 924
390.230 932
390.243 883
390.256 933
390.270 889
390.283 896
390.296 882
390.310 921
390.323 891
390.336 894
390.349 888
390.363 873
390.376 898
390.389 893
390.403 886
390.416 875
390.429 893
390.443 877
390.456 847
390.469 865
390.483 852
390.496 872
390.509 852
390.522 861
390.536 845
390.549 866
390.562 861
390.576 829
390.589 860
390.602 844
390.616 840
390.629 822
390.642 841
390.655 821
390.669 821
390.682 835
390.695 825
390.709 837
390.722 813
390.735 828
390.749 827
390.762 814
390.775 811
390.788 816
390.802 798
390.815 804
390.828 801
390.842 800
390.855 780
390.868 793
390.882 788
390.895 760
390.908 776
390.921 787
390.935 769
390.948 772
390.961 787
390.975 767
390.988 789
391.001 759
391.014 773
391.028 747
391.041 751
391.054 753
391.068 750
391.081 772
391.094 770
391.107 758
391.121 741
391.134 763
391.147 742
391.161 764
391.174 755
391.187 744
391.200 749
391.214 738
391.227 736
391.240 730
391.254 752
391.267 745
391.280 728
391.293 730
391.307 734
391.320 744
391.333 735
391.347 735
391.360 724
391.373 739
391.386 722
391.400 739
391.413 707
391.426 731
391.440 738
391.453 727
391.466 731
391.479 708
391.493 731
391.506 716
391.519 716
391.532 722
391.546 710
391.559 713
391.572 729
391.586 723
391.599 714
391.612 726
391.625 699
391.639 710
391.652 709
391.665 709
391.678 705
391.692 711
391.705 704
391.718 711
391.732 713
391.745 711
391.758 706
391.771 706
391.785 711
391.798 711
391.811 701
391.824 693
391.838 702
391.851 701
391.864 693
391.877 716
391.891 704
391.904 704
391.917 699
391.931 714
391.944 700
391.957 705
391.970 702
391.984 692
391.997 698
392.010 686
392.023 700
392.037 694
392.050 705
392.063 701
392.076 706
392.090 695
392.103 702
392.116 697
392.129 694
392.143 691
392.156 697
392.169 714
392.182 694
392.196 691
392.209 680
392.222 682
392.235 694
392.249 693
392.262 692
392.275 703
392.288 706
392.302 691
392.315 695
392.328 694
392.341 703
392.355 698
392.368 702
392.381 694
392.394 687
392.408 697
392.421 691
392.434 691
392.447 688
392.461 685
392.474 680
392.487 690
392.500 688
392.514 687
392.527 693
392.540 671
392.553 699
392.567 679
392.580 697
392.593 696
392.606 676
392.620 694
392.633 679
392.646 686
392.659 686
392.673 705
392.686 685
392.699 679
392.712 676
392.726 694
392.739 677
392.752 691
392.765 681
392.778 675
392.792 686
392.805 692
392.818 684
392.831 693
392.845 683
392.858 674
392.871 671
392.884 680
392.898 681
392.911 690
392.924 687
392.937 686
392.951 679
392.964 671
392.977 681
392.990 678
393.003 697
393.017 680
393.030 678
393.043 680
393.056 677
393.070 675
393.083 681
393.096 683
393.109 683
393.122 671
393.136 688
393.149 675
393.162 683
393.175 684
393.189 671
393.202 678
393.215 675
393.228 680
393.242 678
393.255 678
393.268 664
393.281 679
393.294 664
393.308 681
393.321 675
393.334 673
393.347 671
393.360 676
393.374 679
393.387 672
393.400 693
393.413 666
393.427 674
393.440 676
393.453 678
393.466 673
393.479 676
393.493 682
393.506 675
393.519 670
393.532 678
393.546 677
393.559 678
393.572 670
393.585 675
393.598 668
393.612 676
393.625 667
393.638 672
393.651 681
393.664 675
393.678 658
393.691 674
393.704 665
393.717 665
393.730 669
393.744 674
393.757 675
393.770 675
393.783 670
393.796 675
393.810 669
393.823 679
393.836 669
393.849 669
393.863 669
393.876 668
393.889 663
393.902 666
393.915 672
393.929 665
