375.891 697
375.905 701
375.919 701
375.933 701
375.946 700
375.960 708
375.974 709
375.987 708
376.001 708
376.015 699
376.029 701
376.042 722
376.056 741
376.070 703
376.084 711
376.097 729
376.111 721
376.125 736
376.139 714
376.152 737
376.166 732
376.180 730
376.193 727
376.207 715
376.221 731
376.235 740
376.248 745
376.262 742
376.276 758
376.290 729
376.303 746
376.317 738
376.331 737
376.345 760
376.358 753
376.372 750
376.386 747
376.399 750
376.413 763
376.427 761
376.441 753
376.454 761
376.468 760
376.482 763
376.495 774
376.509 756
376.523 785
376.537 767
376.550 743
376.564 774
376.578 778
376.592 769
376.605 781
376.619 777
376.633 779
376.646 774
376.660 776
376.674 787
376.688 789
376.701 797
376.715 799
376.729 799
376.742 811
376.756 806
376.770 799
376.784 800
376.797 813
376.811 825
376.825 797
376.838 830
376.852 814
376.866 842
376.880 835
376.893 837
376.907 824
376.921 849
376.934 846
376.948 845
376.962 860
376.976 863
376.989 841
377.003 846
377.017 855
377.030 844
377.044 837
377.058 873
377.071 870
377.085 866
377.099 861
377.113 885
377.126 882
377.140 889
377.154 886
377.167 878
377.181 862
377.195 912
377.208 912
377.222 876
377.236 897
377.250 894
377.263 894
377.277 906
377.291 906
377.304 891
377.318 913
377.332 911
377.345 916
377.359 902
377.373 946
377.387 918
377.400 927
377.414 919
377.428 925
377.441 944
377.455 960
377.469 960
377.482 965
377.496 961
377.510 958
377.524 969
377.537 983
377.551 971
377.565 973
377.578 962
377.592 980
377.606 968
377.619 966
377.633 969
377.647 978
377.660 974
377.674 981
377.688 996
377.701 987
377.715 960
377.729 1005
377.743 1001
377.756 989
377.770 1018
377.784 1010
377.797 1039
377.811 982
377.825 1013
377.838 1006
377.852 996
377.866 1016
377.879 997
377.893 1018
377.907 1035
377.920 1018
377.934 1036
377.948 1032
377.961 1017
377.975 1044
377.989 1011
378.002 1024
378.016 1019
378.030 1020
378.044 1067
378.057 1042
378.071 1033
378.085 1077
378.098 1061
378.112 1044
378.126 1045
378.139 1055
378.153 1034
378.167 1027
378.180 1011
378.194 1058
378.208 1039
378.221 1045
378.235 1053
378.249 1069
378.262 1063
378.276 1068
378.290 1047
378.303 1068
378.317 1062
378.331 1047
378.344 1084
378.358 1068
378.372 1087
378.385 1076
378.399 1084
378.413 1074
378.426 1071
378.440 1111
378.454 1102
378.467 1074
378.481 1075
378.495 1080
378.508 1101
378.522 1099
378.536 1083
378.549 1109
378.563 1130
378.577 1108
378.590 1118
378.604 1117
378.618 1141
378.631 1125
378.645 1140
378.659 1131
378.672 1134
378.686 1137
378.700 1182
378.713 1150
378.727 1134
378.740 1174
378.754 1172
378.768 1161
378.781 1143
378.795 1169
378.809 1141
378.822 1154
378.836 1150
378.850 1142
378.863 1126
378.877 1126
378.891 1189
378.904 1156
378.918 1187
378.932 1161
378.945 1142
378.959 1189
378.973 1140
378.986 1150
379.000 1168
379.014 1211
379.027 1177
379.041 1171
379.054 1193
379.068 1208
379.082 1172
379.095 1207
379.109 1206
379.123 1200
379.136 1200
379.150 1249
379.164 1243
379.177 1214
379.191 1195
379.205 1205
379.218 1204
379.232 1270
379.245 1240
379.259 1246
379.273 1264
379.286 1276
379.300 1262
379.314 1288
379.327 1252
379.341 1280
379.355 1297
379.368 1314
379.382 1273
379.396 1308
379.409 1255
379.423 1296
379.436 1340
379.450 1325
379.464 1346
379.477 1294
379.491 1328
379.505 1385
379.518 1342
379.532 1353
379.546 1341
379.559 1378
379.573 1325
379.586 1401
379.600 1384
379.614 1408
379.627 1387
379.641 1450
379.655 1419
379.668 1435
379.682 1408
379.695 1423
379.709 1451
379.723 1519
379.736 1465
379.750 1493
379.764 1500
379.777 1541
379.791 1507
379.804 1532
379.818 1568
379.832 1579
379.845 1551
379.859 1521
379.873 1570
379.886 1592
379.900 1618
379.913 1589
379.927 1621
379.941 1675
379.954 1636
379.968 1692
379.982 1736
379.995 1736
380.009 1730
380.022 1796
380.036 1754
380.050 1758
380.063 1806
380.077 1804
380.090 1843
380.104 1866
380.118 1886
380.131 1940
380.145 1882
380.159 1928
380.172 1920
380.186 1954
380.199 1986
380.213 2044
380.227 2019
380.240 2085
380.254 2066
380.267 2092
380.281 2087
380.295 2115
380.308 2193
380.322 2220
380.336 2224
380.349 2293
380.363 2337
380.376 2276
380.390 2331
380.404 2378
380.417 2398
380.431 2387
380.444 2459
380.458 2462
380.472 2421
380.485 2479
380.499 2559
380.512 2589
380.526 2608
380.540 2596
380.553 2611
380.567 2646
380.580 2736
380.594 2774
380.608 2809
380.621 2829
380.635 2844
380.648 2856
380.662 2868
380.676 2960
380.689 2928
380.703 2996
380.716 3022
380.730 3119
380.744 3081
380.757 3130
380.771 3167
380.784 3308
380.798 3339
380.812 3329
380.825 3371
380.839 3455
380.852 3508
380.866 3553
380.880 3578
380.893 3528
380.907 3662
380.920 3660
380.934 3670
380.948 3698
380.961 3791
380.975 3869
380.988 3885
381.002 3837
381.015 3896
381.029 3992
381.043 4071
381.056 4129
381.070 4035
381.083 4186
381.097 4178
381.111 4176
381.124 4190
381.138 4335
381.151 4430
381.165 4448
381.179 4469
381.192 4405
381.206 4499
381.219 4509
381.233 4471
381.246 4543
381.260 4672
381.274 4615
381.287 4712
381.301 4764
381.314 4731
381.328 4779
381.341 4859
381.355 4857
381.369 4887
381.382 4932
381.396 4979
381.409 4967
381.423 5132
381.437 5210
381.450 5164
381.464 5297
381.477 5475
381.491 5339
381.504 5268
381.518 5397
381.532 5379
381.545 5436
381.559 5654
381.572 5671
381.586 5726
381.599 5606
381.613 5771
381.627 5905
381.640 6050
381.654 5932
381.667 5966
381.681 5911
381.694 6029
381.708 5925
381.722 5842
381.735 6051
381.749 6051
381.762 6095
381.776 6159
381.789 6124
381.803 6227
381.817 6235
381.830 6342
381.844 6255
381.857 6322
381.871 6383
381.884 6432
381.898 6506
381.911 6495
381.925 6546
381.939 6644
381.952 6669
381.966 6608
381.979 6716
381.993 6833
382.006 6801
382.020 6967
382.034 6974
382.047 7042
382.061 6968
382.074 7019
382.088 7107
382.101 7175
382.115 7096
382.128 7124
382.142 7312
382.156 7350
382.169 7572
382.183 7433
382.196 7543
382.210 7643
382.223 7736
382.237 7761
382.250 7735
382.264 7893
382.278 7857
382.291 7998
382.305 7988
382.318 8051
382.332 8186
382.345 8095
382.359 8143
382.372 8262
382.386 8300
382.399 8302
382.413 8428
382.427 8542
382.440 8584
382.454 8741
382.467 8748
382.481 8974
382.494 9055
382.508 9480
382.521 9255
382.535 9352
382.548 9317
382.562 9474
382.576 9371
382.589 9496
382.603 9636
382.616 9705
382.630 9939
382.643 9885
382.657 10040
382.670 10226
382.684 9998
382.697 10065
382.711 10264
382.724 10446
382.738 10418
382.752 10559
382.765 10602
382.779 10685
382.792 10815
382.806 11023
382.819 11100
382.833 11045
382.846 11168
382.860 11398
382.873 11472
382.887 11673
382.900 11858
382.914 12157
382.928 12229
382.941 12498
382.955 12519
382.968 12606
382.982 12870
382.995 12961
383.009 13254
383.022 13246
383.036 13261
383.049 13544
383.063 13693
383.076 13844
383.090 13707
383.103 13773
383.117 13762
383.130 14039
383.144 14290
383.158 14311
383.171 14402
383.185 14702
383.198 14783
383.212 15121
383.225 15363
383.239 15710
383.252 15853
383.266 16080
383.279 16237
383.293 16558
383.306 16403
383.320 16720
383.333 17090
383.347 17102
383.360 17073
383.374 17022
383.387 17275
383.401 17690
383.414 17899
383.428 17552
383.441 17853
383.455 18098
383.468 18027
383.482 18074
383.496 18272
383.509 18208
383.523 18480
383.536 18574
383.550 18653
383.563 18729
383.577 18917
383.590 19173
383.604 19350
383.617 19133
383.631 19458
383.644 19494
383.658 19534
383.671 19764
383.685 19841
383.698 20297
383.712 20581
383.725 20653
383.739 20494
383.752 20461
383.766 20478
383.779 20588
383.793 20364
383.806 20681
383.820 20879
383.833 20847
383.847 20970
383.860 21323
383.874 21299
383.887 21220
383.901 21216
383.914 21304
383.928 21470
383.941 21545
383.955 21426
383.968 21646
383.982 21587
383.995 21465
384.009 21744
384.022 21735
384.036 21620
384.049 21747
384.063 21972
384.076 22458
384.090 22579
384.103 22741
384.117 22974
384.130 22759
384.144 22224
384.157 22412
384.171 22348
384.184 22175
384.198 22194
384.211 22367
384.225 22145
384.238 22727
384.252 22872
384.265 22916
384.279 22619
384.292 22620
384.306 22533
384.319 22208
384.333 22219
384.346 21808
384.360 21434
384.373 21267
384.387 21287
384.400 21236
384.414 20876
384.427 20882
384.441 20281
384.454 20215
384.468 19959
384.481 19717
384.495 19287
384.508 19183
384.522 18881
384.535 18430
384.549 18233
384.562 18064
384.575 17533
384.589 17395
384.602 17073
384.616 16713
384.629 16238
384.643 15674
384.656 15249
384.670 14585
384.683 14204
384.697 13764
384.710 13414
384.724 12886
384.737 12555
384.751 12136
384.764 11896
384.778 11385
384.791 11226
384.805 10601
384.818 10473
384.832 10149
384.845 9720
384.859 9472
384.872 9161
384.885 8832
384.899 8520
384.912 8335
384.926 8094
384.939 7759
384.953 7698
384.966 7532
384.980 7278
384.993 7127
385.007 6716
385.020 6706
385.034 6503
385.047 6311
385.061 6113
385.074 5984
385.088 5767
385.101 5748
385.114 5523
385.128 5533
385.141 5429
385.155 5333
385.168 5161
385.182 5222
385.195 5191
385.209 4975
385.222 4882
385.236 4732
385.249 4749
385.263 4681
385.276 4599
385.290 4484
385.303 4376
385.316 4327
385.330 4339
385.343 4364
385.357 4310
385.370 4178
385.384 4026
385.397 4081
385.411 3980
385.424 3941
385.438 3917
385.451 3794
385.464 3805
385.478 3756
385.491 3746
385.505 3692
385.518 3687
385.532 3607
385.545 3529
385.559 3469
385.572 3431
385.586 3401
385.599 3391
385.612 3285
385.626 3328
385.639 3267
385.653 3275
385.666 3302
385.680 3160
385.693 3186
385.707 3222
385.720 3152
385.734 3114
385.747 3018
385.760 2993
385.774 2988
385.787 2969
385.801 2987
385.814 2861
385.828 2891
385.841 2867
385.855 2883
385.868 2801
385.881 2817
385.895 2795
385.908 2735
385.922 2722
385.935 2722
385.949 2660
385.962 2658
385.976 2679
385.989 2626
386.002 2620
386.016 2706
386.029 2624
386.043 2576
386.056 2579
386.070 2525
386.083 2477
386.097 2508
386.110 2494
386.123 2496
386.137 2536
386.150 2487
386.164 2543
386.177 2438
386.191 2375
386.204 2367
386.217 2388
386.231 2374
386.244 2390
386.258 2350
386.271 2365
386.285 2308
386.298 2363
386.311 2280
386.325 2353
386.338 2308
386.352 2303
386.365 2287
386.379 2273
386.392 2226
386.405 2214
386.419 2202
386.432 2156
386.446 2266
386.459 2207
386.473 2218
386.486 2210
386.499 2146
386.513 2220
386.526 2117
386.540 2098
386.553 2078
386.567 2076
386.580 2059
386.593 2152
386.607 2064
386.620 2101
386.634 2062
386.647 2057
386.661 2070
386.674 2033
386.687 1983
386.701 2026
386.714 1978
386.728 1990
386.741 1988
386.754 1961
386.768 1999
386.781 1974
386.795 1976
386.808 1904
386.822 1948
386.835 1889
386.848 1913
386.862 1928
386.875 1903
386.889 1873
386.902 1942
386.915 1875
386.929 1825
386.942 1910
386.956 1803
386.969 1804
386.983 1848
386.996 1835
387.009 1750
387.023 1792
387.036 1838
387.050 1739
387.063 1745
387.076 1743
387.090 1749
387.103 1708
387.117 1801
387.130 1758
387.143 1771
387.157 1703
387.170 1701
387.184 1671
387.197 1706
387.210 1726
387.224 1650
387.237 1670
387.251 1647
387.264 1603
387.278 1630
387.291 1617
387.304 1619
387.318 1630
387.331 1628
387.345 1613
387.358 1597
387.371 1602
387.385 1590
387.398 1584
387.412 1612
387.425 1572
387.438 1518
387.452 1534
387.465 1477
387.478 1492
387.492 1480
387.505 1488
387.519 1480
387.532 1500
387.545 1506
387.559 1471
387.572 1511
387.586 1469
387.599 1456
387.612 1416
387.626 1464
387.639 1443
387.653 1441
387.666 1383
387.679 1391
387.693 1409
387.706 1375
387.720 1374
387.733 1347
387.746 1416
387.760 1337
387.773 1399
387.787 1346
387.800 1372
387.813 1392
387.827 1366
387.840 1317
387.853 1328
387.867 1312
387.880 1325
387.894 1336
387.907 1346
387.920 1280
387.934 1299
387.947 1292
387.961 1290
387.974 1259
387.987 1246
388.001 1230
388.014 1235
388.027 1268
388.041 1232
388.054 1233
388.068 1225
388.081 1221
388.094 1235
388.108 1218
388.121 1214
388.134 1218
388.148 1219
388.161 1196
388.175 1152
388.188 1178
388.201 1180
388.215 1174
388.228 1150
388.241 1157
388.255 1140
388.268 1136
388.282 1170
388.295 1136
388.308 1165
388.322 1174
388.335 1131
388.348 1157
388.362 1130
388.375 1152
388.389 1116
388.402 1141
388.415 1136
388.429 1092
388.442 1114
388.455 1124
388.469 1111
388.482 1149
388.495 1107
388.509 1122
388.522 1111
388.536 1131
388.549 1128
388.562 1097
388.576 1110
388.589 1117
388.602 1107
388.616 1116
388.629 1097
388.642 1113
388.656 1096
388.669 1096
388.683 1097
388.696 1088
388.709 1065
388.723 1112
388.736 1118
388.749 1098
388.763 1112
388.776 1092
388.789 1078
388.803 1080
388.816 1084
388.829 1084
388.843 1081
388.856 1088
388.870 1090
388.883 1067
388.896 1088
388.910 1062
388.923 1073
388.936 1061
388.950 1077
388.963 1066
388.976 1069
388.990 1052
389.003 1070
389.016 1088
389.030 1071
389.043 1084
389.056 1098
389.070 1075
389.083 1071
389.097 1052
389.110 1083
389.123 1088
389.137 1068
389.150 1035
389.163 1093
389.177 1068
389.190 1064
389.203 1058
389.217 1042
389.230 1043
389.243 1052
389.257 1040
389.270 1056
389.283 1077
389.297 1069
389.310 1059
389.323 1056
389.337 1048
389.350 1045
389.363 1048
389.377 1038
389.390 1039
389.403 1033
389.417 1027
389.430 1022
389.443 1054
389.457 1046
389.470 1040
389.483 1028
389.497 1056
389.510 1044
389.523 1040
389.537 1034
389.550 1009
389.563 1026
389.577 1030
389.590 1037
389.603 1016
389.617 1019
389.630 1019
389.643 1021
389.657 1026
389.670 1018
389.683 984
389.697 1013
389.710 1017
389.723 992
389.737 997
389.750 1013
389.763 1010
389.777 1008
389.790 1011
389.803 976
389.817 994
389.830 987
389.843 1003
389.857 966
389.870 975
389.883 964
389.897 975
389.910 971
389.923 957
389.937 969
389.950 972
389.963 971
389.977 997
389.990 997
390.003 959
390.017 990
390.030 967
390.043 949
390.057 978
390.070 951
390.083 949
390.096 953
390.110 924
390.123 930
390.136 932
390.150 927
390.163 936
390.176 938
390.190 915
390.203 917
390.216 933
390.230 925
390.243 928
390.256 905
390.270 913
390.283 889
390.296 902
390.310 878
390.323 916
390.336 930
390.349 892
390.363 892
390.376 892
390.389 898
390.403 884
390.416 876
390.429 892
390.443 873
390.456 880
390.469 898
390.483 858
390.496 858
390.509 842
390.522 865
390.536 841
390.549 856
390.562 845
390.576 853
390.589 854
390.602 865
390.616 834
390.629 833
390.642 845
390.655 825
390.669 829
390.682 831
390.695 820
390.709 821
390.722 800
390.735 812
390.749 811
390.762 817
390.775 801
390.788 822
390.802 802
390.815 808
390.828 804
390.842 808
390.855 783
390.868 801
390.882 773
390.895 773
390.908 781
390.921 781
390.935 782
390.948 791
390.961 790
390.975 787
390.988 766
391.001 761
391.014 765
391.028 776
391.041 769
391.054 751
391.068 763
391.081 774
391.094 764
391.107 784
391.121 745
391.134 764
391.147 742
391.161 760
391.174 752
391.187 722
391.200 755
391.214 735
391.227 740
391.240 748
391.254 745
391.267 749
391.280 740
391.293 739
391.307 739
391.320 732
391.333 740
391.347 737
391.360 739
391.373 738
391.386 732
391.400 708
391.413 740
391.426 727
391.440 743
391.453 704
391.466 729
391.479 734
391.493 722
391.506 704
391.519 724
391.532 726
391.546 718
391.559 716
391.572 721
391.586 729
391.599 722
391.612 713
391.625 701
391.639 707
391.652 707
391.665 723
391.678 708
391.692 719
391.705 706
391.718 719
391.732 714
391.745 702
391.758 716
391.771 713
391.785 715
391.798 711
391.811 710
391.824 707
391.838 727
391.851 720
391.864 728
391.877 708
391.891 702
391.904 698
391.917 705
391.931 709
391.944 722
391.957 704
391.970 692
391.984 705
391.997 707
392.010 699
392.023 702
392.037 707
392.050 704
392.063 699
392.076 707
392.090 691
392.103 715
392.116 707
392.129 704
392.143 707
392.156 695
392.169 703
392.182 696
392.196 699
392.209 702
392.222 694
392.235 698
392.249 687
392.262 691
392.275 683
392.288 695
392.302 676
392.315 682
392.328 683
392.341 699
392.355 686
392.368 681
392.381 702
392.394 699
392.408 687
392.421 691
392.434 691
392.447 693
392.461 690
392.474 697
392.487 691
392.500 695
392.514 686
392.527 691
392.540 690
392.553 697
392.567 683
392.580 677
392.593 690
392.606 691
392.620 690
392.633 692
392.646 680
392.659 692
392.673 697
392.686 695
392.699 691
392.712 690
392.726 696
392.739 681
392.752 688
392.765 687
392.778 675
392.792 691
392.805 690
392.818 666
392.831 682
392.845 687
392.858 692
392.871 675
392.884 684
392.898 682
392.911 690
392.924 691
392.937 692
392.951 684
392.964 683
392.977 685
392.990 678
393.003 681
393.017 678
393.030 671
393.043 676
393.056 678
393.070 692
393.083 680
393.096 672
393.109 684
393.122 686
393.136 680
393.149 678
393.162 676
393.175 674
393.189 670
393.202 670
393.215 671
393.228 684
393.242 679
393.255 683
393.268 683
393.281 672
393.294 671
393.308 686
393.321 682
393.334 655
393.347 674
393.360 687
393.374 670
393.387 676
393.400 678
393.413 676
393.427 682
393.440 678
393.453 688
393.466 676
393.479 667
393.493 676
393.506 676
393.519 674
393.532 674
393.546 676
393.559 669
393.572 678
393.585 678
393.598 679
393.612 666
393.625 672
393.638 677
393.651 676
393.664 669
393.678 668
393.691 674
393.704 684
393.717 671
393.730 673
393.744 690
393.757 673
393.770 670
393.783 675
393.796 674
393.810 668
393.823 667
393.836 673
393.849 658
393.863 666
393.876 689
393.889 667
393.902 667
393.915 664
393.929 655
