375.891 682
375.905 698
375.919 703
375.933 697
375.946 706
375.960 713
375.974 709
375.987 718
376.001 712
376.015 704
376.029 722
376.042 728
376.056 726
376.070 722
376.084 729
376.097 736
376.111 727
376.125 733
376.139 738
376.152 729
376.166 731
376.180 732
376.193 732
376.207 726
376.221 746
376.235 724
376.248 716
376.262 759
376.276 750
376.290 746
376.303 750
376.317 754
376.331 767
376.345 759
376.358 760
376.372 735
376.386 761
376.399 765
376.413 739
376.427 764
376.441 761
376.454 749
376.468 776
376.482 761
376.495 765
376.509 768
376.523 768
376.537 793
376.550 781
376.564 765
376.578 793
376.592 759
376.605 779
376.619 776
376.633 785
376.646 793
376.660 803
376.674 797
376.688 791
376.701 788
376.715 811
376.729 799
376.742 815
376.756 809
376.770 798
376.784 805
376.797 835
376.811 817
376.825 825
376.838 829
376.852 823
376.866 837
376.880 825
376.893 858
376.907 830
376.921 826
376.934 854
376.948 866
376.962 853
376.976 846
376.989 857
377.003 843
377.017 888
377.030 858
377.044 871
377.058 884
377.071 891
377.085 890
377.099 866
377.113 883
377.126 904
377.140 898
377.154 899
377.167 896
377.181 895
377.195 925
377.208 903
377.222 914
377.236 924
377.250 899
377.263 917
377.277 915
377.291 925
377.304 914
377.318 925
377.332 937
377.345 941
377.359 947
377.373 941
377.387 950
377.400 950
377.414 962
377.428 966
377.441 946
377.455 951
377.469 958
377.482 971
377.496 962
377.510 971
377.524 974
377.537 970
377.551 1000
377.565 981
377.578 997
377.592 976
377.606 988
377.619 989
377.633 978
377.647 1012
377.660 987
377.674 996
377.688 990
377.701 996
377.715 1009
377.729 1049
377.743 1007
377.756 1015
377.770 1025
377.784 1029
377.797 1038
377.811 1013
377.825 1045
377.838 1046
377.852 1040
377.866 1055
377.879 1021
377.893 1033
377.907 1058
377.920 1037
377.934 1020
377.948 1047
377.961 1041
377.975 1026
377.989 1068
378.002 1072
378.016 1063
378.030 1063
378.044 1073
378.057 1059
378.071 1071
378.085 1080
378.098 1082
378.112 1067
378.126 1097
378.139 1073
378.153 1086
378.167 1071
378.180 1072
378.194 1068
378.208 1089
378.221 1090
378.235 1062
378.249 1075
378.262 1089
378.276 1087
378.290 1076
378.303 1106
378.317 1086
378.331 1090
378.344 1077
378.358 1098
378.372 1112
378.385 1112
378.399 1122
378.413 1114
378.426 1144
378.440 1125
378.454 1131
378.467 1130
378.481 1144
378.495 1121
378.508 1111
378.522 1122
378.536 1120
378.549 1151
378.563 1151
378.577 1164
378.590 1170
378.604 1163
378.618 1158
378.631 1108
378.645 1171
378.659 1135
378.672 1159
378.686 1121
378.700 1145
378.713 1159
378.727 1169
378.740 1168
378.754 1167
378.768 1200
378.781 1185
378.795 1172
378.809 1163
378.822 1182
378.836 1199
378.850 1181
378.863 1179
378.877 1168
378.891 1179
378.904 1185
378.918 1218
378.932 1208
378.945 1209
378.959 1218
378.973 1200
378.986 1215
379.000 1214
379.014 1211
379.027 1233
379.041 1208
379.054 1221
379.068 1215
379.082 1226
379.095 1234
379.109 1249
379.123 1251
379.136 1254
379.150 1246
379.164 1273
379.177 1235
379.191 1245
379.205 1261
379.218 1282
379.232 1302
379.245 1294
379.259 1260
379.273 1305
379.286 1262
379.300 1277
379.314 1329
379.327 1309
379.341 1311
379.355 1334
379.368 1348
379.382 1335
379.396 1366
379.409 1343
379.423 1350
379.436 1380
379.450 1367
379.464 1385
379.477 1394
379.491 1372
379.505 1373
379.518 1385
379.532 1382
379.546 1397
379.559 1394
379.573 1419
379.586 1415
379.600 1426
379.614 1456
379.627 1446
379.641 1422
379.655 1502
379.668 1471
379.682 1423
379.695 1500
379.709 1514
379.723 1486
379.736 1507
379.750 1537
379.764 1566
379.777 1537
379.791 1568
379.804 1610
379.818 1586
379.832 1610
379.845 1600
379.859 1630
379.873 1655
379.886 1625
379.900 1668
379.913 1668
379.927 1673
379.941 1733
379.954 1762
379.968 1754
379.982 1757
379.995 1809
380.009 1794
380.022 1831
380.036 1847
380.050 1820
380.063 1874
380.077 1892
380.090 1948
380.104 1922
380.118 1956
380.131 1916
380.145 2027
380.159 1987
380.172 2005
380.186 2032
380.199 2138
380.213 2143
380.227 2137
380.240 2152
380.254 2178
380.267 2216
380.281 2212
380.295 2293
380.308 2272
380.322 2294
380.336 2358
380.349 2353
380.363 2444
380.376 2450
380.390 2462
380.404 2429
380.417 2479
380.431 2528
380.444 2568
380.458 2568
380.472 2545
380.485 2644
380.499 2624
380.512 2700
380.526 2662
380.540 2685
380.553 2786
380.567 2774
380.580 2789
380.594 2894
380.608 2933
380.621 2983
380.635 2974
380.648 2992
380.662 2978
380.676 3060
380.689 3123
380.703 3146
380.716 3127
380.730 3282
380.744 3206
380.757 3336
380.771 3347
380.784 3431
380.798 3415
380.812 3525
380.825 3572
380.839 3643
380.852 3613
380.866 3702
380.880 3714
380.893 3819
380.907 3827
380.920 3840
380.934 3874
380.948 3995
380.961 3991
380.975 4071
380.988 4190
381.002 3997
381.015 4150
381.029 4191
381.043 4238
381.056 4289
381.070 4265
381.083 4337
381.097 4333
381.111 4404
381.124 4434
381.138 4597
381.151 4682
381.165 4759
381.179 4628
381.192 4688
381.206 4742
381.219 4661
381.233 4730
381.246 4829
381.260 4848
381.274 4766
381.287 4904
381.301 5017
381.314 4969
381.328 4982
381.341 5002
381.355 5122
381.369 5126
381.382 5215
381.396 5267
381.409 5378
381.423 5481
381.437 5477
381.450 5421
381.464 5514
381.477 5697
381.491 5587
381.504 5674
381.518 5664
381.532 5683
381.545 5698
381.559 5948
381.572 5991
381.586 6020
381.599 6030
381.613 6091
381.627 6023
381.640 6214
381.654 6242
381.667 6258
381.681 6171
381.694 6202
381.708 6199
381.722 6142
381.735 6206
381.749 6346
381.762 6398
381.776 6389
381.789 6448
381.803 6446
381.817 6396
381.830 6590
381.844 6569
381.857 6607
381.871 6711
381.884 6826
381.898 6780
381.911 6945
381.925 6878
381.939 6928
381.952 6986
381.966 6986
381.979 7057
381.993 7068
382.006 7198
382.020 7343
382.034 7202
382.047 7415
382.061 7271
382.074 7357
382.088 7369
382.101 7486
382.115 7542
382.128 7580
382.142 7742
382.156 7732
382.169 7823
382.183 7747
382.196 7838
382.210 7883
382.223 8043
382.237 8086
382.250 8066
382.264 8264
382.278 8169
382.291 8269
382.305 8222
382.318 8426
382.332 8610
382.345 8481
382.359 8530
382.372 8637
382.386 8627
382.399 8646
382.413 8756
382.427 8732
382.440 9063
382.454 9006
382.467 9190
382.481 9318
382.494 9547
382.508 9691
382.521 9832
382.535 9847
382.548 9744
382.562 9955
382.576 9822
382.589 9828
382.603 10092
382.616 10227
382.630 10311
382.643 10418
382.657 10558
382.670 10678
382.684 10720
382.697 10469
382.711 10835
382.724 10868
382.738 10849
382.752 11055
382.765 11043
382.779 11140
382.792 11315
382.806 11437
382.819 11573
382.833 11661
382.846 11775
382.860 11954
382.873 12055
382.887 12062
382.900 12291
382.914 12674
382.928 12741
382.941 13022
382.955 13023
382.968 13267
382.982 13377
382.995 13604
383.009 13554
383.022 13725
383.036 13992
383.049 14159
383.063 14327
383.076 14499
383.090 14312
383.103 14405
383.117 14517
383.130 14539
383.144 14777
383.158 15051
383.171 15134
383.185 15273
383.198 15573
383.212 15838
383.225 16235
383.239 16407
383.252 16552
383.266 16694
383.279 16980
383.293 17208
383.306 17266
383.320 17455
383.333 17759
383.347 17909
383.360 17882
383.374 17802
383.387 18057
383.401 18334
383.414 18523
383.428 18472
383.441 18743
383.455 18816
383.468 18688
383.482 18943
383.496 19236
383.509 19297
383.523 19415
383.536 19683
383.550 19607
383.563 19633
383.577 19917
383.590 20072
383.604 20080
383.617 20303
383.631 20313
383.644 20359
383.658 20396
383.671 20571
383.685 20636
383.698 21306
383.712 21412
383.725 21593
383.739 21337
383.752 21472
383.766 21174
383.779 21223
383.793 21338
383.806 21446
383.820 21650
383.833 21775
383.847 21594
383.860 22083
383.874 22012
383.887 21942
383.901 22070
383.914 22056
383.928 22036
383.941 22296
383.955 22173
383.968 22245
383.982 22362
383.995 22254
384.009 22448
384.022 22491
384.036 22648
384.049 22560
384.063 22714
384.076 23226
384.090 23688
384.103 23505
384.117 23681
384.130 23421
384.144 22816
384.157 23029
384.171 22794
384.184 22971
384.198 22901
384.211 22739
384.225 22878
384.238 23300
384.252 23476
384.265 23389
384.279 22962
384.292 23083
384.306 23018
384.319 22618
384.333 22360
384.346 22017
384.360 21957
384.373 21626
384.387 21532
384.400 21489
384.414 21051
384.427 20950
384.441 20487
384.454 20293
384.468 20252
384.481 19670
384.495 19465
384.508 19154
384.522 18670
384.535 18378
384.549 18149
384.562 17467
384.575 17391
384.589 17153
384.602 16741
384.616 16291
384.629 16022
384.643 15192
384.656 14887
384.670 14343
384.683 13713
384.697 13333
384.710 12855
384.724 12599
384.737 12081
384.751 11762
384.764 11308
384.778 10974
384.791 10717
384.805 10325
384.818 9985
384.832 9582
384.845 9238
384.859 8916
384.872 8672
384.885 8415
384.899 8108
384.912 7895
384.926 7559
384.939 7431
384.953 7127
384.966 6963
384.980 6748
384.993 6595
385.007 6427
385.020 6253
385.034 6020
385.047 5798
385.061 5658
385.074 5494
385.088 5380
385.101 5367
385.114 5204
385.128 5064
385.141 5023
385.155 4908
385.168 4809
385.182 4860
385.195 4746
385.209 4591
385.222 4466
385.236 4450
385.249 4455
385.263 4346
385.276 4226
385.290 4104
385.303 4045
385.316 3986
385.330 3963
385.343 3935
385.357 3836
385.370 3786
385.384 3671
385.397 3663
385.411 3609
385.424 3567
385.438 3575
385.451 3422
385.464 3484
385.478 3372
385.491 3342
385.505 3372
385.518 3355
385.532 3261
385.545 3080
385.559 3100
385.572 3193
385.586 3074
385.599 3064
385.612 3065
385.626 3045
385.639 3010
385.653 2996
385.666 2993
385.680 2839
385.693 2909
385.707 2828
385.720 2837
385.734 2816
385.747 2809
385.760 2740
385.774 2702
385.787 2659
385.801 2671
385.814 2573
385.828 2619
385.841 2537
385.855 2629
385.868 2516
385.881 2514
385.895 2510
385.908 2530
385.922 2485
385.935 2471
385.949 2454
385.962 2450
385.976 2427
385.989 2393
386.002 2404
386.016 2423
386.029 2334
386.043 2299
386.056 2309
386.070 2261
386.083 2319
386.097 2299
386.110 2277
386.123 2270
386.137 2229
386.150 2318
386.164 2270
386.177 2201
386.191 2167
386.204 2220
386.217 2218
386.231 2199
386.244 2190
386.258 2180
386.271 2165
386.285 2102
386.298 2151
386.311 2156
386.325 2044
386.338 2085
386.352 2091
386.365 2086
386.379 1996
386.392 2105
386.405 2001
386.419 2012
386.432 2020
386.446 2002
386.459 2024
386.473 1988
386.486 1939
386.499 2014
386.513 1995
386.526 1996
386.540 1950
386.553 1935
386.567 1939
386.580 1868
386.593 1940
386.607 1926
386.620 1899
386.634 1891
386.647 1902
386.661 1889
386.674 1868
386.687 1849
386.701 1851
386.714 1798
386.728 1792
386.741 1782
386.754 1842
386.768 1810
386.781 1794
386.795 1796
386.808 1757
386.822 1772
386.835 1733
386.848 1674
386.862 1735
386.875 1703
386.889 1682
386.902 1739
386.915 1680
386.929 1707
386.942 1684
386.956 1668
386.969 1621
386.983 1650
386.996 1658
387.009 1616
387.023 1632
387.036 1623
387.050 1636
387.063 1584
387.076 1592
387.090 1581
387.103 1593
387.117 1586
387.130 1612
387.143 1598
387.157 1591
387.170 1581
387.184 1557
387.197 1563
387.210 1523
387.224 1564
387.237 1554
387.251 1508
387.264 1558
387.278 1541
387.291 1491
387.304 1469
387.318 1483
387.331 1460
387.345 1485
387.358 1467
387.371 1480
387.385 1422
387.398 1416
387.412 1442
387.425 1411
387.438 1392
387.452 1399
387.465 1382
387.478 1408
387.492 1377
387.505 1365
387.519 1391
387.532 1388
387.545 1392
387.559 1377
387.572 1364
387.586 1380
387.599 1319
387.612 1368
387.626 1314
387.639 1313
387.653 1317
387.666 1284
387.679 1279
387.693 1244
387.706 1272
387.720 1312
387.733 1277
387.746 1242
387.760 1287
387.773 1275
387.787 1277
387.800 1243
387.813 1255
387.827 1249
387.840 1235
387.853 1219
387.867 1223
387.880 1216
387.894 1252
387.907 1232
387.920 1206
387.934 1207
387.947 1191
387.961 1164
387.974 1198
387.987 1151
388.001 1150
388.014 1163
388.027 1136
388.041 1149
388.054 1127
388.068 1147
388.081 1142
388.094 1134
388.108 1155
388.121 1141
388.134 1150
388.148 1136
388.161 1101
388.175 1093
388.188 1087
388.201 1077
388.215 1088
388.228 1091
388.241 1115
388.255 1076
388.268 1099
388.282 1097
388.295 1073
388.308 1055
388.322 1086
388.335 1053
388.348 1060
388.362 1056
388.375 1058
388.389 1069
388.402 1073
388.415 1072
388.429 1039
388.442 1073
388.455 1097
388.469 1062
388.482 1067
388.495 1055
388.509 1055
388.522 1063
388.536 1058
388.549 1060
388.562 1063
388.576 1028
388.589 1059
388.602 1046
388.616 1063
388.629 1046
388.642 1028
388.656 1046
388.669 1050
388.683 1048
388.696 1036
388.709 1029
388.723 1044
388.736 1016
388.749 1046
388.763 1038
388.776 1044
388.789 1036
388.803 1010
388.816 1045
388.829 1037
388.843 1022
388.856 1029
388.870 1031
388.883 1004
388.896 1028
388.910 1028
388.923 1052
388.936 1029
388.950 1013
388.963 987
388.976 1025
388.990 979
389.003 1004
389.016 1003
389.030 983
389.043 1016
389.056 996
389.070 1010
389.083 988
389.097 1012
389.110 1030
389.123 1002
389.137 1022
389.150 973
389.163 965
389.177 997
389.190 1006
389.203 1001
389.217 997
389.230 991
389.243 986
389.257 992
389.270 982
389.283 1017
389.297 1010
389.310 983
389.323 1002
389.337 992
389.350 979
389.363 1007
389.377 990
389.390 978
389.403 974
389.417 980
389.430 1000
389.443 983
389.457 989
389.470 988
389.483 985
389.497 968
389.510 971
389.523 980
389.537 980
389.550 972
389.563 967
389.577 948
389.590 952
389.603 989
389.617 957
389.630 975
389.643 968
389.657 958
389.670 969
389.683 970
389.697 943
389.710 940
389.723 925
389.737 953
389.750 957
389.763 939
389.777 945
389.790 950
389.803 942
389.817 931
389.830 939
389.843 926
389.857 909
389.870 917
389.883 904
389.897 927
389.910 901
389.923 927
389.937 949
389.950 933
389.963 943
389.977 931
389.990 924
390.003 933
390.017 910
390.030 921
390.043 949
390.057 912
390.070 907
390.083 896
390.096 897
390.110 906
390.123 895
390.136 899
390.150 900
390.163 914
390.176 885
390.190 874
390.203 858
390.216 872
390.230 849
390.243 867
390.256 884
390.270 879
390.283 863
390.296 865
390.310 882
390.323 852
390.336 852
390.349 863
390.363 842
390.376 854
390.389 885
390.403 848
390.416 831
390.429 858
390.443 852
390.456 833
390.469 826
390.483 821
390.496 820
390.509 831
390.522 819
390.536 825
390.549 822
390.562 823
390.576 818
390.589 820
390.602 811
390.616 819
390.629 811
390.642 787
390.655 820
390.669 790
390.682 778
390.695 810
390.709 787
390.722 799
390.735 798
390.749 776
390.762 764
390.775 789
390.788 781
390.802 769
390.815 772
390.828 772
390.842 768
390.855 753
390.868 773
390.882 754
390.895 750
390.908 768
390.921 763
390.935 756
390.948 752
390.961 760
390.975 746
390.988 746
391.001 752
391.014 739
391.028 753
391.041 742
391.054 737
391.068 748
391.081 748
391.094 736
391.107 741
391.121 731
391.134 727
391.147 731
391.161 731
391.174 735
391.187 720
391.200 725
391.214 738
391.227 731
391.240 729
391.254 746
391.267 716
391.280 719
391.293 711
391.307 714
391.320 714
391.333 727
391.347 719
391.360 709
391.373 719
391.386 718
391.400 711
391.413 697
391.426 723
391.440 707
391.453 707
391.466 714
391.479 708
391.493 705
391.506 704
391.519 708
391.532 709
391.546 704
391.559 700
391.572 709
391.586 705
391.599 706
391.612 705
391.625 701
391.639 716
391.652 707
391.665 692
391.678 683
391.692 702
391.705 691
391.718 692
391.732 685
391.745 697
391.758 706
391.771 710
391.785 693
391.798 697
391.811 692
391.824 686
391.838 680
391.851 700
391.864 692
391.877 693
391.891 690
391.904 700
391.917 690
391.931 702
391.944 704
391.957 690
391.970 687
391.984 710
391.997 691
392.010 688
392.023 683
392.037 689
392.050 681
392.063 691
392.076 692
392.090 689
392.103 701
392.116 688
392.129 693
392.143 690
392.156 683
392.169 684
392.182 677
392.196 682
392.209 682
392.222 687
392.235 679
392.249 684
392.262 676
392.275 680
392.288 690
392.302 676
392.315 685
392.328 678
392.341 676
392.355 681
392.368 687
392.381 683
392.394 689
392.408 669
392.421 691
392.434 679
392.447 676
392.461 686
392.474 681
392.487 676
392.500 686
392.514 685
392.527 680
392.540 670
392.553 676
392.567 682
392.580 675
392.593 674
392.606 674
392.620 677
392.633 679
392.646 667
392.659 684
392.673 674
392.686 674
392.699 677
392.712 665
392.726 669
392.739 676
392.752 690
392.765 686
392.778 670
392.792 679
392.805 674
392.818 686
392.831 680
392.845 678
392.858 669
392.871 674
392.884 680
392.898 665
392.911 675
392.924 674
392.937 683
392.951 663
392.964 675
392.977 682
392.990 672
393.003 672
393.017 681
393.030 663
393.043 672
393.056 669
393.070 670
393.083 680
393.096 679
393.109 669
393.122 667
393.136 671
393.149 668
393.162 664
393.175 670
393.189 672
393.202 665
393.215 680
393.228 671
393.242 668
393.255 678
393.268 673
393.281 667
393.294 669
393.308 676
393.321 671
393.334 673
393.347 668
393.360 675
393.374 656
393.387 668
393.400 666
393.413 665
393.427 668
393.440 668
393.453 666
393.466 655
393.479 664
393.493 668
393.506 665
393.519 671
393.532 673
393.546 678
393.559 671
393.572 670
393.585 661
393.598 666
393.612 660
393.625 659
393.638 664
393.651 664
393.664 662
393.678 668
393.691 668
393.704 668
393.717 665
393.730 661
393.744 668
393.757 650
393.770 664
393.783 664
393.796 670
393.810 661
393.823 672
393.836 649
393.849 657
393.863 665
393.876 671
393.889 648
393.902 656
393.915 656
393.929 655
