375.891 666
375.905 663
375.919 692
375.933 681
375.946 684
375.960 680
375.974 688
375.987 671
376.001 679
376.015 680
376.029 684
376.042 686
376.056 693
376.070 683
376.084 700
376.097 688
376.111 681
376.125 697
376.139 694
376.152 692
376.166 701
376.180 695
376.193 704
376.207 689
376.221 704
376.235 692
376.248 691
376.262 705
376.276 708
376.290 698
376.303 704
376.317 702
376.331 709
376.345 726
376.358 691
376.372 714
376.386 721
376.399 711
376.413 714
376.427 705
376.441 708
376.454 727
376.468 716
376.482 728
376.495 722
376.509 734
376.523 726
376.537 710
376.550 723
376.564 719
376.578 742
376.592 722
376.605 730
376.619 727
376.633 743
376.646 728
376.660 731
376.674 743
376.688 733
376.701 746
376.715 728
376.729 744
376.742 731
376.756 744
376.770 746
376.784 739
376.797 754
376.811 744
376.825 734
376.838 752
376.852 758
376.866 769
376.880 768
376.893 754
376.907 760
376.921 775
376.934 773
376.948 780
376.962 778
376.976 776
376.989 782
377.003 775
377.017 789
377.030 790
377.044 786
377.058 791
377.071 782
377.085 802
377.099 800
377.113 796
377.126 799
377.140 802
377.154 806
377.167 818
377.181 816
377.195 784
377.208 827
377.222 816
377.236 829
377.250 821
377.263 828
377.277 837
377.291 838
377.304 851
377.318 841
377.332 849
377.345 850
377.359 840
377.373 833
377.387 854
377.400 842
377.414 853
377.428 848
377.441 829
377.455 856
377.469 855
377.482 832
377.496 858
377.510 857
377.524 866
377.537 862
377.551 848
377.565 864
377.578 863
377.592 863
377.606 867
377.619 871
377.633 875
377.647 868
377.660 885
377.674 894
377.688 877
377.701 883
377.715 872
377.729 911
377.743 907
377.756 878
377.770 924
377.784 891
377.797 921
377.811 903
377.825 911
377.838 889
377.852 923
377.866 916
377.879 904
377.893 920
377.907 948
377.920 923
377.934 911
377.948 925
377.961 939
377.975 926
377.989 927
378.002 939
378.016 938
378.030 929
378.044 934
378.057 970
378.071 936
378.085 954
378.098 954
378.112 952
378.126 936
378.139 966
378.153 936
378.167 931
378.180 966
378.194 971
378.208 956
378.221 965
378.235 939
378.249 975
378.262 962
378.276 984
378.290 950
378.303 974
378.317 973
378.331 963
378.344 974
378.358 958
378.372 1007
378.385 963
378.399 988
378.413 992
378.426 1002
378.440 980
378.454 997
378.467 982
378.481 1009
378.495 993
378.508 1000
378.522 1005
378.536 1005
378.549 1001
378.563 1008
378.577 1013
378.590 1005
378.604 1013
378.618 1032
378.631 997
378.645 1011
378.659 1023
378.672 1040
378.686 1007
378.700 1036
378.713 1061
378.727 1034
378.740 1064
378.754 999
378.768 1012
378.781 1038
378.795 1042
378.809 1070
378.822 1046
378.836 1040
378.850 1057
378.863 1017
378.877 1062
378.891 1036
378.904 1043
378.918 1065
378.932 1071
378.945 1058
378.959 1066
378.973 1080
378.986 1060
379.000 1086
379.014 1094
379.027 1092
379.041 1081
379.054 1048
379.068 1086
379.082 1094
379.095 1080
379.109 1101
379.123 1103
379.136 1115
379.150 1108
379.164 1117
379.177 1102
379.191 1119
379.205 1103
379.218 1142
379.232 1130
379.245 1149
379.259 1113
379.273 1157
379.286 1150
379.300 1133
379.314 1137
379.327 1157
379.341 1143
379.355 1132
379.368 1194
379.382 1180
379.396 1185
379.409 1200
379.423 1209
379.436 1172
379.450 1186
379.464 1199
379.477 1220
379.491 1211
379.505 1197
379.518 1228
379.532 1224
379.546 1221
379.559 1267
379.573 1238
379.586 1253
379.600 1220
379.614 1258
379.627 1193
379.641 1275
379.655 1288
379.668 1268
379.682 1289
379.695 1272
379.709 1248
379.723 1321
379.736 1290
379.750 1353
379.764 1324
379.777 1336
379.791 1357
379.804 1356
379.818 1414
379.832 1379
379.845 1364
379.859 1383
379.873 1425
379.886 1426
379.900 1416
379.913 1452
379.927 1395
379.941 1455
379.954 1497
379.968 1522
379.982 1483
379.995 1499
380.009 1514
380.022 1551
380.036 1531
380.050 1522
380.063 1563
380.077 1604
380.090 1605
380.104 1627
380.118 1649
380.131 1685
380.145 1633
380.159 1704
380.172 1738
380.186 1713
380.199 1764
380.213 1764
380.227 1784
380.240 1837
380.254 1788
380.267 1802
380.281 1793
380.295 1852
380.308 1863
380.322 1893
380.336 1939
380.349 1920
380.363 1962
380.376 2007
380.390 2031
380.404 2012
380.417 2062
380.431 2045
380.444 2071
380.458 2114
380.472 2101
380.485 2160
380.499 2173
380.512 2212
380.526 2206
380.540 2273
380.553 2334
380.567 2269
380.580 2323
380.594 2359
380.608 2386
380.621 2405
380.635 2416
380.648 2475
380.662 2487
380.676 2434
380.689 2546
380.703 2553
380.716 2537
380.730 2569
380.744 2649
380.757 2606
380.771 2672
380.784 2708
380.798 2779
380.812 2839
380.825 2889
380.839 2881
380.852 2891
380.866 2968
380.880 3021
380.893 2962
380.907 3018
380.920 3077
380.934 3137
380.948 3140
380.961 3126
380.975 3158
380.988 3291
381.002 3271
381.015 3228
381.029 3330
381.043 3362
381.056 3377
381.070 3361
381.083 3365
381.097 3345
381.111 3429
381.124 3529
381.138 3645
381.151 3656
381.165 3645
381.179 3723
381.192 3591
381.206 3740
381.219 3649
381.233 3773
381.246 3749
381.260 3767
381.274 3849
381.287 3959
381.301 3956
381.314 3923
381.328 3997
381.341 4008
381.355 4000
381.369 4017
381.382 4076
381.396 4098
381.409 4091
381.423 4190
381.437 4273
381.450 4203
381.464 4296
381.477 4400
381.491 4387
381.504 4410
381.518 4327
381.532 4350
381.545 4424
381.559 4559
381.572 4644
381.586 4627
381.599 4734
381.613 4686
381.627 4652
381.640 4811
381.654 4773
381.667 4819
381.681 4764
381.694 4770
381.708 4797
381.722 4842
381.735 4813
381.749 4797
381.762 4912
381.776 4895
381.789 4911
381.803 5028
381.817 4982
381.830 5046
381.844 5025
381.857 5027
381.871 5116
381.884 5154
381.898 5188
381.911 5214
381.925 5220
381.939 5310
381.952 5379
381.966 5370
381.979 5422
381.993 5365
382.006 5431
382.020 5561
382.034 5556
382.047 5636
382.061 5528
382.074 5583
382.088 5639
382.101 5685
382.115 5655
382.128 5701
382.142 5784
382.156 5991
382.169 5845
382.183 5976
382.196 6023
382.210 6003
382.223 6083
382.237 6200
382.250 6152
382.264 6174
382.278 6183
382.291 6265
382.305 6307
382.318 6249
382.332 6344
382.345 6389
382.359 6349
382.372 6456
382.386 6476
382.399 6484
382.413 6556
382.427 6546
382.440 6670
382.454 6909
382.467 6879
382.481 6851
382.494 7070
382.508 7287
382.521 7236
382.535 7188
382.548 7324
382.562 7242
382.576 7392
382.589 7348
382.603 7485
382.616 7570
382.630 7625
382.643 7664
382.657 7749
382.670 7755
382.684 7893
382.697 7749
382.711 7783
382.724 7983
382.738 8106
382.752 8144
382.765 8113
382.779 8215
382.792 8294
382.806 8341
382.819 8441
382.833 8489
382.846 8441
382.860 8511
382.873 8768
382.887 8750
382.900 9149
382.914 9166
382.928 9277
382.941 9412
382.955 9566
382.968 9595
382.982 9770
382.995 9842
383.009 10013
383.022 9969
383.036 10019
383.049 10256
383.063 10271
383.076 10397
383.090 10394
383.103 10434
383.117 10501
383.130 10447
383.144 10642
383.158 10673
383.171 10769
383.185 10881
383.198 11133
383.212 11236
383.225 11460
383.239 11852
383.252 11913
383.266 11888
383.279 11911
383.293 12087
383.306 12236
383.320 12405
383.333 12706
383.347 12609
383.360 12493
383.374 12558
383.387 12623
383.401 13002
383.414 13012
383.428 12969
383.441 13204
383.455 13205
383.468 13172
383.482 13399
383.496 13506
383.509 13545
383.523 13584
383.536 13618
383.550 13721
383.563 13820
383.577 13824
383.590 13859
383.604 13997
383.617 14049
383.631 14098
383.644 14101
383.658 14286
383.671 14381
383.685 14423
383.698 14736
383.712 14835
383.725 14892
383.739 14804
383.752 14716
383.766 14596
383.779 14583
383.793 14580
383.806 14898
383.820 14846
383.833 14882
383.847 15072
383.860 15003
383.874 15003
383.887 14988
383.901 14974
383.914 14988
383.928 15160
383.941 15082
383.955 15231
383.968 15026
383.982 15196
383.995 14928
384.009 15223
384.022 15044
384.036 15346
384.049 15250
384.063 15233
384.076 15548
384.090 15681
384.103 15817
384.117 15645
384.130 15521
384.144 15338
384.157 15065
384.171 15187
384.184 15232
384.198 15032
384.211 15023
384.225 14892
384.238 15232
384.252 15394
384.265 15282
384.279 15134
384.292 14935
384.306 15038
384.319 14622
384.333 14435
384.346 14306
384.360 14243
384.373 14117
384.387 13988
384.400 14016
384.414 13666
384.427 13624
384.441 13412
384.454 13246
384.468 13100
384.481 12969
384.495 12864
384.508 12810
384.522 12525
384.535 12195
384.549 11965
384.562 11745
384.575 11510
384.589 11384
384.602 11271
384.616 11069
384.629 10675
384.643 10492
384.656 10165
384.670 9726
384.683 9428
384.697 9068
384.710 8783
384.724 8553
384.737 8318
384.751 8171
384.764 7897
384.778 7842
384.791 7582
384.805 7271
384.818 7119
384.832 6831
384.845 6653
384.859 6492
384.872 6333
384.885 6045
384.899 5922
384.912 5762
384.926 5699
384.939 5485
384.953 5312
384.966 5231
384.980 5150
384.993 4966
385.007 4826
385.020 4820
385.034 4663
385.047 4507
385.061 4455
385.074 4302
385.088 4221
385.101 4141
385.114 4069
385.128 4058
385.141 3975
385.155 3944
385.168 3849
385.182 3805
385.195 3871
385.209 3745
385.222 3690
385.236 3565
385.249 3527
385.263 3515
385.276 3422
385.290 3368
385.303 3278
385.316 3207
385.330 3181
385.343 3229
385.357 3208
385.370 3123
385.384 3006
385.397 2965
385.411 3004
385.424 2924
385.438 2850
385.451 2757
385.464 2840
385.478 2746
385.491 2754
385.505 2748
385.518 2623
385.532 2631
385.545 2664
385.559 2486
385.572 2524
385.586 2478
385.599 2476
385.612 2453
385.626 2424
385.639 2421
385.653 2432
385.666 2393
385.680 2440
385.693 2362
385.707 2368
385.720 2338
385.734 2297
385.747 2244
385.760 2226
385.774 2256
385.787 2230
385.801 2215
385.814 2115
385.828 2167
385.841 2090
385.855 2099
385.868 2107
385.881 2004
385.895 2076
385.908 2080
385.922 2007
385.935 2073
385.949 2058
385.962 1993
385.976 1983
385.989 1971
386.002 1984
386.016 1979
386.029 1993
386.043 1956
386.056 1957
386.070 1923
386.083 1900
386.097 1935
386.110 1797
386.123 1899
386.137 1891
386.150 1882
386.164 1890
386.177 1877
386.191 1838
386.204 1797
386.217 1865
386.231 1767
386.244 1812
386.258 1797
386.271 1772
386.285 1808
386.298 1768
386.311 1791
386.325 1780
386.338 1754
386.352 1727
386.365 1766
386.379 1777
386.392 1726
386.405 1707
386.419 1698
386.432 1698
386.446 1713
386.459 1665
386.473 1647
386.486 1628
386.499 1625
386.513 1616
386.526 1698
386.540 1610
386.553 1585
386.567 1561
386.580 1605
386.593 1621
386.607 1659
386.620 1612
386.634 1577
386.647 1596
386.661 1598
386.674 1559
386.687 1551
386.701 1530
386.714 1526
386.728 1550
386.741 1588
386.754 1584
386.768 1568
386.781 1534
386.795 1521
386.808 1532
386.822 1473
386.835 1457
386.848 1496
386.862 1488
386.875 1431
386.889 1468
386.902 1422
386.915 1444
386.929 1459
386.942 1497
386.956 1429
386.969 1444
386.983 1479
386.996 1433
387.009 1414
387.023 1419
387.036 1433
387.050 1461
387.063 1415
387.076 1412
387.090 1404
387.103 1386
387.117 1386
387.130 1401
387.143 1378
387.157 1373
387.170 1386
387.184 1353
387.197 1390
387.210 1394
387.224 1376
387.237 1321
387.251 1354
387.264 1356
387.278 1336
387.291 1366
387.304 1324
387.318 1341
387.331 1287
387.345 1367
387.358 1319
387.371 1331
387.385 1307
387.398 1290
387.412 1338
387.425 1309
387.438 1282
387.452 1306
387.465 1283
387.478 1259
387.492 1247
387.505 1259
387.519 1285
387.532 1262
387.545 1250
387.559 1252
387.572 1215
387.586 1252
387.599 1220
387.612 1246
387.626 1254
387.639 1220
387.653 1177
387.666 1197
387.679 1170
387.693 1196
387.706 1209
387.720 1173
387.733 1190
387.746 1210
387.760 1194
387.773 1204
387.787 1164
387.800 1179
387.813 1176
387.827 1168
387.840 1165
387.853 1173
387.867 1154
387.880 1138
387.894 1166
387.907 1166
387.920 1127
387.934 1139
387.947 1108
387.961 1132
387.974 1113
387.987 1116
388.001 1106
388.014 1068
388.027 1101
388.041 1065
388.054 1054
388.068 1090
388.081 1079
388.094 1065
388.108 1101
388.121 1054
388.134 1058
388.148 1083
388.161 1066
388.175 1063
388.188 1027
388.201 1017
388.215 1016
388.228 992
388.241 1020
388.255 1028
388.268 992
388.282 1012
388.295 1039
388.308 1015
388.322 1022
388.335 1011
388.348 986
388.362 991
388.375 1006
388.389 1013
388.402 970
388.415 1012
388.429 990
388.442 1008
388.455 1006
388.469 1003
388.482 1005
388.495 987
388.509 991
388.522 1031
388.536 1010
388.549 997
388.562 980
388.576 966
388.589 992
388.602 981
388.616 987
388.629 1005
388.642 986
388.656 982
388.669 1018
388.683 998
388.696 984
388.709 1004
388.723 980
388.736 955
388.749 971
388.763 978
388.776 991
388.789 963
388.803 980
388.816 972
388.829 974
388.843 977
388.856 983
388.870 956
388.883 971
388.896 985
388.910 941
388.923 972
388.936 944
388.950 969
388.963 978
388.976 933
388.990 945
389.003 974
389.016 952
389.030 974
389.043 962
389.056 955
389.070 965
389.083 962
389.097 962
389.110 963
389.123 968
389.137 935
389.150 954
389.163 944
389.177 959
389.190 925
389.203 933
389.217 914
389.230 949
389.243 930
389.257 914
389.270 942
389.283 923
389.297 930
389.310 934
389.323 940
389.337 929
389.350 913
389.363 922
389.377 914
389.390 937
389.403 910
389.417 902
389.430 905
389.443 922
389.457 915
389.470 898
389.483 904
389.497 909
389.510 930
389.523 897
389.537 914
389.550 907
389.563 899
389.577 907
389.590 912
389.603 921
389.617 891
389.630 924
389.643 886
389.657 884
389.670 904
389.683 897
389.697 880
389.710 870
389.723 885
389.737 880
389.750 895
389.763 869
389.777 867
389.790 894
389.803 873
389.817 894
389.830 879
389.843 874
389.857 893
389.870 853
389.883 854
389.897 870
389.910 857
389.923 856
389.937 866
389.950 863
389.963 858
389.977 858
389.990 853
390.003 859
390.017 854
390.030 836
390.043 837
390.057 840
390.070 851
390.083 831
390.096 846
390.110 821
390.123 835
390.136 837
390.150 835
390.163 856
390.176 846
390.190 830
390.203 822
390.216 827
390.230 819
390.243 827
390.256 828
390.270 826
390.283 818
390.296 797
390.310 819
390.323 810
390.336 809
390.349 804
390.363 804
390.376 794
390.389 817
390.403 802
390.416 786
390.429 787
390.443 803
390.456 788
390.469 784
390.483 789
390.496 781
390.509 796
390.522 780
390.536 778
390.549 784
390.562 778
390.576 790
390.589 782
390.602 760
390.616 770
390.629 776
390.642 770
390.655 768
390.669 762
390.682 756
390.695 756
390.709 761
390.722 752
390.735 757
390.749 759
390.762 749
390.775 748
390.788 745
390.802 741
390.815 742
390.828 751
390.842 752
390.855 721
390.868 743
390.882 717
390.895 736
390.908 734
390.921 732
390.935 732
390.948 721
390.961 742
390.975 734
390.988 727
391.001 740
391.014 724
391.028 716
391.041 727
391.054 708
391.068 702
391.081 729
391.094 729
391.107 722
391.121 720
391.134 724
391.147 703
391.161 719
391.174 725
391.187 703
391.200 712
391.214 707
391.227 706
391.240 694
391.254 700
391.267 714
391.280 694
391.293 703
391.307 702
391.320 710
391.333 694
391.347 707
391.360 690
391.373 698
391.386 697
391.400 695
391.413 704
391.426 694
391.440 696
391.453 700
391.466 697
391.479 697
391.493 689
391.506 693
391.519 702
391.532 689
391.546 704
391.559 679
391.572 681
391.586 685
391.599 679
391.612 684
391.625 708
391.639 678
391.652 693
391.665 694
391.678 677
391.692 680
391.705 679
391.718 690
391.732 678
391.745 691
391.758 680
391.771 692
391.785 681
391.798 689
391.811 693
391.824 677
391.838 675
391.851 669
391.864 693
391.877 686
391.891 671
391.904 672
391.917 671
391.931 676
391.944 682
391.957 679
391.970 674
391.984 683
391.997 672
392.010 669
392.023 678
392.037 668
392.050 669
392.063 679
392.076 677
392.090 671
392.103 684
392.116 673
392.129 684
392.143 677
392.156 680
392.169 663
392.182 675
392.196 667
392.209 668
392.222 679
392.235 682
392.249 674
392.262 670
392.275 679
392.288 681
392.302 664
392.315 674
392.328 678
392.341 675
392.355 680
392.368 671
392.381 675
392.394 676
392.408 672
392.421 666
392.434 676
392.447 662
392.461 679
392.474 670
392.487 668
392.500 680
392.514 672
392.527 655
392.540 661
392.553 671
392.567 676
392.580 662
392.593 678
392.606 659
392.620 665
392.633 674
392.646 649
392.659 667
392.673 670
392.686 658
392.699 673
392.712 667
392.726 666
392.739 670
392.752 662
392.765 663
392.778 658
392.792 677
392.805 663
392.818 658
392.831 676
392.845 678
392.858 660
392.871 668
392.884 664
392.898 668
392.911 667
392.924 659
392.937 673
392.951 668
392.964 672
392.977 666
392.990 663
393.003 670
393.017 673
393.030 669
393.043 675
393.056 667
393.070 674
393.083 665
393.096 654
393.109 664
393.122 654
393.136 664
393.149 663
393.162 659
393.175 659
393.189 674
393.202 655
393.215 656
393.228 659
393.242 666
393.255 660
393.268 658
393.281 649
393.294 673
393.308 649
393.321 649
393.334 659
393.347 660
393.360 660
393.374 653
393.387 659
393.400 663
393.413 661
393.427 649
393.440 668
393.453 664
393.466 662
393.479 651
393.493 652
393.506 664
393.519 651
393.532 661
393.546 661
393.559 655
393.572 660
393.585 647
393.598 658
393.612 661
393.625 666
393.638 655
393.651 659
393.664 665
393.678 651
393.691 656
393.704 658
393.717 653
393.730 657
393.744 660
393.757 661
393.770 652
393.783 658
393.796 661
393.810 648
393.823 651
393.836 661
393.849 650
393.863 648
393.876 667
393.889 654
393.902 659
393.915 653
393.929 650
