375.891 717
375.905 710
375.919 725
375.933 735
375.946 723
375.960 737
375.974 712
375.987 726
376.001 739
376.015 744
376.029 754
376.042 739
376.056 750
376.070 752
376.084 746
376.097 738
376.111 749
376.125 745
376.139 752
376.152 744
376.166 760
376.180 759
376.193 762
376.207 778
376.221 758
376.235 766
376.248 767
376.262 766
376.276 768
376.290 774
376.303 783
376.317 766
376.331 786
376.345 783
376.358 788
376.372 776
376.386 792
376.399 793
376.413 775
376.427 785
376.441 792
376.454 801
376.468 791
376.482 793
376.495 806
376.509 798
376.523 793
376.537 821
376.550 811
376.564 823
376.578 823
376.592 799
376.605 837
376.619 819
376.633 829
376.646 825
376.660 837
376.674 819
376.688 837
376.701 846
376.715 842
376.729 850
376.742 861
376.756 868
376.770 846
376.784 865
376.797 864
376.811 833
376.825 862
376.838 878
376.852 890
376.866 873
376.880 880
376.893 858
376.907 882
376.921 890
376.934 887
376.948 884
376.962 898
376.976 874
376.989 917
377.003 879
377.017 904
377.030 938
377.044 935
377.058 937
377.071 904
377.085 936
377.099 939
377.113 960
377.126 953
377.140 941
377.154 935
377.167 950
377.181 946
377.195 954
377.208 974
377.222 970
377.236 978
377.250 972
377.263 966
377.277 982
377.291 992
377.304 1015
377.318 984
377.332 999
377.345 998
377.359 1000
377.373 1004
377.387 1008
377.400 1018
377.414 1015
377.428 1013
377.441 1004
377.455 1030
377.469 1021
377.482 1004
377.496 1047
377.510 1021
377.524 1060
377.537 1033
377.551 1047
377.565 1042
377.578 1082
377.592 1059
377.606 1063
377.619 1060
377.633 1060
377.647 1070
377.660 1069
377.674 1068
377.688 1046
377.701 1065
377.715 1077
377.729 1051
377.743 1088
377.756 1109
377.770 1088
377.784 1114
377.797 1076
377.811 1104
377.825 1096
377.838 1108
377.852 1107
377.866 1139
377.879 1144
377.893 1133
377.907 1125
377.920 1112
377.934 1119
377.948 1117
377.961 1096
377.975 1115
377.989 1120
378.002 1141
378.016 1115
378.030 1158
378.044 1144
378.057 1131
378.071 1153
378.085 1156
378.098 1117
378.112 1159
378.126 1161
378.139 1157
378.153 1127
378.167 1163
378.180 1156
378.194 1157
378.208 1147
378.221 1164
378.235 1143
378.249 1181
378.262 1183
378.276 1179
378.290 1180
378.303 1164
378.317 1164
378.331 1191
378.344 1160
378.358 1188
378.372 1180
378.385 1223
378.399 1209
378.413 1173
378.426 1220
378.440 1236
378.454 1246
378.467 1208
378.481 1201
378.495 1207
378.508 1208
378.522 1192
378.536 1214
378.549 1216
378.563 1205
378.577 1252
378.590 1220
378.604 1232
378.618 1237
378.631 1259
378.645 1246
378.659 1232
378.672 1256
378.686 1248
378.700 1256
378.713 1253
378.727 1267
378.740 1274
378.754 1266
378.768 1265
378.781 1279
378.795 1273
378.809 1251
378.822 1276
378.836 1282
378.850 1285
378.863 1286
378.877 1281
378.891 1303
378.904 1239
378.918 1278
378.932 1340
378.945 1317
378.959 1274
378.973 1312
378.986 1315
379.000 1314
379.014 1317
379.027 1311
379.041 1323
379.054 1328
379.068 1316
379.082 1340
379.095 1350
379.109 1334
379.123 1378
379.136 1357
379.150 1371
379.164 1341
379.177 1362
379.191 1353
379.205 1391
379.218 1368
379.232 1376
379.245 1393
379.259 1377
379.273 1381
379.286 1383
379.300 1413
379.314 1435
379.327 1418
379.341 1419
379.355 1429
379.368 1443
379.382 1423
379.396 1460
379.409 1472
379.423 1486
379.436 1467
379.450 1468
379.464 1480
379.477 1483
379.491 1499
379.505 1465
379.518 1555
379.532 1535
379.546 1552
379.559 1525
379.573 1536
379.586 1566
379.600 1555
379.614 1564
379.627 1581
379.641 1573
379.655 1604
379.668 1582
379.682 1623
379.695 1640
379.709 1621
379.723 1606
379.736 1624
379.750 1715
379.764 1673
379.777 1706
379.791 1772
379.804 1772
379.818 1790
379.832 1731
379.845 1736
379.859 1716
379.873 1775
379.886 1769
379.900 1816
379.913 1863
379.927 1850
379.941 1871
379.954 1932
379.968 1928
379.982 1983
379.995 1923
380.009 1979
380.022 2001
380.036 2027
380.050 1993
380.063 2029
380.077 2122
380.090 2062
380.104 2156
380.118 2088
380.131 2176
380.145 2199
380.159 2226
380.172 2236
380.186 2268
380.199 2352
380.213 2398
380.227 2290
380.240 2368
380.254 2406
380.267 2471
380.281 2418
380.295 2471
380.308 2500
380.322 2531
380.336 2599
380.349 2677
380.363 2663
380.376 2704
380.390 2798
380.404 2704
380.417 2813
380.431 2764
380.444 2872
380.458 2884
380.472 2898
380.485 2943
380.499 2998
380.512 3005
380.526 3055
380.540 3019
380.553 3119
380.567 3121
380.580 3167
380.594 3281
380.608 3285
380.621 3292
380.635 3385
380.648 3447
380.662 3450
380.676 3489
380.689 3558
380.703 3557
380.716 3616
380.730 3664
380.744 3725
380.757 3733
380.771 3754
380.784 3857
380.798 3914
380.812 3858
380.825 3919
380.839 4027
380.852 4114
380.866 4309
380.880 4278
380.893 4208
380.907 4290
380.920 4386
380.934 4506
380.948 4555
380.961 4550
380.975 4635
380.988 4626
381.002 4614
381.015 4626
381.029 4752
381.043 4874
381.056 4856
381.070 4903
381.083 4929
381.097 4976
381.111 5116
381.124 5123
381.138 5157
381.151 5216
381.165 5271
381.179 5318
381.192 5310
381.206 5392
381.219 5376
381.233 5418
381.246 5431
381.260 5465
381.274 5651
381.287 5661
381.301 5746
381.314 5624
381.328 5733
381.341 5724
381.355 5869
381.369 5875
381.382 6023
381.396 5842
381.409 6114
381.423 6220
381.437 6318
381.450 6337
381.464 6515
381.477 6467
381.491 6513
381.504 6400
381.518 6538
381.532 6538
381.545 6653
381.559 6804
381.572 6915
381.586 6863
381.599 6965
381.613 7008
381.627 7054
381.640 7094
381.654 7178
381.667 7087
381.681 7173
381.694 7196
381.708 7159
381.722 7182
381.735 7173
381.749 7186
381.762 7297
381.776 7319
381.789 7422
381.803 7323
381.817 7478
381.830 7452
381.844 7594
381.857 7674
381.871 7746
381.884 7791
381.898 7731
381.911 7835
381.925 7885
381.939 8045
381.952 8103
381.966 8107
381.979 8182
381.993 8281
382.006 8318
382.020 8491
382.034 8502
382.047 8471
382.061 8522
382.074 8507
382.088 8558
382.101 8660
382.115 8623
382.128 8701
382.142 8931
382.156 8992
382.169 9051
382.183 9072
382.196 9077
382.210 9258
382.223 9212
382.237 9327
382.250 9444
382.264 9541
382.278 9569
382.291 9614
382.305 9795
382.318 9860
382.332 9877
382.345 9836
382.359 9815
382.372 10038
382.386 10111
382.399 10129
382.413 10194
382.427 10215
382.440 10446
382.454 10610
382.467 10569
382.481 10838
382.494 11187
382.508 11226
382.521 11347
382.535 11431
382.548 11448
382.562 11494
382.576 11524
382.589 11677
382.603 11786
382.616 11942
382.630 12005
382.643 12275
382.657 12293
382.670 12512
382.684 12518
382.697 12379
382.711 12514
382.724 12708
382.738 12722
382.752 12829
382.765 12818
382.779 13028
382.792 13183
382.806 13387
382.819 13464
382.833 13606
382.846 13693
382.860 13961
382.873 14118
382.887 14294
382.900 14500
382.914 14778
382.928 14926
382.941 15052
382.955 15269
382.968 15658
382.982 15837
382.995 15857
383.009 15847
383.022 16014
383.036 16082
383.049 16452
383.063 16725
383.076 16659
383.090 16763
383.103 16827
383.117 16972
383.130 17259
383.144 17292
383.158 17506
383.171 17584
383.185 17943
383.198 18044
383.212 18499
383.225 18701
383.239 19297
383.252 19563
383.266 19760
383.279 19944
383.293 20174
383.306 20368
383.320 20676
383.333 20909
383.347 21159
383.360 21138
383.374 20780
383.387 21208
383.401 21777
383.414 21649
383.428 21636
383.441 22159
383.455 21979
383.468 22076
383.482 22072
383.496 22176
383.509 22598
383.523 22512
383.536 22836
383.550 22801
383.563 23168
383.577 23068
383.590 23585
383.604 23521
383.617 23710
383.631 23687
383.644 23701
383.658 23673
383.671 24036
383.685 24114
383.698 24550
383.712 25147
383.725 25223
383.739 24957
383.752 24923
383.766 24854
383.779 24873
383.793 24693
383.806 25028
383.820 25151
383.833 25388
383.847 25440
383.860 25560
383.874 25710
383.887 25513
383.901 25664
383.914 25617
383.928 25962
383.941 26000
383.955 26043
383.968 25851
383.982 25914
383.995 26019
384.009 25888
384.022 26337
384.036 26342
384.049 26345
384.063 26553
384.076 27271
384.090 27283
384.103 27663
384.117 28018
384.130 27338
384.144 26810
384.157 26877
384.171 26529
384.184 26737
384.198 26660
384.211 26554
384.225 26697
384.238 27268
384.252 27527
384.265 27274
384.279 27396
384.292 27055
384.306 26895
384.319 26614
384.333 26150
384.346 25799
384.360 25599
384.373 25569
384.387 25170
384.400 25014
384.414 25015
384.427 24561
384.441 24274
384.454 23764
384.468 23413
384.481 23130
384.495 22966
384.508 22794
384.522 22279
384.535 21582
384.549 21307
384.562 20938
384.575 20300
384.589 20271
384.602 19866
384.616 19520
384.629 18961
384.643 18586
384.656 17730
384.670 17074
384.683 16490
384.697 16044
384.710 15362
384.724 14952
384.737 14586
384.751 14178
384.764 13704
384.778 13447
384.791 12962
384.805 12524
384.818 12144
384.832 11649
384.845 11282
384.859 10945
384.872 10531
384.885 10079
384.899 9975
384.912 9547
384.926 9321
384.939 9105
384.953 8749
384.966 8618
384.980 8415
384.993 8158
385.007 7910
385.020 7762
385.034 7375
385.047 7227
385.061 7075
385.074 6853
385.088 6736
385.101 6640
385.114 6416
385.128 6307
385.141 6128
385.155 6094
385.168 6004
385.182 6027
385.195 5893
385.209 5819
385.222 5603
385.236 5521
385.249 5477
385.263 5375
385.276 5289
385.290 5096
385.303 5060
385.316 5023
385.330 4999
385.343 4951
385.357 4883
385.370 4712
385.384 4719
385.397 4627
385.411 4537
385.424 4450
385.438 4392
385.451 4296
385.464 4365
385.478 4302
385.491 4222
385.505 4148
385.518 4156
385.532 4138
385.545 4077
385.559 3928
385.572 3869
385.586 3858
385.599 3850
385.612 3856
385.626 3779
385.639 3715
385.653 3747
385.666 3753
385.680 3659
385.693 3564
385.707 3550
385.720 3572
385.734 3529
385.747 3517
385.760 3417
385.774 3376
385.787 3386
385.801 3298
385.814 3246
385.828 3222
385.841 3177
385.855 3131
385.868 3127
385.881 3133
385.895 3088
385.908 3061
385.922 3093
385.935 3038
385.949 3012
385.962 2966
385.976 2920
385.989 3000
386.002 2969
386.016 3008
386.029 2878
386.043 2866
386.056 2899
386.070 2795
386.083 2844
386.097 2822
386.110 2799
386.123 2779
386.137 2797
386.150 2784
386.164 2748
386.177 2714
386.191 2721
386.204 2664
386.217 2643
386.231 2661
386.244 2614
386.258 2702
386.271 2621
386.285 2643
386.298 2612
386.311 2632
386.325 2589
386.338 2521
386.352 2514
386.365 2534
386.379 2527
386.392 2499
386.405 2484
386.419 2454
386.432 2428
386.446 2515
386.459 2507
386.473 2437
386.486 2405
386.499 2380
386.513 2354
386.526 2351
386.540 2381
386.553 2328
386.567 2295
386.580 2324
386.593 2290
386.607 2354
386.620 2344
386.634 2334
386.647 2321
386.661 2242
386.674 2250
386.687 2272
386.701 2158
386.714 2223
386.728 2219
386.741 2218
386.754 2220
386.768 2213
386.781 2179
386.795 2166
386.808 2137
386.822 2153
386.835 2067
386.848 2076
386.862 2053
386.875 2067
386.889 2059
386.902 2026
386.915 2073
386.929 2032
386.942 2032
386.956 2028
386.969 1997
386.983 1989
386.996 1990
387.009 2003
387.023 1937
387.036 1932
387.050 1954
387.063 1907
387.076 1861
387.090 1891
387.103 1906
387.117 1915
387.130 1907
387.143 1938
387.157 1905
387.170 1884
387.184 1858
387.197 1846
387.210 1860
387.224 1851
387.237 1839
387.251 1812
387.264 1820
387.278 1768
387.291 1799
387.304 1762
387.318 1722
387.331 1741
387.345 1787
387.358 1706
387.371 1701
387.385 1691
387.398 1663
387.412 1677
387.425 1644
387.438 1677
387.452 1636
387.465 1632
387.478 1583
387.492 1617
387.505 1610
387.519 1618
387.532 1629
387.545 1643
387.559 1623
387.572 1625
387.586 1596
387.599 1567
387.612 1578
387.626 1578
387.639 1571
387.653 1536
387.666 1539
387.679 1489
387.693 1524
387.706 1477
387.720 1438
387.733 1490
387.746 1465
387.760 1479
387.773 1451
387.787 1458
387.800 1467
387.813 1428
387.827 1445
387.840 1439
387.853 1418
387.867 1408
387.880 1424
387.894 1429
387.907 1411
387.920 1388
387.934 1405
387.947 1357
387.961 1342
387.974 1395
387.987 1363
388.001 1345
388.014 1346
388.027 1352
388.041 1338
388.054 1300
388.068 1288
388.081 1288
388.094 1284
388.108 1309
388.121 1292
388.134 1292
388.148 1285
388.161 1248
388.175 1258
388.188 1248
388.201 1236
388.215 1239
388.228 1217
388.241 1244
388.255 1241
388.268 1241
388.282 1224
388.295 1214
388.308 1226
388.322 1210
388.335 1180
388.348 1165
388.362 1198
388.375 1180
388.389 1203
388.402 1191
388.415 1201
388.429 1194
388.442 1227
388.455 1231
388.469 1175
388.482 1203
388.495 1196
388.509 1195
388.522 1200
388.536 1211
388.549 1170
388.562 1194
388.576 1176
388.589 1165
388.602 1168
388.616 1180
388.629 1145
388.642 1156
388.656 1152
388.669 1147
388.683 1133
388.696 1172
388.709 1179
388.723 1152
388.736 1169
388.749 1157
388.763 1146
388.776 1162
388.789 1177
388.803 1135
388.816 1158
388.829 1131
388.843 1140
388.856 1145
388.870 1152
388.883 1126
388.896 1139
388.910 1150
388.923 1137
388.936 1133
388.950 1126
388.963 1127
388.976 1145
388.990 1121
389.003 1102
389.016 1141
389.030 1139
389.043 1128
389.056 1119
389.070 1094
389.083 1112
389.097 1119
389.110 1106
389.123 1125
389.137 1122
389.150 1113
389.163 1103
389.177 1106
389.190 1118
389.203 1099
389.217 1098
389.230 1097
389.243 1104
389.257 1110
389.270 1107
389.283 1121
389.297 1099
389.310 1090
389.323 1106
389.337 1105
389.350 1062
389.363 1088
389.377 1069
389.390 1078
389.403 1094
389.417 1093
389.430 1077
389.443 1079
389.457 1085
389.470 1062
389.483 1081
389.497 1090
389.510 1093
389.523 1098
389.537 1097
389.550 1098
389.563 1086
389.577 1054
389.590 1052
389.603 1068
389.617 1069
389.630 1066
389.643 1067
389.657 1060
389.670 1069
389.683 1081
389.697 1032
389.710 1024
389.723 1042
389.737 1059
389.750 1017
389.763 1069
389.777 1040
389.790 1058
389.803 1047
389.817 1039
389.830 1028
389.843 1051
389.857 1014
389.870 1024
389.883 1002
389.897 1011
389.910 1037
389.923 1015
389.937 1021
389.950 1021
389.963 1029
389.977 1015
389.990 1015
390.003 1031
390.017 1036
390.030 1015
390.043 1001
390.057 1009
390.070 986
390.083 990
390.096 986
390.110 979
390.123 975
390.136 987
390.150 972
390.163 974
390.176 957
390.190 966
390.203 949
390.216 964
390.230 957
390.243 957
390.256 937
390.270 946
390.283 942
390.296 945
390.310 954
390.323 923
390.336 948
390.349 922
390.363 911
390.376 927
390.389 933
390.403 914
390.416 924
390.429 911
390.443 922
390.456 910
390.469 912
390.483 891
390.496 902
390.509 890
390.522 900
390.536 893
390.549 884
390.562 908
390.576 885
390.589 877
390.602 875
390.616 880
390.629 850
390.642 864
390.655 855
390.669 851
390.682 842
390.695 858
390.709 836
390.722 832
390.735 837
390.749 845
390.762 831
390.775 826
390.788 824
390.802 827
390.815 835
390.828 819
390.842 810
390.855 825
390.868 820
390.882 815
390.895 816
390.908 810
390.921 809
390.935 802
390.948 799
390.961 799
390.975 782
390.988 788
391.001 780
391.014 774
391.028 796
391.041 781
391.054 773
391.068 795
391.081 770
391.094 776
391.107 768
391.121 767
391.134 759
391.147 764
391.161 762
391.174 764
391.187 767
391.200 753
391.214 779
391.227 741
391.240 752
391.254 756
391.267 746
391.280 748
391.293 750
391.307 741
391.320 753
391.333 748
391.347 728
391.360 747
391.373 755
391.386 736
391.400 746
391.413 741
391.426 741
391.440 738
391.453 744
391.466 745
391.479 733
391.493 731
391.506 742
391.519 722
391.532 727
391.546 741
391.559 720
391.572 740
391.586 734
391.599 731
391.612 719
391.625 727
391.639 724
391.652 731
391.665 726
391.678 729
391.692 717
391.705 741
391.718 720
391.732 718
391.745 715
391.758 720
391.771 724
391.785 696
391.798 714
391.811 714
391.824 719
391.838 713
391.851 722
391.864 721
391.877 712
391.891 717
391.904 713
391.917 722
391.931 715
391.944 716
391.957 707
391.970 702
391.984 709
391.997 711
392.010 718
392.023 715
392.037 715
392.050 707
392.063 704
392.076 712
392.090 713
392.103 710
392.116 694
392.129 707
392.143 708
392.156 715
392.169 708
392.182 705
392.196 713
392.209 694
392.222 691
392.235 711
392.249 706
392.262 695
392.275 692
392.288 693
392.302 695
392.315 707
392.328 702
392.341 707
392.355 692
392.368 707
392.381 697
392.394 710
392.408 713
392.421 706
392.434 697
392.447 694
392.461 698
392.474 699
392.487 702
392.500 703
392.514 702
392.527 699
392.540 708
392.553 688
392.567 703
392.580 693
392.593 688
392.606 696
392.620 692
392.633 694
392.646 683
392.659 690
392.673 696
392.686 696
392.699 691
392.712 703
392.726 697
392.739 693
392.752 693
392.765 687
392.778 696
392.792 698
392.805 689
392.818 695
392.831 692
392.845 692
392.858 697
392.871 689
392.884 692
392.898 688
392.911 688
392.924 683
392.937 693
392.951 678
392.964 697
392.977 679
392.990 689
393.003 688
393.017 691
393.030 674
393.043 688
393.056 698
393.070 691
393.083 684
393.096 679
393.109 684
393.122 690
393.136 699
393.149 681
393.162 694
393.175 672
393.189 693
393.202 688
393.215 686
393.228 683
393.242 675
393.255 686
393.268 681
393.281 681
393.294 685
393.308 689
393.321 673
393.334 680
393.347 685
393.360 680
393.374 668
393.387 677
393.400 685
393.413 689
393.427 688
393.440 685
393.453 685
393.466 682
393.479 675
393.493 681
393.506 679
393.519 687
393.532 676
393.546 685
393.559 688
393.572 678
393.585 670
393.598 686
393.612 681
393.625 672
393.638 686
393.651 675
393.664 670
393.678 676
393.691 682
393.704 667
393.717 671
393.730 669
393.744 678
393.757 661
393.770 664
393.783 677
393.796 672
393.810 671
393.823 662
393.836 670
393.849 672
393.863 677
393.876 678
393.889 671
393.902 671
393.915 681
393.929 662
