375.891 710
375.905 702
375.919 717
375.933 724
375.946 709
375.960 722
375.974 712
375.987 716
376.001 723
376.015 719
376.029 723
376.042 734
376.056 730
376.070 715
376.084 720
376.097 741
376.111 723
376.125 742
376.139 746
376.152 741
376.166 747
376.180 738
376.193 746
376.207 736
376.221 733
376.235 741
376.248 742
376.262 730
376.276 751
376.290 743
376.303 757
376.317 760
376.331 743
376.345 761
376.358 750
376.372 748
376.386 760
376.399 758
376.413 759
376.427 761
376.441 754
376.454 783
376.468 769
376.482 755
376.495 758
376.509 756
376.523 765
376.537 791
376.550 798
376.564 782
376.578 789
376.592 791
376.605 781
376.619 790
376.633 783
376.646 794
376.660 788
376.674 799
376.688 785
376.701 789
376.715 789
376.729 814
376.742 807
376.756 802
376.770 815
376.784 809
376.797 823
376.811 814
376.825 821
376.838 815
376.852 836
376.866 826
376.880 827
376.893 818
376.907 829
376.921 855
376.934 849
376.948 859
376.962 855
376.976 861
376.989 868
377.003 858
377.017 859
377.030 870
377.044 878
377.058 872
377.071 892
377.085 861
377.099 866
377.113 880
377.126 885
377.140 893
377.154 879
377.167 896
377.181 914
377.195 891
377.208 930
377.222 901
377.236 919
377.250 918
377.263 952
377.277 934
377.291 923
377.304 928
377.318 934
377.332 919
377.345 953
377.359 948
377.373 933
377.387 939
377.400 954
377.414 946
377.428 951
377.441 948
377.455 949
377.469 972
377.482 945
377.496 960
377.510 963
377.524 985
377.537 995
377.551 1005
377.565 1024
377.578 998
377.592 993
377.606 1007
377.619 979
377.633 981
377.647 1014
377.660 978
377.674 1006
377.688 1010
377.701 996
377.715 1012
377.729 1018
377.743 1027
377.756 984
377.770 1054
377.784 1003
377.797 1033
377.811 1025
377.825 1051
377.838 1027
377.852 1029
377.866 1063
377.879 1031
377.893 1060
377.907 1056
377.920 1053
377.934 1050
377.948 1062
377.961 1075
377.975 1041
377.989 1060
378.002 1031
378.016 1044
378.030 1078
378.044 1052
378.057 1072
378.071 1058
378.085 1076
378.098 1083
378.112 1095
378.126 1098
378.139 1084
378.153 1073
378.167 1070
378.180 1108
378.194 1109
378.208 1079
378.221 1089
378.235 1098
378.249 1108
378.262 1096
378.276 1085
378.290 1103
378.303 1115
378.317 1092
378.331 1103
378.344 1116
378.358 1106
378.372 1104
378.385 1122
378.399 1097
378.413 1130
378.426 1102
378.440 1123
378.454 1141
378.467 1136
378.481 1107
378.495 1140
378.508 1100
378.522 1112
378.536 1133
378.549 1140
378.563 1132
378.577 1146
378.590 1119
378.604 1172
378.618 1132
378.631 1145
378.645 1164
378.659 1171
378.672 1179
378.686 1138
378.700 1160
378.713 1185
378.727 1156
378.740 1216
378.754 1188
378.768 1182
378.781 1162
378.795 1187
378.809 1188
378.822 1191
378.836 1213
378.850 1178
378.863 1215
378.877 1178
378.891 1206
378.904 1179
378.918 1186
378.932 1205
378.945 1197
378.959 1242
378.973 1221
378.986 1225
379.000 1205
379.014 1211
379.027 1228
379.041 1242
379.054 1255
379.068 1232
379.082 1254
379.095 1268
379.109 1286
379.123 1264
379.136 1285
379.150 1247
379.164 1244
379.177 1295
379.191 1230
379.205 1255
379.218 1304
379.232 1312
379.245 1274
379.259 1311
379.273 1281
379.286 1332
379.300 1281
379.314 1286
379.327 1288
379.341 1305
379.355 1282
379.368 1350
379.382 1349
379.396 1373
379.409 1369
379.423 1373
379.436 1380
379.450 1401
379.464 1380
379.477 1401
379.491 1363
379.505 1387
379.518 1383
379.532 1393
379.546 1436
379.559 1419
379.573 1410
379.586 1420
379.600 1411
379.614 1448
379.627 1468
379.641 1481
379.655 1481
379.668 1498
379.682 1474
379.695 1506
379.709 1497
379.723 1536
379.736 1605
379.750 1566
379.764 1558
379.777 1545
379.791 1571
379.804 1623
379.818 1616
379.832 1650
379.845 1603
379.859 1611
379.873 1700
379.886 1635
379.900 1648
379.913 1715
379.927 1673
379.941 1730
379.954 1733
379.968 1808
379.982 1831
379.995 1774
380.009 1829
380.022 1813
380.036 1836
380.050 1846
380.063 1861
380.077 1925
380.090 1923
380.104 1956
380.118 1976
380.131 1988
380.145 2020
380.159 2042
380.172 2067
380.186 2103
380.199 2092
380.213 2155
380.227 2101
380.240 2124
380.254 2218
380.267 2208
380.281 2200
380.295 2225
380.308 2260
380.322 2318
380.336 2293
380.349 2383
380.363 2385
380.376 2424
380.390 2427
380.404 2521
380.417 2523
380.431 2511
380.444 2572
380.458 2515
380.472 2685
380.485 2657
380.499 2661
380.512 2710
380.526 2760
380.540 2711
380.553 2791
380.567 2825
380.580 2830
380.594 2860
380.608 2914
380.621 2962
380.635 2996
380.648 3046
380.662 3007
380.676 3163
380.689 3179
380.703 3195
380.716 3139
380.730 3272
380.744 3289
380.757 3311
380.771 3426
380.784 3463
380.798 3445
380.812 3524
380.825 3563
380.839 3665
380.852 3699
380.866 3705
380.880 3811
380.893 3742
380.907 3756
380.920 3873
380.934 3881
380.948 3944
380.961 3948
380.975 4071
380.988 4145
381.002 4120
381.015 4169
381.029 4201
381.043 4277
381.056 4326
381.070 4338
381.083 4370
381.097 4404
381.111 4433
381.124 4475
381.138 4666
381.151 4623
381.165 4798
381.179 4726
381.192 4682
381.206 4630
381.219 4716
381.233 4745
381.246 4706
381.260 4947
381.274 4887
381.287 4947
381.301 4993
381.314 5029
381.328 5007
381.341 5107
381.355 5177
381.369 5115
381.382 5130
381.396 5234
381.409 5305
381.423 5434
381.437 5491
381.450 5576
381.464 5615
381.477 5607
381.491 5610
381.504 5704
381.518 5709
381.532 5792
381.545 5831
381.559 5810
381.572 6029
381.586 5905
381.599 5977
381.613 6084
381.627 6153
381.640 6117
381.654 6162
381.667 6217
381.681 6314
381.694 6276
381.708 6190
381.722 6212
381.735 6310
381.749 6300
381.762 6315
381.776 6370
381.789 6375
381.803 6451
381.817 6477
381.830 6422
381.844 6551
381.857 6508
381.871 6670
381.884 6772
381.898 6662
381.911 6672
381.925 6772
381.939 6858
381.952 7058
381.966 6992
381.979 7006
381.993 7120
382.006 7151
382.020 7255
382.034 7268
382.047 7293
382.061 7332
382.074 7312
382.088 7428
382.101 7450
382.115 7431
382.128 7477
382.142 7616
382.156 7798
382.169 7863
382.183 7729
382.196 7838
382.210 7877
382.223 7886
382.237 8056
382.250 8189
382.264 8173
382.278 8246
382.291 8254
382.305 8296
382.318 8229
382.332 8420
382.345 8367
382.359 8403
382.372 8564
382.386 8600
382.399 8563
382.413 8717
382.427 8712
382.440 8896
382.454 8967
382.467 8967
382.481 9167
382.494 9384
382.508 9476
382.521 9620
382.535 9679
382.548 9619
382.562 9824
382.576 9944
382.589 9888
382.603 9965
382.616 10026
382.630 10154
382.643 10239
382.657 10418
382.670 10548
382.684 10569
382.697 10540
382.711 10588
382.724 10748
382.738 10933
382.752 10864
382.765 10890
382.779 11089
382.792 11065
382.806 11284
382.819 11448
382.833 11402
382.846 11580
382.860 11695
382.873 11877
382.887 12014
382.900 12076
382.914 12363
382.928 12515
382.941 12679
382.955 12906
382.968 13022
382.982 13203
382.995 13310
383.009 13338
383.022 13433
383.036 13668
383.049 13712
383.063 14100
383.076 14123
383.090 14208
383.103 14177
383.117 14211
383.130 14352
383.144 14487
383.158 14558
383.171 14839
383.185 14977
383.198 15284
383.212 15440
383.225 15817
383.239 16080
383.252 16217
383.266 16589
383.279 16645
383.293 16673
383.306 16940
383.320 17334
383.333 17602
383.347 17772
383.360 17587
383.374 17503
383.387 17702
383.401 17881
383.414 18115
383.428 18268
383.441 18350
383.455 18402
383.468 18330
383.482 18549
383.496 18792
383.509 18956
383.523 19001
383.536 19090
383.550 19170
383.563 19232
383.577 19366
383.590 19802
383.604 19727
383.617 19702
383.631 19803
383.644 19843
383.658 19804
383.671 20062
383.685 20359
383.698 20507
383.712 20909
383.725 20954
383.739 20824
383.752 20668
383.766 20529
383.779 20605
383.793 20767
383.806 20823
383.820 21254
383.833 21131
383.847 21306
383.860 21396
383.874 21333
383.887 21395
383.901 21497
383.914 21447
383.928 21534
383.941 21557
383.955 21768
383.968 21664
383.982 21621
383.995 21786
384.009 21861
384.022 21982
384.036 21970
384.049 21972
384.063 22218
384.076 22856
384.090 23002
384.103 22864
384.117 22840
384.130 22789
384.144 22211
384.157 22202
384.171 22265
384.184 22401
384.198 22127
384.211 22059
384.225 22155
384.238 22751
384.252 22708
384.265 22751
384.279 22560
384.292 22536
384.306 22415
384.319 22044
384.333 21740
384.346 21306
384.360 21078
384.373 21034
384.387 21036
384.400 20704
384.414 20506
384.427 20388
384.441 19959
384.454 19829
384.468 19604
384.481 19207
384.495 18909
384.508 18663
384.522 18284
384.535 18016
384.549 17588
384.562 17138
384.575 16833
384.589 16506
384.602 16224
384.616 15886
384.629 15567
384.643 14869
384.656 14587
384.670 13936
384.683 13439
384.697 12868
384.710 12519
384.724 12187
384.737 11675
384.751 11210
384.764 10983
384.778 10596
384.791 10491
384.805 10114
384.818 9642
384.832 9241
384.845 8897
384.859 8782
384.872 8368
384.885 8077
384.899 7845
384.912 7539
384.926 7326
384.939 7041
384.953 6904
384.966 6734
384.980 6559
384.993 6454
385.007 6201
385.020 6052
385.034 5843
385.047 5683
385.061 5458
385.074 5352
385.088 5381
385.101 5256
385.114 5046
385.128 5036
385.141 4861
385.155 4767
385.168 4741
385.182 4716
385.195 4617
385.209 4580
385.222 4395
385.236 4359
385.249 4285
385.263 4155
385.276 4091
385.290 4025
385.303 3964
385.316 3914
385.330 3911
385.343 3792
385.357 3722
385.370 3651
385.384 3548
385.397 3523
385.411 3548
385.424 3501
385.438 3384
385.451 3400
385.464 3334
385.478 3239
385.491 3253
385.505 3266
385.518 3177
385.532 3112
385.545 3095
385.559 3013
385.572 3044
385.586 3026
385.599 2907
385.612 2917
385.626 2897
385.639 2801
385.653 2820
385.666 2849
385.680 2825
385.693 2781
385.707 2752
385.720 2778
385.734 2701
385.747 2650
385.760 2654
385.774 2593
385.787 2566
385.801 2510
385.814 2458
385.828 2449
385.841 2437
385.855 2384
385.868 2429
385.881 2393
385.895 2415
385.908 2399
385.922 2395
385.935 2323
385.949 2364
385.962 2244
385.976 2290
385.989 2283
386.002 2257
386.016 2300
386.029 2275
386.043 2255
386.056 2211
386.070 2172
386.083 2177
386.097 2152
386.110 2204
386.123 2217
386.137 2197
386.150 2134
386.164 2181
386.177 2161
386.191 2113
386.204 2095
386.217 2088
386.231 2072
386.244 2111
386.258 2117
386.271 2092
386.285 2020
386.298 2033
386.311 1995
386.325 2018
386.338 2018
386.352 1998
386.365 2021
386.379 1986
386.392 1935
386.405 1949
386.419 1908
386.432 1884
386.446 1936
386.459 1933
386.473 1919
386.486 1906
386.499 1897
386.513 1866
386.526 1852
386.540 1891
386.553 1779
386.567 1827
386.580 1865
386.593 1808
386.607 1828
386.620 1874
386.634 1792
386.647 1833
386.661 1822
386.674 1753
386.687 1796
386.701 1789
386.714 1725
386.728 1733
386.741 1762
386.754 1779
386.768 1751
386.781 1719
386.795 1679
386.808 1654
386.822 1689
386.835 1725
386.848 1678
386.862 1668
386.875 1656
386.889 1691
386.902 1661
386.915 1636
386.929 1621
386.942 1639
386.956 1597
386.969 1602
386.983 1636
386.996 1571
387.009 1585
387.023 1560
387.036 1566
387.050 1584
387.063 1547
387.076 1588
387.090 1562
387.103 1559
387.117 1548
387.130 1519
387.143 1551
387.157 1530
387.170 1522
387.184 1505
387.197 1501
387.210 1512
387.224 1522
387.237 1497
387.251 1521
387.264 1503
387.278 1487
387.291 1435
387.304 1449
387.318 1481
387.331 1459
387.345 1453
387.358 1436
387.371 1397
387.385 1421
387.398 1411
387.412 1380
387.425 1348
387.438 1369
387.452 1388
387.465 1376
387.478 1363
387.492 1314
387.505 1329
387.519 1328
387.532 1356
387.545 1287
387.559 1346
387.572 1324
387.586 1328
387.599 1327
387.612 1302
387.626 1305
387.639 1310
387.653 1316
387.666 1257
387.679 1273
387.693 1283
387.706 1263
387.720 1245
387.733 1259
387.746 1269
387.760 1271
387.773 1246
387.787 1243
387.800 1237
387.813 1301
387.827 1258
387.840 1215
387.853 1224
387.867 1204
387.880 1258
387.894 1218
387.907 1246
387.920 1218
387.934 1192
387.947 1212
387.961 1195
387.974 1200
387.987 1183
388.001 1152
388.014 1142
388.027 1136
388.041 1135
388.054 1126
388.068 1129
388.081 1137
388.094 1128
388.108 1136
388.121 1124
388.134 1099
388.148 1099
388.161 1093
388.175 1104
388.188 1037
388.201 1067
388.215 1051
388.228 1066
388.241 1055
388.255 1070
388.268 1081
388.282 1074
388.295 1072
388.308 1088
388.322 1049
388.335 1063
388.348 1046
388.362 1028
388.375 1062
388.389 1037
388.402 1081
388.415 1062
388.429 1069
388.442 1066
388.455 1041
388.469 1058
388.482 1062
388.495 1049
388.509 1044
388.522 1048
388.536 1036
388.549 1032
388.562 1021
388.576 1033
388.589 1036
388.602 1050
388.616 1044
388.629 1023
388.642 1013
388.656 1020
388.669 1013
388.683 1061
388.696 1033
388.709 986
388.723 1051
388.736 1041
388.749 1042
388.763 1038
388.776 1025
388.789 1035
388.803 1007
388.816 1005
388.829 1028
388.843 1014
388.856 1019
388.870 994
388.883 1004
388.896 1021
388.910 1040
388.923 1029
388.936 1022
388.950 1020
388.963 1019
388.976 1006
388.990 1013
389.003 999
389.016 989
389.030 1011
389.043 975
389.056 1024
389.070 1008
389.083 1003
389.097 999
389.110 1023
389.123 984
389.137 984
389.150 993
389.163 1010
389.177 974
389.190 968
389.203 969
389.217 1006
389.230 988
389.243 977
389.257 994
389.270 969
389.283 995
389.297 1015
389.310 989
389.323 994
389.337 979
389.350 1003
389.363 974
389.377 983
389.390 981
389.403 972
389.417 976
389.430 987
389.443 970
389.457 962
389.470 969
389.483 954
389.497 951
389.510 983
389.523 962
389.537 956
389.550 983
389.563 961
389.577 967
389.590 954
389.603 966
389.617 942
389.630 956
389.643 930
389.657 932
389.670 928
389.683 924
389.697 945
389.710 943
389.723 940
389.737 945
389.750 932
389.763 926
389.777 910
389.790 913
389.803 947
389.817 939
389.830 925
389.843 937
389.857 895
389.870 905
389.883 913
389.897 921
389.910 883
389.923 906
389.937 926
389.950 899
389.963 927
389.977 926
389.990 918
390.003 923
390.017 902
390.030 921
390.043 879
390.057 894
390.070 882
390.083 883
390.096 903
390.110 873
390.123 865
390.136 874
390.150 879
390.163 894
390.176 883
390.190 871
390.203 871
390.216 866
390.230 851
390.243 873
390.256 864
390.270 866
390.283 840
390.296 836
390.310 839
390.323 853
390.336 848
390.349 858
390.363 847
390.376 834
390.389 847
390.403 857
390.416 842
390.429 852
390.443 819
390.456 831
390.469 809
390.483 805
390.496 801
390.509 808
390.522 797
390.536 794
390.549 793
390.562 811
390.576 814
390.589 818
390.602 816
390.616 818
390.629 805
390.642 776
390.655 802
390.669 794
390.682 778
390.695 791
390.709 798
390.722 781
390.735 771
390.749 777
390.762 782
390.775 751
390.788 768
390.802 781
390.815 764
390.828 767
390.842 778
390.855 758
390.868 765
390.882 755
390.895 764
390.908 744
390.921 746
390.935 746
390.948 728
390.961 735
390.975 753
390.988 747
391.001 748
391.014 740
391.028 733
391.041 745
391.054 735
391.068 729
391.081 735
391.094 731
391.107 725
391.121 715
391.134 713
391.147 739
391.161 726
391.174 709
391.187 721
391.200 726
391.214 722
391.227 729
391.240 725
391.254 725
391.267 718
391.280 710
391.293 714
391.307 719
391.320 717
391.333 717
391.347 710
391.360 720
391.373 716
391.386 701
391.400 707
391.413 713
391.426 713
391.440 705
391.453 706
391.466 708
391.479 709
391.493 717
391.506 689
391.519 696
391.532 693
391.546 700
391.559 702
391.572 718
391.586 697
391.599 695
391.612 716
391.625 696
391.639 699
391.652 688
391.665 699
391.678 700
391.692 703
391.705 697
391.718 695
391.732 694
391.745 694
391.758 699
391.771 693
391.785 690
391.798 693
391.811 683
391.824 704
391.838 682
391.851 692
391.864 680
391.877 697
391.891 692
391.904 697
391.917 698
391.931 689
391.944 680
391.957 690
391.970 692
391.984 680
391.997 693
392.010 689
392.023 690
392.037 687
392.050 692
392.063 679
392.076 685
392.090 694
392.103 681
392.116 690
392.129 699
392.143 671
392.156 687
392.169 673
392.182 672
392.196 690
392.209 678
392.222 683
392.235 680
392.249 676
392.262 677
392.275 691
392.288 681
392.302 698
392.315 681
392.328 690
392.341 684
392.355 680
392.368 679
392.381 682
392.394 682
392.408 671
392.421 676
392.434 689
392.447 677
392.461 674
392.474 683
392.487 670
392.500 678
392.514 677
392.527 679
392.540 672
392.553 677
392.567 682
392.580 688
392.593 676
392.606 671
392.620 684
392.633 675
392.646 682
392.659 660
392.673 680
392.686 682
392.699 683
392.712 683
392.726 680
392.739 664
392.752 671
392.765 678
392.778 683
392.792 685
392.805 670
392.818 668
392.831 674
392.845 681
392.858 669
392.871 669
392.884 670
392.898 687
392.911 676
392.924 676
392.937 666
392.951 667
392.964 675
392.977 678
392.990 675
393.003 667
393.017 678
393.030 683
393.043 669
393.056 669
393.070 667
393.083 677
393.096 676
393.109 678
393.122 660
393.136 667
393.149 664
393.162 661
393.175 665
393.189 667
393.202 682
393.215 666
393.228 660
393.242 668
393.255 651
393.268 676
393.281 671
393.294 674
393.308 654
393.321 664
393.334 670
393.347 664
393.360 663
393.374 671
393.387 671
393.400 668
393.413 670
393.427 653
393.440 672
393.453 669
393.466 669
393.479 657
393.493 668
393.506 670
393.519 669
393.532 667
393.546 672
393.559 661
393.572 657
393.585 655
393.598 656
393.612 667
393.625 665
393.638 661
393.651 660
393.664 665
393.678 665
393.691 664
393.704 665
393.717 669
393.730 655
393.744 668
393.757 669
393.770 660
393.783 654
393.796 660
393.810 662
393.823 667
393.836 644
393.849 661
393.863 643
393.876 658
393.889 667
393.902 654
393.915 664
393.929 661
