375.891 708
375.905 714
375.919 732
375.933 723
375.946 720
375.960 728
375.974 723
375.987 725
376.001 731
376.015 727
376.029 710
376.042 736
376.056 739
376.070 733
376.084 736
376.097 742
376.111 737
376.125 748
376.139 742
376.152 742
376.166 746
376.180 745
376.193 739
376.207 736
376.221 752
376.235 753
376.248 777
376.262 744
376.276 763
376.290 770
376.303 741
376.317 755
376.331 767
376.345 765
376.358 777
376.372 786
376.386 770
376.399 773
376.413 775
376.427 783
376.441 774
376.454 771
376.468 792
376.482 799
376.495 789
376.509 788
376.523 795
376.537 783
376.550 796
376.564 801
376.578 800
376.592 802
376.605 805
376.619 795
376.633 792
376.646 823
376.660 813
376.674 804
376.688 808
376.701 810
376.715 820
376.729 822
376.742 818
376.756 819
376.770 832
376.784 830
376.797 834
376.811 833
376.825 866
376.838 832
376.852 856
376.866 856
376.880 882
376.893 838
376.907 860
376.921 864
376.934 877
376.948 864
376.962 895
376.976 885
376.989 889
377.003 864
377.017 873
377.030 901
377.044 892
377.058 891
377.071 907
377.085 903
377.099 901
377.113 895
377.126 918
377.140 905
377.154 919
377.167 933
377.181 932
377.195 949
377.208 938
377.222 933
377.236 949
377.250 943
377.263 935
377.277 970
377.291 953
377.304 954
377.318 982
377.332 968
377.345 969
377.359 996
377.373 951
377.387 976
377.400 978
377.414 969
377.428 969
377.441 987
377.455 991
377.469 992
377.482 988
377.496 1004
377.510 1007
377.524 1013
377.537 998
377.551 1035
377.565 1017
377.578 1041
377.592 1055
377.606 1009
377.619 1031
377.633 1043
377.647 1002
377.660 1029
377.674 1047
377.688 1056
377.701 1019
377.715 1052
377.729 1054
377.743 1067
377.756 1061
377.770 1057
377.784 1051
377.797 1074
377.811 1050
377.825 1070
377.838 1068
377.852 1056
377.866 1105
377.879 1066
377.893 1060
377.907 1081
377.920 1120
377.934 1108
377.948 1081
377.961 1084
377.975 1090
377.989 1084
378.002 1068
378.016 1091
378.030 1093
378.044 1079
378.057 1084
378.071 1124
378.085 1115
378.098 1120
378.112 1116
378.126 1105
378.139 1122
378.153 1116
378.167 1101
378.180 1059
378.194 1122
378.208 1107
378.221 1130
378.235 1090
378.249 1113
378.262 1114
378.276 1139
378.290 1138
378.303 1115
378.317 1125
378.331 1129
378.344 1136
378.358 1150
378.372 1125
378.385 1166
378.399 1164
378.413 1094
378.426 1117
378.440 1163
378.454 1166
378.467 1165
378.481 1154
378.495 1164
378.508 1162
378.522 1170
378.536 1172
378.549 1164
378.563 1181
378.577 1179
378.590 1215
378.604 1209
378.618 1177
378.631 1184
378.645 1193
378.659 1224
378.672 1202
378.686 1197
378.700 1192
378.713 1199
378.727 1215
378.740 1221
378.754 1193
378.768 1208
378.781 1187
378.795 1237
378.809 1238
378.822 1208
378.836 1236
378.850 1226
378.863 1214
378.877 1226
378.891 1241
378.904 1220
378.918 1259
378.932 1265
378.945 1263
378.959 1234
378.973 1228
378.986 1249
379.000 1291
379.014 1258
379.027 1269
379.041 1288
379.054 1235
379.068 1284
379.082 1293
379.095 1290
379.109 1286
379.123 1306
379.136 1311
379.150 1272
379.164 1325
379.177 1297
379.191 1295
379.205 1322
379.218 1290
379.232 1332
379.245 1355
379.259 1325
379.273 1364
379.286 1333
379.300 1332
379.314 1346
379.327 1334
379.341 1368
379.355 1318
379.368 1361
379.382 1386
379.396 1345
379.409 1379
379.423 1403
379.436 1418
379.450 1414
379.464 1433
379.477 1459
379.491 1422
379.505 1437
379.518 1464
379.532 1450
379.546 1468
379.559 1495
379.573 1476
379.586 1472
379.600 1491
379.614 1490
379.627 1480
379.641 1495
379.655 1533
379.668 1536
379.682 1516
379.695 1527
379.709 1546
379.723 1543
379.736 1571
379.750 1571
379.764 1655
379.777 1667
379.791 1662
379.804 1665
379.818 1674
379.832 1672
379.845 1651
379.859 1706
379.873 1707
379.886 1715
379.900 1741
379.913 1752
379.927 1775
379.941 1811
379.954 1841
379.968 1863
379.982 1841
379.995 1872
380.009 1879
380.022 1936
380.036 1872
380.050 1926
380.063 1943
380.077 1949
380.090 1981
380.104 2034
380.118 2051
380.131 2097
380.145 2113
380.159 2090
380.172 2083
380.186 2180
380.199 2206
380.213 2212
380.227 2271
380.240 2269
380.254 2288
380.267 2290
380.281 2318
380.295 2352
380.308 2359
380.322 2451
380.336 2430
380.349 2506
380.363 2510
380.376 2566
380.390 2570
380.404 2614
380.417 2638
380.431 2640
380.444 2708
380.458 2677
380.472 2779
380.485 2772
380.499 2808
380.512 2818
380.526 2879
380.540 2914
380.553 2936
380.567 3002
380.580 2978
380.594 3086
380.608 3104
380.621 3151
380.635 3170
380.648 3190
380.662 3231
380.676 3315
380.689 3309
380.703 3361
380.716 3375
380.730 3491
380.744 3431
380.757 3537
380.771 3584
380.784 3673
380.798 3623
380.812 3738
380.825 3724
380.839 3753
380.852 3927
380.866 3965
380.880 4018
380.893 3974
380.907 4095
380.920 4132
380.934 4226
380.948 4203
380.961 4272
380.975 4306
380.988 4360
381.002 4452
381.015 4388
381.029 4464
381.043 4523
381.056 4574
381.070 4589
381.083 4645
381.097 4647
381.111 4685
381.124 4791
381.138 4858
381.151 4903
381.165 5053
381.179 5058
381.192 4992
381.206 5077
381.219 5032
381.233 5074
381.246 5168
381.260 5116
381.274 5241
381.287 5271
381.301 5295
381.314 5363
381.328 5365
381.341 5522
381.355 5482
381.369 5525
381.382 5585
381.396 5587
381.409 5648
381.423 5770
381.437 5937
381.450 5880
381.464 6025
381.477 6082
381.491 6070
381.504 6049
381.518 6007
381.532 6110
381.545 6220
381.559 6370
381.572 6350
381.586 6440
381.599 6534
381.613 6509
381.627 6612
381.640 6658
381.654 6591
381.667 6721
381.681 6812
381.694 6690
381.708 6666
381.722 6610
381.735 6694
381.749 6677
381.762 6852
381.776 6834
381.789 6951
381.803 7013
381.817 6993
381.830 7048
381.844 7045
381.857 7134
381.871 7122
381.884 7246
381.898 7330
381.911 7333
381.925 7479
381.939 7428
381.952 7593
381.966 7500
381.979 7682
381.993 7679
382.006 7779
382.020 7821
382.034 7873
382.047 7902
382.061 7964
382.074 7981
382.088 8037
382.101 8089
382.115 8117
382.128 8170
382.142 8208
382.156 8372
382.169 8418
382.183 8484
382.196 8481
382.210 8586
382.223 8591
382.237 8733
382.250 8679
382.264 8834
382.278 8846
382.291 8915
382.305 8990
382.318 9056
382.332 9058
382.345 9125
382.359 9127
382.372 9213
382.386 9344
382.399 9411
382.413 9357
382.427 9418
382.440 9697
382.454 9781
382.467 9759
382.481 10111
382.494 10309
382.508 10457
382.521 10613
382.535 10482
382.548 10568
382.562 10575
382.576 10767
382.589 10775
382.603 10882
382.616 10981
382.630 11029
382.643 11122
382.657 11497
382.670 11428
382.684 11478
382.697 11422
382.711 11583
382.724 11849
382.738 11777
382.752 11918
382.765 11876
382.779 12169
382.792 12315
382.806 12485
382.819 12376
382.833 12543
382.846 12722
382.860 12902
382.873 13164
382.887 13035
382.900 13398
382.914 13626
382.928 13771
382.941 13977
382.955 14085
382.968 14295
382.982 14609
382.995 14817
383.009 14785
383.022 15043
383.036 15004
383.049 15293
383.063 15461
383.076 15563
383.090 15642
383.103 15562
383.117 15831
383.130 15921
383.144 16052
383.158 16258
383.171 16520
383.185 16615
383.198 16879
383.212 17223
383.225 17418
383.239 17872
383.252 18124
383.266 18359
383.279 18519
383.293 18541
383.306 18794
383.320 19075
383.333 19359
383.347 19574
383.360 19475
383.374 19356
383.387 19721
383.401 19975
383.414 20148
383.428 20354
383.441 20459
383.455 20402
383.468 20532
383.482 20572
383.496 20815
383.509 20791
383.523 20964
383.536 20964
383.550 21498
383.563 21556
383.577 21622
383.590 21762
383.604 21998
383.617 22231
383.631 22259
383.644 22152
383.658 22219
383.671 22498
383.685 22811
383.698 23086
383.712 23277
383.725 23354
383.739 23453
383.752 23474
383.766 23483
383.779 23243
383.793 23482
383.806 23521
383.820 23922
383.833 23750
383.847 23790
383.860 24030
383.874 24059
383.887 23967
383.901 24254
383.914 24198
383.928 24361
383.941 24542
383.955 24342
383.968 24390
383.982 24464
383.995 24478
384.009 24613
384.022 24710
384.036 24864
384.049 24621
384.063 25144
384.076 25662
384.090 25790
384.103 26037
384.117 26347
384.130 25717
384.144 25388
384.157 25203
384.171 25213
384.184 25058
384.198 24982
384.211 25037
384.225 25162
384.238 25583
384.252 25935
384.265 25796
384.279 25841
384.292 25625
384.306 25191
384.319 25060
384.333 24796
384.346 24416
384.360 24013
384.373 23993
384.387 23854
384.400 23572
384.414 23204
384.427 23043
384.441 22775
384.454 22409
384.468 22081
384.481 21773
384.495 21418
384.508 21180
384.522 20896
384.535 20287
384.549 19987
384.562 19468
384.575 19094
384.589 19013
384.602 18607
384.616 18082
384.629 17641
384.643 17102
384.656 16539
384.670 15776
384.683 15252
384.697 14758
384.710 14319
384.724 13866
384.737 13284
384.751 12929
384.764 12541
384.778 12249
384.791 11855
384.805 11412
384.818 11097
384.832 10589
384.845 10381
384.859 9890
384.872 9549
384.885 9325
384.899 8955
384.912 8626
384.926 8451
384.939 8185
384.953 7936
384.966 7731
384.980 7561
384.993 7375
385.007 7159
385.020 6919
385.034 6630
385.047 6392
385.061 6335
385.074 6114
385.088 5997
385.101 5977
385.114 5851
385.128 5655
385.141 5469
385.155 5398
385.168 5316
385.182 5282
385.195 5263
385.209 5173
385.222 5033
385.236 4924
385.249 4855
385.263 4805
385.276 4732
385.290 4505
385.303 4491
385.316 4476
385.330 4424
385.343 4393
385.357 4241
385.370 4267
385.384 4089
385.397 4007
385.411 4087
385.424 3876
385.438 3893
385.451 3805
385.464 3747
385.478 3799
385.491 3765
385.505 3617
385.518 3703
385.532 3634
385.545 3473
385.559 3462
385.572 3403
385.586 3475
385.599 3375
385.612 3386
385.626 3369
385.639 3294
385.653 3345
385.666 3262
385.680 3258
385.693 3225
385.707 3165
385.720 3092
385.734 3163
385.747 3038
385.760 3027
385.774 2953
385.787 3011
385.801 2946
385.814 2933
385.828 2819
385.841 2872
385.855 2855
385.868 2782
385.881 2829
385.895 2746
385.908 2758
385.922 2685
385.935 2733
385.949 2686
385.962 2689
385.976 2649
385.989 2585
386.002 2619
386.016 2607
386.029 2569
386.043 2621
386.056 2499
386.070 2530
386.083 2480
386.097 2506
386.110 2446
386.123 2477
386.137 2489
386.150 2479
386.164 2399
386.177 2404
386.191 2441
386.204 2413
386.217 2371
386.231 2385
386.244 2364
386.258 2361
386.271 2335
386.285 2328
386.298 2312
386.311 2304
386.325 2274
386.338 2305
386.352 2220
386.365 2297
386.379 2250
386.392 2278
386.405 2232
386.419 2191
386.432 2166
386.446 2196
386.459 2210
386.473 2173
386.486 2210
386.499 2133
386.513 2144
386.526 2158
386.540 2090
386.553 2098
386.567 2063
386.580 2057
386.593 2076
386.607 2082
386.620 1979
386.634 2089
386.647 2071
386.661 2051
386.674 2025
386.687 2064
386.701 1998
386.714 1991
386.728 1997
386.741 2011
386.754 1974
386.768 1987
386.781 1990
386.795 1977
386.808 1942
386.822 1948
386.835 1908
386.848 1917
386.862 1866
386.875 1876
386.889 1847
386.902 1836
386.915 1865
386.929 1844
386.942 1862
386.956 1809
386.969 1816
386.983 1802
386.996 1811
387.009 1799
387.023 1795
387.036 1773
387.050 1757
387.063 1778
387.076 1728
387.090 1737
387.103 1718
387.117 1726
387.130 1738
387.143 1717
387.157 1699
387.170 1714
387.184 1701
387.197 1717
387.210 1672
387.224 1679
387.237 1663
387.251 1637
387.264 1634
387.278 1607
387.291 1653
387.304 1627
387.318 1611
387.331 1619
387.345 1580
387.358 1555
387.371 1569
387.385 1547
387.398 1581
387.412 1538
387.425 1524
387.438 1548
387.452 1501
387.465 1481
387.478 1481
387.492 1470
387.505 1431
387.519 1436
387.532 1472
387.545 1473
387.559 1492
387.572 1476
387.586 1414
387.599 1438
387.612 1403
387.626 1435
387.639 1432
387.653 1422
387.666 1365
387.679 1379
387.693 1371
387.706 1355
387.720 1347
387.733 1388
387.746 1365
387.760 1397
387.773 1328
387.787 1351
387.800 1328
387.813 1349
387.827 1340
387.840 1343
387.853 1292
387.867 1317
387.880 1319
387.894 1285
387.907 1313
387.920 1279
387.934 1277
387.947 1268
387.961 1265
387.974 1263
387.987 1259
388.001 1235
388.014 1241
388.027 1229
388.041 1244
388.054 1220
388.068 1182
388.081 1205
388.094 1208
388.108 1150
388.121 1228
388.134 1180
388.148 1194
388.161 1170
388.175 1176
388.188 1154
388.201 1140
388.215 1149
388.228 1129
388.241 1133
388.255 1121
388.268 1138
388.282 1131
388.295 1167
388.308 1114
388.322 1141
388.335 1117
388.348 1124
388.362 1132
388.375 1081
388.389 1119
388.402 1123
388.415 1129
388.429 1110
388.442 1115
388.455 1101
388.469 1097
388.482 1089
388.495 1124
388.509 1119
388.522 1134
388.536 1148
388.549 1093
388.562 1079
388.576 1099
388.589 1093
388.602 1105
388.616 1082
388.629 1108
388.642 1076
388.656 1080
388.669 1095
388.683 1097
388.696 1120
388.709 1075
388.723 1076
388.736 1095
388.749 1110
388.763 1081
388.776 1081
388.789 1076
388.803 1086
388.816 1093
388.829 1067
388.843 1081
388.856 1080
388.870 1072
388.883 1083
388.896 1070
388.910 1058
388.923 1073
388.936 1063
388.950 1043
388.963 1062
388.976 1073
388.990 1068
389.003 1067
389.016 1070
389.030 1071
389.043 1067
389.056 1069
389.070 1056
389.083 1049
389.097 1052
389.110 1044
389.123 1062
389.137 1048
389.150 1041
389.163 1034
389.177 1043
389.190 1033
389.203 1054
389.217 1030
389.230 1036
389.243 1051
389.257 1044
389.270 1027
389.283 1030
389.297 1046
389.310 1018
389.323 1038
389.337 1033
389.350 1034
389.363 1020
389.377 1044
389.390 1034
389.403 1028
389.417 1024
389.430 1051
389.443 1010
389.457 1035
389.470 1040
389.483 1009
389.497 1008
389.510 1033
389.523 1021
389.537 1018
389.550 1026
389.563 1020
389.577 1039
389.590 1001
389.603 1004
389.617 994
389.630 1023
389.643 1032
389.657 1003
389.670 1010
389.683 997
389.697 996
389.710 992
389.723 1009
389.737 1004
389.750 994
389.763 998
389.777 1000
389.790 979
389.803 959
389.817 1002
389.830 980
389.843 959
389.857 987
389.870 960
389.883 960
389.897 942
389.910 969
389.923 966
389.937 994
389.950 946
389.963 964
389.977 972
389.990 990
390.003 940
390.017 959
390.030 963
390.043 946
390.057 956
390.070 962
390.083 961
390.096 936
390.110 932
390.123 944
390.136 922
390.150 918
390.163 931
390.176 914
390.190 931
390.203 926
390.216 922
390.230 914
390.243 915
390.256 901
390.270 893
390.283 898
390.296 903
390.310 922
390.323 892
390.336 889
390.349 884
390.363 889
390.376 908
390.389 885
390.403 890
390.416 899
390.429 852
390.443 863
390.456 860
390.469 882
390.483 853
390.496 845
390.509 862
390.522 856
390.536 833
390.549 855
390.562 851
390.576 846
390.589 853
390.602 839
390.616 833
390.629 853
390.642 828
390.655 825
390.669 830
390.682 823
390.695 812
390.709 801
390.722 800
390.735 803
390.749 802
390.762 798
390.775 799
390.788 807
390.802 798
390.815 790
390.828 794
390.842 805
390.855 795
390.868 793
390.882 785
390.895 789
390.908 783
390.921 778
390.935 782
390.948 768
390.961 767
390.975 780
390.988 754
391.001 762
391.014 769
391.028 769
391.041 746
391.054 745
391.068 771
391.081 767
391.094 763
391.107 760
391.121 763
391.134 743
391.147 752
391.161 755
391.174 732
391.187 744
391.200 746
391.214 733
391.227 736
391.240 741
391.254 745
391.267 724
391.280 732
391.293 731
391.307 731
391.320 736
391.333 733
391.347 737
391.360 725
391.373 729
391.386 724
391.400 730
391.413 720
391.426 720
391.440 716
391.453 708
391.466 720
391.479 720
391.493 715
391.506 710
391.519 734
391.532 717
391.546 711
391.559 706
391.572 707
391.586 719
391.599 709
391.612 704
391.625 708
391.639 707
391.652 711
391.665 716
391.678 700
391.692 709
391.705 712
391.718 701
391.732 701
391.745 721
391.758 706
391.771 709
391.785 712
391.798 714
391.811 708
391.824 710
391.838 701
391.851 711
391.864 679
391.877 710
391.891 696
391.904 701
391.917 709
391.931 710
391.944 708
391.957 703
391.970 708
391.984 703
391.997 700
392.010 708
392.023 703
392.037 701
392.050 701
392.063 698
392.076 690
392.090 694
392.103 687
392.116 710
392.129 692
392.143 698
392.156 698
392.169 700
392.182 696
392.196 682
392.209 701
392.222 710
392.235 684
392.249 678
392.262 698
392.275 688
392.288 697
392.302 684
392.315 697
392.328 693
392.341 681
392.355 697
392.368 689
392.381 704
392.394 686
392.408 682
392.421 694
392.434 692
392.447 699
392.461 698
392.474 691
392.487 681
392.500 692
392.514 680
392.527 698
392.540 690
392.553 696
392.567 693
392.580 689
392.593 682
392.606 691
392.620 683
392.633 673
392.646 692
392.659 698
392.673 700
392.686 670
392.699 692
392.712 674
392.726 690
392.739 697
392.752 678
392.765 681
392.778 683
392.792 674
392.805 688
392.818 679
392.831 689
392.845 683
392.858 676
392.871 683
392.884 689
392.898 684
392.911 687
392.924 670
392.937 691
392.951 688
392.964 688
392.977 680
392.990 681
393.003 687
393.017 678
393.030 680
393.043 687
393.056 678
393.070 682
393.083 671
393.096 665
393.109 668
393.122 680
393.136 680
393.149 666
393.162 688
393.175 688
393.189 667
393.202 678
393.215 672
393.228 681
393.242 672
393.255 664
393.268 672
393.281 671
393.294 683
393.308 667
393.321 674
393.334 679
393.347 681
393.360 679
393.374 665
393.387 689
393.400 673
393.413 676
393.427 675
393.440 676
393.453 682
393.466 690
393.479 665
393.493 672
393.506 667
393.519 678
393.532 666
393.546 660
393.559 668
393.572 671
393.585 660
393.598 664
393.612 671
393.625 673
393.638 681
393.651 678
393.664 664
393.678 678
393.691 664
393.704 668
393.717 664
393.730 676
393.744 671
393.757 662
393.770 667
393.783 682
393.796 658
393.810 668
393.823 661
393.836 664
393.849 675
393.863 660
393.876 662
393.889 674
393.902 668
393.915 670
393.929 659
