375.891 724
375.905 717
375.919 720
375.933 718
375.946 726
375.960 724
375.974 737
375.987 747
376.001 737
376.015 724
376.029 735
376.042 734
376.056 730
376.070 731
376.084 766
376.097 753
376.111 746
376.125 744
376.139 748
376.152 760
376.166 770
376.180 763
376.193 747
376.207 761
376.221 752
376.235 754
376.248 774
376.262 759
376.276 765
376.290 779
376.303 770
376.317 762
376.331 785
376.345 774
376.358 755
376.372 775
376.386 782
376.399 781
376.413 768
376.427 795
376.441 779
376.454 780
376.468 797
376.482 800
376.495 806
376.509 796
376.523 806
376.537 808
376.550 796
376.564 809
376.578 812
376.592 800
376.605 821
376.619 823
376.633 803
376.646 820
376.660 822
376.674 811
376.688 809
376.701 818
376.715 840
376.729 829
376.742 839
376.756 848
376.770 853
376.784 841
376.797 857
376.811 856
376.825 861
376.838 851
376.852 861
376.866 883
376.880 887
376.893 849
376.907 888
376.921 868
376.934 862
376.948 875
376.962 899
376.976 873
376.989 894
377.003 892
377.017 890
377.030 897
377.044 904
377.058 921
377.071 924
377.085 912
377.099 918
377.113 924
377.126 933
377.140 932
377.154 951
377.167 937
377.181 975
377.195 955
377.208 952
377.222 965
377.236 959
377.250 963
377.263 961
377.277 976
377.291 991
377.304 967
377.318 991
377.332 992
377.345 984
377.359 998
377.373 991
377.387 992
377.400 999
377.414 996
377.428 1000
377.441 973
377.455 1035
377.469 1023
377.482 1004
377.496 1025
377.510 1021
377.524 1032
377.537 1039
377.551 1043
377.565 1038
377.578 1053
377.592 1052
377.606 1022
377.619 1057
377.633 1025
377.647 1048
377.660 1030
377.674 1036
377.688 1060
377.701 1062
377.715 1040
377.729 1065
377.743 1078
377.756 1064
377.770 1094
377.784 1097
377.797 1070
377.811 1069
377.825 1103
377.838 1087
377.852 1084
377.866 1136
377.879 1099
377.893 1124
377.907 1112
377.920 1127
377.934 1112
377.948 1083
377.961 1064
377.975 1140
377.989 1128
378.002 1104
378.016 1116
378.030 1118
378.044 1120
378.057 1147
378.071 1131
378.085 1131
378.098 1136
378.112 1124
378.126 1124
378.139 1141
378.153 1150
378.167 1141
378.180 1124
378.194 1139
378.208 1138
378.221 1153
378.235 1139
378.249 1154
378.262 1178
378.276 1174
378.290 1155
378.303 1173
378.317 1156
378.331 1172
378.344 1161
378.358 1150
378.372 1173
378.385 1155
378.399 1196
378.413 1186
378.426 1185
378.440 1192
378.454 1181
378.467 1198
378.481 1200
378.495 1182
378.508 1202
378.522 1192
378.536 1232
378.549 1189
378.563 1213
378.577 1240
378.590 1248
378.604 1235
378.618 1212
378.631 1218
378.645 1216
378.659 1242
378.672 1240
378.686 1247
378.700 1234
378.713 1221
378.727 1251
378.740 1241
378.754 1221
378.768 1261
378.781 1281
378.795 1273
378.809 1274
378.822 1260
378.836 1294
378.850 1234
378.863 1292
378.877 1271
378.891 1276
378.904 1298
378.918 1252
378.932 1294
378.945 1275
378.959 1268
378.973 1281
378.986 1288
379.000 1313
379.014 1308
379.027 1301
379.041 1315
379.054 1328
379.068 1304
379.082 1331
379.095 1309
379.109 1311
379.123 1339
379.136 1333
379.150 1306
379.164 1370
379.177 1326
379.191 1350
379.205 1362
379.218 1365
379.232 1346
379.245 1358
379.259 1358
379.273 1355
379.286 1384
379.300 1374
379.314 1419
379.327 1399
379.341 1384
379.355 1398
379.368 1419
379.382 1429
379.396 1421
379.409 1423
379.423 1411
379.436 1451
379.450 1518
379.464 1451
379.477 1486
379.491 1474
379.505 1479
379.518 1491
379.532 1481
379.546 1526
379.559 1523
379.573 1509
379.586 1505
379.600 1527
379.614 1569
379.627 1596
379.641 1564
379.655 1557
379.668 1557
379.682 1605
379.695 1614
379.709 1616
379.723 1634
379.736 1642
379.750 1669
379.764 1698
379.777 1695
379.791 1742
379.804 1739
379.818 1739
379.832 1740
379.845 1714
379.859 1736
379.873 1755
379.886 1763
379.900 1756
379.913 1848
379.927 1838
379.941 1830
379.954 1934
379.968 1931
379.982 1962
379.995 1903
380.009 1963
380.022 1950
380.036 1993
380.050 1980
380.063 1993
380.077 2061
380.090 2083
380.104 2061
380.118 2101
380.131 2132
380.145 2193
380.159 2222
380.172 2254
380.186 2294
380.199 2255
380.213 2364
380.227 2351
380.240 2352
380.254 2359
380.267 2367
380.281 2427
380.295 2466
380.308 2520
380.322 2542
380.336 2560
380.349 2562
380.363 2667
380.376 2705
380.390 2726
380.404 2732
380.417 2789
380.431 2731
380.444 2830
380.458 2868
380.472 2886
380.485 2854
380.499 2942
380.512 2971
380.526 2981
380.540 3008
380.553 3065
380.567 3116
380.580 3126
380.594 3186
380.608 3186
380.621 3268
380.635 3277
380.648 3324
380.662 3384
380.676 3444
380.689 3489
380.703 3526
380.716 3463
380.730 3605
380.744 3629
380.757 3671
380.771 3715
380.784 3780
380.798 3834
380.812 3810
380.825 3877
380.839 4033
380.852 4142
380.866 4113
380.880 4204
380.893 4094
380.907 4258
380.920 4286
380.934 4323
380.948 4440
380.961 4469
380.975 4578
380.988 4521
381.002 4572
381.015 4566
381.029 4616
381.043 4605
381.056 4712
381.070 4836
381.083 4780
381.097 4835
381.111 4903
381.124 5022
381.138 5175
381.151 5153
381.165 5183
381.179 5301
381.192 5187
381.206 5240
381.219 5284
381.233 5326
381.246 5432
381.260 5446
381.274 5490
381.287 5544
381.301 5559
381.314 5613
381.328 5601
381.341 5785
381.355 5699
381.369 5756
381.382 5815
381.396 5815
381.409 5899
381.423 6037
381.437 6120
381.450 6257
381.464 6272
381.477 6290
381.491 6330
381.504 6232
381.518 6352
381.532 6423
381.545 6580
381.559 6648
381.572 6753
381.586 6768
381.599 6790
381.613 6807
381.627 6931
381.640 6975
381.654 6983
381.667 7058
381.681 7087
381.694 6968
381.708 7000
381.722 6974
381.735 6966
381.749 7055
381.762 7188
381.776 7134
381.789 7168
381.803 7219
381.817 7286
381.830 7382
381.844 7389
381.857 7422
381.871 7341
381.884 7553
381.898 7673
381.911 7682
381.925 7658
381.939 7806
381.952 7837
381.966 7979
381.979 7982
381.993 8053
382.006 8107
382.020 8271
382.034 8277
382.047 8264
382.061 8303
382.074 8317
382.088 8304
382.101 8446
382.115 8460
382.128 8452
382.142 8610
382.156 8746
382.169 8941
382.183 8912
382.196 8943
382.210 9089
382.223 9040
382.237 9047
382.250 9299
382.264 9175
382.278 9216
382.291 9354
382.305 9401
382.318 9535
382.332 9518
382.345 9661
382.359 9528
382.372 9679
382.386 9717
382.399 9796
382.413 9894
382.427 10018
382.440 10153
382.454 10233
382.467 10308
382.481 10414
382.494 10903
382.508 10944
382.521 11132
382.535 11021
382.548 11136
382.562 11150
382.576 11187
382.589 11306
382.603 11397
382.616 11505
382.630 11626
382.643 11758
382.657 11910
382.670 12067
382.684 12153
382.697 11961
382.711 12101
382.724 12322
382.738 12352
382.752 12385
382.765 12496
382.779 12622
382.792 12716
382.806 12900
382.819 12978
382.833 13195
382.846 13302
382.860 13476
382.873 13714
382.887 13740
382.900 13938
382.914 14319
382.928 14540
382.941 14639
382.955 14648
382.968 15006
382.982 15165
382.995 15246
383.009 15513
383.022 15348
383.036 15769
383.049 15839
383.063 16018
383.076 16239
383.090 16328
383.103 16047
383.117 16379
383.130 16389
383.144 16622
383.158 16845
383.171 17012
383.185 17281
383.198 17555
383.212 17942
383.225 18107
383.239 18456
383.252 18835
383.266 18948
383.279 19034
383.293 19289
383.306 19252
383.320 19600
383.333 20016
383.347 20343
383.360 20226
383.374 20011
383.387 20265
383.401 20637
383.414 20719
383.428 20894
383.441 21241
383.455 21085
383.468 21056
383.482 21154
383.496 21486
383.509 21598
383.523 21805
383.536 21806
383.550 21781
383.563 22112
383.577 22309
383.590 22286
383.604 22511
383.617 22638
383.631 22566
383.644 22749
383.658 22659
383.671 23156
383.685 23196
383.698 23439
383.712 23657
383.725 23987
383.739 23652
383.752 23711
383.766 23599
383.779 23620
383.793 23635
383.806 23975
383.820 24093
383.833 24305
383.847 24204
383.860 24461
383.874 24538
383.887 24342
383.901 24639
383.914 24670
383.928 24953
383.941 24909
383.955 24757
383.968 24732
383.982 24802
383.995 24793
384.009 24873
384.022 24990
384.036 25079
384.049 24996
384.063 25580
384.076 26106
384.090 26258
384.103 26308
384.117 26560
384.130 26170
384.144 25697
384.157 25318
384.171 25392
384.184 25362
384.198 25074
384.211 25367
384.225 25165
384.238 25879
384.252 26048
384.265 26160
384.279 25730
384.292 25858
384.306 25469
384.319 25342
384.333 24773
384.346 24263
384.360 24334
384.373 24115
384.387 23864
384.400 23770
384.414 23556
384.427 23350
384.441 23033
384.454 22677
384.468 22362
384.481 21863
384.495 21711
384.508 21264
384.522 21030
384.535 20654
384.549 19905
384.562 19667
384.575 19324
384.589 18843
384.602 18653
384.616 18444
384.629 17737
384.643 17259
384.656 16775
384.670 16033
384.683 15574
384.697 15027
384.710 14405
384.724 14236
384.737 13614
384.751 13232
384.764 12885
384.778 12485
384.791 12294
384.805 11792
384.818 11461
384.832 11041
384.845 10691
384.859 10199
384.872 10032
384.885 9629
384.899 9411
384.912 9012
384.926 8834
384.939 8531
384.953 8146
384.966 8110
384.980 7980
384.993 7693
385.007 7422
385.020 7267
385.034 7071
385.047 6888
385.061 6677
385.074 6608
385.088 6421
385.101 6405
385.114 6177
385.128 6093
385.141 5946
385.155 5779
385.168 5740
385.182 5737
385.195 5711
385.209 5591
385.222 5503
385.236 5398
385.249 5271
385.263 5111
385.276 5076
385.290 4991
385.303 4824
385.316 4851
385.330 4737
385.343 4790
385.357 4655
385.370 4464
385.384 4464
385.397 4420
385.411 4396
385.424 4210
385.438 4237
385.451 4166
385.464 4145
385.478 4119
385.491 4055
385.505 3969
385.518 3970
385.532 3947
385.545 3783
385.559 3719
385.572 3771
385.586 3696
385.599 3679
385.612 3642
385.626 3651
385.639 3571
385.653 3611
385.666 3562
385.680 3489
385.693 3465
385.707 3444
385.720 3441
385.734 3398
385.747 3320
385.760 3270
385.774 3262
385.787 3191
385.801 3200
385.814 3090
385.828 3091
385.841 3052
385.855 3027
385.868 3023
385.881 2992
385.895 2993
385.908 2983
385.922 3043
385.935 2969
385.949 2880
385.962 2865
385.976 2806
385.989 2864
386.002 2839
386.016 2853
386.029 2802
386.043 2817
386.056 2761
386.070 2695
386.083 2713
386.097 2705
386.110 2698
386.123 2698
386.137 2717
386.150 2711
386.164 2676
386.177 2635
386.191 2624
386.204 2616
386.217 2482
386.231 2561
386.244 2551
386.258 2525
386.271 2510
386.285 2510
386.298 2482
386.311 2482
386.325 2467
386.338 2437
386.352 2423
386.365 2429
386.379 2418
386.392 2367
386.405 2411
386.419 2349
386.432 2357
386.446 2360
386.459 2384
386.473 2382
386.486 2318
386.499 2322
386.513 2311
386.526 2289
386.540 2283
386.553 2263
386.567 2264
386.580 2229
386.593 2274
386.607 2206
386.620 2257
386.634 2224
386.647 2214
386.661 2167
386.674 2163
386.687 2122
386.701 2143
386.714 2172
386.728 2133
386.741 2108
386.754 2152
386.768 2133
386.781 2131
386.795 2044
386.808 2037
386.822 2025
386.835 2051
386.848 2042
386.862 2020
386.875 1994
386.889 1968
386.902 1958
386.915 1993
386.929 1970
386.942 1974
386.956 1968
386.969 1905
386.983 1910
386.996 1907
387.009 1901
387.023 1897
387.036 1879
387.050 1886
387.063 1872
387.076 1836
387.090 1850
387.103 1861
387.117 1813
387.130 1809
387.143 1816
387.157 1763
387.170 1852
387.184 1840
387.197 1825
387.210 1804
387.224 1812
387.237 1747
387.251 1752
387.264 1781
387.278 1705
387.291 1711
387.304 1754
387.318 1718
387.331 1716
387.345 1655
387.358 1669
387.371 1692
387.385 1674
387.398 1655
387.412 1608
387.425 1635
387.438 1636
387.452 1580
387.465 1579
387.478 1544
387.492 1551
387.505 1577
387.519 1573
387.532 1614
387.545 1570
387.559 1620
387.572 1577
387.586 1515
387.599 1534
387.612 1529
387.626 1566
387.639 1539
387.653 1519
387.666 1478
387.679 1469
387.693 1485
387.706 1437
387.720 1453
387.733 1488
387.746 1466
387.760 1438
387.773 1462
387.787 1451
387.800 1444
387.813 1422
387.827 1420
387.840 1424
387.853 1407
387.867 1375
387.880 1434
387.894 1401
387.907 1390
387.920 1390
387.934 1377
387.947 1333
387.961 1344
387.974 1334
387.987 1329
388.001 1270
388.014 1309
388.027 1320
388.041 1314
388.054 1280
388.068 1292
388.081 1291
388.094 1275
388.108 1245
388.121 1244
388.134 1267
388.148 1253
388.161 1233
388.175 1235
388.188 1215
388.201 1168
388.215 1235
388.228 1218
388.241 1214
388.255 1215
388.268 1204
388.282 1184
388.295 1201
388.308 1201
388.322 1169
388.335 1170
388.348 1176
388.362 1179
388.375 1186
388.389 1194
388.402 1187
388.415 1189
388.429 1200
388.442 1170
388.455 1170
388.469 1176
388.482 1159
388.495 1143
388.509 1164
388.522 1175
388.536 1179
388.549 1151
388.562 1155
388.576 1157
388.589 1134
388.602 1164
388.616 1151
388.629 1136
388.642 1096
388.656 1139
388.669 1171
388.683 1142
388.696 1158
388.709 1114
388.723 1130
388.736 1123
388.749 1164
388.763 1127
388.776 1154
388.789 1153
388.803 1113
388.816 1113
388.829 1124
388.843 1104
388.856 1118
388.870 1120
388.883 1106
388.896 1120
388.910 1118
388.923 1101
388.936 1128
388.950 1110
388.963 1117
388.976 1115
388.990 1120
389.003 1093
389.016 1119
389.030 1094
389.043 1124
389.056 1118
389.070 1098
389.083 1080
389.097 1125
389.110 1091
389.123 1066
389.137 1104
389.150 1077
389.163 1093
389.177 1092
389.190 1090
389.203 1070
389.217 1102
389.230 1070
389.243 1088
389.257 1060
389.270 1079
389.283 1078
389.297 1084
389.310 1093
389.323 1068
389.337 1074
389.350 1081
389.363 1066
389.377 1065
389.390 1074
389.403 1051
389.417 1087
389.430 1070
389.443 1075
389.457 1065
389.470 1074
389.483 1078
389.497 1076
389.510 1063
389.523 1053
389.537 1058
389.550 1042
389.563 1071
389.577 1053
389.590 1068
389.603 1022
389.617 1042
389.630 1059
389.643 1053
389.657 1061
389.670 1033
389.683 1052
389.697 1046
389.710 1029
389.723 1028
389.737 1045
389.750 1025
389.763 1002
389.777 1053
389.790 1026
389.803 1047
389.817 1024
389.830 1017
389.843 1014
389.857 995
389.870 1005
389.883 984
389.897 1020
389.910 1001
389.923 994
389.937 981
389.950 1020
389.963 1005
389.977 997
389.990 1001
390.003 997
390.017 1016
390.030 1022
390.043 981
390.057 972
390.070 981
390.083 950
390.096 976
390.110 983
390.123 974
390.136 957
390.150 957
390.163 959
390.176 938
390.190 951
390.203 925
390.216 948
390.230 935
390.243 947
390.256 934
390.270 920
390.283 944
390.296 914
390.310 928
390.323 931
390.336 897
390.349 893
390.363 912
390.376 911
390.389 913
390.403 909
390.416 921
390.429 911
390.443 905
390.456 899
390.469 906
390.483 891
390.496 883
390.509 890
390.522 862
390.536 881
390.549 876
390.562 884
390.576 884
390.589 869
390.602 852
390.616 859
390.629 839
390.642 841
390.655 843
390.669 861
390.682 831
390.695 847
390.709 835
390.722 823
390.735 826
390.749 812
390.762 825
390.775 830
390.788 804
390.802 830
390.815 826
390.828 797
390.842 806
390.855 819
390.868 800
390.882 795
390.895 792
390.908 802
390.921 783
390.935 806
390.948 784
390.961 772
390.975 807
390.988 767
391.001 766
391.014 791
391.028 777
391.041 773
391.054 767
391.068 786
391.081 779
391.094 756
391.107 770
391.121 757
391.134 770
391.147 755
391.161 760
391.174 748
391.187 750
391.200 760
391.214 744
391.227 745
391.240 737
391.254 752
391.267 748
391.280 749
391.293 749
391.307 735
391.320 745
391.333 749
391.347 740
391.360 730
391.373 734
391.386 739
391.400 756
391.413 743
391.426 734
391.440 738
391.453 733
391.466 737
391.479 713
391.493 732
391.506 735
391.519 727
391.532 707
391.546 726
391.559 730
391.572 730
391.586 734
391.599 719
391.612 714
391.625 708
391.639 715
391.652 731
391.665 717
391.678 718
391.692 708
391.705 706
391.718 711
391.732 711
391.745 713
391.758 730
391.771 712
391.785 720
391.798 722
391.811 716
391.824 721
391.838 706
391.851 709
391.864 715
391.877 690
391.891 709
391.904 711
391.917 724
391.931 720
391.944 704
391.957 714
391.970 716
391.984 704
391.997 712
392.010 707
392.023 722
392.037 720
392.050 712
392.063 713
392.076 710
392.090 713
392.103 705
392.116 701
392.129 700
392.143 703
392.156 694
392.169 717
392.182 705
392.196 713
392.209 689
392.222 692
392.235 709
392.249 705
392.262 697
392.275 699
392.288 699
392.302 701
392.315 703
392.328 704
392.341 694
392.355 709
392.368 691
392.381 693
392.394 704
392.408 704
392.421 689
392.434 696
392.447 688
392.461 702
392.474 704
392.487 693
392.500 701
392.514 692
392.527 703
392.540 696
392.553 692
392.567 683
392.580 685
392.593 685
392.606 702
392.620 696
392.633 688
392.646 694
392.659 696
392.673 690
392.686 697
392.699 687
392.712 700
392.726 690
392.739 702
392.752 678
392.765 694
392.778 693
392.792 689
392.805 686
392.818 687
392.831 678
392.845 694
392.858 690
392.871 690
392.884 678
392.898 687
392.911 690
392.924 690
392.937 697
392.951 684
392.964 692
392.977 682
392.990 694
393.003 687
393.017 685
393.030 678
393.043 693
393.056 684
393.070 690
393.083 703
393.096 676
393.109 686
393.122 693
393.136 688
393.149 681
393.162 683
393.175 684
393.189 661
393.202 677
393.215 676
393.228 683
393.242 679
393.255 682
393.268 676
393.281 678
393.294 689
393.308 668
393.321 682
393.334 689
393.347 686
393.360 672
393.374 693
393.387 694
393.400 679
393.413 676
393.427 686
393.440 660
393.453 661
393.466 666
393.479 690
393.493 674
393.506 676
393.519 689
393.532 668
393.546 684
393.559 682
393.572 672
393.585 679
393.598 680
393.612 683
393.625 671
393.638 683
393.651 671
393.664 687
393.678 671
393.691 678
393.704 679
393.717 673
393.730 677
393.744 675
393.757 689
393.770 663
393.783 682
393.796 671
393.810 671
393.823 680
393.836 659
393.849 665
393.863 686
393.876 668
393.889 675
393.902 678
393.915 661
393.929 676
