375.891 730
375.905 729
375.919 730
375.933 743
375.946 722
375.960 745
375.974 724
375.987 734
376.001 727
376.015 719
376.029 732
376.042 733
376.056 748
376.070 750
376.084 753
376.097 744
376.111 757
376.125 739
376.139 765
376.152 756
376.166 770
376.180 751
376.193 763
376.207 772
376.221 759
376.235 781
376.248 784
376.262 750
376.276 768
376.290 772
376.303 781
376.317 767
376.331 776
376.345 777
376.358 785
376.372 787
376.386 806
376.399 785
376.413 781
376.427 812
376.441 795
376.454 801
376.468 799
376.482 804
376.495 793
376.509 797
376.523 815
376.537 792
376.550 822
376.564 834
376.578 813
376.592 819
376.605 843
376.619 821
376.633 817
376.646 841
376.660 841
376.674 831
376.688 837
376.701 845
376.715 831
376.729 860
376.742 834
376.756 854
376.770 839
376.784 882
376.797 869
376.811 857
376.825 896
376.838 877
376.852 886
376.866 879
376.880 885
376.893 876
376.907 875
376.921 895
376.934 900
376.948 905
376.962 916
376.976 896
376.989 910
377.003 904
377.017 903
377.030 925
377.044 923
377.058 927
377.071 935
377.085 948
377.099 952
377.113 943
377.126 969
377.140 960
377.154 948
377.167 961
377.181 937
377.195 960
377.208 941
377.222 979
377.236 961
377.250 969
377.263 991
377.277 1001
377.291 1023
377.304 1012
377.318 1001
377.332 1007
377.345 990
377.359 1011
377.373 991
377.387 1025
377.400 1025
377.414 1006
377.428 1038
377.441 1029
377.455 1029
377.469 1033
377.482 1036
377.496 1046
377.510 1022
377.524 1066
377.537 1047
377.551 1051
377.565 1072
377.578 1085
377.592 1072
377.606 1058
377.619 1056
377.633 1056
377.647 1074
377.660 1070
377.674 1078
377.688 1079
377.701 1085
377.715 1081
377.729 1092
377.743 1098
377.756 1084
377.770 1098
377.784 1109
377.797 1124
377.811 1078
377.825 1106
377.838 1115
377.852 1075
377.866 1113
377.879 1116
377.893 1134
377.907 1122
377.920 1145
377.934 1102
377.948 1120
377.961 1116
377.975 1137
377.989 1120
378.002 1130
378.016 1150
378.030 1159
378.044 1142
378.057 1167
378.071 1145
378.085 1134
378.098 1125
378.112 1160
378.126 1158
378.139 1166
378.153 1163
378.167 1146
378.180 1158
378.194 1151
378.208 1162
378.221 1172
378.235 1176
378.249 1140
378.262 1150
378.276 1165
378.290 1196
378.303 1158
378.317 1163
378.331 1163
378.344 1178
378.358 1208
378.372 1184
378.385 1203
378.399 1197
378.413 1217
378.426 1202
378.440 1202
378.454 1210
378.467 1206
378.481 1212
378.495 1231
378.508 1221
378.522 1182
378.536 1225
378.549 1221
378.563 1242
378.577 1250
378.590 1232
378.604 1234
378.618 1264
378.631 1253
378.645 1242
378.659 1257
378.672 1271
378.686 1280
378.700 1276
378.713 1277
378.727 1255
378.740 1260
378.754 1248
378.768 1288
378.781 1288
378.795 1264
378.809 1306
378.822 1281
378.836 1263
378.850 1262
378.863 1231
378.877 1287
378.891 1323
378.904 1294
378.918 1313
378.932 1316
378.945 1324
378.959 1309
378.973 1292
378.986 1333
379.000 1298
379.014 1334
379.027 1320
379.041 1319
379.054 1316
379.068 1340
379.082 1308
379.095 1341
379.109 1332
379.123 1367
379.136 1317
379.150 1341
379.164 1349
379.177 1362
379.191 1347
379.205 1365
379.218 1382
379.232 1394
379.245 1344
379.259 1377
379.273 1385
379.286 1378
379.300 1426
379.314 1422
379.327 1380
379.341 1396
379.355 1432
379.368 1431
379.382 1466
379.396 1434
379.409 1465
379.423 1476
379.436 1436
379.450 1509
379.464 1499
379.477 1498
379.491 1494
379.505 1517
379.518 1509
379.532 1553
379.546 1498
379.559 1529
379.573 1529
379.586 1558
379.600 1607
379.614 1601
379.627 1576
379.641 1604
379.655 1603
379.668 1595
379.682 1620
379.695 1642
379.709 1640
379.723 1605
379.736 1682
379.750 1685
379.764 1704
379.777 1730
379.791 1722
379.804 1751
379.818 1768
379.832 1779
379.845 1740
379.859 1749
379.873 1803
379.886 1851
379.900 1839
379.913 1867
379.927 1813
379.941 1871
379.954 1929
379.968 1945
379.982 1959
379.995 1994
380.009 2003
380.022 1995
380.036 2016
380.050 2009
380.063 2071
380.077 2144
380.090 2151
380.104 2137
380.118 2143
380.131 2180
380.145 2179
380.159 2295
380.172 2223
380.186 2301
380.199 2334
380.213 2399
380.227 2376
380.240 2407
380.254 2443
380.267 2442
380.281 2537
380.295 2523
380.308 2547
380.322 2539
380.336 2640
380.349 2675
380.363 2682
380.376 2705
380.390 2706
380.404 2759
380.417 2790
380.431 2859
380.444 2850
380.458 2836
380.472 2905
380.485 2978
380.499 3022
380.512 3001
380.526 3013
380.540 3120
380.553 3101
380.567 3163
380.580 3211
380.594 3268
380.608 3300
380.621 3339
380.635 3337
380.648 3414
380.662 3395
380.676 3515
380.689 3573
380.703 3539
380.716 3578
380.730 3651
380.744 3706
380.757 3734
380.771 3753
380.784 3879
380.798 3940
380.812 3927
380.825 4010
380.839 4114
380.852 4093
380.866 4195
380.880 4325
380.893 4172
380.907 4320
380.920 4357
380.934 4452
380.948 4464
380.961 4492
380.975 4629
380.988 4660
381.002 4546
381.015 4635
381.029 4789
381.043 4903
381.056 4813
381.070 4912
381.083 4989
381.097 4937
381.111 4969
381.124 5122
381.138 5228
381.151 5177
381.165 5284
381.179 5352
381.192 5263
381.206 5315
381.219 5414
381.233 5373
381.246 5508
381.260 5435
381.274 5655
381.287 5591
381.301 5678
381.314 5677
381.328 5780
381.341 5746
381.355 5822
381.369 5875
381.382 6051
381.396 5971
381.409 6069
381.423 6194
381.437 6247
381.450 6336
381.464 6344
381.477 6449
381.491 6558
381.504 6460
381.518 6510
381.532 6570
381.545 6544
381.559 6727
381.572 6821
381.586 6829
381.599 6920
381.613 6943
381.627 7133
381.640 7121
381.654 7167
381.667 7296
381.681 7190
381.694 7255
381.708 7124
381.722 7149
381.735 7190
381.749 7329
381.762 7322
381.776 7342
381.789 7411
381.803 7317
381.817 7525
381.830 7457
381.844 7625
381.857 7702
381.871 7743
381.884 7774
381.898 7822
381.911 7936
381.925 7954
381.939 7993
381.952 8093
381.966 8111
381.979 8108
381.993 8311
382.006 8406
382.020 8494
382.034 8389
382.047 8522
382.061 8534
382.074 8522
382.088 8570
382.101 8711
382.115 8780
382.128 8659
382.142 8860
382.156 8998
382.169 9188
382.183 9143
382.196 9174
382.210 9147
382.223 9280
382.237 9356
382.250 9344
382.264 9633
382.278 9533
382.291 9810
382.305 9739
382.318 9904
382.332 10013
382.345 9911
382.359 9967
382.372 10002
382.386 10144
382.399 10293
382.413 10181
382.427 10398
382.440 10596
382.454 10663
382.467 10793
382.481 10835
382.494 11190
382.508 11392
382.521 11499
382.535 11701
382.548 11549
382.562 11668
382.576 11759
382.589 11816
382.603 11962
382.616 11894
382.630 12080
382.643 12295
382.657 12468
382.670 12665
382.684 12635
382.697 12542
382.711 12641
382.724 13046
382.738 12867
382.752 12964
382.765 13148
382.779 13168
382.792 13552
382.806 13673
382.819 13741
382.833 13868
382.846 13924
382.860 14190
382.873 14376
382.887 14527
382.900 14565
382.914 15008
382.928 14973
382.941 15402
382.955 15689
382.968 15788
382.982 15915
382.995 16280
383.009 16200
383.022 16390
383.036 16677
383.049 16804
383.063 17080
383.076 17236
383.090 17095
383.103 17293
383.117 17596
383.130 17537
383.144 17576
383.158 17918
383.171 18134
383.185 18331
383.198 18782
383.212 19103
383.225 19181
383.239 19888
383.252 19905
383.266 20097
383.279 20481
383.293 20681
383.306 20815
383.320 20962
383.333 21453
383.347 21633
383.360 21602
383.374 21628
383.387 21771
383.401 22166
383.414 22341
383.428 22212
383.441 22485
383.455 22863
383.468 22642
383.482 22707
383.496 23150
383.509 23180
383.523 23404
383.536 23483
383.550 23640
383.563 23995
383.577 24023
383.590 24286
383.604 24348
383.617 24402
383.631 24383
383.644 24536
383.658 24892
383.671 25147
383.685 25341
383.698 25707
383.712 25803
383.725 26078
383.739 25965
383.752 25793
383.766 25980
383.779 25821
383.793 25927
383.806 26218
383.820 26698
383.833 26518
383.847 26720
383.860 26829
383.874 26793
383.887 26797
383.901 26996
383.914 27275
383.928 27149
383.941 26938
383.955 27047
383.968 27338
383.982 27417
383.995 27562
384.009 27522
384.022 27497
384.036 27831
384.049 27792
384.063 28051
384.076 28969
384.090 28763
384.103 29295
384.117 29303
384.130 29066
384.144 28298
384.157 28284
384.171 28414
384.184 28107
384.198 28328
384.211 28077
384.225 27934
384.238 28911
384.252 29074
384.265 28854
384.279 29001
384.292 28675
384.306 28709
384.319 28547
384.333 27875
384.346 27497
384.360 27488
384.373 26933
384.387 26997
384.400 26586
384.414 26253
384.427 26093
384.441 25967
384.454 25456
384.468 25165
384.481 24583
384.495 24424
384.508 23925
384.522 23610
384.535 22966
384.549 22657
384.562 22010
384.575 21467
384.589 21368
384.602 21076
384.616 20657
384.629 19793
384.643 19310
384.656 18725
384.670 18135
384.683 17229
384.697 16755
384.710 16198
384.724 15603
384.737 15122
384.751 14661
384.764 14235
384.778 13808
384.791 13357
384.805 13088
384.818 12609
384.832 11934
384.845 11670
384.859 11215
384.872 10903
384.885 10352
384.899 10173
384.912 9894
384.926 9565
384.939 9204
384.953 8981
384.966 8756
384.980 8423
384.993 8333
385.007 8130
385.020 7749
385.034 7497
385.047 7284
385.061 7138
385.074 6867
385.088 6825
385.101 6612
385.114 6499
385.128 6294
385.141 6272
385.155 6138
385.168 6116
385.182 6094
385.195 6042
385.209 5884
385.222 5714
385.236 5583
385.249 5505
385.263 5429
385.276 5316
385.290 5231
385.303 5196
385.316 4999
385.330 4962
385.343 4994
385.357 4850
385.370 4769
385.384 4678
385.397 4608
385.411 4520
385.424 4508
385.438 4449
385.451 4365
385.464 4380
385.478 4331
385.491 4243
385.505 4188
385.518 4142
385.532 4147
385.545 4030
385.559 4002
385.572 3899
385.586 3925
385.599 3871
385.612 3871
385.626 3812
385.639 3815
385.653 3794
385.666 3705
385.680 3715
385.693 3657
385.707 3668
385.720 3522
385.734 3604
385.747 3466
385.760 3456
385.774 3458
385.787 3349
385.801 3287
385.814 3312
385.828 3191
385.841 3247
385.855 3238
385.868 3180
385.881 3232
385.895 3133
385.908 3055
385.922 3083
385.935 3102
385.949 3044
385.962 3027
385.976 3043
385.989 3025
386.002 2989
386.016 2952
386.029 2969
386.043 2934
386.056 2938
386.070 2858
386.083 2815
386.097 2836
386.110 2806
386.123 2868
386.137 2809
386.150 2862
386.164 2826
386.177 2690
386.191 2711
386.204 2762
386.217 2718
386.231 2684
386.244 2715
386.258 2686
386.271 2665
386.285 2626
386.298 2580
386.311 2611
386.325 2624
386.338 2603
386.352 2592
386.365 2600
386.379 2517
386.392 2535
386.405 2539
386.419 2456
386.432 2539
386.446 2485
386.459 2502
386.473 2451
386.486 2429
386.499 2420
386.513 2450
386.526 2454
386.540 2397
386.553 2366
386.567 2381
386.580 2339
386.593 2322
386.607 2361
386.620 2345
386.634 2278
386.647 2357
386.661 2306
386.674 2314
386.687 2278
386.701 2254
386.714 2226
386.728 2218
386.741 2227
386.754 2185
386.768 2181
386.781 2201
386.795 2182
386.808 2167
386.822 2157
386.835 2163
386.848 2135
386.862 2088
386.875 2144
386.889 2074
386.902 2114
386.915 2126
386.929 2080
386.942 2050
386.956 2021
386.969 2004
386.983 2025
386.996 2010
387.009 1996
387.023 1947
387.036 2011
387.050 1936
387.063 1972
387.076 1931
387.090 1915
387.103 1964
387.117 1938
387.130 1910
387.143 1877
387.157 1936
387.170 1909
387.184 1904
387.197 1832
387.210 1864
387.224 1854
387.237 1855
387.251 1862
387.264 1772
387.278 1817
387.291 1820
387.304 1866
387.318 1816
387.331 1784
387.345 1763
387.358 1759
387.371 1749
387.385 1709
387.398 1754
387.412 1680
387.425 1689
387.438 1674
387.452 1681
387.465 1646
387.478 1644
387.492 1639
387.505 1611
387.519 1628
387.532 1676
387.545 1634
387.559 1649
387.572 1620
387.586 1612
387.599 1603
387.612 1564
387.626 1557
387.639 1565
387.653 1604
387.666 1523
387.679 1541
387.693 1545
387.706 1519
387.720 1507
387.733 1515
387.746 1510
387.760 1510
387.773 1459
387.787 1454
387.800 1488
387.813 1463
387.827 1471
387.840 1441
387.853 1457
387.867 1444
387.880 1410
387.894 1454
387.907 1486
387.920 1430
387.934 1432
387.947 1430
387.961 1409
387.974 1410
387.987 1376
388.001 1367
388.014 1350
388.027 1350
388.041 1352
388.054 1346
388.068 1316
388.081 1316
388.094 1346
388.108 1313
388.121 1308
388.134 1244
388.148 1288
388.161 1262
388.175 1268
388.188 1262
388.201 1255
388.215 1226
388.228 1249
388.241 1246
388.255 1219
388.268 1221
388.282 1216
388.295 1265
388.308 1226
388.322 1214
388.335 1211
388.348 1206
388.362 1201
388.375 1214
388.389 1225
388.402 1239
388.415 1189
388.429 1247
388.442 1194
388.455 1208
388.469 1222
388.482 1222
388.495 1187
388.509 1224
388.522 1199
388.536 1210
388.549 1206
388.562 1175
388.576 1148
388.589 1187
388.602 1192
388.616 1183
388.629 1154
388.642 1193
388.656 1172
388.669 1161
388.683 1203
388.696 1203
388.709 1170
388.723 1199
388.736 1144
388.749 1178
388.763 1179
388.776 1188
388.789 1152
388.803 1168
388.816 1158
388.829 1146
388.843 1148
388.856 1142
388.870 1115
388.883 1173
388.896 1166
388.910 1143
388.923 1149
388.936 1164
388.950 1142
388.963 1138
388.976 1125
388.990 1127
389.003 1138
389.016 1136
389.030 1141
389.043 1138
389.056 1148
389.070 1144
389.083 1118
389.097 1137
389.110 1141
389.123 1108
389.137 1128
389.150 1100
389.163 1148
389.177 1134
389.190 1087
389.203 1119
389.217 1125
389.230 1123
389.243 1100
389.257 1097
389.270 1116
389.283 1094
389.297 1120
389.310 1118
389.323 1106
389.337 1103
389.350 1146
389.363 1127
389.377 1107
389.390 1097
389.403 1095
389.417 1118
389.430 1070
389.443 1114
389.457 1101
389.470 1075
389.483 1112
389.497 1086
389.510 1115
389.523 1094
389.537 1064
389.550 1117
389.563 1092
389.577 1065
389.590 1085
389.603 1074
389.617 1081
389.630 1086
389.643 1071
389.657 1063
389.670 1078
389.683 1084
389.697 1025
389.710 1045
389.723 1040
389.737 1076
389.750 1079
389.763 1048
389.777 1057
389.790 1062
389.803 1051
389.817 1038
389.830 1037
389.843 1010
389.857 1040
389.870 1015
389.883 1004
389.897 1052
389.910 1024
389.923 1028
389.937 1044
389.950 1063
389.963 1026
389.977 1042
389.990 1036
390.003 1001
390.017 1031
390.030 1012
390.043 1024
390.057 1016
390.070 1004
390.083 1010
390.096 998
390.110 985
390.123 976
390.136 981
390.150 968
390.163 980
390.176 983
390.190 978
390.203 972
390.216 968
390.230 945
390.243 954
390.256 958
390.270 956
390.283 966
390.296 926
390.310 983
390.323 962
390.336 952
390.349 955
390.363 947
390.376 934
390.389 960
390.403 946
390.416 944
390.429 942
390.443 919
390.456 935
390.469 907
390.483 904
390.496 906
390.509 901
390.522 898
390.536 868
390.549 878
390.562 897
390.576 887
390.589 896
390.602 898
390.616 860
390.629 866
390.642 883
390.655 866
390.669 866
390.682 850
390.695 848
390.709 845
390.722 863
390.735 830
390.749 855
390.762 844
390.775 827
390.788 824
390.802 853
390.815 859
390.828 813
390.842 836
390.855 815
390.868 811
390.882 822
390.895 815
390.908 797
390.921 831
390.935 805
390.948 786
390.961 799
390.975 811
390.988 802
391.001 791
391.014 807
391.028 801
391.041 791
391.054 794
391.068 780
391.081 777
391.094 795
391.107 784
391.121 770
391.134 773
391.147 768
391.161 755
391.174 759
391.187 785
391.200 767
391.214 765
391.227 764
391.240 746
391.254 758
391.267 757
391.280 759
391.293 735
391.307 757
391.320 746
391.333 754
391.347 751
391.360 743
391.373 746
391.386 747
391.400 738
391.413 740
391.426 732
391.440 747
391.453 750
391.466 739
391.479 758
391.493 744
391.506 732
391.519 708
391.532 733
391.546 734
391.559 724
391.572 734
391.586 744
391.599 721
391.612 727
391.625 735
391.639 738
391.652 729
391.665 746
391.678 724
391.692 729
391.705 744
391.718 743
391.732 724
391.745 736
391.758 723
391.771 720
391.785 723
391.798 729
391.811 717
391.824 719
391.838 723
391.851 724
391.864 723
391.877 712
391.891 722
391.904 715
391.917 716
391.931 726
391.944 709
391.957 730
391.970 708
391.984 707
391.997 716
392.010 718
392.023 706
392.037 721
392.050 722
392.063 715
392.076 700
392.090 715
392.103 706
392.116 706
392.129 727
392.143 711
392.156 709
392.169 712
392.182 705
392.196 700
392.209 716
392.222 717
392.235 691
392.249 691
392.262 707
392.275 695
392.288 707
392.302 709
392.315 711
392.328 713
392.341 703
392.355 695
392.368 706
392.381 709
392.394 708
392.408 698
392.421 701
392.434 706
392.447 703
392.461 705
392.474 703
392.487 710
392.500 684
392.514 706
392.527 689
392.540 697
392.553 702
392.567 698
392.580 692
392.593 704
392.606 699
392.620 697
392.633 696
392.646 713
392.659 707
392.673 688
392.686 694
392.699 692
392.712 713
392.726 687
392.739 693
392.752 694
392.765 682
392.778 701
392.792 689
392.805 699
392.818 698
392.831 692
392.845 701
392.858 687
392.871 698
392.884 694
392.898 706
392.911 688
392.924 692
392.937 689
392.951 708
392.964 694
392.977 691
392.990 687
393.003 689
393.017 692
393.030 699
393.043 693
393.056 674
393.070 701
393.083 685
393.096 693
393.109 680
393.122 690
393.136 699
393.149 678
393.162 688
393.175 691
393.189 688
393.202 695
393.215 693
393.228 683
393.242 686
393.255 678
393.268 684
393.281 679
393.294 693
393.308 687
393.321 683
393.334 694
393.347 673
393.360 685
393.374 689
393.387 686
393.400 683
393.413 695
393.427 687
393.440 676
393.453 675
393.466 676
393.479 676
393.493 675
393.506 682
393.519 677
393.532 681
393.546 684
393.559 680
393.572 683
393.585 679
393.598 682
393.612 670
393.625 686
393.638 690
393.651 679
393.664 683
393.678 677
393.691 675
393.704 678
393.717 683
393.730 681
393.744 683
393.757 683
393.770 670
393.783 670
393.796 685
393.810 677
393.823 666
393.836 678
393.849 682
393.863 677
393.876 670
393.889 689
393.902 674
393.915 670
393.929 679
