375.891 708
375.905 711
375.919 724
375.933 702
375.946 719
375.960 712
375.974 727
375.987 739
376.001 722
376.015 741
376.029 737
376.042 735
376.056 725
376.070 734
376.084 742
376.097 749
376.111 738
376.125 751
376.139 741
376.152 734
376.166 748
376.180 749
376.193 757
376.207 755
376.221 752
376.235 739
376.248 758
376.262 758
376.276 766
376.290 759
376.303 760
376.317 772
376.331 768
376.345 755
376.358 772
376.372 770
376.386 786
376.399 776
376.413 778
376.427 778
376.441 794
376.454 798
376.468 784
376.482 780
376.495 791
376.509 785
376.523 798
376.537 788
376.550 793
376.564 804
376.578 815
376.592 816
376.605 813
376.619 807
376.633 837
376.646 812
376.660 832
376.674 827
376.688 831
376.701 829
376.715 839
376.729 815
376.742 850
376.756 832
376.770 844
376.784 828
376.797 848
376.811 853
376.825 821
376.838 857
376.852 847
376.866 866
376.880 863
376.893 873
376.907 872
376.921 868
376.934 869
376.948 885
376.962 880
376.976 858
376.989 909
377.003 864
377.017 896
377.030 900
377.044 897
377.058 919
377.071 909
377.085 912
377.099 910
377.113 926
377.126 914
377.140 919
377.154 927
377.167 932
377.181 937
377.195 944
377.208 945
377.222 964
377.236 960
377.250 963
377.263 972
377.277 970
377.291 1000
377.304 988
377.318 973
377.332 976
377.345 989
377.359 976
377.373 953
377.387 970
377.400 979
377.414 987
377.428 1005
377.441 979
377.455 999
377.469 1013
377.482 1003
377.496 1034
377.510 1012
377.524 1037
377.537 993
377.551 1019
377.565 1038
377.578 1010
377.592 1043
377.606 1034
377.619 1014
377.633 1006
377.647 1042
377.660 1041
377.674 1054
377.688 1049
377.701 1030
377.715 1054
377.729 1034
377.743 1091
377.756 1046
377.770 1069
377.784 1067
377.797 1063
377.811 1084
377.825 1070
377.838 1071
377.852 1048
377.866 1094
377.879 1092
377.893 1075
377.907 1098
377.920 1120
377.934 1107
377.948 1084
377.961 1087
377.975 1108
377.989 1106
378.002 1090
378.016 1073
378.030 1093
378.044 1105
378.057 1128
378.071 1141
378.085 1124
378.098 1138
378.112 1128
378.126 1121
378.139 1102
378.153 1106
378.167 1095
378.180 1128
378.194 1118
378.208 1135
378.221 1112
378.235 1146
378.249 1117
378.262 1127
378.276 1154
378.290 1121
378.303 1119
378.317 1131
378.331 1122
378.344 1150
378.358 1170
378.372 1151
378.385 1185
378.399 1130
378.413 1149
378.426 1182
378.440 1178
378.454 1188
378.467 1181
378.481 1171
378.495 1189
378.508 1166
378.522 1188
378.536 1173
378.549 1184
378.563 1194
378.577 1212
378.590 1209
378.604 1220
378.618 1210
378.631 1217
378.645 1203
378.659 1201
378.672 1215
378.686 1199
378.700 1206
378.713 1240
378.727 1196
378.740 1254
378.754 1236
378.768 1254
378.781 1235
378.795 1241
378.809 1251
378.822 1250
378.836 1240
378.850 1223
378.863 1241
378.877 1243
378.891 1249
378.904 1263
378.918 1241
378.932 1257
378.945 1255
378.959 1240
378.973 1230
378.986 1280
379.000 1285
379.014 1266
379.027 1287
379.041 1290
379.054 1291
379.068 1298
379.082 1304
379.095 1287
379.109 1282
379.123 1275
379.136 1314
379.150 1308
379.164 1285
379.177 1344
379.191 1337
379.205 1338
379.218 1335
379.232 1332
379.245 1364
379.259 1351
379.273 1341
379.286 1349
379.300 1367
379.314 1362
379.327 1329
379.341 1360
379.355 1380
379.368 1350
379.382 1401
379.396 1376
379.409 1367
379.423 1425
379.436 1424
379.450 1444
379.464 1437
379.477 1454
379.491 1450
379.505 1445
379.518 1439
379.532 1446
379.546 1460
379.559 1501
379.573 1478
379.586 1488
379.600 1508
379.614 1509
379.627 1526
379.641 1550
379.655 1558
379.668 1561
379.682 1562
379.695 1564
379.709 1563
379.723 1586
379.736 1605
379.750 1588
379.764 1638
379.777 1651
379.791 1641
379.804 1694
379.818 1703
379.832 1654
379.845 1665
379.859 1735
379.873 1763
379.886 1714
379.900 1747
379.913 1776
379.927 1788
379.941 1778
379.954 1826
379.968 1840
379.982 1846
379.995 1877
380.009 1887
380.022 1926
380.036 1912
380.050 1981
380.063 2000
380.077 2017
380.090 2025
380.104 2027
380.118 2087
380.131 2043
380.145 2105
380.159 2102
380.172 2154
380.186 2180
380.199 2233
380.213 2213
380.227 2289
380.240 2273
380.254 2295
380.267 2303
380.281 2346
380.295 2342
380.308 2425
380.322 2486
380.336 2475
380.349 2534
380.363 2561
380.376 2604
380.390 2656
380.404 2689
380.417 2709
380.431 2714
380.444 2740
380.458 2736
380.472 2785
380.485 2842
380.499 2845
380.512 2867
380.526 2924
380.540 2980
380.553 2921
380.567 2977
380.580 3115
380.594 3102
380.608 3151
380.621 3202
380.635 3210
380.648 3227
380.662 3317
380.676 3361
380.689 3386
380.703 3429
380.716 3418
380.730 3447
380.744 3523
380.757 3574
380.771 3610
380.784 3700
380.798 3723
380.812 3772
380.825 3816
380.839 3848
380.852 3990
380.866 4042
380.880 4018
380.893 4021
380.907 4085
380.920 4201
380.934 4192
380.948 4271
380.961 4332
380.975 4410
380.988 4489
381.002 4465
381.015 4412
381.029 4537
381.043 4612
381.056 4645
381.070 4668
381.083 4709
381.097 4764
381.111 4665
381.124 4881
381.138 4969
381.151 4986
381.165 5069
381.179 5084
381.192 5119
381.206 5104
381.219 5159
381.233 5070
381.246 5284
381.260 5295
381.274 5272
381.287 5311
381.301 5373
381.314 5452
381.328 5406
381.341 5583
381.355 5604
381.369 5635
381.382 5539
381.396 5643
381.409 5820
381.423 5928
381.437 5948
381.450 6016
381.464 5998
381.477 6075
381.491 6123
381.504 6178
381.518 6173
381.532 6191
381.545 6298
381.559 6400
381.572 6374
381.586 6482
381.599 6541
381.613 6474
381.627 6660
381.640 6748
381.654 6874
381.667 6747
381.681 6850
381.694 6784
381.708 6763
381.722 6717
381.735 6783
381.749 6808
381.762 6910
381.776 6866
381.789 7023
381.803 7030
381.817 7109
381.830 7076
381.844 7223
381.857 7188
381.871 7236
381.884 7193
381.898 7413
381.911 7358
381.925 7487
381.939 7563
381.952 7706
381.966 7628
381.979 7622
381.993 7826
382.006 7692
382.020 7934
382.034 7764
382.047 8059
382.061 8095
382.074 7957
382.088 8116
382.101 8101
382.115 8094
382.128 8282
382.142 8349
382.156 8424
382.169 8601
382.183 8495
382.196 8577
382.210 8611
382.223 8810
382.237 8796
382.250 8767
382.264 8884
382.278 8901
382.291 9007
382.305 9141
382.318 9230
382.332 9308
382.345 9261
382.359 9291
382.372 9358
382.386 9408
382.399 9547
382.413 9482
382.427 9676
382.440 9729
382.454 9905
382.467 9910
382.481 10166
382.494 10531
382.508 10700
382.521 10723
382.535 10715
382.548 10650
382.562 10690
382.576 10898
382.589 10847
382.603 10994
382.616 11174
382.630 11216
382.643 11388
382.657 11411
382.670 11595
382.684 11630
382.697 11603
382.711 11706
382.724 11877
382.738 11808
382.752 11950
382.765 11967
382.779 12251
382.792 12298
382.806 12350
382.819 12534
382.833 12683
382.846 12788
382.860 13102
382.873 13028
382.887 13355
382.900 13396
382.914 13824
382.928 13986
382.941 14222
382.955 14210
382.968 14359
382.982 14614
382.995 14658
383.009 14738
383.022 14980
383.036 15131
383.049 15527
383.063 15494
383.076 15641
383.090 15602
383.103 15672
383.117 15876
383.130 15883
383.144 16044
383.158 16180
383.171 16618
383.185 16685
383.198 16841
383.212 17017
383.225 17521
383.239 17825
383.252 18030
383.266 18322
383.279 18611
383.293 18619
383.306 18730
383.320 18934
383.333 19303
383.347 19528
383.360 19468
383.374 19446
383.387 19678
383.401 19936
383.414 20030
383.428 20174
383.441 20372
383.455 20313
383.468 20406
383.482 20411
383.496 20825
383.509 20722
383.523 20927
383.536 21278
383.550 21321
383.563 21421
383.577 21524
383.590 21611
383.604 21975
383.617 21664
383.631 21854
383.644 21932
383.658 22120
383.671 22293
383.685 22538
383.698 23004
383.712 23030
383.725 23272
383.739 23225
383.752 23045
383.766 22985
383.779 23016
383.793 23001
383.806 23488
383.820 23468
383.833 23522
383.847 23516
383.860 23874
383.874 23875
383.887 23813
383.901 23976
383.914 23881
383.928 23947
383.941 24020
383.955 24044
383.968 24044
383.982 24252
383.995 24111
384.009 24236
384.022 24265
384.036 24411
384.049 24322
384.063 24998
384.076 25245
384.090 25497
384.103 25787
384.117 25794
384.130 25256
384.144 24824
384.157 24834
384.171 25063
384.184 24886
384.198 24769
384.211 24651
384.225 24762
384.238 25225
384.252 25460
384.265 25546
384.279 25228
384.292 24974
384.306 25099
384.319 24723
384.333 24101
384.346 23967
384.360 23669
384.373 23342
384.387 23345
384.400 23231
384.414 22979
384.427 22686
384.441 22364
384.454 22024
384.468 21834
384.481 21459
384.495 21127
384.508 20766
384.522 20491
384.535 20092
384.549 19563
384.562 19102
384.575 18702
384.589 18441
384.602 18275
384.616 17882
384.629 17399
384.643 16804
384.656 16252
384.670 15698
384.683 15047
384.697 14685
384.710 14033
384.724 13770
384.737 13409
384.751 12898
384.764 12601
384.778 12055
384.791 11909
384.805 11465
384.818 11105
384.832 10717
384.845 10348
384.859 10112
384.872 9665
384.885 9374
384.899 9049
384.912 8782
384.926 8571
384.939 8227
384.953 8071
384.966 7955
384.980 7679
384.993 7453
385.007 7340
385.020 7061
385.034 6780
385.047 6690
385.061 6460
385.074 6353
385.088 6174
385.101 6068
385.114 5928
385.128 5856
385.141 5759
385.155 5607
385.168 5653
385.182 5604
385.195 5569
385.209 5434
385.222 5229
385.236 5161
385.249 5050
385.263 4980
385.276 4901
385.290 4733
385.303 4685
385.316 4646
385.330 4739
385.343 4589
385.357 4456
385.370 4408
385.384 4340
385.397 4183
385.411 4248
385.424 4164
385.438 4065
385.451 4076
385.464 4018
385.478 3997
385.491 3840
385.505 3829
385.518 3797
385.532 3814
385.545 3746
385.559 3743
385.572 3632
385.586 3638
385.599 3595
385.612 3608
385.626 3502
385.639 3550
385.653 3439
385.666 3505
385.680 3440
385.693 3372
385.707 3298
385.720 3273
385.734 3346
385.747 3260
385.760 3206
385.774 3196
385.787 3094
385.801 3149
385.814 3022
385.828 3019
385.841 3018
385.855 2936
385.868 2994
385.881 2943
385.895 2951
385.908 2917
385.922 2927
385.935 2872
385.949 2805
385.962 2851
385.976 2816
385.989 2782
386.002 2799
386.016 2788
386.029 2792
386.043 2718
386.056 2730
386.070 2631
386.083 2694
386.097 2614
386.110 2667
386.123 2645
386.137 2660
386.150 2609
386.164 2631
386.177 2599
386.191 2544
386.204 2574
386.217 2482
386.231 2518
386.244 2549
386.258 2510
386.271 2494
386.285 2401
386.298 2462
386.311 2454
386.325 2434
386.338 2350
386.352 2428
386.365 2421
386.379 2403
386.392 2412
386.405 2294
386.419 2299
386.432 2319
386.446 2293
386.459 2348
386.473 2340
386.486 2270
386.499 2316
386.513 2292
386.526 2301
386.540 2224
386.553 2222
386.567 2157
386.580 2179
386.593 2126
386.607 2221
386.620 2184
386.634 2203
386.647 2194
386.661 2118
386.674 2140
386.687 2167
386.701 2186
386.714 2094
386.728 2069
386.741 2130
386.754 2089
386.768 2086
386.781 2093
386.795 2030
386.808 2029
386.822 2032
386.835 2001
386.848 2019
386.862 2057
386.875 1972
386.889 1977
386.902 1954
386.915 1947
386.929 1924
386.942 1938
386.956 1925
386.969 1877
386.983 1913
386.996 1883
387.009 1908
387.023 1858
387.036 1860
387.050 1846
387.063 1811
387.076 1845
387.090 1818
387.103 1823
387.117 1790
387.130 1828
387.143 1838
387.157 1806
387.170 1834
387.184 1791
387.197 1746
387.210 1749
387.224 1782
387.237 1720
387.251 1751
387.264 1720
387.278 1717
387.291 1727
387.304 1741
387.318 1703
387.331 1674
387.345 1672
387.358 1691
387.371 1636
387.385 1667
387.398 1653
387.412 1580
387.425 1601
387.438 1616
387.452 1570
387.465 1536
387.478 1557
387.492 1544
387.505 1541
387.519 1541
387.532 1536
387.545 1538
387.559 1547
387.572 1545
387.586 1515
387.599 1481
387.612 1494
387.626 1532
387.639 1490
387.653 1476
387.666 1434
387.679 1407
387.693 1424
387.706 1449
387.720 1400
387.733 1424
387.746 1418
387.760 1451
387.773 1394
387.787 1402
387.800 1398
387.813 1369
387.827 1378
387.840 1397
387.853 1336
387.867 1367
387.880 1335
387.894 1363
387.907 1382
387.920 1358
387.934 1308
387.947 1326
387.961 1356
387.974 1305
387.987 1243
388.001 1306
388.014 1298
388.027 1281
388.041 1254
388.054 1259
388.068 1263
388.081 1271
388.094 1259
388.108 1269
388.121 1252
388.134 1251
388.148 1212
388.161 1205
388.175 1218
388.188 1193
388.201 1209
388.215 1204
388.228 1183
388.241 1207
388.255 1193
388.268 1150
388.282 1182
388.295 1191
388.308 1195
388.322 1187
388.335 1140
388.348 1170
388.362 1159
388.375 1174
388.389 1175
388.402 1152
388.415 1174
388.429 1154
388.442 1154
388.455 1157
388.469 1132
388.482 1158
388.495 1152
388.509 1163
388.522 1135
388.536 1161
388.549 1170
388.562 1127
388.576 1128
388.589 1127
388.602 1145
388.616 1167
388.629 1154
388.642 1127
388.656 1137
388.669 1150
388.683 1163
388.696 1125
388.709 1135
388.723 1163
388.736 1121
388.749 1109
388.763 1130
388.776 1128
388.789 1117
388.803 1114
388.816 1134
388.829 1115
388.843 1091
388.856 1111
388.870 1134
388.883 1098
388.896 1084
388.910 1111
388.923 1108
388.936 1135
388.950 1119
388.963 1115
388.976 1113
388.990 1112
389.003 1094
389.016 1123
389.030 1106
389.043 1089
389.056 1117
389.070 1114
389.083 1106
389.097 1105
389.110 1098
389.123 1089
389.137 1078
389.150 1095
389.163 1086
389.177 1089
389.190 1094
389.203 1108
389.217 1072
389.230 1080
389.243 1074
389.257 1065
389.270 1087
389.283 1072
389.297 1070
389.310 1085
389.323 1091
389.337 1088
389.350 1062
389.363 1073
389.377 1110
389.390 1049
389.403 1050
389.417 1060
389.430 1068
389.443 1079
389.457 1076
389.470 1081
389.483 1041
389.497 1081
389.510 1050
389.523 1063
389.537 1068
389.550 1059
389.563 1046
389.577 1067
389.590 1051
389.603 1043
389.617 1040
389.630 1049
389.643 1057
389.657 1028
389.670 1053
389.683 1062
389.697 1034
389.710 1032
389.723 1024
389.737 1054
389.750 1016
389.763 1032
389.777 1026
389.790 1011
389.803 1032
389.817 1017
389.830 1020
389.843 994
389.857 1015
389.870 1012
389.883 973
389.897 1018
389.910 988
389.923 1022
389.937 993
389.950 1037
389.963 995
389.977 999
389.990 985
390.003 1002
390.017 993
390.030 1007
390.043 985
390.057 1004
390.070 973
390.083 969
390.096 952
390.110 978
390.123 948
390.136 954
390.150 945
390.163 941
390.176 943
390.190 937
390.203 954
390.216 933
390.230 936
390.243 929
390.256 928
390.270 909
390.283 918
390.296 921
390.310 924
390.323 911
390.336 921
390.349 908
390.363 905
390.376 923
390.389 923
390.403 901
390.416 902
390.429 880
390.443 898
390.456 894
390.469 864
390.483 878
390.496 873
390.509 870
390.522 873
390.536 865
390.549 874
390.562 879
390.576 874
390.589 876
390.602 850
390.616 862
390.629 832
390.642 854
390.655 853
390.669 842
390.682 847
390.695 818
390.709 837
390.722 813
390.735 826
390.749 798
390.762 804
390.775 809
390.788 809
390.802 801
390.815 822
390.828 820
390.842 786
390.855 809
390.868 796
390.882 782
390.895 787
390.908 795
390.921 803
390.935 769
390.948 774
390.961 773
390.975 758
390.988 780
391.001 777
391.014 778
391.028 766
391.041 777
391.054 765
391.068 768
391.081 767
391.094 755
391.107 759
391.121 747
391.134 752
391.147 754
391.161 767
391.174 743
391.187 746
391.200 752
391.214 753
391.227 761
391.240 730
391.254 759
391.267 747
391.280 749
391.293 740
391.307 747
391.320 739
391.333 732
391.347 739
391.360 738
391.373 740
391.386 729
391.400 721
391.413 737
391.426 734
391.440 730
391.453 721
391.466 712
391.479 737
391.493 711
391.506 710
391.519 720
391.532 733
391.546 723
391.559 721
391.572 706
391.586 720
391.599 719
391.612 727
391.625 719
391.639 722
391.652 725
391.665 725
391.678 699
391.692 717
391.705 716
391.718 714
391.732 724
391.745 723
391.758 711
391.771 693
391.785 708
391.798 711
391.811 711
391.824 720
391.838 705
391.851 713
391.864 705
391.877 713
391.891 711
391.904 695
391.917 718
391.931 710
391.944 704
391.957 707
391.970 712
391.984 701
391.997 713
392.010 709
392.023 700
392.037 711
392.050 702
392.063 701
392.076 710
392.090 707
392.103 713
392.116 700
392.129 699
392.143 697
392.156 704
392.169 690
392.182 710
392.196 692
392.209 694
392.222 706
392.235 682
392.249 693
392.262 699
392.275 697
392.288 690
392.302 692
392.315 701
392.328 704
392.341 685
392.355 693
392.368 691
392.381 702
392.394 708
392.408 690
392.421 695
392.434 704
392.447 689
392.461 690
392.474 689
392.487 700
392.500 702
392.514 688
392.527 704
392.540 703
392.553 694
392.567 711
392.580 690
392.593 685
392.606 693
392.620 712
392.633 687
392.646 697
392.659 689
392.673 686
392.686 694
392.699 693
392.712 688
392.726 671
392.739 699
392.752 688
392.765 690
392.778 684
392.792 677
392.805 687
392.818 694
392.831 693
392.845 678
392.858 688
392.871 679
392.884 698
392.898 678
392.911 696
392.924 697
392.937 697
392.951 688
392.964 674
392.977 695
392.990 684
393.003 686
393.017 670
393.030 692
393.043 669
393.056 690
393.070 688
393.083 679
393.096 681
393.109 684
393.122 687
393.136 677
393.149 669
393.162 685
393.175 688
393.189 669
393.202 674
393.215 677
393.228 681
393.242 677
393.255 680
393.268 686
393.281 674
393.294 671
393.308 683
393.321 681
393.334 681
393.347 672
393.360 680
393.374 675
393.387 681
393.400 674
393.413 677
393.427 679
393.440 670
393.453 677
393.466 675
393.479 652
393.493 681
393.506 677
393.519 665
393.532 680
393.546 677
393.559 669
393.572 670
393.585 684
393.598 674
393.612 676
393.625 671
393.638 673
393.651 670
393.664 676
393.678 680
393.691 679
393.704 675
393.717 674
393.730 675
393.744 668
393.757 670
393.770 688
393.783 661
393.796 668
393.810 669
393.823 664
393.836 662
393.849 674
393.863 659
393.876 665
393.889 674
393.902 666
393.915 673
393.929 676
