375.891 704
375.905 715
375.919 703
375.933 708
375.946 697
375.960 704
375.974 716
375.987 725
376.001 718
376.015 718
376.029 709
376.042 723
376.056 719
376.070 716
376.084 728
376.097 719
376.111 731
376.125 748
376.139 740
376.152 717
376.166 718
376.180 739
376.193 745
376.207 755
376.221 746
376.235 730
376.248 744
376.262 738
376.276 739
376.290 727
376.303 724
376.317 740
376.331 752
376.345 763
376.358 761
376.372 762
376.386 762
376.399 758
376.413 763
376.427 762
376.441 759
376.454 764
376.468 765
376.482 797
376.495 767
376.509 771
376.523 774
376.537 774
376.550 766
376.564 771
376.578 776
376.592 794
376.605 778
376.619 785
376.633 785
376.646 795
376.660 799
376.674 799
376.688 790
376.701 802
376.715 778
376.729 819
376.742 813
376.756 817
376.770 826
376.784 795
376.797 823
376.811 823
376.825 813
376.838 800
376.852 839
376.866 828
376.880 823
376.893 843
376.907 807
376.921 837
376.934 839
376.948 843
376.962 831
376.976 840
376.989 839
377.003 853
377.017 882
377.030 858
377.044 850
377.058 848
377.071 898
377.085 874
377.099 877
377.113 880
377.126 891
377.140 901
377.154 893
377.167 878
377.181 903
377.195 878
377.208 886
377.222 927
377.236 909
377.250 937
377.263 905
377.277 906
377.291 947
377.304 924
377.318 927
377.332 948
377.345 930
377.359 926
377.373 925
377.387 924
377.400 926
377.414 938
377.428 931
377.441 938
377.455 938
377.469 959
377.482 940
377.496 951
377.510 979
377.524 992
377.537 944
377.551 987
377.565 980
377.578 951
377.592 989
377.606 967
377.619 996
377.633 985
377.647 975
377.660 958
377.674 966
377.688 977
377.701 988
377.715 1017
377.729 1033
377.743 985
377.756 1006
377.770 992
377.784 1029
377.797 1008
377.811 1024
377.825 1041
377.838 988
377.852 1001
377.866 1013
377.879 1031
377.893 996
377.907 1041
377.920 1034
377.934 1012
377.948 1038
377.961 1009
377.975 1036
377.989 1035
378.002 1019
378.016 1035
378.030 1040
378.044 1044
378.057 1049
378.071 1064
378.085 1085
378.098 1059
378.112 1024
378.126 1042
378.139 1056
378.153 1032
378.167 1051
378.180 1077
378.194 1074
378.208 1085
378.221 1069
378.235 1057
378.249 1072
378.262 1085
378.276 1063
378.290 1073
378.303 1056
378.317 1056
378.331 1083
378.344 1088
378.358 1084
378.372 1068
378.385 1072
378.399 1086
378.413 1124
378.426 1066
378.440 1102
378.454 1087
378.467 1129
378.481 1110
378.495 1084
378.508 1124
378.522 1099
378.536 1094
378.549 1104
378.563 1065
378.577 1136
378.590 1139
378.604 1123
378.618 1146
378.631 1143
378.645 1134
378.659 1138
378.672 1131
378.686 1130
378.700 1172
378.713 1159
378.727 1145
378.740 1162
378.754 1162
378.768 1151
378.781 1164
378.795 1164
378.809 1171
378.822 1152
378.836 1169
378.850 1157
378.863 1128
378.877 1177
378.891 1186
378.904 1171
378.918 1196
378.932 1176
378.945 1155
378.959 1167
378.973 1215
378.986 1189
379.000 1176
379.014 1229
379.027 1189
379.041 1204
379.054 1199
379.068 1167
379.082 1200
379.095 1230
379.109 1214
379.123 1226
379.136 1238
379.150 1231
379.164 1216
379.177 1237
379.191 1216
379.205 1215
379.218 1242
379.232 1281
379.245 1275
379.259 1276
379.273 1245
379.286 1246
379.300 1255
379.314 1260
379.327 1278
379.341 1273
379.355 1298
379.368 1314
379.382 1286
379.396 1310
379.409 1319
379.423 1339
379.436 1305
379.450 1342
379.464 1314
379.477 1372
379.491 1340
379.505 1353
379.518 1348
379.532 1330
379.546 1396
379.559 1357
379.573 1420
379.586 1370
379.600 1385
379.614 1403
379.627 1428
379.641 1444
379.655 1413
379.668 1414
379.682 1454
379.695 1456
379.709 1462
379.723 1448
379.736 1477
379.750 1529
379.764 1499
379.777 1525
379.791 1561
379.804 1545
379.818 1578
379.832 1556
379.845 1552
379.859 1572
379.873 1570
379.886 1585
379.900 1621
379.913 1630
379.927 1673
379.941 1711
379.954 1680
379.968 1684
379.982 1712
379.995 1731
380.009 1708
380.022 1724
380.036 1823
380.050 1801
380.063 1743
380.077 1838
380.090 1844
380.104 1870
380.118 1876
380.131 1934
380.145 1967
380.159 1899
380.172 1962
380.186 2001
380.199 2016
380.213 2031
380.227 2052
380.240 2049
380.254 2104
380.267 2105
380.281 2103
380.295 2123
380.308 2210
380.322 2207
380.336 2261
380.349 2250
380.363 2297
380.376 2308
380.390 2375
380.404 2359
380.417 2374
380.431 2422
380.444 2483
380.458 2444
380.472 2527
380.485 2541
380.499 2612
380.512 2628
380.526 2659
380.540 2702
380.553 2663
380.567 2725
380.580 2747
380.594 2708
380.608 2758
380.621 2877
380.635 2913
380.648 2893
380.662 2898
380.676 2984
380.689 3048
380.703 3061
380.716 3053
380.730 3140
380.744 3091
380.757 3212
380.771 3292
380.784 3320
380.798 3311
380.812 3412
380.825 3426
380.839 3440
380.852 3537
380.866 3547
380.880 3628
380.893 3657
380.907 3635
380.920 3706
380.934 3741
380.948 3794
380.961 3874
380.975 3893
380.988 3854
381.002 3873
381.015 3924
381.029 4073
381.043 4021
381.056 4119
381.070 4230
381.083 4247
381.097 4205
381.111 4342
381.124 4342
381.138 4416
381.151 4443
381.165 4452
381.179 4522
381.192 4470
381.206 4454
381.219 4524
381.233 4506
381.246 4624
381.260 4631
381.274 4715
381.287 4794
381.301 4749
381.314 4793
381.328 4782
381.341 4895
381.355 4964
381.369 4967
381.382 4965
381.396 5089
381.409 5112
381.423 5225
381.437 5241
381.450 5316
381.464 5310
381.477 5358
381.491 5496
381.504 5419
381.518 5411
381.532 5433
381.545 5499
381.559 5648
381.572 5827
381.586 5714
381.599 5756
381.613 5767
381.627 5802
381.640 5942
381.654 5858
381.667 5999
381.681 6149
381.694 6034
381.708 5992
381.722 5990
381.735 6109
381.749 6068
381.762 6145
381.776 6130
381.789 6248
381.803 6155
381.817 6312
381.830 6248
381.844 6371
381.857 6277
381.871 6507
381.884 6444
381.898 6590
381.911 6513
381.925 6607
381.939 6663
381.952 6706
381.966 6795
381.979 6827
381.993 6953
382.006 6974
382.020 6923
382.034 7143
382.047 7004
382.061 7081
382.074 7115
382.088 7093
382.101 7188
382.115 7292
382.128 7366
382.142 7361
382.156 7442
382.169 7580
382.183 7640
382.196 7704
382.210 7686
382.223 7801
382.237 7740
382.250 7860
382.264 7962
382.278 7907
382.291 8096
382.305 8066
382.318 8135
382.332 8194
382.345 8233
382.359 8270
382.372 8406
382.386 8442
382.399 8492
382.413 8534
382.427 8580
382.440 8690
382.454 9000
382.467 8800
382.481 8980
382.494 9231
382.508 9283
382.521 9490
382.535 9446
382.548 9573
382.562 9472
382.576 9615
382.589 9637
382.603 9767
382.616 9835
382.630 9937
382.643 10030
382.657 10116
382.670 10271
382.684 10251
382.697 10396
382.711 10299
382.724 10450
382.738 10576
382.752 10646
382.765 10806
382.779 10833
382.792 10971
382.806 11026
382.819 11215
382.833 11214
382.846 11484
382.860 11472
382.873 11733
382.887 11833
382.900 11904
382.914 12293
382.928 12470
382.941 12580
382.955 12601
382.968 12764
382.982 13113
382.995 13208
383.009 13191
383.022 13306
383.036 13617
383.049 13754
383.063 13813
383.076 13945
383.090 14065
383.103 14016
383.117 14089
383.130 14326
383.144 14402
383.158 14607
383.171 14962
383.185 14869
383.198 15167
383.212 15362
383.225 15649
383.239 15881
383.252 16276
383.266 16296
383.279 16439
383.293 16804
383.306 16806
383.320 16975
383.333 17321
383.347 17400
383.360 17165
383.374 17354
383.387 17525
383.401 17769
383.414 17999
383.428 18080
383.441 18060
383.455 18255
383.468 18390
383.482 18521
383.496 18534
383.509 18953
383.523 19085
383.536 19056
383.550 19162
383.563 19266
383.577 19429
383.590 19399
383.604 19673
383.617 19707
383.631 19776
383.644 19998
383.658 19953
383.671 20260
383.685 20515
383.698 20810
383.712 20867
383.725 21101
383.739 20890
383.752 20690
383.766 20984
383.779 20992
383.793 21096
383.806 21122
383.820 21223
383.833 21305
383.847 21420
383.860 21615
383.874 21687
383.887 21475
383.901 21728
383.914 21843
383.928 21956
383.941 21933
383.955 22012
383.968 21948
383.982 21906
383.995 22172
384.009 22297
384.022 22223
384.036 22273
384.049 22385
384.063 22656
384.076 22992
384.090 23014
384.103 23282
384.117 23527
384.130 23246
384.144 22964
384.157 22989
384.171 22912
384.184 22781
384.198 22973
384.211 22616
384.225 22816
384.238 23252
384.252 23160
384.265 23235
384.279 23260
384.292 23069
384.306 22978
384.319 22774
384.333 22546
384.346 22428
384.360 22078
384.373 21924
384.387 21907
384.400 21671
384.414 21683
384.427 21325
384.441 20996
384.454 20876
384.468 20376
384.481 20378
384.495 20185
384.508 19714
384.522 19433
384.535 19108
384.549 18826
384.562 18146
384.575 17765
384.589 17726
384.602 17604
384.616 17065
384.629 16581
384.643 16133
384.656 15658
384.670 15058
384.683 14681
384.697 14184
384.710 13812
384.724 13281
384.737 12858
384.751 12649
384.764 12143
384.778 11865
384.791 11433
384.805 11181
384.818 10864
384.832 10376
384.845 10144
384.859 9812
384.872 9547
384.885 9145
384.899 8741
384.912 8627
384.926 8219
384.939 8067
384.953 7749
384.966 7668
384.980 7358
384.993 7228
385.007 7132
385.020 6846
385.034 6612
385.047 6405
385.061 6183
385.074 6040
385.088 5960
385.101 5922
385.114 5775
385.128 5561
385.141 5548
385.155 5376
385.168 5254
385.182 5358
385.195 5180
385.209 5099
385.222 4989
385.236 4789
385.249 4900
385.263 4674
385.276 4620
385.290 4540
385.303 4479
385.316 4400
385.330 4494
385.343 4375
385.357 4236
385.370 4220
385.384 4048
385.397 4085
385.411 3935
385.424 3942
385.438 3859
385.451 3809
385.464 3774
385.478 3717
385.491 3770
385.505 3571
385.518 3660
385.532 3599
385.545 3518
385.559 3419
385.572 3480
385.586 3349
385.599 3393
385.612 3396
385.626 3340
385.639 3268
385.653 3289
385.666 3346
385.680 3224
385.693 3156
385.707 3142
385.720 3148
385.734 3155
385.747 3030
385.760 2941
385.774 3004
385.787 2946
385.801 2907
385.814 2824
385.828 2846
385.841 2817
385.855 2850
385.868 2798
385.881 2800
385.895 2782
385.908 2746
385.922 2733
385.935 2751
385.949 2697
385.962 2696
385.976 2594
385.989 2584
386.002 2692
386.016 2610
386.029 2585
386.043 2587
386.056 2575
386.070 2512
386.083 2492
386.097 2501
386.110 2507
386.123 2491
386.137 2510
386.150 2559
386.164 2501
386.177 2436
386.191 2418
386.204 2436
386.217 2383
386.231 2376
386.244 2338
386.258 2361
386.271 2308
386.285 2402
386.298 2306
386.311 2335
386.325 2319
386.338 2318
386.352 2251
386.365 2263
386.379 2230
386.392 2278
386.405 2234
386.419 2172
386.432 2156
386.446 2209
386.459 2200
386.473 2168
386.486 2234
386.499 2191
386.513 2154
386.526 2100
386.540 2124
386.553 2142
386.567 2058
386.580 2060
386.593 2108
386.607 2084
386.620 2135
386.634 2062
386.647 2045
386.661 2047
386.674 2087
386.687 2060
386.701 1966
386.714 1977
386.728 1974
386.741 1981
386.754 1966
386.768 2027
386.781 1986
386.795 1979
386.808 1894
386.822 1943
386.835 1901
386.848 1883
386.862 1907
386.875 1847
386.889 1931
386.902 1874
386.915 1892
386.929 1831
386.942 1899
386.956 1854
386.969 1814
386.983 1790
386.996 1807
387.009 1776
387.023 1794
387.036 1779
387.050 1732
387.063 1783
387.076 1748
387.090 1749
387.103 1755
387.117 1742
387.130 1764
387.143 1681
387.157 1700
387.170 1693
387.184 1704
387.197 1698
387.210 1686
387.224 1761
387.237 1664
387.251 1665
387.264 1644
387.278 1629
387.291 1630
387.304 1631
387.318 1591
387.331 1650
387.345 1600
387.358 1588
387.371 1619
387.385 1608
387.398 1608
387.412 1557
387.425 1575
387.438 1505
387.452 1496
387.465 1510
387.478 1521
387.492 1515
387.505 1493
387.519 1484
387.532 1489
387.545 1518
387.559 1480
387.572 1468
387.586 1479
387.599 1456
387.612 1458
387.626 1426
387.639 1466
387.653 1381
387.666 1395
387.679 1406
387.693 1419
387.706 1353
387.720 1364
387.733 1371
387.746 1389
387.760 1349
387.773 1357
387.787 1384
387.800 1339
387.813 1345
387.827 1353
387.840 1334
387.853 1334
387.867 1319
387.880 1332
387.894 1327
387.907 1330
387.920 1328
387.934 1286
387.947 1302
387.961 1267
387.974 1288
387.987 1271
388.001 1267
388.014 1263
388.027 1237
388.041 1250
388.054 1235
388.068 1220
388.081 1208
388.094 1220
388.108 1229
388.121 1186
388.134 1166
388.148 1186
388.161 1217
388.175 1158
388.188 1173
388.201 1144
388.215 1160
388.228 1162
388.241 1135
388.255 1154
388.268 1136
388.282 1182
388.295 1159
388.308 1176
388.322 1157
388.335 1140
388.348 1131
388.362 1147
388.375 1164
388.389 1128
388.402 1125
388.415 1128
388.429 1122
388.442 1138
388.455 1151
388.469 1123
388.482 1146
388.495 1118
388.509 1107
388.522 1131
388.536 1105
388.549 1097
388.562 1101
388.576 1118
388.589 1089
388.602 1104
388.616 1114
388.629 1112
388.642 1112
388.656 1085
388.669 1094
388.683 1084
388.696 1111
388.709 1092
388.723 1078
388.736 1110
388.749 1107
388.763 1113
388.776 1077
388.789 1095
388.803 1081
388.816 1071
388.829 1060
388.843 1108
388.856 1080
388.870 1060
388.883 1101
388.896 1048
388.910 1069
388.923 1076
388.936 1059
388.950 1089
388.963 1068
388.976 1084
388.990 1066
389.003 1067
389.016 1073
389.030 1085
389.043 1075
389.056 1061
389.070 1076
389.083 1058
389.097 1048
389.110 1069
389.123 1068
389.137 1061
389.150 1061
389.163 1028
389.177 1053
389.190 1052
389.203 1040
389.217 1074
389.230 1034
389.243 1035
389.257 1033
389.270 1057
389.283 1067
389.297 1051
389.310 1077
389.323 1049
389.337 1052
389.350 1066
389.363 1030
389.377 1033
389.390 1007
389.403 1024
389.417 1029
389.430 1044
389.443 1044
389.457 1049
389.470 1029
389.483 1010
389.497 1059
389.510 1011
389.523 1026
389.537 1029
389.550 1062
389.563 1036
389.577 1030
389.590 1016
389.603 1008
389.617 997
389.630 1029
389.643 996
389.657 1022
389.670 1026
389.683 1018
389.697 1021
389.710 1010
389.723 1008
389.737 1001
389.750 1017
389.763 1000
389.777 1000
389.790 1008
389.803 961
389.817 998
389.830 985
389.843 1009
389.857 948
389.870 971
389.883 951
389.897 979
389.910 961
389.923 973
389.937 1008
389.950 974
389.963 975
389.977 973
389.990 990
390.003 956
390.017 977
390.030 966
390.043 945
390.057 968
390.070 943
390.083 955
390.096 962
390.110 927
390.123 945
390.136 950
390.150 945
390.163 937
390.176 941
390.190 918
390.203 926
390.216 916
390.230 903
390.243 900
390.256 898
390.270 917
390.283 919
390.296 918
390.310 920
390.323 934
390.336 912
390.349 898
390.363 895
390.376 890
390.389 896
390.403 891
390.416 871
390.429 881
390.443 908
390.456 881
390.469 861
390.483 866
390.496 870
390.509 837
390.522 856
390.536 852
390.549 867
390.562 861
390.576 844
390.589 843
390.602 852
390.616 864
390.629 838
390.642 821
390.655 834
390.669 821
390.682 804
390.695 834
390.709 811
390.722 818
390.735 820
390.749 823
390.762 812
390.775 812
390.788 809
390.802 795
390.815 795
390.828 804
390.842 804
390.855 816
390.868 785
390.882 786
390.895 779
390.908 803
390.921 780
390.935 783
390.948 779
390.961 775
390.975 784
390.988 775
391.001 771
391.014 760
391.028 769
391.041 771
391.054 763
391.068 719
391.081 781
391.094 775
391.107 746
391.121 764
391.134 761
391.147 748
391.161 753
391.174 761
391.187 756
391.200 747
391.214 739
391.227 748
391.240 732
391.254 745
391.267 735
391.280 742
391.293 733
391.307 735
391.320 733
391.333 739
391.347 726
391.360 721
391.373 719
391.386 734
391.400 711
391.413 734
391.426 723
391.440 728
391.453 722
391.466 727
391.479 729
391.493 721
391.506 722
391.519 734
391.532 720
391.546 729
391.559 721
391.572 720
391.586 737
391.599 733
391.612 728
391.625 716
391.639 720
391.652 711
391.665 708
391.678 706
391.692 707
391.705 710
391.718 709
391.732 703
391.745 698
391.758 711
391.771 701
391.785 709
391.798 705
391.811 712
391.824 706
391.838 715
391.851 693
391.864 710
391.877 695
391.891 683
391.904 685
391.917 710
391.931 710
391.944 695
391.957 692
391.970 703
391.984 695
391.997 693
392.010 696
392.023 702
392.037 708
392.050 680
392.063 683
392.076 697
392.090 705
392.103 700
392.116 706
392.129 702
392.143 695
392.156 703
392.169 699
392.182 690
392.196 696
392.209 705
392.222 693
392.235 699
392.249 698
392.262 708
392.275 703
392.288 698
392.302 694
392.315 707
392.328 698
392.341 693
392.355 702
392.368 697
392.381 702
392.394 682
392.408 678
392.421 691
392.434 697
392.447 691
392.461 690
392.474 686
392.487 689
392.500 695
392.514 689
392.527 698
392.540 694
392.553 686
392.567 698
392.580 681
392.593 695
392.606 689
392.620 695
392.633 678
392.646 680
392.659 696
392.673 696
392.686 692
392.699 696
392.712 684
392.726 684
392.739 685
392.752 679
392.765 686
392.778 678
392.792 688
392.805 685
392.818 684
392.831 683
392.845 687
392.858 681
392.871 681
392.884 671
392.898 674
392.911 685
392.924 697
392.937 694
392.951 685
392.964 688
392.977 694
392.990 698
393.003 684
393.017 670
393.030 695
393.043 687
393.056 686
393.070 691
393.083 688
393.096 671
393.109 681
393.122 675
393.136 667
393.149 691
393.162 676
393.175 672
393.189 681
393.202 678
393.215 673
393.228 660
393.242 673
393.255 673
393.268 685
393.281 672
393.294 679
393.308 680
393.321 677
393.334 680
393.347 676
393.360 674
393.374 679
393.387 686
393.400 672
393.413 680
393.427 676
393.440 687
393.453 672
393.466 670
393.479 675
393.493 682
393.506 677
393.519 674
393.532 683
393.546 659
393.559 679
393.572 664
393.585 681
393.598 667
393.612 676
393.625 666
393.638 669
393.651 676
393.664 681
393.678 671
393.691 674
393.704 665
393.717 674
393.730 668
393.744 670
393.757 679
393.770 665
393.783 678
393.796 678
393.810 673
393.823 671
393.836 666
393.849 669
393.863 672
393.876 674
393.889 669
393.902 667
393.915 660
393.929 664
