375.891 711
375.905 716
375.919 719
375.933 722
375.946 722
375.960 712
375.974 738
375.987 725
376.001 722
376.015 735
376.029 730
376.042 732
376.056 731
376.070 732
376.084 731
376.097 753
376.111 738
376.125 760
376.139 766
376.152 764
376.166 765
376.180 752
376.193 762
376.207 764
376.221 762
376.235 753
376.248 758
376.262 764
376.276 780
376.290 773
376.303 766
376.317 763
376.331 772
376.345 780
376.358 767
376.372 783
376.386 804
376.399 773
376.413 794
376.427 790
376.441 793
376.454 804
376.468 783
376.482 801
376.495 786
376.509 783
376.523 829
376.537 800
376.550 812
376.564 828
376.578 815
376.592 800
376.605 809
376.619 820
376.633 827
376.646 805
376.660 822
376.674 827
376.688 838
376.701 836
376.715 818
376.729 833
376.742 847
376.756 839
376.770 845
376.784 847
376.797 824
376.811 843
376.825 869
376.838 868
376.852 870
376.866 880
376.880 877
376.893 861
376.907 872
376.921 864
376.934 893
376.948 898
376.962 893
376.976 893
376.989 887
377.003 896
377.017 914
377.030 910
377.044 921
377.058 931
377.071 926
377.085 907
377.099 924
377.113 931
377.126 935
377.140 928
377.154 925
377.167 926
377.181 943
377.195 933
377.208 938
377.222 962
377.236 966
377.250 958
377.263 979
377.277 986
377.291 989
377.304 976
377.318 979
377.332 1012
377.345 1001
377.359 989
377.373 1020
377.387 1001
377.400 998
377.414 1012
377.428 1016
377.441 987
377.455 1015
377.469 1000
377.482 1013
377.496 1010
377.510 1021
377.524 1028
377.537 1036
377.551 1057
377.565 1007
377.578 1036
377.592 1047
377.606 1034
377.619 1046
377.633 1044
377.647 1040
377.660 1063
377.674 1069
377.688 1066
377.701 1090
377.715 1087
377.729 1067
377.743 1103
377.756 1065
377.770 1091
377.784 1093
377.797 1095
377.811 1086
377.825 1060
377.838 1095
377.852 1099
377.866 1100
377.879 1100
377.893 1091
377.907 1141
377.920 1145
377.934 1128
377.948 1112
377.961 1122
377.975 1107
377.989 1112
378.002 1096
378.016 1122
378.030 1121
378.044 1141
378.057 1137
378.071 1157
378.085 1139
378.098 1158
378.112 1120
378.126 1155
378.139 1143
378.153 1145
378.167 1121
378.180 1122
378.194 1130
378.208 1136
378.221 1139
378.235 1130
378.249 1166
378.262 1165
378.276 1167
378.290 1165
378.303 1185
378.317 1157
378.331 1174
378.344 1191
378.358 1164
378.372 1211
378.385 1173
378.399 1169
378.413 1173
378.426 1187
378.440 1191
378.454 1210
378.467 1248
378.481 1194
378.495 1170
378.508 1205
378.522 1193
378.536 1175
378.549 1196
378.563 1220
378.577 1212
378.590 1233
378.604 1234
378.618 1241
378.631 1236
378.645 1238
378.659 1220
378.672 1232
378.686 1245
378.700 1255
378.713 1243
378.727 1256
378.740 1251
378.754 1247
378.768 1233
378.781 1265
378.795 1243
378.809 1260
378.822 1295
378.836 1255
378.850 1267
378.863 1289
378.877 1302
378.891 1297
378.904 1287
378.918 1273
378.932 1266
378.945 1295
378.959 1278
378.973 1280
378.986 1294
379.000 1307
379.014 1292
379.027 1291
379.041 1305
379.054 1265
379.068 1301
379.082 1327
379.095 1326
379.109 1326
379.123 1340
379.136 1329
379.150 1336
379.164 1332
379.177 1369
379.191 1307
379.205 1335
379.218 1326
379.232 1361
379.245 1352
379.259 1361
379.273 1369
379.286 1356
379.300 1392
379.314 1375
379.327 1395
379.341 1398
379.355 1369
379.368 1422
379.382 1410
379.396 1428
379.409 1415
379.423 1448
379.436 1465
379.450 1433
379.464 1464
379.477 1444
379.491 1515
379.505 1474
379.518 1494
379.532 1479
379.546 1510
379.559 1516
379.573 1495
379.586 1477
379.600 1534
379.614 1537
379.627 1536
379.641 1595
379.655 1589
379.668 1580
379.682 1609
379.695 1588
379.709 1622
379.723 1598
379.736 1648
379.750 1669
379.764 1721
379.777 1738
379.791 1696
379.804 1746
379.818 1733
379.832 1744
379.845 1749
379.859 1746
379.873 1752
379.886 1727
379.900 1778
379.913 1776
379.927 1810
379.941 1830
379.954 1890
379.968 1948
379.982 1882
379.995 1938
380.009 1894
380.022 1959
380.036 1967
380.050 1955
380.063 2003
380.077 2021
380.090 2082
380.104 2107
380.118 2130
380.131 2124
380.145 2172
380.159 2189
380.172 2197
380.186 2233
380.199 2283
380.213 2288
380.227 2311
380.240 2359
380.254 2368
380.267 2421
380.281 2438
380.295 2391
380.308 2487
380.322 2519
380.336 2559
380.349 2536
380.363 2597
380.376 2627
380.390 2654
380.404 2743
380.417 2697
380.431 2735
380.444 2775
380.458 2835
380.472 2870
380.485 2901
380.499 2903
380.512 2988
380.526 3030
380.540 3035
380.553 3067
380.567 3136
380.580 3119
380.594 3152
380.608 3273
380.621 3308
380.635 3287
380.648 3325
380.662 3379
380.676 3360
380.689 3474
380.703 3472
380.716 3544
380.730 3581
380.744 3556
380.757 3597
380.771 3786
380.784 3784
380.798 3819
380.812 3845
380.825 3841
380.839 3999
380.852 4036
380.866 4137
380.880 4156
380.893 4139
380.907 4212
380.920 4314
380.934 4352
380.948 4360
380.961 4472
380.975 4523
380.988 4566
381.002 4498
381.015 4648
381.029 4675
381.043 4690
381.056 4773
381.070 4820
381.083 4804
381.097 4896
381.111 4927
381.124 4979
381.138 5134
381.151 5116
381.165 5179
381.179 5262
381.192 5238
381.206 5181
381.219 5297
381.233 5291
381.246 5251
381.260 5415
381.274 5368
381.287 5545
381.301 5578
381.314 5568
381.328 5613
381.341 5670
381.355 5733
381.369 5708
381.382 5877
381.396 5889
381.409 6006
381.423 5989
381.437 6130
381.450 6201
381.464 6226
381.477 6277
381.491 6308
381.504 6308
381.518 6346
381.532 6254
381.545 6447
381.559 6618
381.572 6683
381.586 6686
381.599 6707
381.613 6834
381.627 6790
381.640 6785
381.654 6969
381.667 6996
381.681 6946
381.694 7039
381.708 6951
381.722 6908
381.735 7004
381.749 7061
381.762 7067
381.776 7046
381.789 7140
381.803 7178
381.817 7142
381.830 7255
381.844 7287
381.857 7406
381.871 7363
381.884 7483
381.898 7491
381.911 7618
381.925 7626
381.939 7682
381.952 7704
381.966 7869
381.979 7886
381.993 7967
382.006 8069
382.020 8013
382.034 8160
382.047 8018
382.061 8227
382.074 8108
382.088 8274
382.101 8308
382.115 8287
382.128 8482
382.142 8528
382.156 8591
382.169 8689
382.183 8732
382.196 8712
382.210 8776
382.223 8780
382.237 8943
382.250 9144
382.264 9023
382.278 9086
382.291 9316
382.305 9250
382.318 9325
382.332 9445
382.345 9351
382.359 9316
382.372 9613
382.386 9709
382.399 9660
382.413 9718
382.427 9750
382.440 10052
382.454 10092
382.467 10052
382.481 10275
382.494 10571
382.508 10785
382.521 10830
382.535 10857
382.548 10866
382.562 10914
382.576 10952
382.589 11235
382.603 11124
382.616 11409
382.630 11320
382.643 11596
382.657 11806
382.670 11834
382.684 11775
382.697 11574
382.711 11832
382.724 12018
382.738 12069
382.752 12127
382.765 12189
382.779 12490
382.792 12438
382.806 12636
382.819 12658
382.833 12942
382.846 12943
382.860 13164
382.873 13182
382.887 13565
382.900 13545
382.914 13933
382.928 14182
382.941 14395
382.955 14328
382.968 14566
382.982 14852
382.995 14926
383.009 15120
383.022 15113
383.036 15301
383.049 15568
383.063 15751
383.076 15905
383.090 15832
383.103 15988
383.117 16050
383.130 16205
383.144 16202
383.158 16588
383.171 16703
383.185 16790
383.198 17088
383.212 17405
383.225 17809
383.239 18114
383.252 18434
383.266 18646
383.279 18658
383.293 18736
383.306 19036
383.320 19411
383.333 19906
383.347 19942
383.360 19737
383.374 19615
383.387 19881
383.401 20352
383.414 20525
383.428 20410
383.441 20507
383.455 20845
383.468 20594
383.482 20762
383.496 20911
383.509 21048
383.523 21165
383.536 21481
383.550 21491
383.563 21663
383.577 21704
383.590 22095
383.604 22143
383.617 22316
383.631 22165
383.644 22306
383.658 22373
383.671 22658
383.685 22865
383.698 23228
383.712 23456
383.725 23539
383.739 23554
383.752 23387
383.766 23296
383.779 23278
383.793 23447
383.806 23718
383.820 23827
383.833 23687
383.847 23931
383.860 24069
383.874 24126
383.887 23989
383.901 24323
383.914 24004
383.928 24226
383.941 24366
383.955 24199
383.968 24125
383.982 24350
383.995 24472
384.009 24402
384.022 24390
384.036 24679
384.049 24607
384.063 24785
384.076 25396
384.090 25854
384.103 26007
384.117 26093
384.130 25522
384.144 25054
384.157 25026
384.171 24864
384.184 24773
384.198 24845
384.211 24860
384.225 24786
384.238 25211
384.252 25548
384.265 25546
384.279 25362
384.292 25207
384.306 25131
384.319 24615
384.333 24318
384.346 24011
384.360 23687
384.373 23640
384.387 23437
384.400 23328
384.414 23138
384.427 22908
384.441 22458
384.454 22026
384.468 21866
384.481 21545
384.495 20981
384.508 20908
384.522 20268
384.535 19970
384.549 19547
384.562 19259
384.575 18930
384.589 18462
384.602 18211
384.616 17912
384.629 17270
384.643 16505
384.656 16263
384.670 15625
384.683 14889
384.697 14652
384.710 14058
384.724 13566
384.737 13180
384.751 12681
384.764 12407
384.778 11925
384.791 11781
384.805 11341
384.818 10854
384.832 10490
384.845 10083
384.859 9785
384.872 9396
384.885 9097
384.899 8907
384.912 8582
384.926 8203
384.939 8059
384.953 7783
384.966 7639
384.980 7432
384.993 7310
385.007 6983
385.020 6819
385.034 6571
385.047 6423
385.061 6137
385.074 6057
385.088 5982
385.101 5827
385.114 5591
385.128 5522
385.141 5416
385.155 5182
385.168 5318
385.182 5215
385.195 5155
385.209 4964
385.222 4965
385.236 4857
385.249 4779
385.263 4630
385.276 4674
385.290 4480
385.303 4361
385.316 4211
385.330 4269
385.343 4214
385.357 4116
385.370 4008
385.384 4004
385.397 3965
385.411 3892
385.424 3815
385.438 3766
385.451 3666
385.464 3728
385.478 3639
385.491 3565
385.505 3523
385.518 3510
385.532 3474
385.545 3427
385.559 3324
385.572 3326
385.586 3322
385.599 3227
385.612 3264
385.626 3261
385.639 3210
385.653 3145
385.666 3075
385.680 3062
385.693 3124
385.707 3045
385.720 3037
385.734 2957
385.747 2951
385.760 2949
385.774 2777
385.787 2807
385.801 2834
385.814 2762
385.828 2709
385.841 2736
385.855 2751
385.868 2708
385.881 2651
385.895 2690
385.908 2724
385.922 2555
385.935 2643
385.949 2541
385.962 2558
385.976 2546
385.989 2491
386.002 2520
386.016 2547
386.029 2493
386.043 2506
386.056 2490
386.070 2403
386.083 2436
386.097 2400
386.110 2386
386.123 2417
386.137 2426
386.150 2373
386.164 2347
386.177 2344
386.191 2353
386.204 2368
386.217 2324
386.231 2252
386.244 2284
386.258 2248
386.271 2279
386.285 2249
386.298 2249
386.311 2181
386.325 2242
386.338 2206
386.352 2207
386.365 2166
386.379 2178
386.392 2119
386.405 2139
386.419 2134
386.432 2153
386.446 2140
386.459 2114
386.473 2050
386.486 2111
386.499 2077
386.513 2080
386.526 2038
386.540 2012
386.553 2057
386.567 1994
386.580 1995
386.593 2008
386.607 1989
386.620 2010
386.634 1992
386.647 2007
386.661 1995
386.674 1968
386.687 1933
386.701 1954
386.714 1942
386.728 1921
386.741 1934
386.754 1908
386.768 1894
386.781 1902
386.795 1911
386.808 1795
386.822 1801
386.835 1839
386.848 1852
386.862 1836
386.875 1793
386.889 1815
386.902 1762
386.915 1770
386.929 1768
386.942 1792
386.956 1771
386.969 1715
386.983 1753
386.996 1692
387.009 1675
387.023 1685
387.036 1682
387.050 1703
387.063 1653
387.076 1683
387.090 1688
387.103 1699
387.117 1654
387.130 1668
387.143 1686
387.157 1687
387.170 1638
387.184 1626
387.197 1634
387.210 1620
387.224 1652
387.237 1625
387.251 1568
387.264 1603
387.278 1584
387.291 1583
387.304 1573
387.318 1553
387.331 1549
387.345 1539
387.358 1539
387.371 1535
387.385 1494
387.398 1501
387.412 1510
387.425 1419
387.438 1474
387.452 1465
387.465 1400
387.478 1439
387.492 1422
387.505 1429
387.519 1460
387.532 1450
387.545 1393
387.559 1414
387.572 1419
387.586 1400
387.599 1388
387.612 1381
387.626 1376
387.639 1388
387.653 1373
387.666 1318
387.679 1306
387.693 1339
387.706 1314
387.720 1342
387.733 1316
387.746 1308
387.760 1311
387.773 1285
387.787 1348
387.800 1272
387.813 1301
387.827 1290
387.840 1300
387.853 1240
387.867 1258
387.880 1257
387.894 1267
387.907 1266
387.920 1269
387.934 1236
387.947 1228
387.961 1214
387.974 1209
387.987 1230
388.001 1200
388.014 1181
388.027 1206
388.041 1199
388.054 1167
388.068 1190
388.081 1190
388.094 1188
388.108 1138
388.121 1166
388.134 1151
388.148 1153
388.161 1124
388.175 1135
388.188 1144
388.201 1120
388.215 1121
388.228 1112
388.241 1102
388.255 1115
388.268 1128
388.282 1107
388.295 1150
388.308 1105
388.322 1113
388.335 1068
388.348 1098
388.362 1071
388.375 1093
388.389 1084
388.402 1099
388.415 1085
388.429 1079
388.442 1090
388.455 1075
388.469 1097
388.482 1051
388.495 1080
388.509 1093
388.522 1102
388.536 1077
388.549 1073
388.562 1070
388.576 1080
388.589 1068
388.602 1052
388.616 1077
388.629 1053
388.642 1085
388.656 1032
388.669 1046
388.683 1052
388.696 1072
388.709 1070
388.723 1080
388.736 1061
388.749 1044
388.763 1062
388.776 1063
388.789 1071
388.803 1047
388.816 1072
388.829 1035
388.843 1055
388.856 1046
388.870 1059
388.883 1052
388.896 1012
388.910 1049
388.923 1036
388.936 1031
388.950 1049
388.963 1034
388.976 1053
388.990 1043
389.003 1054
389.016 1023
389.030 1025
389.043 993
389.056 1054
389.070 1031
389.083 1035
389.097 1036
389.110 1017
389.123 1035
389.137 1002
389.150 1019
389.163 1040
389.177 1000
389.190 999
389.203 1030
389.217 1006
389.230 1031
389.243 1026
389.257 1021
389.270 989
389.283 1029
389.297 1025
389.310 999
389.323 1003
389.337 1000
389.350 1031
389.363 1022
389.377 1001
389.390 994
389.403 975
389.417 981
389.430 991
389.443 995
389.457 1013
389.470 990
389.483 999
389.497 985
389.510 1021
389.523 985
389.537 994
389.550 978
389.563 991
389.577 971
389.590 980
389.603 1004
389.617 986
389.630 984
389.643 976
389.657 976
389.670 998
389.683 977
389.697 983
389.710 984
389.723 956
389.737 955
389.750 954
389.763 953
389.777 977
389.790 967
389.803 965
389.817 956
389.830 962
389.843 935
389.857 961
389.870 935
389.883 944
389.897 944
389.910 947
389.923 970
389.937 943
389.950 952
389.963 949
389.977 941
389.990 942
390.003 957
390.017 937
390.030 939
390.043 901
390.057 947
390.070 940
390.083 933
390.096 912
390.110 906
390.123 927
390.136 920
390.150 911
390.163 895
390.176 907
390.190 907
390.203 915
390.216 899
390.230 882
390.243 881
390.256 904
390.270 871
390.283 887
390.296 886
390.310 877
390.323 865
390.336 891
390.349 877
390.363 863
390.376 874
390.389 858
390.403 868
390.416 866
390.429 848
390.443 857
390.456 846
390.469 850
390.483 850
390.496 848
390.509 835
390.522 839
390.536 846
390.549 829
390.562 837
390.576 846
390.589 841
390.602 823
390.616 828
390.629 819
390.642 812
390.655 811
390.669 800
390.682 811
390.695 819
390.709 801
390.722 806
390.735 782
390.749 810
390.762 794
390.775 771
390.788 798
390.802 792
390.815 789
390.828 776
390.842 766
390.855 790
390.868 773
390.882 773
390.895 770
390.908 763
390.921 775
390.935 773
390.948 762
390.961 761
390.975 757
390.988 752
391.001 765
391.014 760
391.028 748
391.041 752
391.054 760
391.068 739
391.081 750
391.094 746
391.107 742
391.121 731
391.134 741
391.147 739
391.161 751
391.174 743
391.187 732
391.200 737
391.214 726
391.227 737
391.240 739
391.254 725
391.267 730
391.280 735
391.293 709
391.307 719
391.320 736
391.333 722
391.347 721
391.360 720
391.373 719
391.386 723
391.400 718
391.413 721
391.426 724
391.440 714
391.453 711
391.466 692
391.479 712
391.493 710
391.506 705
391.519 705
391.532 721
391.546 708
391.559 696
391.572 708
391.586 707
391.599 705
391.612 697
391.625 718
391.639 712
391.652 713
391.665 706
391.678 674
391.692 695
391.705 712
391.718 696
391.732 698
391.745 701
391.758 689
391.771 699
391.785 697
391.798 706
391.811 705
391.824 688
391.838 719
391.851 679
391.864 701
391.877 696
391.891 697
391.904 699
391.917 692
391.931 717
391.944 696
391.957 698
391.970 690
391.984 697
391.997 680
392.010 703
392.023 681
392.037 695
392.050 697
392.063 687
392.076 683
392.090 681
392.103 689
392.116 688
392.129 697
392.143 686
392.156 700
392.169 682
392.182 683
392.196 680
392.209 685
392.222 698
392.235 672
392.249 693
392.262 678
392.275 668
392.288 682
392.302 683
392.315 698
392.328 683
392.341 687
392.355 686
392.368 682
392.381 684
392.394 699
392.408 680
392.421 687
392.434 688
392.447 679
392.461 688
392.474 679
392.487 683
392.500 684
392.514 689
392.527 686
392.540 688
392.553 684
392.567 692
392.580 670
392.593 688
392.606 681
392.620 671
392.633 679
392.646 677
392.659 692
392.673 681
392.686 689
392.699 676
392.712 682
392.726 670
392.739 676
392.752 656
392.765 668
392.778 683
392.792 681
392.805 683
392.818 666
392.831 687
392.845 678
392.858 672
392.871 675
392.884 678
392.898 674
392.911 686
392.924 671
392.937 677
392.951 678
392.964 669
392.977 681
392.990 669
393.003 671
393.017 677
393.030 679
393.043 680
393.056 670
393.070 674
393.083 674
393.096 680
393.109 680
393.122 679
393.136 676
393.149 661
393.162 669
393.175 670
393.189 670
393.202 667
393.215 668
393.228 667
393.242 667
393.255 671
393.268 663
393.281 672
393.294 672
393.308 669
393.321 663
393.334 666
393.347 679
393.360 668
393.374 665
393.387 670
393.400 669
393.413 665
393.427 676
393.440 666
393.453 675
393.466 669
393.479 654
393.493 656
393.506 664
393.519 666
393.532 668
393.546 667
393.559 666
393.572 667
393.585 661
393.598 667
393.612 664
393.625 666
393.638 667
393.651 661
393.664 660
393.678 669
393.691 669
393.704 670
393.717 662
393.730 664
393.744 672
393.757 659
393.770 662
393.783 664
393.796 656
393.810 676
393.823 656
393.836 666
393.849 670
393.863 665
393.876 667
393.889 660
393.902 665
393.915 671
393.929 652
