375.891 679
375.905 677
375.919 688
375.933 683
375.946 688
375.960 687
375.974 691
375.987 694
376.001 705
376.015 687
376.029 694
376.042 705
376.056 699
376.070 698
376.084 702
376.097 699
376.111 692
376.125 693
376.139 715
376.152 699
376.166 691
376.180 717
376.193 702
376.207 719
376.221 717
376.235 714
376.248 719
376.262 709
376.276 718
376.290 711
376.303 705
376.317 732
376.331 727
376.345 716
376.358 723
376.372 719
376.386 731
376.399 725
376.413 720
376.427 726
376.441 722
376.454 720
376.468 745
376.482 731
376.495 739
376.509 718
376.523 747
376.537 753
376.550 733
376.564 747
376.578 743
376.592 736
376.605 732
376.619 754
376.633 750
376.646 743
376.660 753
376.674 760
376.688 759
376.701 776
376.715 775
376.729 741
376.742 777
376.756 783
376.770 767
376.784 761
376.797 781
376.811 784
376.825 773
376.838 774
376.852 781
376.866 790
376.880 784
376.893 799
376.907 771
376.921 784
376.934 803
376.948 797
376.962 803
376.976 798
376.989 796
377.003 800
377.017 812
377.030 805
377.044 814
377.058 794
377.071 836
377.085 804
377.099 807
377.113 827
377.126 819
377.140 854
377.154 825
377.167 826
377.181 835
377.195 840
377.208 845
377.222 847
377.236 848
377.250 850
377.263 846
377.277 850
377.291 870
377.304 860
377.318 875
377.332 882
377.345 863
377.359 856
377.373 857
377.387 863
377.400 878
377.414 857
377.428 885
377.441 890
377.455 896
377.469 908
377.482 888
377.496 895
377.510 907
377.524 890
377.537 874
377.551 893
377.565 923
377.578 912
377.592 892
377.606 912
377.619 932
377.633 905
377.647 897
377.660 928
377.674 883
377.688 929
377.701 920
377.715 941
377.729 926
377.743 936
377.756 947
377.770 938
377.784 943
377.797 918
377.811 945
377.825 936
377.838 912
377.852 946
377.866 930
377.879 951
377.893 956
377.907 948
377.920 951
377.934 937
377.948 938
377.961 953
377.975 950
377.989 957
378.002 954
378.016 953
378.030 968
378.044 963
378.057 951
378.071 969
378.085 1006
378.098 982
378.112 982
378.126 946
378.139 969
378.153 966
378.167 981
378.180 1007
378.194 970
378.208 982
378.221 967
378.235 968
378.249 996
378.262 987
378.276 981
378.290 991
378.303 971
378.317 1012
378.331 995
378.344 980
378.358 1006
378.372 1003
378.385 1004
378.399 1003
378.413 999
378.426 1007
378.440 1008
378.454 1024
378.467 1026
378.481 993
378.495 1013
378.508 1026
378.522 996
378.536 1039
378.549 1026
378.563 1018
378.577 1029
378.590 1055
378.604 1060
378.618 1050
378.631 1017
378.645 1042
378.659 1035
378.672 1042
378.686 1022
378.700 1067
378.713 1081
378.727 1058
378.740 1054
378.754 1048
378.768 1052
378.781 1063
378.795 1054
378.809 1046
378.822 1049
378.836 1079
378.850 1051
378.863 1052
378.877 1072
378.891 1070
378.904 1046
378.918 1078
378.932 1107
378.945 1095
378.959 1049
378.973 1076
378.986 1108
379.000 1095
379.014 1096
379.027 1103
379.041 1106
379.054 1078
379.068 1062
379.082 1107
379.095 1083
379.109 1102
379.123 1124
379.136 1106
379.150 1142
379.164 1102
379.177 1116
379.191 1123
379.205 1130
379.218 1089
379.232 1156
379.245 1129
379.259 1140
379.273 1164
379.286 1160
379.300 1173
379.314 1139
379.327 1177
379.341 1159
379.355 1145
379.368 1191
379.382 1192
379.396 1182
379.409 1186
379.423 1161
379.436 1205
379.450 1203
379.464 1220
379.477 1182
379.491 1202
379.505 1210
379.518 1199
379.532 1257
379.546 1216
379.559 1247
379.573 1263
379.586 1264
379.600 1266
379.614 1273
379.627 1280
379.641 1275
379.655 1285
379.668 1301
379.682 1301
379.695 1256
379.709 1290
379.723 1317
379.736 1319
379.750 1360
379.764 1362
379.777 1349
379.791 1390
379.804 1391
379.818 1381
379.832 1384
379.845 1427
379.859 1387
379.873 1430
379.886 1398
379.900 1444
379.913 1449
379.927 1479
379.941 1496
379.954 1487
379.968 1492
379.982 1530
379.995 1524
380.009 1526
380.022 1567
380.036 1613
380.050 1569
380.063 1657
380.077 1621
380.090 1637
380.104 1669
380.118 1681
380.131 1682
380.145 1717
380.159 1769
380.172 1753
380.186 1766
380.199 1733
380.213 1817
380.227 1848
380.240 1822
380.254 1876
380.267 1872
380.281 1861
380.295 1893
380.308 1916
380.322 1922
380.336 1987
380.349 2035
380.363 2029
380.376 2054
380.390 2072
380.404 2099
380.417 2125
380.431 2234
380.444 2171
380.458 2182
380.472 2219
380.485 2265
380.499 2274
380.512 2283
380.526 2300
380.540 2349
380.553 2397
380.567 2447
380.580 2358
380.594 2459
380.608 2460
380.621 2464
380.635 2554
380.648 2544
380.662 2621
380.676 2597
380.689 2663
380.703 2677
380.716 2713
380.730 2734
380.744 2743
380.757 2808
380.771 2850
380.784 2921
380.798 2985
380.812 2950
380.825 2985
380.839 3051
380.852 3114
380.866 3143
380.880 3120
380.893 3184
380.907 3208
380.920 3233
380.934 3274
380.948 3260
380.961 3356
380.975 3389
380.988 3437
381.002 3518
381.015 3492
381.029 3565
381.043 3598
381.056 3607
381.070 3646
381.083 3589
381.097 3739
381.111 3750
381.124 3790
381.138 3886
381.151 3918
381.165 3904
381.179 3967
381.192 3942
381.206 3977
381.219 3998
381.233 4050
381.246 4100
381.260 4101
381.274 4055
381.287 4242
381.301 4211
381.314 4307
381.328 4297
381.341 4213
381.355 4377
381.369 4415
381.382 4414
381.396 4508
381.409 4476
381.423 4556
381.437 4652
381.450 4702
381.464 4695
381.477 4787
381.491 4809
381.504 4822
381.518 4878
381.532 4789
381.545 4896
381.559 5008
381.572 5014
381.586 5058
381.599 5024
381.613 5135
381.627 5170
381.640 5223
381.654 5251
381.667 5299
381.681 5262
381.694 5279
381.708 5245
381.722 5335
381.735 5399
381.749 5443
381.762 5396
381.776 5419
381.789 5454
381.803 5475
381.817 5585
381.830 5585
381.844 5555
381.857 5665
381.871 5750
381.884 5782
381.898 5723
381.911 5808
381.925 5922
381.939 5865
381.952 5983
381.966 5960
381.979 6085
381.993 6070
382.006 6143
382.020 6162
382.034 6258
382.047 6234
382.061 6322
382.074 6322
382.088 6423
382.101 6372
382.115 6446
382.128 6455
382.142 6461
382.156 6498
382.169 6587
382.183 6774
382.196 6624
382.210 6813
382.223 6901
382.237 6881
382.250 6878
382.264 7049
382.278 7073
382.291 7025
382.305 7166
382.318 7227
382.332 7242
382.345 7267
382.359 7385
382.372 7354
382.386 7377
382.399 7387
382.413 7484
382.427 7487
382.440 7712
382.454 7825
382.467 7855
382.481 8021
382.494 8060
382.508 8262
382.521 8183
382.535 8247
382.548 8419
382.562 8278
382.576 8377
382.589 8578
382.603 8631
382.616 8687
382.630 8862
382.643 8879
382.657 8997
382.670 9202
382.684 8941
382.697 9093
382.711 9227
382.724 9175
382.738 9346
382.752 9255
382.765 9539
382.779 9618
382.792 9682
382.806 9776
382.819 9937
382.833 10038
382.846 10037
382.860 10147
382.873 10286
382.887 10499
382.900 10693
382.914 10771
382.928 11037
382.941 11174
382.955 11193
382.968 11410
382.982 11611
382.995 11755
383.009 11747
383.022 11849
383.036 12004
383.049 12178
383.063 12316
383.076 12450
383.090 12240
383.103 12567
383.117 12573
383.130 12634
383.144 12847
383.158 13064
383.171 13186
383.185 13205
383.198 13258
383.212 13568
383.225 13684
383.239 14108
383.252 14332
383.266 14462
383.279 14629
383.293 14827
383.306 14863
383.320 15023
383.333 15170
383.347 15306
383.360 15305
383.374 15399
383.387 15565
383.401 15846
383.414 15719
383.428 16037
383.441 16196
383.455 16288
383.468 16091
383.482 16351
383.496 16417
383.509 16658
383.523 16776
383.536 16549
383.550 16905
383.563 16978
383.577 17244
383.590 17177
383.604 17358
383.617 17536
383.631 17545
383.644 17794
383.658 17753
383.671 17859
383.685 18140
383.698 18366
383.712 18634
383.725 18596
383.739 18537
383.752 18598
383.766 18604
383.779 18266
383.793 18440
383.806 18704
383.820 18849
383.833 18909
383.847 18968
383.860 19100
383.874 19167
383.887 19157
383.901 19279
383.914 19241
383.928 19318
383.941 19265
383.955 19374
383.968 19483
383.982 19581
383.995 19490
384.009 19635
384.022 19760
384.036 19824
384.049 19986
384.063 20103
384.076 20243
384.090 20544
384.103 20483
384.117 20575
384.130 20511
384.144 20292
384.157 20182
384.171 20404
384.184 20313
384.198 20190
384.211 20313
384.225 20139
384.238 20712
384.252 20814
384.265 20763
384.279 20636
384.292 20583
384.306 20298
384.319 20259
384.333 19984
384.346 19742
384.360 19545
384.373 19424
384.387 19452
384.400 19291
384.414 18981
384.427 19067
384.441 18719
384.454 18396
384.468 18232
384.481 17810
384.495 17841
384.508 17686
384.522 17242
384.535 16960
384.549 16631
384.562 16366
384.575 15961
384.589 15652
384.602 15599
384.616 15306
384.629 14892
384.643 14352
384.656 13747
384.670 13292
384.683 12856
384.697 12440
384.710 12155
384.724 11656
384.737 11355
384.751 11097
384.764 10802
384.778 10444
384.791 10104
384.805 9814
384.818 9430
384.832 9171
384.845 8761
384.859 8672
384.872 8335
384.885 8102
384.899 7826
384.912 7557
384.926 7346
384.939 7085
384.953 6828
384.966 6722
384.980 6668
384.993 6417
385.007 6126
385.020 5993
385.034 5936
385.047 5658
385.061 5544
385.074 5401
385.088 5282
385.101 5133
385.114 5114
385.128 4997
385.141 4909
385.155 4842
385.168 4712
385.182 4779
385.195 4685
385.209 4532
385.222 4440
385.236 4472
385.249 4332
385.263 4266
385.276 4209
385.290 4093
385.303 4098
385.316 4041
385.330 4056
385.343 3955
385.357 3924
385.370 3827
385.384 3716
385.397 3789
385.411 3617
385.424 3628
385.438 3581
385.451 3505
385.464 3458
385.478 3534
385.491 3426
385.505 3422
385.518 3375
385.532 3383
385.545 3292
385.559 3260
385.572 3153
385.586 3129
385.599 3142
385.612 3135
385.626 3120
385.639 3093
385.653 3003
385.666 2990
385.680 3039
385.693 2990
385.707 2929
385.720 2925
385.734 2883
385.747 2815
385.760 2823
385.774 2844
385.787 2752
385.801 2769
385.814 2709
385.828 2660
385.841 2632
385.855 2621
385.868 2631
385.881 2607
385.895 2588
385.908 2547
385.922 2584
385.935 2530
385.949 2482
385.962 2489
385.976 2480
385.989 2461
386.002 2462
386.016 2441
386.029 2455
386.043 2396
386.056 2418
386.070 2386
386.083 2396
386.097 2391
386.110 2330
386.123 2354
386.137 2371
386.150 2369
386.164 2360
386.177 2291
386.191 2297
386.204 2255
386.217 2268
386.231 2254
386.244 2229
386.258 2219
386.271 2189
386.285 2242
386.298 2182
386.311 2159
386.325 2128
386.338 2138
386.352 2151
386.365 2179
386.379 2135
386.392 2085
386.405 2064
386.419 2012
386.432 2008
386.446 2063
386.459 2090
386.473 2033
386.486 2035
386.499 2023
386.513 2034
386.526 2025
386.540 1977
386.553 1975
386.567 1974
386.580 1923
386.593 1996
386.607 1974
386.620 1991
386.634 1915
386.647 1965
386.661 1921
386.674 1937
386.687 1883
386.701 1884
386.714 1833
386.728 1872
386.741 1851
386.754 1858
386.768 1863
386.781 1886
386.795 1827
386.808 1815
386.822 1794
386.835 1799
386.848 1801
386.862 1755
386.875 1737
386.889 1726
386.902 1757
386.915 1731
386.929 1753
386.942 1751
386.956 1692
386.969 1718
386.983 1680
386.996 1662
387.009 1666
387.023 1668
387.036 1679
387.050 1658
387.063 1645
387.076 1600
387.090 1629
387.103 1606
387.117 1619
387.130 1668
387.143 1598
387.157 1618
387.170 1588
387.184 1611
387.197 1577
387.210 1582
387.224 1546
387.237 1584
387.251 1581
387.264 1568
387.278 1522
387.291 1546
387.304 1499
387.318 1524
387.331 1509
387.345 1479
387.358 1478
387.371 1475
387.385 1482
387.398 1483
387.412 1442
387.425 1430
387.438 1419
387.452 1434
387.465 1415
387.478 1430
387.492 1402
387.505 1388
387.519 1382
387.532 1412
387.545 1421
387.559 1396
387.572 1378
387.586 1357
387.599 1387
387.612 1354
387.626 1368
387.639 1295
387.653 1327
387.666 1282
387.679 1297
387.693 1287
387.706 1267
387.720 1268
387.733 1310
387.746 1289
387.760 1283
387.773 1270
387.787 1295
387.800 1227
387.813 1249
387.827 1257
387.840 1253
387.853 1252
387.867 1243
387.880 1227
387.894 1220
387.907 1228
387.920 1221
387.934 1196
387.947 1226
387.961 1199
387.974 1192
387.987 1173
388.001 1159
388.014 1184
388.027 1177
388.041 1173
388.054 1142
388.068 1154
388.081 1154
388.094 1161
388.108 1149
388.121 1148
388.134 1129
388.148 1120
388.161 1128
388.175 1125
388.188 1102
388.201 1093
388.215 1089
388.228 1076
388.241 1078
388.255 1102
388.268 1120
388.282 1094
388.295 1092
388.308 1079
388.322 1106
388.335 1085
388.348 1062
388.362 1087
388.375 1075
388.389 1066
388.402 1052
388.415 1095
388.429 1074
388.442 1053
388.455 1060
388.469 1066
388.482 1070
388.495 1046
388.509 1081
388.522 1072
388.536 1074
388.549 1088
388.562 1047
388.576 1066
388.589 1046
388.602 1040
388.616 1059
388.629 1075
388.642 1044
388.656 1021
388.669 1056
388.683 1033
388.696 1032
388.709 1044
388.723 1056
388.736 1035
388.749 1048
388.763 1049
388.776 1056
388.789 1029
388.803 1038
388.816 1044
388.829 1040
388.843 1022
388.856 1024
388.870 1027
388.883 1040
388.896 1015
388.910 1006
388.923 1058
388.936 1036
388.950 1031
388.963 1016
388.976 1011
388.990 996
389.003 1012
389.016 1023
389.030 1030
389.043 1034
389.056 1028
389.070 1018
389.083 1028
389.097 1013
389.110 1017
389.123 1009
389.137 1007
389.150 997
389.163 1004
389.177 1008
389.190 1022
389.203 1013
389.217 1016
389.230 1018
389.243 990
389.257 1021
389.270 1013
389.283 1033
389.297 1019
389.310 994
389.323 1027
389.337 994
389.350 1005
389.363 1008
389.377 979
389.390 1009
389.403 995
389.417 975
389.430 996
389.443 982
389.457 987
389.470 994
389.483 994
389.497 1007
389.510 997
389.523 999
389.537 993
389.550 996
389.563 979
389.577 992
389.590 962
389.603 980
389.617 971
389.630 1004
389.643 969
389.657 967
389.670 960
389.683 976
389.697 958
389.710 951
389.723 963
389.737 951
389.750 962
389.763 960
389.777 964
389.790 960
389.803 970
389.817 946
389.830 938
389.843 935
389.857 946
389.870 931
389.883 930
389.897 927
389.910 938
389.923 951
389.937 953
389.950 919
389.963 943
389.977 921
389.990 916
390.003 930
390.017 916
390.030 929
390.043 928
390.057 904
390.070 950
390.083 925
390.096 921
390.110 892
390.123 921
390.136 899
390.150 900
390.163 888
390.176 892
390.190 889
390.203 881
390.216 898
390.230 897
390.243 883
390.256 889
390.270 889
390.283 868
390.296 859
390.310 856
390.323 864
390.336 851
390.349 885
390.363 839
390.376 874
390.389 864
390.403 852
390.416 844
390.429 863
390.443 846
390.456 849
390.469 844
390.483 828
390.496 846
390.509 819
390.522 848
390.536 827
390.549 830
390.562 820
390.576 838
390.589 822
390.602 808
390.616 813
390.629 796
390.642 809
390.655 807
390.669 798
390.682 796
390.695 794
390.709 810
390.722 798
390.735 803
390.749 777
390.762 787
390.775 782
390.788 798
390.802 774
390.815 767
390.828 791
390.842 776
390.855 771
390.868 762
390.882 767
390.895 756
390.908 751
390.921 753
390.935 743
390.948 749
390.961 738
390.975 752
390.988 746
391.001 738
391.014 753
391.028 741
391.041 740
391.054 746
391.068 722
391.081 738
391.094 733
391.107 738
391.121 723
391.134 723
391.147 745
391.161 736
391.174 731
391.187 731
391.200 741
391.214 734
391.227 729
391.240 722
391.254 715
391.267 737
391.280 716
391.293 725
391.307 710
391.320 708
391.333 729
391.347 713
391.360 719
391.373 709
391.386 720
391.400 708
391.413 713
391.426 701
391.440 711
391.453 692
391.466 711
391.479 705
391.493 705
391.506 709
391.519 696
391.532 716
391.546 703
391.559 716
391.572 702
391.586 707
391.599 713
391.612 708
391.625 703
391.639 700
391.652 701
391.665 697
391.678 705
391.692 686
391.705 697
391.718 687
391.732 700
391.745 690
391.758 687
391.771 695
391.785 690
391.798 676
391.811 692
391.824 687
391.838 694
391.851 696
391.864 694
391.877 675
391.891 692
391.904 690
391.917 697
391.931 697
391.944 697
391.957 700
391.970 684
391.984 683
391.997 693
392.010 685
392.023 698
392.037 696
392.050 680
392.063 699
392.076 690
392.090 680
392.103 689
392.116 688
392.129 694
392.143 668
392.156 686
392.169 684
392.182 683
392.196 692
392.209 697
392.222 681
392.235 691
392.249 674
392.262 682
392.275 690
392.288 681
392.302 677
392.315 675
392.328 689
392.341 690
392.355 678
392.368 675
392.381 677
392.394 680
392.408 676
392.421 687
392.434 681
392.447 686
392.461 686
392.474 674
392.487 685
392.500 686
392.514 672
392.527 676
392.540 692
392.553 670
392.567 686
392.580 687
392.593 680
392.606 683
392.620 682
392.633 664
392.646 667
392.659 681
392.673 681
392.686 672
392.699 674
392.712 672
392.726 669
392.739 674
392.752 679
392.765 678
392.778 668
392.792 676
392.805 675
392.818 678
392.831 678
392.845 671
392.858 676
392.871 661
392.884 682
392.898 671
392.911 670
392.924 668
392.937 678
392.951 683
392.964 670
392.977 684
392.990 666
393.003 661
393.017 662
393.030 671
393.043 665
393.056 678
393.070 669
393.083 674
393.096 665
393.109 662
393.122 673
393.136 667
393.149 671
393.162 658
393.175 671
393.189 671
393.202 668
393.215 671
393.228 667
393.242 665
393.255 668
393.268 664
393.281 671
393.294 672
393.308 661
393.321 669
393.334 659
393.347 662
393.360 671
393.374 663
393.387 656
393.400 658
393.413 663
393.427 653
393.440 666
393.453 668
393.466 663
393.479 655
393.493 667
393.506 657
393.519 659
393.532 674
393.546 661
393.559 661
393.572 647
393.585 670
393.598 645
393.612 674
393.625 654
393.638 665
393.651 659
393.664 665
393.678 667
393.691 655
393.704 671
393.717 652
393.730 658
393.744 658
393.757 657
393.770 646
393.783 664
393.796 663
393.810 652
393.823 670
393.836 650
393.849 667
393.863 668
393.876 659
393.889 663
393.902 657
393.915 659
393.929 661
