375.891 733
375.905 730
375.919 727
375.933 734
375.946 737
375.960 733
375.974 746
375.987 733
376.001 747
376.015 735
376.029 745
376.042 753
376.056 752
376.070 729
376.084 750
376.097 739
376.111 772
376.125 765
376.139 762
376.152 742
376.166 756
376.180 766
376.193 748
376.207 760
376.221 769
376.235 766
376.248 772
376.262 768
376.276 745
376.290 785
376.303 802
376.317 768
376.331 789
376.345 786
376.358 792
376.372 783
376.386 802
376.399 788
376.413 794
376.427 791
376.441 817
376.454 804
376.468 789
376.482 801
376.495 798
376.509 812
376.523 814
376.537 818
376.550 795
376.564 834
376.578 819
376.592 825
376.605 818
376.619 824
376.633 835
376.646 813
376.660 845
376.674 839
376.688 840
376.701 833
376.715 844
376.729 852
376.742 876
376.756 845
376.770 878
376.784 867
376.797 875
376.811 869
376.825 883
376.838 882
376.852 886
376.866 892
376.880 896
376.893 886
376.907 906
376.921 923
376.934 899
376.948 881
376.962 894
376.976 926
376.989 915
377.003 892
377.017 937
377.030 928
377.044 924
377.058 951
377.071 934
377.085 925
377.099 931
377.113 948
377.126 954
377.140 960
377.154 954
377.167 958
377.181 960
377.195 962
377.208 991
377.222 979
377.236 981
377.250 981
377.263 1011
377.277 1012
377.291 1001
377.304 1013
377.318 1007
377.332 1043
377.345 1027
377.359 1030
377.373 1012
377.387 1042
377.400 1020
377.414 1039
377.428 1022
377.441 1041
377.455 1047
377.469 1034
377.482 1008
377.496 1027
377.510 1060
377.524 1086
377.537 1067
377.551 1083
377.565 1071
377.578 1103
377.592 1091
377.606 1061
377.619 1052
377.633 1092
377.647 1042
377.660 1063
377.674 1086
377.688 1070
377.701 1066
377.715 1113
377.729 1152
377.743 1103
377.756 1125
377.770 1103
377.784 1127
377.797 1104
377.811 1152
377.825 1115
377.838 1132
377.852 1095
377.866 1120
377.879 1167
377.893 1151
377.907 1151
377.920 1148
377.934 1154
377.948 1136
377.961 1140
377.975 1174
377.989 1160
378.002 1165
378.016 1168
378.030 1185
378.044 1164
378.057 1159
378.071 1195
378.085 1193
378.098 1171
378.112 1159
378.126 1204
378.139 1180
378.153 1160
378.167 1178
378.180 1159
378.194 1190
378.208 1177
378.221 1151
378.235 1168
378.249 1209
378.262 1216
378.276 1174
378.290 1200
378.303 1221
378.317 1155
378.331 1205
378.344 1202
378.358 1180
378.372 1239
378.385 1213
378.399 1190
378.413 1213
378.426 1206
378.440 1242
378.454 1230
378.467 1196
378.481 1237
378.495 1207
378.508 1227
378.522 1249
378.536 1225
378.549 1250
378.563 1232
378.577 1277
378.590 1234
378.604 1239
378.618 1264
378.631 1262
378.645 1295
378.659 1232
378.672 1251
378.686 1262
378.700 1317
378.713 1287
378.727 1289
378.740 1295
378.754 1264
378.768 1288
378.781 1313
378.795 1285
378.809 1279
378.822 1333
378.836 1329
378.850 1289
378.863 1302
378.877 1349
378.891 1340
378.904 1319
378.918 1362
378.932 1354
378.945 1321
378.959 1353
378.973 1334
378.986 1350
379.000 1333
379.014 1343
379.027 1332
379.041 1342
379.054 1349
379.068 1315
379.082 1347
379.095 1342
379.109 1380
379.123 1369
379.136 1375
379.150 1401
379.164 1404
379.177 1381
379.191 1370
379.205 1386
379.218 1377
379.232 1397
379.245 1413
379.259 1386
379.273 1405
379.286 1430
379.300 1436
379.314 1416
379.327 1396
379.341 1424
379.355 1476
379.368 1433
379.382 1473
379.396 1472
379.409 1520
379.423 1470
379.436 1505
379.450 1511
379.464 1522
379.477 1517
379.491 1537
379.505 1545
379.518 1543
379.532 1596
379.546 1588
379.559 1591
379.573 1595
379.586 1580
379.600 1576
379.614 1610
379.627 1585
379.641 1621
379.655 1640
379.668 1618
379.682 1680
379.695 1662
379.709 1644
379.723 1706
379.736 1710
379.750 1751
379.764 1741
379.777 1789
379.791 1799
379.804 1825
379.818 1866
379.832 1818
379.845 1818
379.859 1832
379.873 1803
379.886 1839
379.900 1844
379.913 1885
379.927 1904
379.941 1922
379.954 2020
379.968 2013
379.982 2049
379.995 2024
380.009 2034
380.022 2057
380.036 2078
380.050 2116
380.063 2075
380.077 2189
380.090 2197
380.104 2211
380.118 2248
380.131 2288
380.145 2332
380.159 2298
380.172 2344
380.186 2367
380.199 2409
380.213 2397
380.227 2474
380.240 2521
380.254 2511
380.267 2457
380.281 2582
380.295 2526
380.308 2648
380.322 2650
380.336 2691
380.349 2700
380.363 2808
380.376 2808
380.390 2808
380.404 2940
380.417 2890
380.431 2992
380.444 2929
380.458 2999
380.472 3040
380.485 3039
380.499 3108
380.512 3206
380.526 3207
380.540 3214
380.553 3243
380.567 3248
380.580 3356
380.594 3398
380.608 3424
380.621 3547
380.635 3565
380.648 3668
380.662 3540
380.676 3625
380.689 3750
380.703 3727
380.716 3844
380.730 3784
380.744 3906
380.757 3957
380.771 3937
380.784 4165
380.798 4171
380.812 4114
380.825 4144
380.839 4205
380.852 4433
380.866 4450
380.880 4514
380.893 4548
380.907 4596
380.920 4576
380.934 4643
380.948 4784
380.961 4824
380.975 4900
380.988 5028
381.002 4952
381.015 4864
381.029 5077
381.043 5105
381.056 5178
381.070 5155
381.083 5213
381.097 5246
381.111 5383
381.124 5355
381.138 5567
381.151 5636
381.165 5656
381.179 5728
381.192 5631
381.206 5745
381.219 5657
381.233 5804
381.246 5821
381.260 5993
381.274 5872
381.287 6105
381.301 6003
381.314 6002
381.328 6197
381.341 6257
381.355 6295
381.369 6263
381.382 6288
381.396 6339
381.409 6374
381.423 6550
381.437 6633
381.450 6749
381.464 6761
381.477 6771
381.491 6877
381.504 6817
381.518 6896
381.532 6998
381.545 7035
381.559 7176
381.572 7193
381.586 7320
381.599 7351
381.613 7395
381.627 7567
381.640 7606
381.654 7548
381.667 7629
381.681 7782
381.694 7610
381.708 7588
381.722 7504
381.735 7583
381.749 7669
381.762 7669
381.776 7812
381.789 7722
381.803 7868
381.817 7839
381.830 7847
381.844 8066
381.857 8021
381.871 8212
381.884 8211
381.898 8298
381.911 8230
381.925 8325
381.939 8537
381.952 8511
381.966 8421
381.979 8596
381.993 8619
382.006 8748
382.020 8905
382.034 8823
382.047 8929
382.061 8851
382.074 9010
382.088 9028
382.101 9060
382.115 9093
382.128 9173
382.142 9232
382.156 9448
382.169 9491
382.183 9443
382.196 9505
382.210 9641
382.223 9627
382.237 9668
382.250 9825
382.264 9873
382.278 9977
382.291 10047
382.305 10045
382.318 10220
382.332 10251
382.345 10216
382.359 10362
382.372 10357
382.386 10523
382.399 10448
382.413 10573
382.427 10698
382.440 10812
382.454 10839
382.467 10940
382.481 11163
382.494 11415
382.508 11788
382.521 11860
382.535 11751
382.548 11780
382.562 11896
382.576 11857
382.589 11900
382.603 11962
382.616 12218
382.630 12374
382.643 12545
382.657 12694
382.670 12827
382.684 12683
382.697 12618
382.711 12880
382.724 13040
382.738 12951
382.752 13086
382.765 13295
382.779 13274
382.792 13548
382.806 13533
382.819 13729
382.833 13862
382.846 14108
382.860 14159
382.873 14339
382.887 14427
382.900 14772
382.914 14989
382.928 15183
382.941 15335
382.955 15591
382.968 15743
382.982 16163
382.995 16131
383.009 16167
383.022 16335
383.036 16626
383.049 16726
383.063 16978
383.076 17053
383.090 16841
383.103 17144
383.117 17264
383.130 17453
383.144 17505
383.158 17819
383.171 17831
383.185 18070
383.198 18463
383.212 18772
383.225 19040
383.239 19571
383.252 19740
383.266 20060
383.279 20030
383.293 20336
383.306 20443
383.320 20626
383.333 21180
383.347 21347
383.360 21178
383.374 21168
383.387 21517
383.401 21635
383.414 21862
383.428 21994
383.441 22047
383.455 22117
383.468 22025
383.482 22230
383.496 22507
383.509 22622
383.523 22612
383.536 22835
383.550 22841
383.563 23138
383.577 23346
383.590 23457
383.604 23516
383.617 23460
383.631 23655
383.644 23578
383.658 23865
383.671 23785
383.685 24109
383.698 24531
383.712 24962
383.725 25102
383.739 24849
383.752 24457
383.766 24523
383.779 24511
383.793 24860
383.806 24670
383.820 25076
383.833 25009
383.847 25158
383.860 25202
383.874 25314
383.887 24941
383.901 25258
383.914 25382
383.928 25519
383.941 25401
383.955 25160
383.968 25372
383.982 25534
383.995 25574
384.009 25393
384.022 25332
384.036 25797
384.049 25525
384.063 25815
384.076 26545
384.090 26741
384.103 26793
384.117 27025
384.130 26269
384.144 25732
384.157 25770
384.171 25749
384.184 25507
384.198 25457
384.211 25492
384.225 25291
384.238 26026
384.252 26365
384.265 25872
384.279 25900
384.292 25772
384.306 25770
384.319 25143
384.333 24640
384.346 24344
384.360 24178
384.373 23950
384.387 23589
384.400 23382
384.414 22944
384.427 23033
384.441 22624
384.454 21975
384.468 21861
384.481 21557
384.495 21170
384.508 20693
384.522 20326
384.535 19896
384.549 19383
384.562 18908
384.575 18374
384.589 18172
384.602 18043
384.616 17541
384.629 16972
384.643 16446
384.656 15958
384.670 15226
384.683 14648
384.697 14002
384.710 13547
384.724 12996
384.737 12775
384.751 12336
384.764 11989
384.778 11591
384.791 11389
384.805 10823
384.818 10589
384.832 10216
384.845 9761
384.859 9506
384.872 9216
384.885 8822
384.899 8703
384.912 8237
384.926 8073
384.939 7714
384.953 7706
384.966 7491
384.980 7197
384.993 7056
385.007 6859
385.020 6649
385.034 6395
385.047 6319
385.061 6187
385.074 5889
385.088 5951
385.101 5789
385.114 5657
385.128 5613
385.141 5429
385.155 5410
385.168 5319
385.182 5375
385.195 5304
385.209 5151
385.222 5091
385.236 5009
385.249 4876
385.263 4852
385.276 4708
385.290 4628
385.303 4482
385.316 4460
385.330 4498
385.343 4415
385.357 4415
385.370 4322
385.384 4266
385.397 4147
385.411 4089
385.424 4100
385.438 3993
385.451 3980
385.464 3968
385.478 3864
385.491 3877
385.505 3865
385.518 3798
385.532 3761
385.545 3607
385.559 3547
385.572 3496
385.586 3561
385.599 3550
385.612 3519
385.626 3512
385.639 3393
385.653 3486
385.666 3397
385.680 3386
385.693 3311
385.707 3281
385.720 3307
385.734 3258
385.747 3237
385.760 3055
385.774 3126
385.787 3113
385.801 3079
385.814 3032
385.828 2970
385.841 2949
385.855 2975
385.868 2863
385.881 2911
385.895 2899
385.908 2851
385.922 2820
385.935 2819
385.949 2854
385.962 2856
385.976 2785
385.989 2731
386.002 2777
386.016 2824
386.029 2729
386.043 2696
386.056 2695
386.070 2684
386.083 2659
386.097 2662
386.110 2633
386.123 2641
386.137 2610
386.150 2650
386.164 2592
386.177 2557
386.191 2580
386.204 2538
386.217 2424
386.231 2514
386.244 2489
386.258 2485
386.271 2528
386.285 2482
386.298 2427
386.311 2471
386.325 2435
386.338 2388
386.352 2396
386.365 2421
386.379 2395
386.392 2361
386.405 2331
386.419 2282
386.432 2261
386.446 2362
386.459 2347
386.473 2304
386.486 2279
386.499 2224
386.513 2270
386.526 2317
386.540 2244
386.553 2213
386.567 2202
386.580 2242
386.593 2218
386.607 2198
386.620 2197
386.634 2170
386.647 2172
386.661 2164
386.674 2066
386.687 2176
386.701 2066
386.714 2110
386.728 2085
386.741 2115
386.754 2084
386.768 2070
386.781 2043
386.795 2059
386.808 2009
386.822 2013
386.835 1975
386.848 1971
386.862 1945
386.875 1980
386.889 1981
386.902 1936
386.915 1900
386.929 1913
386.942 1955
386.956 1902
386.969 1906
386.983 1914
386.996 1838
387.009 1885
387.023 1801
387.036 1858
387.050 1842
387.063 1829
387.076 1827
387.090 1770
387.103 1837
387.117 1788
387.130 1793
387.143 1775
387.157 1832
387.170 1802
387.184 1765
387.197 1783
387.210 1724
387.224 1753
387.237 1761
387.251 1734
387.264 1725
387.278 1692
387.291 1690
387.304 1729
387.318 1701
387.331 1705
387.345 1699
387.358 1678
387.371 1614
387.385 1643
387.398 1582
387.412 1600
387.425 1611
387.438 1597
387.452 1612
387.465 1564
387.478 1494
387.492 1555
387.505 1502
387.519 1517
387.532 1559
387.545 1529
387.559 1524
387.572 1512
387.586 1535
387.599 1469
387.612 1461
387.626 1494
387.639 1460
387.653 1470
387.666 1448
387.679 1424
387.693 1398
387.706 1395
387.720 1388
387.733 1458
387.746 1410
387.760 1434
387.773 1408
387.787 1417
387.800 1402
387.813 1409
387.827 1375
387.840 1370
387.853 1356
387.867 1364
387.880 1393
387.894 1337
387.907 1348
387.920 1330
387.934 1316
387.947 1348
387.961 1300
387.974 1325
387.987 1292
388.001 1284
388.014 1259
388.027 1281
388.041 1275
388.054 1289
388.068 1292
388.081 1282
388.094 1288
388.108 1268
388.121 1238
388.134 1225
388.148 1230
388.161 1222
388.175 1227
388.188 1194
388.201 1172
388.215 1218
388.228 1184
388.241 1177
388.255 1221
388.268 1189
388.282 1209
388.295 1190
388.308 1177
388.322 1175
388.335 1155
388.348 1109
388.362 1153
388.375 1160
388.389 1173
388.402 1173
388.415 1162
388.429 1155
388.442 1159
388.455 1146
388.469 1152
388.482 1135
388.495 1188
388.509 1215
388.522 1160
388.536 1166
388.549 1165
388.562 1137
388.576 1129
388.589 1121
388.602 1149
388.616 1165
388.629 1130
388.642 1105
388.656 1150
388.669 1154
388.683 1134
388.696 1148
388.709 1166
388.723 1151
388.736 1161
388.749 1120
388.763 1141
388.776 1135
388.789 1125
388.803 1146
388.816 1132
388.829 1105
388.843 1156
388.856 1115
388.870 1090
388.883 1131
388.896 1178
388.910 1112
388.923 1109
388.936 1146
388.950 1069
388.963 1117
388.976 1095
388.990 1097
389.003 1093
389.016 1096
389.030 1110
389.043 1104
389.056 1114
389.070 1104
389.083 1114
389.097 1125
389.110 1087
389.123 1087
389.137 1059
389.150 1098
389.163 1100
389.177 1073
389.190 1094
389.203 1087
389.217 1061
389.230 1069
389.243 1086
389.257 1074
389.270 1094
389.283 1063
389.297 1047
389.310 1089
389.323 1105
389.337 1056
389.350 1080
389.363 1089
389.377 1086
389.390 1058
389.403 1115
389.417 1056
389.430 1078
389.443 1093
389.457 1062
389.470 1078
389.483 1037
389.497 1074
389.510 1038
389.523 1059
389.537 1062
389.550 1059
389.563 1067
389.577 1053
389.590 1074
389.603 1046
389.617 1088
389.630 1036
389.643 1052
389.657 1065
389.670 1037
389.683 1030
389.697 1047
389.710 1052
389.723 1016
389.737 1017
389.750 1019
389.763 1033
389.777 1022
389.790 1020
389.803 1014
389.817 1036
389.830 1028
389.843 995
389.857 984
389.870 984
389.883 996
389.897 998
389.910 984
389.923 992
389.937 1031
389.950 979
389.963 1014
389.977 988
389.990 952
390.003 1013
390.017 988
390.030 996
390.043 990
390.057 966
390.070 939
390.083 956
390.096 961
390.110 969
390.123 962
390.136 952
390.150 951
390.163 966
390.176 968
390.190 934
390.203 952
390.216 959
390.230 947
390.243 938
390.256 930
390.270 921
390.283 890
390.296 917
390.310 908
390.323 914
390.336 900
390.349 895
390.363 891
390.376 895
390.389 901
390.403 882
390.416 902
390.429 899
390.443 875
390.456 883
390.469 882
390.483 892
390.496 862
390.509 872
390.522 883
390.536 867
390.549 871
390.562 869
390.576 871
390.589 859
390.602 858
390.616 835
390.629 827
390.642 839
390.655 835
390.669 845
390.682 842
390.695 847
390.709 829
390.722 829
390.735 798
390.749 825
390.762 802
390.775 818
390.788 794
390.802 810
390.815 807
390.828 812
390.842 786
390.855 800
390.868 803
390.882 795
390.895 786
390.908 802
390.921 787
390.935 786
390.948 798
390.961 782
390.975 798
390.988 771
391.001 776
391.014 778
391.028 773
391.041 764
391.054 760
391.068 762
391.081 759
391.094 769
391.107 741
391.121 762
391.134 756
391.147 754
391.161 763
391.174 749
391.187 758
391.200 759
391.214 740
391.227 754
391.240 740
391.254 744
391.267 753
391.280 748
391.293 742
391.307 735
391.320 740
391.333 734
391.347 711
391.360 728
391.373 732
391.386 735
391.400 743
391.413 720
391.426 756
391.440 740
391.453 735
391.466 742
391.479 723
391.493 730
391.506 730
391.519 714
391.532 753
391.546 726
391.559 723
391.572 710
391.586 723
391.599 726
391.612 720
391.625 722
391.639 723
391.652 733
391.665 726
391.678 722
391.692 710
391.705 720
391.718 721
391.732 718
391.745 707
391.758 724
391.771 721
391.785 709
391.798 705
391.811 719
391.824 722
391.838 710
391.851 704
391.864 698
391.877 707
391.891 713
391.904 705
391.917 713
391.931 709
391.944 723
391.957 715
391.970 699
391.984 707
391.997 706
392.010 706
392.023 714
392.037 702
392.050 708
392.063 699
392.076 693
392.090 710
392.103 695
392.116 691
392.129 697
392.143 711
392.156 715
392.169 704
392.182 700
392.196 711
392.209 712
392.222 699
392.235 708
392.249 707
392.262 699
392.275 712
392.288 704
392.302 705
392.315 695
392.328 695
392.341 716
392.355 691
392.368 685
392.381 704
392.394 684
392.408 703
392.421 702
392.434 697
392.447 702
392.461 699
392.474 691
392.487 689
392.500 702
392.514 685
392.527 682
392.540 711
392.553 700
392.567 681
392.580 703
392.593 704
392.606 690
392.620 711
392.633 702
392.646 692
392.659 693
392.673 701
392.686 679
392.699 691
392.712 685
392.726 677
392.739 691
392.752 690
392.765 694
392.778 677
392.792 668
392.805 694
392.818 694
392.831 691
392.845 687
392.858 689
392.871 697
392.884 695
392.898 677
392.911 689
392.924 690
392.937 686
392.951 696
392.964 693
392.977 677
392.990 681
393.003 688
393.017 676
393.030 698
393.043 682
393.056 702
393.070 703
393.083 682
393.096 682
393.109 681
393.122 676
393.136 702
393.149 674
393.162 692
393.175 687
393.189 681
393.202 682
393.215 678
393.228 672
393.242 682
393.255 665
393.268 685
393.281 670
393.294 676
393.308 687
393.321 675
393.334 675
393.347 670
393.360 684
393.374 661
393.387 680
393.400 682
393.413 664
393.427 663
393.440 679
393.453 668
393.466 668
393.479 681
393.493 664
393.506 673
393.519 665
393.532 680
393.546 671
393.559 678
393.572 674
393.585 664
393.598 674
393.612 674
393.625 679
393.638 677
393.651 677
393.664 676
393.678 682
393.691 672
393.704 684
393.717 670
393.730 674
393.744 678
393.757 666
393.770 676
393.783 667
393.796 667
393.810 663
393.823 670
393.836 672
393.849 659
393.863 684
393.876 672
393.889 664
393.902 674
393.915 669
393.929 663
