375.891 734
375.905 744
375.919 735
375.933 740
375.946 752
375.960 734
375.974 749
375.987 747
376.001 755
376.015 754
376.029 743
376.042 756
376.056 755
376.070 760
376.084 765
376.097 767
376.111 763
376.125 796
376.139 770
376.152 778
376.166 788
376.180 776
376.193 782
376.207 768
376.221 790
376.235 768
376.248 787
376.262 788
376.276 791
376.290 783
376.303 802
376.317 798
376.331 806
376.345 786
376.358 786
376.372 795
376.386 831
376.399 799
376.413 805
376.427 800
376.441 808
376.454 812
376.468 835
376.482 822
376.495 832
376.509 812
376.523 816
376.537 831
376.550 821
376.564 834
376.578 819
376.592 833
376.605 836
376.619 844
376.633 843
376.646 840
376.660 837
376.674 830
376.688 869
376.701 846
376.715 841
376.729 849
376.742 858
376.756 880
376.770 871
376.784 855
376.797 870
376.811 907
376.825 865
376.838 893
376.852 892
376.866 898
376.880 895
376.893 900
376.907 902
376.921 901
376.934 912
376.948 894
376.962 910
376.976 926
376.989 921
377.003 932
377.017 946
377.030 927
377.044 946
377.058 947
377.071 953
377.085 954
377.099 931
377.113 971
377.126 978
377.140 944
377.154 964
377.167 986
377.181 983
377.195 974
377.208 961
377.222 986
377.236 980
377.250 974
377.263 955
377.277 1004
377.291 994
377.304 1017
377.318 1010
377.332 1018
377.345 1012
377.359 999
377.373 996
377.387 1014
377.400 1028
377.414 1037
377.428 1012
377.441 991
377.455 1041
377.469 1019
377.482 1023
377.496 1036
377.510 1045
377.524 1058
377.537 1045
377.551 1054
377.565 1046
377.578 1090
377.592 1047
377.606 1070
377.619 1031
377.633 1048
377.647 1043
377.660 1067
377.674 1075
377.688 1092
377.701 1085
377.715 1084
377.729 1101
377.743 1148
377.756 1090
377.770 1103
377.784 1092
377.797 1099
377.811 1089
377.825 1101
377.838 1102
377.852 1129
377.866 1116
377.879 1137
377.893 1106
377.907 1135
377.920 1124
377.934 1099
377.948 1137
377.961 1131
377.975 1121
377.989 1127
378.002 1119
378.016 1147
378.030 1159
378.044 1134
378.057 1137
378.071 1168
378.085 1146
378.098 1149
378.112 1146
378.126 1150
378.139 1133
378.153 1141
378.167 1170
378.180 1118
378.194 1132
378.208 1163
378.221 1152
378.235 1191
378.249 1169
378.262 1185
378.276 1180
378.290 1177
378.303 1153
378.317 1177
378.331 1145
378.344 1177
378.358 1179
378.372 1175
378.385 1188
378.399 1186
378.413 1199
378.426 1217
378.440 1208
378.454 1205
378.467 1189
378.481 1203
378.495 1186
378.508 1196
378.522 1223
378.536 1184
378.549 1185
378.563 1233
378.577 1254
378.590 1226
378.604 1223
378.618 1246
378.631 1230
378.645 1224
378.659 1238
378.672 1250
378.686 1202
378.700 1228
378.713 1269
378.727 1275
378.740 1229
378.754 1277
378.768 1243
378.781 1271
378.795 1249
378.809 1252
378.822 1245
378.836 1259
378.850 1260
378.863 1249
378.877 1274
378.891 1267
378.904 1290
378.918 1295
378.932 1260
378.945 1312
378.959 1310
378.973 1276
378.986 1294
379.000 1309
379.014 1330
379.027 1301
379.041 1301
379.054 1302
379.068 1309
379.082 1338
379.095 1327
379.109 1319
379.123 1324
379.136 1352
379.150 1316
379.164 1318
379.177 1352
379.191 1331
379.205 1322
379.218 1342
379.232 1376
379.245 1372
379.259 1373
379.273 1376
379.286 1373
379.300 1401
379.314 1397
379.327 1390
379.341 1415
379.355 1378
379.368 1398
379.382 1409
379.396 1417
379.409 1458
379.423 1449
379.436 1429
379.450 1470
379.464 1447
379.477 1468
379.491 1500
379.505 1472
379.518 1514
379.532 1523
379.546 1502
379.559 1528
379.573 1493
379.586 1497
379.600 1531
379.614 1542
379.627 1583
379.641 1535
379.655 1593
379.668 1574
379.682 1564
379.695 1598
379.709 1652
379.723 1600
379.736 1630
379.750 1672
379.764 1676
379.777 1724
379.791 1721
379.804 1684
379.818 1717
379.832 1731
379.845 1706
379.859 1701
379.873 1706
379.886 1789
379.900 1765
379.913 1741
379.927 1784
379.941 1834
379.954 1884
379.968 1929
379.982 1881
379.995 1922
380.009 1931
380.022 1969
380.036 1963
380.050 1967
380.063 2020
380.077 2062
380.090 2040
380.104 2054
380.118 2140
380.131 2098
380.145 2142
380.159 2177
380.172 2199
380.186 2224
380.199 2219
380.213 2290
380.227 2368
380.240 2310
380.254 2309
380.267 2369
380.281 2383
380.295 2431
380.308 2410
380.322 2440
380.336 2494
380.349 2565
380.363 2595
380.376 2625
380.390 2663
380.404 2665
380.417 2690
380.431 2667
380.444 2772
380.458 2738
380.472 2848
380.485 2808
380.499 2868
380.512 2930
380.526 2969
380.540 2914
380.553 2923
380.567 3042
380.580 3129
380.594 3192
380.608 3135
380.621 3161
380.635 3232
380.648 3311
380.662 3361
380.676 3329
380.689 3382
380.703 3446
380.716 3457
380.730 3511
380.744 3563
380.757 3612
380.771 3663
380.784 3709
380.798 3816
380.812 3760
380.825 3776
380.839 3857
380.852 3976
380.866 4035
380.880 4090
380.893 4124
380.907 4135
380.920 4131
380.934 4310
380.948 4253
380.961 4320
380.975 4430
380.988 4384
381.002 4490
381.015 4496
381.029 4528
381.043 4591
381.056 4579
381.070 4738
381.083 4714
381.097 4720
381.111 4788
381.124 4924
381.138 5019
381.151 4992
381.165 5049
381.179 5098
381.192 5020
381.206 5152
381.219 5070
381.233 5102
381.246 5215
381.260 5263
381.274 5250
381.287 5326
381.301 5442
381.314 5450
381.328 5404
381.341 5480
381.355 5603
381.369 5690
381.382 5650
381.396 5692
381.409 5780
381.423 5913
381.437 5879
381.450 6044
381.464 6158
381.477 6152
381.491 6091
381.504 6107
381.518 6210
381.532 6190
381.545 6296
381.559 6416
381.572 6510
381.586 6457
381.599 6618
381.613 6547
381.627 6701
381.640 6739
381.654 6849
381.667 6771
381.681 6798
381.694 6802
381.708 6771
381.722 6688
381.735 6657
381.749 6889
381.762 6761
381.776 6933
381.789 6862
381.803 6980
381.817 7143
381.830 7011
381.844 7088
381.857 7110
381.871 7339
381.884 7253
381.898 7418
381.911 7459
381.925 7424
381.939 7436
381.952 7579
381.966 7614
381.979 7563
381.993 7720
382.006 7698
382.020 7980
382.034 7785
382.047 7929
382.061 7926
382.074 7938
382.088 8011
382.101 8233
382.115 8170
382.128 8130
382.142 8302
382.156 8415
382.169 8397
382.183 8430
382.196 8621
382.210 8646
382.223 8506
382.237 8697
382.250 8623
382.264 8714
382.278 8832
382.291 8793
382.305 8925
382.318 9064
382.332 8985
382.345 9023
382.359 9105
382.372 9280
382.386 9257
382.399 9249
382.413 9396
382.427 9344
382.440 9617
382.454 9702
382.467 9743
382.481 9849
382.494 10214
382.508 10404
382.521 10410
382.535 10431
382.548 10418
382.562 10354
382.576 10498
382.589 10592
382.603 10668
382.616 10726
382.630 10770
382.643 10999
382.657 11195
382.670 11202
382.684 11311
382.697 11136
382.711 11282
382.724 11512
382.738 11479
382.752 11483
382.765 11697
382.779 11749
382.792 12066
382.806 11878
382.819 12101
382.833 12209
382.846 12356
382.860 12493
382.873 12594
382.887 12733
382.900 13081
382.914 13282
382.928 13477
382.941 13541
382.955 13445
382.968 13947
382.982 14031
382.995 14182
383.009 14211
383.022 14368
383.036 14767
383.049 14701
383.063 14869
383.076 15059
383.090 14858
383.103 14999
383.117 15170
383.130 15149
383.144 15440
383.158 15456
383.171 15899
383.185 15891
383.198 16169
383.212 16403
383.225 16630
383.239 17080
383.252 17215
383.266 17448
383.279 17520
383.293 17717
383.306 17870
383.320 17869
383.333 18279
383.347 18619
383.360 18360
383.374 18288
383.387 18645
383.401 19077
383.414 18988
383.428 19077
383.441 19270
383.455 19368
383.468 19307
383.482 19467
383.496 19799
383.509 19684
383.523 19732
383.536 19860
383.550 19972
383.563 20086
383.577 20190
383.590 20384
383.604 20410
383.617 20684
383.631 20585
383.644 20729
383.658 20897
383.671 20892
383.685 21152
383.698 21670
383.712 21824
383.725 21840
383.739 21696
383.752 21478
383.766 21683
383.779 21526
383.793 21819
383.806 21916
383.820 21989
383.833 21984
383.847 21954
383.860 22048
383.874 22236
383.887 22078
383.901 22285
383.914 22311
383.928 22378
383.941 22635
383.955 22425
383.968 22476
383.982 22324
383.995 22345
384.009 22422
384.022 22538
384.036 22732
384.049 22637
384.063 22891
384.076 23153
384.090 23679
384.103 23382
384.117 23474
384.130 23154
384.144 22745
384.157 22990
384.171 22631
384.184 22931
384.198 22730
384.211 22641
384.225 22702
384.238 22969
384.252 23204
384.265 23254
384.279 22988
384.292 22860
384.306 22552
384.319 22578
384.333 22159
384.346 21819
384.360 21494
384.373 21493
384.387 21478
384.400 21084
384.414 20895
384.427 20535
384.441 20357
384.454 20114
384.468 19665
384.481 19505
384.495 19247
384.508 18798
384.522 18554
384.535 18106
384.549 17626
384.562 17246
384.575 16670
384.589 16543
384.602 16419
384.616 15998
384.629 15491
384.643 14898
384.656 14353
384.670 13953
384.683 13345
384.697 12937
384.710 12452
384.724 12136
384.737 11784
384.751 11259
384.764 10892
384.778 10516
384.791 10223
384.805 9904
384.818 9616
384.832 9244
384.845 8912
384.859 8666
384.872 8310
384.885 7963
384.899 7778
384.912 7620
384.926 7353
384.939 7041
384.953 6780
384.966 6633
384.980 6532
384.993 6353
385.007 6135
385.020 5959
385.034 5807
385.047 5605
385.061 5457
385.074 5282
385.088 5211
385.101 5096
385.114 4971
385.128 4849
385.141 4780
385.155 4689
385.168 4581
385.182 4623
385.195 4548
385.209 4426
385.222 4282
385.236 4281
385.249 4149
385.263 4057
385.276 4111
385.290 3969
385.303 3833
385.316 3810
385.330 3863
385.343 3781
385.357 3746
385.370 3581
385.384 3620
385.397 3523
385.411 3491
385.424 3518
385.438 3347
385.451 3299
385.464 3344
385.478 3320
385.491 3346
385.505 3209
385.518 3193
385.532 3208
385.545 3030
385.559 3073
385.572 3050
385.586 2988
385.599 3015
385.612 2956
385.626 2925
385.639 2911
385.653 2918
385.666 2837
385.680 2835
385.693 2802
385.707 2754
385.720 2813
385.734 2761
385.747 2720
385.760 2663
385.774 2641
385.787 2588
385.801 2608
385.814 2549
385.828 2517
385.841 2545
385.855 2542
385.868 2537
385.881 2461
385.895 2448
385.908 2457
385.922 2454
385.935 2436
385.949 2389
385.962 2382
385.976 2362
385.989 2254
386.002 2407
386.016 2341
386.029 2342
386.043 2304
386.056 2309
386.070 2230
386.083 2247
386.097 2242
386.110 2250
386.123 2212
386.137 2257
386.150 2199
386.164 2218
386.177 2211
386.191 2145
386.204 2187
386.217 2133
386.231 2153
386.244 2123
386.258 2138
386.271 2089
386.285 2101
386.298 2092
386.311 2120
386.325 2069
386.338 2018
386.352 2060
386.365 2026
386.379 2049
386.392 1955
386.405 2028
386.419 1982
386.432 1956
386.446 1950
386.459 1991
386.473 1991
386.486 1943
386.499 1952
386.513 1932
386.526 1891
386.540 1904
386.553 1888
386.567 1920
386.580 1836
386.593 1861
386.607 1877
386.620 1904
386.634 1864
386.647 1826
386.661 1845
386.674 1852
386.687 1819
386.701 1856
386.714 1834
386.728 1788
386.741 1825
386.754 1754
386.768 1831
386.781 1766
386.795 1766
386.808 1766
386.822 1763
386.835 1717
386.848 1714
386.862 1691
386.875 1678
386.889 1698
386.902 1702
386.915 1703
386.929 1730
386.942 1668
386.956 1682
386.969 1664
386.983 1612
386.996 1595
387.009 1634
387.023 1605
387.036 1584
387.050 1616
387.063 1586
387.076 1566
387.090 1569
387.103 1598
387.117 1552
387.130 1583
387.143 1553
387.157 1591
387.170 1542
387.184 1538
387.197 1524
387.210 1518
387.224 1542
387.237 1507
387.251 1501
387.264 1492
387.278 1491
387.291 1485
387.304 1491
387.318 1462
387.331 1453
387.345 1470
387.358 1457
387.371 1429
387.385 1439
387.398 1427
387.412 1378
387.425 1389
387.438 1416
387.452 1399
387.465 1347
387.478 1348
387.492 1358
387.505 1353
387.519 1374
387.532 1391
387.545 1327
387.559 1355
387.572 1354
387.586 1344
387.599 1324
387.612 1334
387.626 1332
387.639 1318
387.653 1291
387.666 1266
387.679 1261
387.693 1246
387.706 1267
387.720 1236
387.733 1267
387.746 1279
387.760 1257
387.773 1230
387.787 1261
387.800 1244
387.813 1203
387.827 1205
387.840 1238
387.853 1182
387.867 1225
387.880 1206
387.894 1232
387.907 1239
387.920 1190
387.934 1186
387.947 1202
387.961 1191
387.974 1194
387.987 1176
388.001 1174
388.014 1172
388.027 1127
388.041 1138
388.054 1126
388.068 1140
388.081 1144
388.094 1137
388.108 1115
388.121 1123
388.134 1127
388.148 1105
388.161 1090
388.175 1091
388.188 1074
388.201 1060
388.215 1088
388.228 1091
388.241 1085
388.255 1075
388.268 1065
388.282 1084
388.295 1100
388.308 1066
388.322 1069
388.335 1063
388.348 1064
388.362 1066
388.375 1070
388.389 1058
388.402 1045
388.415 1040
388.429 1060
388.442 1043
388.455 1041
388.469 1041
388.482 1051
388.495 1031
388.509 1027
388.522 1085
388.536 1048
388.549 1032
388.562 1019
388.576 1027
388.589 1061
388.602 1040
388.616 1050
388.629 1016
388.642 1034
388.656 1034
388.669 1031
388.683 1048
388.696 1033
388.709 1028
388.723 1034
388.736 1036
388.749 1021
388.763 1025
388.776 1029
388.789 1030
388.803 997
388.816 1015
388.829 1030
388.843 1010
388.856 1014
388.870 1031
388.883 992
388.896 1001
388.910 990
388.923 997
388.936 1003
388.950 1016
388.963 1007
388.976 993
388.990 1022
389.003 988
389.016 1030
389.030 985
389.043 1036
389.056 1007
389.070 998
389.083 1001
389.097 1013
389.110 1005
389.123 1003
389.137 996
389.150 982
389.163 972
389.177 984
389.190 987
389.203 978
389.217 995
389.230 991
389.243 969
389.257 952
389.270 985
389.283 997
389.297 993
389.310 985
389.323 982
389.337 983
389.350 989
389.363 989
389.377 982
389.390 994
389.403 978
389.417 982
389.430 957
389.443 956
389.457 973
389.470 966
389.483 975
389.497 968
389.510 980
389.523 971
389.537 951
389.550 949
389.563 964
389.577 981
389.590 960
389.603 957
389.617 967
389.630 958
389.643 964
389.657 967
389.670 960
389.683 964
389.697 960
389.710 928
389.723 928
389.737 962
389.750 955
389.763 934
389.777 949
389.790 948
389.803 931
389.817 933
389.830 919
389.843 938
389.857 921
389.870 895
389.883 932
389.897 934
389.910 940
389.923 924
389.937 930
389.950 925
389.963 901
389.977 916
389.990 909
390.003 928
390.017 920
390.030 892
390.043 914
390.057 899
390.070 889
390.083 902
390.096 911
390.110 874
390.123 877
390.136 884
390.150 882
390.163 908
390.176 876
390.190 884
390.203 885
390.216 889
390.230 856
390.243 866
390.256 855
390.270 862
390.283 854
390.296 865
390.310 867
390.323 845
390.336 838
390.349 864
390.363 836
390.376 837
390.389 842
390.403 842
390.416 832
390.429 833
390.443 836
390.456 831
390.469 818
390.483 824
390.496 823
390.509 813
390.522 833
390.536 808
390.549 819
390.562 817
390.576 807
390.589 826
390.602 803
390.616 798
390.629 802
390.642 800
390.655 795
390.669 788
390.682 785
390.695 793
390.709 808
390.722 795
390.735 773
390.749 776
390.762 781
390.775 765
390.788 766
390.802 768
390.815 776
390.828 785
390.842 767
390.855 765
390.868 762
390.882 759
390.895 771
390.908 755
390.921 742
390.935 752
390.948 750
390.961 746
390.975 738
390.988 735
391.001 751
391.014 741
391.028 739
391.041 735
391.054 740
391.068 731
391.081 740
391.094 732
391.107 732
391.121 728
391.134 720
391.147 734
391.161 725
391.174 736
391.187 722
391.200 713
391.214 726
391.227 724
391.240 716
391.254 724
391.267 709
391.280 713
391.293 708
391.307 711
391.320 723
391.333 720
391.347 720
391.360 698
391.373 710
391.386 714
391.400 710
391.413 718
391.426 712
391.440 694
391.453 724
391.466 703
391.479 694
391.493 706
391.506 706
391.519 705
391.532 706
391.546 700
391.559 701
391.572 692
391.586 704
391.599 705
391.612 699
391.625 696
391.639 702
391.652 693
391.665 702
391.678 689
391.692 704
391.705 692
391.718 697
391.732 698
391.745 688
391.758 709
391.771 685
391.785 693
391.798 690
391.811 692
391.824 687
391.838 700
391.851 693
391.864 678
391.877 689
391.891 699
391.904 684
391.917 681
391.931 685
391.944 686
391.957 694
391.970 679
391.984 685
391.997 693
392.010 695
392.023 682
392.037 697
392.050 688
392.063 673
392.076 683
392.090 682
392.103 690
392.116 692
392.129 687
392.143 685
392.156 687
392.169 686
392.182 672
392.196 679
392.209 681
392.222 691
392.235 683
392.249 676
392.262 684
392.275 670
392.288 687
392.302 675
392.315 681
392.328 675
392.341 671
392.355 684
392.368 678
392.381 686
392.394 681
392.408 680
392.421 682
392.434 681
392.447 673
392.461 688
392.474 671
392.487 673
392.500 685
392.514 682
392.527 676
392.540 674
392.553 685
392.567 687
392.580 671
392.593 662
392.606 677
392.620 679
392.633 669
392.646 669
392.659 679
392.673 674
392.686 681
392.699 675
392.712 663
392.726 679
392.739 681
392.752 674
392.765 671
392.778 677
392.792 667
392.805 669
392.818 681
392.831 674
392.845 662
392.858 666
392.871 686
392.884 673
392.898 677
392.911 678
392.924 675
392.937 668
392.951 671
392.964 677
392.977 671
392.990 671
393.003 671
393.017 682
393.030 661
393.043 668
393.056 669
393.070 668
393.083 678
393.096 670
393.109 666
393.122 664
393.136 664
393.149 668
393.162 662
393.175 663
393.189 686
393.202 674
393.215 666
393.228 667
393.242 678
393.255 672
393.268 659
393.281 657
393.294 667
393.308 658
393.321 662
393.334 656
393.347 675
393.360 666
393.374 661
393.387 650
393.400 668
393.413 667
393.427 663
393.440 667
393.453 661
393.466 660
393.479 664
393.493 663
393.506 663
393.519 664
393.532 667
393.546 654
393.559 670
393.572 668
393.585 649
393.598 656
393.612 646
393.625 663
393.638 645
393.651 649
393.664 665
393.678 657
393.691 673
393.704 661
393.717 646
393.730 660
393.744 671
393.757 657
393.770 657
393.783 670
393.796 656
393.810 669
393.823 660
393.836 653
393.849 661
393.863 654
393.876 650
393.889 657
393.902 659
393.915 665
393.929 643
