375.891 722
375.905 740
375.919 719
375.933 723
375.946 730
375.960 728
375.974 722
375.987 751
376.001 747
376.015 736
376.029 747
376.042 740
376.056 738
376.070 745
376.084 755
376.097 751
376.111 750
376.125 754
376.139 749
376.152 761
376.166 770
376.180 764
376.193 766
376.207 763
376.221 781
376.235 771
376.248 756
376.262 784
376.276 772
376.290 776
376.303 769
376.317 789
376.331 787
376.345 787
376.358 795
376.372 800
376.386 780
376.399 793
376.413 797
376.427 798
376.441 794
376.454 800
376.468 793
376.482 799
376.495 801
376.509 820
376.523 817
376.537 815
376.550 818
376.564 802
376.578 818
376.592 806
376.605 823
376.619 822
376.633 834
376.646 824
376.660 834
376.674 836
376.688 853
376.701 846
376.715 832
376.729 852
376.742 865
376.756 855
376.770 869
376.784 874
376.797 856
376.811 862
376.825 868
376.838 904
376.852 890
376.866 887
376.880 893
376.893 881
376.907 893
376.921 894
376.934 901
376.948 904
376.962 922
376.976 908
376.989 873
377.003 908
377.017 910
377.030 921
377.044 930
377.058 930
377.071 944
377.085 936
377.099 948
377.113 950
377.126 944
377.140 946
377.154 971
377.167 948
377.181 959
377.195 975
377.208 988
377.222 975
377.236 985
377.250 983
377.263 988
377.277 999
377.291 1022
377.304 1010
377.318 1008
377.332 1029
377.345 1014
377.359 1002
377.373 1004
377.387 1012
377.400 1026
377.414 1037
377.428 1035
377.441 1017
377.455 1026
377.469 1038
377.482 1026
377.496 1055
377.510 1059
377.524 1073
377.537 1076
377.551 1035
377.565 1092
377.578 1064
377.592 1075
377.606 1075
377.619 1075
377.633 1065
377.647 1065
377.660 1069
377.674 1079
377.688 1113
377.701 1075
377.715 1085
377.729 1093
377.743 1108
377.756 1127
377.770 1105
377.784 1103
377.797 1085
377.811 1076
377.825 1081
377.838 1099
377.852 1122
377.866 1146
377.879 1138
377.893 1142
377.907 1170
377.920 1147
377.934 1136
377.948 1127
377.961 1146
377.975 1138
377.989 1129
378.002 1156
378.016 1137
378.030 1166
378.044 1147
378.057 1155
378.071 1163
378.085 1169
378.098 1186
378.112 1171
378.126 1157
378.139 1186
378.153 1162
378.167 1141
378.180 1192
378.194 1174
378.208 1175
378.221 1182
378.235 1164
378.249 1164
378.262 1204
378.276 1177
378.290 1163
378.303 1164
378.317 1195
378.331 1206
378.344 1149
378.358 1217
378.372 1211
378.385 1198
378.399 1189
378.413 1180
378.426 1212
378.440 1231
378.454 1244
378.467 1216
378.481 1206
378.495 1158
378.508 1214
378.522 1234
378.536 1217
378.549 1221
378.563 1243
378.577 1250
378.590 1227
378.604 1257
378.618 1225
378.631 1243
378.645 1242
378.659 1244
378.672 1271
378.686 1250
378.700 1286
378.713 1288
378.727 1279
378.740 1246
378.754 1291
378.768 1282
378.781 1297
378.795 1329
378.809 1278
378.822 1324
378.836 1300
378.850 1283
378.863 1292
378.877 1274
378.891 1317
378.904 1317
378.918 1290
378.932 1338
378.945 1297
378.959 1292
378.973 1313
378.986 1281
379.000 1306
379.014 1301
379.027 1309
379.041 1331
379.054 1303
379.068 1328
379.082 1327
379.095 1348
379.109 1336
379.123 1368
379.136 1338
379.150 1355
379.164 1360
379.177 1354
379.191 1333
379.205 1382
379.218 1342
379.232 1420
379.245 1370
379.259 1388
379.273 1389
379.286 1425
379.300 1394
379.314 1415
379.327 1423
379.341 1429
379.355 1428
379.368 1475
379.382 1420
379.396 1502
379.409 1492
379.423 1467
379.436 1468
379.450 1506
379.464 1490
379.477 1504
379.491 1500
379.505 1537
379.518 1503
379.532 1538
379.546 1542
379.559 1559
379.573 1554
379.586 1566
379.600 1552
379.614 1539
379.627 1576
379.641 1592
379.655 1659
379.668 1623
379.682 1670
379.695 1654
379.709 1623
379.723 1650
379.736 1692
379.750 1715
379.764 1737
379.777 1758
379.791 1761
379.804 1752
379.818 1754
379.832 1747
379.845 1760
379.859 1783
379.873 1797
379.886 1797
379.900 1872
379.913 1874
379.927 1846
379.941 1909
379.954 1974
379.968 1946
379.982 1965
379.995 2008
380.009 2019
380.022 2027
380.036 2031
380.050 2064
380.063 2053
380.077 2160
380.090 2178
380.104 2197
380.118 2159
380.131 2192
380.145 2215
380.159 2268
380.172 2274
380.186 2302
380.199 2332
380.213 2348
380.227 2438
380.240 2464
380.254 2336
380.267 2398
380.281 2459
380.295 2517
380.308 2585
380.322 2549
380.336 2628
380.349 2665
380.363 2690
380.376 2672
380.390 2777
380.404 2742
380.417 2875
380.431 2856
380.444 2796
380.458 2852
380.472 2972
380.485 3028
380.499 3045
380.512 3123
380.526 3111
380.540 3133
380.553 3132
380.567 3173
380.580 3203
380.594 3339
380.608 3337
380.621 3321
380.635 3405
380.648 3377
380.662 3443
380.676 3486
380.689 3606
380.703 3556
380.716 3612
380.730 3639
380.744 3744
380.757 3796
380.771 3852
380.784 3920
380.798 3976
380.812 4008
380.825 4027
380.839 4126
380.852 4149
380.866 4250
380.880 4312
380.893 4345
380.907 4325
380.920 4334
380.934 4393
380.948 4527
380.961 4636
380.975 4632
380.988 4694
381.002 4690
381.015 4720
381.029 4832
381.043 4908
381.056 5025
381.070 5098
381.083 5048
381.097 4996
381.111 5067
381.124 5212
381.138 5241
381.151 5217
381.165 5362
381.179 5444
381.192 5393
381.206 5348
381.219 5430
381.233 5432
381.246 5554
381.260 5635
381.274 5556
381.287 5659
381.301 5710
381.314 5835
381.328 5841
381.341 5896
381.355 5858
381.369 5974
381.382 6072
381.396 6154
381.409 6179
381.423 6140
381.437 6400
381.450 6479
381.464 6391
381.477 6552
381.491 6575
381.504 6484
381.518 6611
381.532 6640
381.545 6680
381.559 6903
381.572 7032
381.586 7092
381.599 6996
381.613 7016
381.627 7155
381.640 7231
381.654 7181
381.667 7332
381.681 7367
381.694 7333
381.708 7162
381.722 7229
381.735 7208
381.749 7265
381.762 7444
381.776 7436
381.789 7547
381.803 7459
381.817 7644
381.830 7724
381.844 7653
381.857 7699
381.871 7837
381.884 7778
381.898 7932
381.911 7964
381.925 8009
381.939 8050
381.952 8156
381.966 8156
381.979 8142
381.993 8306
382.006 8414
382.020 8434
382.034 8741
382.047 8628
382.061 8524
382.074 8671
382.088 8773
382.101 8707
382.115 8750
382.128 8858
382.142 9032
382.156 9144
382.169 9263
382.183 9048
382.196 9314
382.210 9256
382.223 9397
382.237 9599
382.250 9412
382.264 9592
382.278 9664
382.291 9796
382.305 9920
382.318 9977
382.332 10058
382.345 9941
382.359 10055
382.372 10140
382.386 10242
382.399 10328
382.413 10371
382.427 10386
382.440 10593
382.454 10588
382.467 10820
382.481 10936
382.494 11381
382.508 11502
382.521 11588
382.535 11614
382.548 11774
382.562 11661
382.576 11735
382.589 11860
382.603 11977
382.616 12097
382.630 12234
382.643 12434
382.657 12651
382.670 12765
382.684 12729
382.697 12650
382.711 12839
382.724 12840
382.738 13045
382.752 12938
382.765 13127
382.779 13297
382.792 13501
382.806 13616
382.819 13853
382.833 13908
382.846 14226
382.860 14298
382.873 14420
382.887 14578
382.900 14734
382.914 15181
382.928 15555
382.941 15499
382.955 15595
382.968 15969
382.982 16100
382.995 16405
383.009 16455
383.022 16574
383.036 16953
383.049 16895
383.063 17132
383.076 17369
383.090 17178
383.103 17197
383.117 17603
383.130 17696
383.144 17851
383.158 18070
383.171 18290
383.185 18554
383.198 18802
383.212 19096
383.225 19443
383.239 19980
383.252 20257
383.266 20498
383.279 20616
383.293 20829
383.306 21087
383.320 21237
383.333 21689
383.347 21963
383.360 21945
383.374 21732
383.387 22178
383.401 22378
383.414 22528
383.428 22643
383.441 22951
383.455 23010
383.468 22997
383.482 23118
383.496 23410
383.509 23401
383.523 23500
383.536 23896
383.550 23900
383.563 24145
383.577 24389
383.590 24528
383.604 24965
383.617 24698
383.631 25005
383.644 24826
383.658 25108
383.671 25139
383.685 25402
383.698 25775
383.712 26153
383.725 26362
383.739 26153
383.752 26102
383.766 25949
383.779 26217
383.793 26201
383.806 26262
383.820 26692
383.833 26744
383.847 26854
383.860 26993
383.874 27059
383.887 27237
383.901 27016
383.914 27212
383.928 27556
383.941 27541
383.955 27628
383.968 27482
383.982 27579
383.995 27697
384.009 27752
384.022 27829
384.036 27937
384.049 27927
384.063 28319
384.076 29189
384.090 28965
384.103 29391
384.117 29550
384.130 29354
384.144 28788
384.157 28566
384.171 28526
384.184 28530
384.198 28550
384.211 28289
384.225 28640
384.238 29261
384.252 29351
384.265 29457
384.279 29073
384.292 28853
384.306 28962
384.319 28538
384.333 28070
384.346 27726
384.360 27458
384.373 27117
384.387 27137
384.400 26836
384.414 26495
384.427 26490
384.441 26284
384.454 25744
384.468 25412
384.481 24916
384.495 24601
384.508 24326
384.522 23956
384.535 23285
384.549 22841
384.562 22351
384.575 21834
384.589 21734
384.602 21206
384.616 20806
384.629 20306
384.643 19571
384.656 18991
384.670 18445
384.683 17587
384.697 17096
384.710 16580
384.724 16090
384.737 15560
384.751 15056
384.764 14661
384.778 14005
384.791 13768
384.805 13419
384.818 12861
384.832 12378
384.845 11967
384.859 11497
384.872 11051
384.885 10674
384.899 10460
384.912 9935
384.926 9869
384.939 9378
384.953 9168
384.966 8856
384.980 8713
384.993 8458
385.007 8065
385.020 7903
385.034 7725
385.047 7359
385.061 7162
385.074 7090
385.088 6859
385.101 6784
385.114 6630
385.128 6544
385.141 6367
385.155 6175
385.168 6163
385.182 6117
385.195 6097
385.209 5854
385.222 5810
385.236 5709
385.249 5553
385.263 5523
385.276 5397
385.290 5268
385.303 5242
385.316 5126
385.330 5149
385.343 5052
385.357 4978
385.370 4785
385.384 4759
385.397 4742
385.411 4588
385.424 4608
385.438 4457
385.451 4415
385.464 4345
385.478 4394
385.491 4395
385.505 4254
385.518 4226
385.532 4178
385.545 4133
385.559 3929
385.572 3983
385.586 3972
385.599 3959
385.612 3886
385.626 3880
385.639 3855
385.653 3788
385.666 3741
385.680 3801
385.693 3691
385.707 3651
385.720 3630
385.734 3618
385.747 3496
385.760 3431
385.774 3455
385.787 3408
385.801 3332
385.814 3330
385.828 3275
385.841 3253
385.855 3298
385.868 3249
385.881 3149
385.895 3199
385.908 3114
385.922 3148
385.935 3122
385.949 3032
385.962 2986
385.976 2998
385.989 3021
386.002 3058
386.016 3011
386.029 2946
386.043 2963
386.056 2889
386.070 2900
386.083 2882
386.097 2866
386.110 2811
386.123 2853
386.137 2826
386.150 2880
386.164 2865
386.177 2720
386.191 2752
386.204 2719
386.217 2732
386.231 2718
386.244 2682
386.258 2667
386.271 2679
386.285 2680
386.298 2620
386.311 2630
386.325 2640
386.338 2578
386.352 2557
386.365 2539
386.379 2625
386.392 2576
386.405 2532
386.419 2492
386.432 2510
386.446 2494
386.459 2499
386.473 2451
386.486 2447
386.499 2400
386.513 2420
386.526 2432
386.540 2372
386.553 2364
386.567 2377
386.580 2322
386.593 2378
386.607 2343
386.620 2385
386.634 2347
386.647 2401
386.661 2311
386.674 2338
386.687 2331
386.701 2310
386.714 2202
386.728 2239
386.741 2263
386.754 2258
386.768 2252
386.781 2174
386.795 2202
386.808 2194
386.822 2210
386.835 2158
386.848 2146
386.862 2147
386.875 2139
386.889 2062
386.902 2087
386.915 2117
386.929 2133
386.942 2115
386.956 2082
386.969 2012
386.983 1982
386.996 2012
387.009 1994
387.023 2001
387.036 1996
387.050 2002
387.063 1961
387.076 1989
387.090 1928
387.103 1971
387.117 1988
387.130 1931
387.143 1908
387.157 1931
387.170 1922
387.184 1879
387.197 1944
387.210 1905
387.224 1884
387.237 1890
387.251 1844
387.264 1819
387.278 1802
387.291 1821
387.304 1832
387.318 1792
387.331 1796
387.345 1783
387.358 1805
387.371 1755
387.385 1775
387.398 1739
387.412 1738
387.425 1688
387.438 1726
387.452 1671
387.465 1627
387.478 1638
387.492 1597
387.505 1632
387.519 1636
387.532 1655
387.545 1679
387.559 1628
387.572 1678
387.586 1594
387.599 1638
387.612 1621
387.626 1616
387.639 1614
387.653 1550
387.666 1538
387.679 1488
387.693 1491
387.706 1544
387.720 1537
387.733 1516
387.746 1513
387.760 1519
387.773 1476
387.787 1474
387.800 1495
387.813 1492
387.827 1485
387.840 1420
387.853 1405
387.867 1471
387.880 1456
387.894 1453
387.907 1463
387.920 1406
387.934 1426
387.947 1422
387.961 1393
387.974 1368
387.987 1412
388.001 1373
388.014 1356
388.027 1355
388.041 1353
388.054 1311
388.068 1293
388.081 1341
388.094 1337
388.108 1315
388.121 1303
388.134 1314
388.148 1325
388.161 1250
388.175 1265
388.188 1283
388.201 1289
388.215 1253
388.228 1241
388.241 1232
388.255 1263
388.268 1234
388.282 1236
388.295 1262
388.308 1204
388.322 1247
388.335 1223
388.348 1204
388.362 1245
388.375 1232
388.389 1234
388.402 1230
388.415 1206
388.429 1221
388.442 1237
388.455 1215
388.469 1199
388.482 1207
388.495 1204
388.509 1234
388.522 1228
388.536 1200
388.549 1194
388.562 1197
388.576 1205
388.589 1227
388.602 1190
388.616 1187
388.629 1182
388.642 1212
388.656 1160
388.669 1161
388.683 1173
388.696 1172
388.709 1202
388.723 1210
388.736 1187
388.749 1168
388.763 1165
388.776 1160
388.789 1153
388.803 1172
388.816 1161
388.829 1164
388.843 1132
388.856 1110
388.870 1137
388.883 1158
388.896 1151
388.910 1112
388.923 1117
388.936 1139
388.950 1161
388.963 1132
388.976 1129
388.990 1139
389.003 1130
389.016 1169
389.030 1120
389.043 1139
389.056 1141
389.070 1154
389.083 1124
389.097 1141
389.110 1137
389.123 1136
389.137 1102
389.150 1135
389.163 1122
389.177 1114
389.190 1120
389.203 1111
389.217 1079
389.230 1099
389.243 1116
389.257 1114
389.270 1123
389.283 1096
389.297 1149
389.310 1118
389.323 1122
389.337 1131
389.350 1101
389.363 1106
389.377 1113
389.390 1101
389.403 1117
389.417 1117
389.430 1113
389.443 1117
389.457 1116
389.470 1111
389.483 1097
389.497 1092
389.510 1109
389.523 1092
389.537 1097
389.550 1121
389.563 1084
389.577 1108
389.590 1117
389.603 1081
389.617 1054
389.630 1078
389.643 1065
389.657 1084
389.670 1082
389.683 1065
389.697 1066
389.710 1072
389.723 1062
389.737 1084
389.750 1043
389.763 1060
389.777 1052
389.790 1062
389.803 1026
389.817 1026
389.830 1019
389.843 1057
389.857 1034
389.870 1038
389.883 1029
389.897 1026
389.910 1030
389.923 997
389.937 1012
389.950 1054
389.963 1020
389.977 1042
389.990 1028
390.003 1049
390.017 1033
390.030 1029
390.043 1016
390.057 1006
390.070 1035
390.083 981
390.096 999
390.110 980
390.123 1000
390.136 973
390.150 988
390.163 971
390.176 980
390.190 980
390.203 980
390.216 957
390.230 970
390.243 952
390.256 945
390.270 959
390.283 933
390.296 953
390.310 946
390.323 938
390.336 954
390.349 935
390.363 946
390.376 913
390.389 955
390.403 946
390.416 913
390.429 912
390.443 926
390.456 922
390.469 909
390.483 902
390.496 911
390.509 911
390.522 934
390.536 925
390.549 903
390.562 884
390.576 887
390.589 894
390.602 885
390.616 887
390.629 875
390.642 866
390.655 861
390.669 835
390.682 861
390.695 865
390.709 852
390.722 830
390.735 829
390.749 843
390.762 832
390.775 844
390.788 853
390.802 826
390.815 833
390.828 842
390.842 831
390.855 810
390.868 826
390.882 807
390.895 810
390.908 816
390.921 792
390.935 804
390.948 797
390.961 792
390.975 803
390.988 790
391.001 786
391.014 797
391.028 784
391.041 788
391.054 778
391.068 794
391.081 799
391.094 791
391.107 779
391.121 784
391.134 777
391.147 763
391.161 777
391.174 772
391.187 777
391.200 777
391.214 768
391.227 763
391.240 758
391.254 769
391.267 766
391.280 757
391.293 756
391.307 751
391.320 735
391.333 745
391.347 740
391.360 746
391.373 747
391.386 746
391.400 749
391.413 736
391.426 742
391.440 748
391.453 732
391.466 724
391.479 745
391.493 748
391.506 740
391.519 740
391.532 736
391.546 725
391.559 724
391.572 733
391.586 719
391.599 747
391.612 735
391.625 729
391.639 732
391.652 738
391.665 723
391.678 721
391.692 725
391.705 723
391.718 722
391.732 741
391.745 721
391.758 734
391.771 730
391.785 713
391.798 720
391.811 722
391.824 729
391.838 727
391.851 723
391.864 719
391.877 714
391.891 704
391.904 720
391.917 720
391.931 702
391.944 726
391.957 727
391.970 711
391.984 712
391.997 721
392.010 708
392.023 720
392.037 714
392.050 715
392.063 718
392.076 725
392.090 708
392.103 716
392.116 698
392.129 694
392.143 714
392.156 705
392.169 704
392.182 721
392.196 709
392.209 700
392.222 696
392.235 699
392.249 703
392.262 703
392.275 694
392.288 704
392.302 711
392.315 706
392.328 713
392.341 708
392.355 706
392.368 712
392.381 710
392.394 709
392.408 696
392.421 723
392.434 699
392.447 709
392.461 699
392.474 699
392.487 709
392.500 712
392.514 703
392.527 703
392.540 709
392.553 696
392.567 695
392.580 692
392.593 711
392.606 704
392.620 687
392.633 700
392.646 703
392.659 705
392.673 696
392.686 689
392.699 711
392.712 699
392.726 703
392.739 684
392.752 700
392.765 701
392.778 704
392.792 687
392.805 697
392.818 691
392.831 690
392.845 700
392.858 701
392.871 699
392.884 693
392.898 691
392.911 691
392.924 689
392.937 694
392.951 703
392.964 683
392.977 694
392.990 694
393.003 693
393.017 691
393.030 687
393.043 686
393.056 688
393.070 688
393.083 693
393.096 691
393.109 706
393.122 689
393.136 684
393.149 681
393.162 687
393.175 678
393.189 698
393.202 686
393.215 674
393.228 688
393.242 679
393.255 694
393.268 677
393.281 685
393.294 686
393.308 693
393.321 694
393.334 682
393.347 683
393.360 686
393.374 677
393.387 693
393.400 678
393.413 683
393.427 687
393.440 682
393.453 684
393.466 687
393.479 683
393.493 693
393.506 680
393.519 678
393.532 691
393.546 682
393.559 682
393.572 681
393.585 676
393.598 676
393.612 669
393.625 687
393.638 674
393.651 675
393.664 678
393.678 680
393.691 681
393.704 688
393.717 674
393.730 675
393.744 683
393.757 677
393.770 685
393.783 679
393.796 681
393.810 676
393.823 663
393.836 676
393.849 674
393.863 689
393.876 671
393.889 687
393.902 673
393.915 677
393.929 674
