375.891 723
375.905 721
375.919 715
375.933 738
375.946 725
375.960 721
375.974 720
375.987 733
376.001 741
376.015 721
376.029 727
376.042 740
376.056 753
376.070 748
376.084 735
376.097 747
376.111 759
376.125 754
376.139 749
376.152 754
376.166 747
376.180 747
376.193 759
376.207 764
376.221 754
376.235 759
376.248 753
376.262 757
376.276 761
376.290 777
376.303 755
376.317 764
376.331 785
376.345 766
376.358 753
376.372 771
376.386 771
376.399 761
376.413 784
376.427 784
376.441 787
376.454 772
376.468 783
376.482 774
376.495 792
376.509 775
376.523 805
376.537 812
376.550 795
376.564 813
376.578 828
376.592 796
376.605 809
376.619 825
376.633 812
376.646 801
376.660 814
376.674 807
376.688 841
376.701 825
376.715 818
376.729 833
376.742 816
376.756 846
376.770 828
376.784 841
376.797 842
376.811 847
376.825 861
376.838 826
376.852 864
376.866 861
376.880 845
376.893 870
376.907 848
376.921 850
376.934 883
376.948 858
376.962 904
376.976 881
376.989 879
377.003 887
377.017 883
377.030 886
377.044 919
377.058 927
377.071 921
377.085 907
377.099 926
377.113 906
377.126 924
377.140 922
377.154 904
377.167 938
377.181 933
377.195 932
377.208 943
377.222 953
377.236 936
377.250 966
377.263 944
377.277 957
377.291 967
377.304 983
377.318 980
377.332 987
377.345 962
377.359 973
377.373 949
377.387 999
377.400 1002
377.414 991
377.428 1003
377.441 980
377.455 975
377.469 979
377.482 996
377.496 1009
377.510 997
377.524 1023
377.537 1031
377.551 1036
377.565 1017
377.578 1024
377.592 1031
377.606 998
377.619 1032
377.633 1021
377.647 1035
377.660 1040
377.674 1075
377.688 1010
377.701 1042
377.715 1050
377.729 1064
377.743 1036
377.756 1070
377.770 1048
377.784 1083
377.797 1043
377.811 1063
377.825 1069
377.838 1076
377.852 1085
377.866 1109
377.879 1113
377.893 1119
377.907 1097
377.920 1097
377.934 1100
377.948 1090
377.961 1100
377.975 1072
377.989 1090
378.002 1079
378.016 1088
378.030 1113
378.044 1085
378.057 1107
378.071 1118
378.085 1116
378.098 1127
378.112 1135
378.126 1104
378.139 1108
378.153 1110
378.167 1133
378.180 1125
378.194 1113
378.208 1147
378.221 1132
378.235 1151
378.249 1142
378.262 1132
378.276 1150
378.290 1134
378.303 1170
378.317 1125
378.331 1165
378.344 1112
378.358 1141
378.372 1178
378.385 1196
378.399 1168
378.413 1163
378.426 1157
378.440 1169
378.454 1188
378.467 1184
378.481 1174
378.495 1180
378.508 1187
378.522 1167
378.536 1180
378.549 1187
378.563 1182
378.577 1200
378.590 1227
378.604 1225
378.618 1261
378.631 1198
378.645 1213
378.659 1215
378.672 1204
378.686 1233
378.700 1209
378.713 1261
378.727 1209
378.740 1245
378.754 1262
378.768 1243
378.781 1253
378.795 1259
378.809 1244
378.822 1259
378.836 1260
378.850 1211
378.863 1271
378.877 1241
378.891 1263
378.904 1279
378.918 1249
378.932 1274
378.945 1276
378.959 1228
378.973 1275
378.986 1273
379.000 1283
379.014 1281
379.027 1319
379.041 1261
379.054 1270
379.068 1276
379.082 1313
379.095 1295
379.109 1348
379.123 1329
379.136 1346
379.150 1336
379.164 1341
379.177 1326
379.191 1339
379.205 1316
379.218 1346
379.232 1338
379.245 1333
379.259 1390
379.273 1389
379.286 1376
379.300 1423
379.314 1407
379.327 1391
379.341 1392
379.355 1378
379.368 1410
379.382 1410
379.396 1426
379.409 1445
379.423 1447
379.436 1455
379.450 1434
379.464 1439
379.477 1464
379.491 1460
379.505 1462
379.518 1459
379.532 1497
379.546 1503
379.559 1497
379.573 1547
379.586 1518
379.600 1490
379.614 1543
379.627 1564
379.641 1566
379.655 1555
379.668 1568
379.682 1546
379.695 1585
379.709 1636
379.723 1579
379.736 1585
379.750 1654
379.764 1674
379.777 1709
379.791 1717
379.804 1739
379.818 1726
379.832 1728
379.845 1708
379.859 1722
379.873 1769
379.886 1778
379.900 1749
379.913 1751
379.927 1827
379.941 1819
379.954 1846
379.968 1910
379.982 1906
379.995 1940
380.009 1900
380.022 1934
380.036 1977
380.050 1939
380.063 1975
380.077 2039
380.090 2087
380.104 2048
380.118 2105
380.131 2070
380.145 2137
380.159 2127
380.172 2182
380.186 2214
380.199 2274
380.213 2211
380.227 2335
380.240 2379
380.254 2304
380.267 2344
380.281 2388
380.295 2455
380.308 2467
380.322 2468
380.336 2525
380.349 2527
380.363 2569
380.376 2589
380.390 2635
380.404 2674
380.417 2706
380.431 2704
380.444 2734
380.458 2731
380.472 2800
380.485 2826
380.499 2855
380.512 2887
380.526 2957
380.540 2924
380.553 2975
380.567 2985
380.580 3030
380.594 3086
380.608 3115
380.621 3261
380.635 3164
380.648 3285
380.662 3286
380.676 3308
380.689 3332
380.703 3313
380.716 3450
380.730 3504
380.744 3536
380.757 3625
380.771 3679
380.784 3714
380.798 3669
380.812 3704
380.825 3837
380.839 3851
380.852 3897
380.866 4052
380.880 4068
380.893 4060
380.907 4156
380.920 4144
380.934 4210
380.948 4236
380.961 4352
380.975 4398
380.988 4385
381.002 4427
381.015 4492
381.029 4529
381.043 4543
381.056 4588
381.070 4615
381.083 4589
381.097 4728
381.111 4757
381.124 4885
381.138 4934
381.151 5041
381.165 5078
381.179 5106
381.192 4994
381.206 5009
381.219 5058
381.233 5150
381.246 5218
381.260 5254
381.274 5227
381.287 5324
381.301 5503
381.314 5446
381.328 5429
381.341 5457
381.355 5563
381.369 5594
381.382 5670
381.396 5680
381.409 5706
381.423 5795
381.437 5828
381.450 5983
381.464 5933
381.477 6065
381.491 6124
381.504 6003
381.518 6133
381.532 6123
381.545 6121
381.559 6342
381.572 6418
381.586 6361
381.599 6514
381.613 6551
381.627 6593
381.640 6669
381.654 6712
381.667 6770
381.681 6820
381.694 6750
381.708 6744
381.722 6706
381.735 6739
381.749 6685
381.762 6779
381.776 6858
381.789 6956
381.803 6900
381.817 7016
381.830 7010
381.844 7049
381.857 7189
381.871 7150
381.884 7301
381.898 7196
381.911 7359
381.925 7405
381.939 7437
381.952 7597
381.966 7522
381.979 7494
381.993 7771
382.006 7658
382.020 7851
382.034 7823
382.047 7836
382.061 7859
382.074 7820
382.088 8016
382.101 8012
382.115 8148
382.128 8089
382.142 8225
382.156 8225
382.169 8357
382.183 8310
382.196 8399
382.210 8476
382.223 8543
382.237 8607
382.250 8655
382.264 8774
382.278 8812
382.291 8910
382.305 9010
382.318 8991
382.332 9094
382.345 9099
382.359 9178
382.372 9162
382.386 9248
382.399 9281
382.413 9391
382.427 9442
382.440 9642
382.454 9688
382.467 9751
382.481 9838
382.494 10316
382.508 10450
382.521 10347
382.535 10474
382.548 10530
382.562 10582
382.576 10519
382.589 10562
382.603 10727
382.616 10850
382.630 10941
382.643 11040
382.657 11112
382.670 11150
382.684 11203
382.697 11248
382.711 11401
382.724 11490
382.738 11582
382.752 11518
382.765 11809
382.779 11928
382.792 11874
382.806 12188
382.819 12127
382.833 12350
382.846 12293
382.860 12626
382.873 12735
382.887 12930
382.900 13007
382.914 13271
382.928 13288
382.941 13650
382.955 13666
382.968 13782
382.982 14010
382.995 14286
383.009 14252
383.022 14231
383.036 14393
383.049 14880
383.063 14907
383.076 14928
383.090 14978
383.103 15130
383.117 15323
383.130 15295
383.144 15695
383.158 15609
383.171 15818
383.185 15998
383.198 16163
383.212 16561
383.225 16754
383.239 17080
383.252 17345
383.266 17621
383.279 17667
383.293 17743
383.306 17853
383.320 18135
383.333 18618
383.347 18570
383.360 18665
383.374 18505
383.387 18736
383.401 19050
383.414 19212
383.428 19202
383.441 19407
383.455 19540
383.468 19478
383.482 19595
383.496 20007
383.509 19708
383.523 19968
383.536 19981
383.550 20063
383.563 20530
383.577 20428
383.590 20674
383.604 20804
383.617 20521
383.631 20945
383.644 20958
383.658 20827
383.671 21163
383.685 21238
383.698 21555
383.712 21879
383.725 22054
383.739 21963
383.752 21701
383.766 21679
383.779 21723
383.793 21616
383.806 21955
383.820 21997
383.833 21910
383.847 21783
383.860 21858
383.874 21878
383.887 21734
383.901 21747
383.914 21681
383.928 21632
383.941 21806
383.955 21702
383.968 21426
383.982 21661
383.995 21366
384.009 21348
384.022 21490
384.036 21554
384.049 20969
384.063 21394
384.076 21825
384.090 21821
384.103 21854
384.117 21930
384.130 21606
384.144 21238
384.157 20893
384.171 20783
384.184 20696
384.198 20650
384.211 20478
384.225 20495
384.238 20753
384.252 20768
384.265 20682
384.279 20210
384.292 20315
384.306 20102
384.319 19747
384.333 19441
384.346 18949
384.360 18795
384.373 18550
384.387 18356
384.400 18190
384.414 18007
384.427 17579
384.441 17430
384.454 16964
384.468 16845
384.481 16559
384.495 16162
384.508 15860
384.522 15637
384.535 15055
384.549 14884
384.562 14673
384.575 14200
384.589 14146
384.602 13736
384.616 13411
384.629 12876
384.643 12522
384.656 12267
384.670 11849
384.683 11266
384.697 10946
384.710 10680
384.724 10154
384.737 10100
384.751 9617
384.764 9389
384.778 9009
384.791 8727
384.805 8471
384.818 8308
384.832 7874
384.845 7731
384.859 7598
384.872 7274
384.885 6959
384.899 6850
384.912 6622
384.926 6522
384.939 6387
384.953 6184
384.966 5958
384.980 5825
384.993 5818
385.007 5593
385.020 5468
385.034 5261
385.047 5137
385.061 5045
385.074 4946
385.088 4825
385.101 4782
385.114 4653
385.128 4592
385.141 4445
385.155 4417
385.168 4467
385.182 4358
385.195 4346
385.209 4285
385.222 4210
385.236 4130
385.249 4057
385.263 3976
385.276 3931
385.290 3896
385.303 3802
385.316 3743
385.330 3721
385.343 3756
385.357 3712
385.370 3538
385.384 3522
385.397 3479
385.411 3422
385.424 3362
385.438 3356
385.451 3280
385.464 3354
385.478 3284
385.491 3229
385.505 3231
385.518 3204
385.532 3176
385.545 3017
385.559 2939
385.572 3035
385.586 3005
385.599 2979
385.612 2970
385.626 2980
385.639 2943
385.653 2965
385.666 2934
385.680 2920
385.693 2868
385.707 2791
385.720 2746
385.734 2802
385.747 2732
385.760 2681
385.774 2628
385.787 2661
385.801 2555
385.814 2541
385.828 2553
385.841 2557
385.855 2556
385.868 2518
385.881 2499
385.895 2506
385.908 2476
385.922 2427
385.935 2469
385.949 2396
385.962 2425
385.976 2394
385.989 2335
386.002 2356
386.016 2398
386.029 2385
386.043 2303
386.056 2313
386.070 2272
386.083 2288
386.097 2236
386.110 2278
386.123 2250
386.137 2254
386.150 2232
386.164 2199
386.177 2168
386.191 2231
386.204 2153
386.217 2172
386.231 2129
386.244 2207
386.258 2140
386.271 2132
386.285 2156
386.298 2107
386.311 2151
386.325 2110
386.338 2098
386.352 2029
386.365 2068
386.379 2051
386.392 2020
386.405 1987
386.419 2019
386.432 2019
386.446 2020
386.459 1998
386.473 1999
386.486 1985
386.499 1910
386.513 1985
386.526 1936
386.540 1895
386.553 1925
386.567 1915
386.580 1945
386.593 1934
386.607 1951
386.620 1913
386.634 1884
386.647 1908
386.661 1873
386.674 1819
386.687 1822
386.701 1818
386.714 1829
386.728 1769
386.741 1838
386.754 1802
386.768 1808
386.781 1868
386.795 1744
386.808 1744
386.822 1749
386.835 1739
386.848 1719
386.862 1737
386.875 1687
386.889 1683
386.902 1662
386.915 1706
386.929 1692
386.942 1718
386.956 1680
386.969 1698
386.983 1700
386.996 1613
387.009 1623
387.023 1640
387.036 1624
387.050 1583
387.063 1603
387.076 1641
387.090 1640
387.103 1552
387.117 1601
387.130 1576
387.143 1581
387.157 1576
387.170 1588
387.184 1549
387.197 1549
387.210 1525
387.224 1521
387.237 1529
387.251 1554
387.264 1476
387.278 1482
387.291 1501
387.304 1473
387.318 1472
387.331 1487
387.345 1473
387.358 1473
387.371 1463
387.385 1448
387.398 1475
387.412 1431
387.425 1449
387.438 1407
387.452 1383
387.465 1401
387.478 1357
387.492 1421
387.505 1358
387.519 1400
387.532 1383
387.545 1413
387.559 1391
387.572 1378
387.586 1360
387.599 1352
387.612 1365
387.626 1356
387.639 1365
387.653 1349
387.666 1326
387.679 1296
387.693 1299
387.706 1285
387.720 1251
387.733 1287
387.746 1314
387.760 1301
387.773 1306
387.787 1296
387.800 1258
387.813 1242
387.827 1269
387.840 1241
387.853 1258
387.867 1227
387.880 1266
387.894 1235
387.907 1254
387.920 1252
387.934 1228
387.947 1225
387.961 1194
387.974 1228
387.987 1188
388.001 1177
388.014 1182
388.027 1205
388.041 1177
388.054 1155
388.068 1169
388.081 1152
388.094 1143
388.108 1176
388.121 1156
388.134 1130
388.148 1090
388.161 1124
388.175 1131
388.188 1115
388.201 1119
388.215 1105
388.228 1114
388.241 1110
388.255 1107
388.268 1128
388.282 1096
388.295 1141
388.308 1091
388.322 1092
388.335 1100
388.348 1099
388.362 1093
388.375 1066
388.389 1116
388.402 1094
388.415 1067
388.429 1103
388.442 1112
388.455 1092
388.469 1096
388.482 1097
388.495 1094
388.509 1112
388.522 1097
388.536 1094
388.549 1072
388.562 1102
388.576 1040
388.589 1061
388.602 1072
388.616 1074
388.629 1061
388.642 1050
388.656 1070
388.669 1062
388.683 1068
388.696 1089
388.709 1070
388.723 1075
388.736 1089
388.749 1046
388.763 1069
388.776 1039
388.789 1083
388.803 1076
388.816 1043
388.829 1020
388.843 1044
388.856 1042
388.870 1008
388.883 1056
388.896 1037
388.910 1038
388.923 1006
388.936 1039
388.950 1042
388.963 1032
388.976 1047
388.990 1031
389.003 1012
389.016 1028
389.030 1041
389.043 1032
389.056 1047
389.070 1027
389.083 1014
389.097 1009
389.110 1049
389.123 1020
389.137 1026
389.150 983
389.163 1021
389.177 1011
389.190 982
389.203 1022
389.217 1002
389.230 994
389.243 1000
389.257 1014
389.270 1012
389.283 986
389.297 1002
389.310 1010
389.323 1003
389.337 1013
389.350 995
389.363 997
389.377 996
389.390 1002
389.403 1012
389.417 989
389.430 1019
389.443 989
389.457 975
389.470 993
389.483 997
389.497 981
389.510 1002
389.523 981
389.537 950
389.550 991
389.563 969
389.577 970
389.590 957
389.603 953
389.617 958
389.630 988
389.643 978
389.657 953
389.670 961
389.683 994
389.697 954
389.710 950
389.723 942
389.737 962
389.750 946
389.763 955
389.777 955
389.790 929
389.803 943
389.817 934
389.830 928
389.843 928
389.857 918
389.870 917
389.883 903
389.897 930
389.910 916
389.923 916
389.937 932
389.950 946
389.963 925
389.977 939
389.990 933
390.003 935
390.017 933
390.030 915
390.043 896
390.057 891
390.070 911
390.083 881
390.096 892
390.110 870
390.123 881
390.136 895
390.150 894
390.163 891
390.176 859
390.190 891
390.203 885
390.216 885
390.230 853
390.243 867
390.256 869
390.270 860
390.283 853
390.296 874
390.310 867
390.323 847
390.336 834
390.349 844
390.363 857
390.376 868
390.389 853
390.403 861
390.416 840
390.429 847
390.443 838
390.456 844
390.469 823
390.483 837
390.496 821
390.509 832
390.522 821
390.536 823
390.549 825
390.562 810
390.576 831
390.589 818
390.602 805
390.616 796
390.629 818
390.642 790
390.655 800
390.669 800
390.682 792
390.695 809
390.709 783
390.722 788
390.735 781
390.749 778
390.762 786
390.775 791
390.788 759
390.802 778
390.815 748
390.828 763
390.842 771
390.855 759
390.868 768
390.882 762
390.895 760
390.908 760
390.921 766
390.935 737
390.948 758
390.961 732
390.975 742
390.988 740
391.001 750
391.014 758
391.028 735
391.041 729
391.054 738
391.068 749
391.081 732
391.094 771
391.107 738
391.121 742
391.134 720
391.147 739
391.161 728
391.174 718
391.187 742
391.200 736
391.214 743
391.227 725
391.240 723
391.254 732
391.267 723
391.280 725
391.293 706
391.307 725
391.320 717
391.333 706
391.347 717
391.360 722
391.373 727
391.386 700
391.400 711
391.413 711
391.426 718
391.440 720
391.453 714
391.466 722
391.479 710
391.493 716
391.506 711
391.519 704
391.532 720
391.546 716
391.559 695
391.572 694
391.586 712
391.599 706
391.612 708
391.625 700
391.639 706
391.652 700
391.665 707
391.678 707
391.692 703
391.705 706
391.718 704
391.732 700
391.745 707
391.758 701
391.771 699
391.785 700
391.798 705
391.811 709
391.824 709
391.838 697
391.851 692
391.864 692
391.877 693
391.891 696
391.904 696
391.917 700
391.931 697
391.944 687
391.957 693
391.970 689
391.984 690
391.997 684
392.010 689
392.023 685
392.037 694
392.050 706
392.063 694
392.076 681
392.090 688
392.103 696
392.116 699
392.129 691
392.143 672
392.156 690
392.169 688
392.182 683
392.196 695
392.209 695
392.222 697
392.235 692
392.249 691
392.262 687
392.275 682
392.288 678
392.302 690
392.315 687
392.328 687
392.341 680
392.355 691
392.368 675
392.381 675
392.394 696
392.408 687
392.421 687
392.434 676
392.447 676
392.461 676
392.474 690
392.487 688
392.500 681
392.514 692
392.527 670
392.540 682
392.553 681
392.567 693
392.580 682
392.593 676
392.606 700
392.620 686
392.633 679
392.646 676
392.659 677
392.673 673
392.686 686
392.699 677
392.712 685
392.726 674
392.739 682
392.752 681
392.765 668
392.778 677
392.792 671
392.805 675
392.818 679
392.831 680
392.845 674
392.858 673
392.871 672
392.884 662
392.898 684
392.911 677
392.924 672
392.937 674
392.951 685
392.964 675
392.977 669
392.990 672
393.003 677
393.017 687
393.030 677
393.043 672
393.056 672
393.070 671
393.083 668
393.096 671
393.109 667
393.122 674
393.136 676
393.149 672
393.162 672
393.175 679
393.189 662
393.202 676
393.215 666
393.228 659
393.242 679
393.255 668
393.268 648
393.281 662
393.294 666
393.308 658
393.321 662
393.334 681
393.347 660
393.360 670
393.374 660
393.387 658
393.400 656
393.413 667
393.427 668
393.440 674
393.453 663
393.466 671
393.479 665
393.493 652
393.506 665
393.519 672
393.532 666
393.546 664
393.559 666
393.572 658
393.585 675
393.598 666
393.612 661
393.625 661
393.638 673
393.651 657
393.664 659
393.678 675
393.691 660
393.704 652
393.717 671
393.730 656
393.744 667
393.757 655
393.770 660
393.783 658
393.796 662
393.810 670
393.823 661
393.836 667
393.849 666
393.863 669
393.876 665
393.889 656
393.902 659
393.915 661
393.929 671
