375.891 691
375.905 693
375.919 687
375.933 702
375.946 692
375.960 703
375.974 714
375.987 699
376.001 711
376.015 713
376.029 708
376.042 716
376.056 712
376.070 708
376.084 715
376.097 714
376.111 721
376.125 713
376.139 726
376.152 705
376.166 724
376.180 718
376.193 714
376.207 726
376.221 722
376.235 723
376.248 731
376.262 708
376.276 716
376.290 722
376.303 740
376.317 724
376.331 741
376.345 732
376.358 723
376.372 742
376.386 734
376.399 742
376.413 732
376.427 730
376.441 743
376.454 748
376.468 741
376.482 747
376.495 760
376.509 743
376.523 746
376.537 742
376.550 760
376.564 761
376.578 757
376.592 761
376.605 765
376.619 763
376.633 771
376.646 772
376.660 787
376.674 802
376.688 777
376.701 785
376.715 786
376.729 788
376.742 787
376.756 783
376.770 784
376.784 782
376.797 792
376.811 790
376.825 785
376.838 781
376.852 807
376.866 804
376.880 814
376.893 822
376.907 799
376.921 814
376.934 810
376.948 802
376.962 820
376.976 838
376.989 816
377.003 841
377.017 820
377.030 832
377.044 824
377.058 838
377.071 836
377.085 855
377.099 850
377.113 844
377.126 862
377.140 873
377.154 867
377.167 855
377.181 879
377.195 868
377.208 868
377.222 855
377.236 865
377.250 864
377.263 886
377.277 880
377.291 894
377.304 896
377.318 891
377.332 903
377.345 885
377.359 921
377.373 901
377.387 896
377.400 904
377.414 908
377.428 913
377.441 898
377.455 919
377.469 915
377.482 925
377.496 926
377.510 935
377.524 926
377.537 946
377.551 921
377.565 940
377.578 962
377.592 935
377.606 952
377.619 941
377.633 969
377.647 947
377.660 938
377.674 958
377.688 954
377.701 940
377.715 979
377.729 969
377.743 955
377.756 977
377.770 970
377.784 963
377.797 973
377.811 976
377.825 973
377.838 967
377.852 971
377.866 990
377.879 969
377.893 987
377.907 991
377.920 970
377.934 976
377.948 987
377.961 1001
377.975 995
377.989 1002
378.002 990
378.016 1003
378.030 1000
378.044 1021
378.057 1031
378.071 1025
378.085 1035
378.098 1019
378.112 1021
378.126 1000
378.139 1027
378.153 1022
378.167 994
378.180 1010
378.194 1022
378.208 1004
378.221 1045
378.235 1007
378.249 1040
378.262 1025
378.276 1005
378.290 1006
378.303 1038
378.317 1020
378.331 1033
378.344 1051
378.358 1046
378.372 1027
378.385 1070
378.399 1036
378.413 1068
378.426 1052
378.440 1054
378.454 1042
378.467 1073
378.481 1052
378.495 1037
378.508 1063
378.522 1076
378.536 1081
378.549 1075
378.563 1066
378.577 1100
378.590 1100
378.604 1086
378.618 1085
378.631 1102
378.645 1092
378.659 1090
378.672 1055
378.686 1101
378.700 1120
378.713 1135
378.727 1094
378.740 1097
378.754 1132
378.768 1133
378.781 1085
378.795 1133
378.809 1108
378.822 1105
378.836 1107
378.850 1091
378.863 1126
378.877 1130
378.891 1125
378.904 1127
378.918 1138
378.932 1148
378.945 1122
378.959 1154
378.973 1140
378.986 1164
379.000 1131
379.014 1132
379.027 1170
379.041 1126
379.054 1168
379.068 1138
379.082 1161
379.095 1170
379.109 1161
379.123 1184
379.136 1168
379.150 1161
379.164 1195
379.177 1158
379.191 1167
379.205 1190
379.218 1202
379.232 1182
379.245 1215
379.259 1224
379.273 1174
379.286 1204
379.300 1201
379.314 1219
379.327 1236
379.341 1214
379.355 1242
379.368 1242
379.382 1252
379.396 1289
379.409 1239
379.423 1267
379.436 1268
379.450 1286
379.464 1300
379.477 1327
379.491 1286
379.505 1297
379.518 1303
379.532 1304
379.546 1325
379.559 1316
379.573 1327
379.586 1303
379.600 1334
379.614 1362
379.627 1373
379.641 1346
379.655 1377
379.668 1324
379.682 1391
379.695 1375
379.709 1417
379.723 1382
379.736 1435
379.750 1460
379.764 1427
379.777 1438
379.791 1496
379.804 1468
379.818 1510
379.832 1505
379.845 1511
379.859 1479
379.873 1521
379.886 1466
379.900 1527
379.913 1538
379.927 1580
379.941 1602
379.954 1599
379.968 1659
379.982 1642
379.995 1636
380.009 1679
380.022 1648
380.036 1679
380.050 1711
380.063 1709
380.077 1768
380.090 1797
380.104 1793
380.118 1759
380.131 1816
380.145 1850
380.159 1845
380.172 1860
380.186 1889
380.199 1923
380.213 1879
380.227 1934
380.240 1987
380.254 2011
380.267 2026
380.281 2008
380.295 2070
380.308 2019
380.322 2097
380.336 2152
380.349 2161
380.363 2174
380.376 2161
380.390 2263
380.404 2289
380.417 2308
380.431 2289
380.444 2253
380.458 2366
380.472 2415
380.485 2423
380.499 2424
380.512 2396
380.526 2474
380.540 2459
380.553 2536
380.567 2508
380.580 2638
380.594 2586
380.608 2653
380.621 2664
380.635 2690
380.648 2741
380.662 2779
380.676 2789
380.689 2818
380.703 2891
380.716 2874
380.730 2926
380.744 2916
380.757 3006
380.771 2967
380.784 3122
380.798 3122
380.812 3183
380.825 3160
380.839 3170
380.852 3318
380.866 3314
380.880 3318
380.893 3401
380.907 3414
380.920 3454
380.934 3532
380.948 3568
380.961 3527
380.975 3644
380.988 3656
381.002 3670
381.015 3697
381.029 3824
381.043 3812
381.056 3934
381.070 4010
381.083 3886
381.097 3905
381.111 3958
381.124 3967
381.138 4036
381.151 4112
381.165 4095
381.179 4171
381.192 4207
381.206 4166
381.219 4186
381.233 4126
381.246 4314
381.260 4390
381.274 4343
381.287 4474
381.301 4520
381.314 4572
381.328 4501
381.341 4519
381.355 4579
381.369 4647
381.382 4756
381.396 4656
381.409 4764
381.423 4797
381.437 4871
381.450 4937
381.464 4968
381.477 4966
381.491 5023
381.504 5039
381.518 5138
381.532 5096
381.545 5138
381.559 5291
381.572 5253
381.586 5369
381.599 5342
381.613 5427
381.627 5482
381.640 5518
381.654 5483
381.667 5643
381.681 5598
381.694 5517
381.708 5552
381.722 5621
381.735 5688
381.749 5627
381.762 5720
381.776 5732
381.789 5809
381.803 5842
381.817 5831
381.830 5874
381.844 5828
381.857 6004
381.871 6022
381.884 6109
381.898 6070
381.911 6055
381.925 6129
381.939 6185
381.952 6196
381.966 6279
381.979 6317
381.993 6460
382.006 6488
382.020 6492
382.034 6450
382.047 6505
382.061 6608
382.074 6597
382.088 6718
382.101 6718
382.115 6656
382.128 6795
382.142 6866
382.156 6934
382.169 6897
382.183 7101
382.196 7063
382.210 7127
382.223 7134
382.237 7173
382.250 7349
382.264 7336
382.278 7333
382.291 7466
382.305 7427
382.318 7468
382.332 7542
382.345 7612
382.359 7681
382.372 7723
382.386 7675
382.399 7855
382.413 7885
382.427 7829
382.440 7950
382.454 8228
382.467 8192
382.481 8307
382.494 8580
382.508 8569
382.521 8824
382.535 8791
382.548 8748
382.562 8765
382.576 8866
382.589 8853
382.603 8864
382.616 9056
382.630 9205
382.643 9154
382.657 9266
382.670 9313
382.684 9433
382.697 9435
382.711 9452
382.724 9737
382.738 9718
382.752 9762
382.765 9882
382.779 9953
382.792 9934
382.806 10108
382.819 10250
382.833 10332
382.846 10467
382.860 10531
382.873 10734
382.887 10857
382.900 10996
382.914 11389
382.928 11380
382.941 11576
382.955 11659
382.968 11754
382.982 12026
382.995 11971
383.009 12153
383.022 12272
383.036 12443
383.049 12503
383.063 12804
383.076 12872
383.090 12716
383.103 12889
383.117 12971
383.130 12897
383.144 13070
383.158 13377
383.171 13396
383.185 13660
383.198 13783
383.212 13922
383.225 14231
383.239 14549
383.252 14679
383.266 14921
383.279 15063
383.293 15157
383.306 15335
383.320 15360
383.333 15603
383.347 15850
383.360 15624
383.374 15757
383.387 15884
383.401 16156
383.414 16213
383.428 16345
383.441 16534
383.455 16859
383.468 16720
383.482 16866
383.496 17021
383.509 16859
383.523 17245
383.536 17246
383.550 17340
383.563 17353
383.577 17543
383.590 17729
383.604 17800
383.617 17778
383.631 17792
383.644 18071
383.658 18100
383.671 18385
383.685 18641
383.698 18777
383.712 18997
383.725 19011
383.739 18956
383.752 18987
383.766 18795
383.779 18884
383.793 19235
383.806 19236
383.820 19410
383.833 19302
383.847 19260
383.860 19353
383.874 19511
383.887 19542
383.901 19736
383.914 19762
383.928 19816
383.941 19916
383.955 19798
383.968 19990
383.982 19950
383.995 19795
384.009 20040
384.022 20145
384.036 19896
384.049 20338
384.063 20229
384.076 20595
384.090 20689
384.103 20881
384.117 21070
384.130 20479
384.144 20507
384.157 20507
384.171 20435
384.184 20653
384.198 20593
384.211 20544
384.225 20369
384.238 20939
384.252 20793
384.265 21044
384.279 20588
384.292 20572
384.306 20370
384.319 20222
384.333 20177
384.346 19756
384.360 19785
384.373 19653
384.387 19442
384.400 19268
384.414 19092
384.427 18955
384.441 18610
384.454 18465
384.468 18144
384.481 18040
384.495 17699
384.508 17666
384.522 17297
384.535 16755
384.549 16375
384.562 16187
384.575 16018
384.589 15842
384.602 15426
384.616 15025
384.629 14802
384.643 14354
384.656 13759
384.670 13349
384.683 12780
384.697 12439
384.710 12141
384.724 11587
384.737 11370
384.751 10962
384.764 10642
384.778 10440
384.791 10215
384.805 9749
384.818 9522
384.832 9164
384.845 8868
384.859 8594
384.872 8384
384.885 8061
384.899 7823
384.912 7563
384.926 7287
384.939 7168
384.953 6899
384.966 6816
384.980 6612
384.993 6479
385.007 6241
385.020 6079
385.034 5791
385.047 5709
385.061 5520
385.074 5399
385.088 5258
385.101 5200
385.114 5069
385.128 4876
385.141 4885
385.155 4816
385.168 4772
385.182 4718
385.195 4665
385.209 4589
385.222 4422
385.236 4338
385.249 4379
385.263 4222
385.276 4143
385.290 4100
385.303 4018
385.316 4014
385.330 3981
385.343 3951
385.357 3911
385.370 3760
385.384 3740
385.397 3693
385.411 3575
385.424 3588
385.438 3482
385.451 3453
385.464 3420
385.478 3340
385.491 3364
385.505 3362
385.518 3336
385.532 3306
385.545 3142
385.559 3147
385.572 3121
385.586 3134
385.599 3070
385.612 3075
385.626 3037
385.639 3023
385.653 2941
385.666 2975
385.680 2915
385.693 2888
385.707 2919
385.720 2846
385.734 2854
385.747 2743
385.760 2703
385.774 2722
385.787 2667
385.801 2637
385.814 2614
385.828 2547
385.841 2524
385.855 2542
385.868 2560
385.881 2525
385.895 2543
385.908 2541
385.922 2450
385.935 2492
385.949 2410
385.962 2373
385.976 2392
385.989 2348
386.002 2376
386.016 2412
386.029 2368
386.043 2322
386.056 2340
386.070 2301
386.083 2308
386.097 2262
386.110 2234
386.123 2300
386.137 2274
386.150 2297
386.164 2264
386.177 2238
386.191 2223
386.204 2171
386.217 2172
386.231 2186
386.244 2140
386.258 2188
386.271 2188
386.285 2133
386.298 2140
386.311 2091
386.325 2129
386.338 2100
386.352 2078
386.365 2036
386.379 2093
386.392 2061
386.405 2003
386.419 2040
386.432 2008
386.446 1995
386.459 2026
386.473 1952
386.486 1992
386.499 1975
386.513 1938
386.526 1975
386.540 1909
386.553 1873
386.567 1919
386.580 1929
386.593 1930
386.607 1918
386.620 1915
386.634 1911
386.647 1918
386.661 1877
386.674 1885
386.687 1881
386.701 1843
386.714 1833
386.728 1799
386.741 1791
386.754 1826
386.768 1835
386.781 1834
386.795 1797
386.808 1768
386.822 1795
386.835 1774
386.848 1747
386.862 1774
386.875 1700
386.889 1729
386.902 1726
386.915 1709
386.929 1720
386.942 1690
386.956 1686
386.969 1682
386.983 1662
386.996 1622
387.009 1643
387.023 1628
387.036 1630
387.050 1641
387.063 1623
387.076 1635
387.090 1587
387.103 1592
387.117 1612
387.130 1583
387.143 1583
387.157 1588
387.170 1559
387.184 1582
387.197 1558
387.210 1543
387.224 1531
387.237 1536
387.251 1523
387.264 1558
387.278 1519
387.291 1531
387.304 1537
387.318 1510
387.331 1517
387.345 1467
387.358 1484
387.371 1450
387.385 1486
387.398 1429
387.412 1418
387.425 1424
387.438 1435
387.452 1411
387.465 1408
387.478 1406
387.492 1404
387.505 1374
387.519 1392
387.532 1374
387.545 1400
387.559 1384
387.572 1394
387.586 1346
387.599 1344
387.612 1348
387.626 1346
387.639 1374
387.653 1342
387.666 1314
387.679 1303
387.693 1292
387.706 1282
387.720 1293
387.733 1286
387.746 1302
387.760 1287
387.773 1265
387.787 1290
387.800 1304
387.813 1280
387.827 1255
387.840 1262
387.853 1237
387.867 1240
387.880 1210
387.894 1244
387.907 1248
387.920 1230
387.934 1220
387.947 1224
387.961 1212
387.974 1187
387.987 1191
388.001 1176
388.014 1189
388.027 1167
388.041 1142
388.054 1188
388.068 1133
388.081 1169
388.094 1163
388.108 1147
388.121 1119
388.134 1147
388.148 1141
388.161 1110
388.175 1119
388.188 1115
388.201 1115
388.215 1092
388.228 1107
388.241 1100
388.255 1072
388.268 1078
388.282 1087
388.295 1101
388.308 1093
388.322 1083
388.335 1060
388.348 1090
388.362 1052
388.375 1077
388.389 1094
388.402 1069
388.415 1068
388.429 1075
388.442 1084
388.455 1068
388.469 1054
388.482 1064
388.495 1052
388.509 1071
388.522 1079
388.536 1068
388.549 1067
388.562 1062
388.576 1044
388.589 1046
388.602 1066
388.616 1057
388.629 1068
388.642 1042
388.656 1071
388.669 1040
388.683 1062
388.696 1033
388.709 1065
388.723 1052
388.736 1055
388.749 1046
388.763 1043
388.776 1043
388.789 1015
388.803 1044
388.816 1035
388.829 1021
388.843 1013
388.856 1054
388.870 1008
388.883 1022
388.896 1040
388.910 1007
388.923 1014
388.936 1004
388.950 1014
388.963 1035
388.976 1025
388.990 1016
389.003 1013
389.016 1037
389.030 1032
389.043 1038
389.056 1016
389.070 1031
389.083 981
389.097 1048
389.110 1020
389.123 1018
389.137 1006
389.150 1019
389.163 999
389.177 1025
389.190 990
389.203 1001
389.217 996
389.230 996
389.243 1003
389.257 976
389.270 989
389.283 1013
389.297 1008
389.310 990
389.323 997
389.337 1014
389.350 1000
389.363 1004
389.377 1021
389.390 982
389.403 979
389.417 984
389.430 975
389.443 999
389.457 984
389.470 1007
389.483 996
389.497 961
389.510 994
389.523 975
389.537 977
389.550 976
389.563 963
389.577 966
389.590 958
389.603 970
389.617 939
389.630 953
389.643 985
389.657 987
389.670 938
389.683 973
389.697 967
389.710 958
389.723 964
389.737 971
389.750 970
389.763 974
389.777 954
389.790 938
389.803 953
389.817 946
389.830 929
389.843 931
389.857 935
389.870 938
389.883 916
389.897 917
389.910 944
389.923 943
389.937 942
389.950 928
389.963 934
389.977 934
389.990 921
390.003 918
390.017 953
390.030 921
390.043 910
390.057 920
390.070 914
390.083 905
390.096 904
390.110 875
390.123 885
390.136 884
390.150 891
390.163 916
390.176 888
390.190 898
390.203 879
390.216 871
390.230 872
390.243 879
390.256 870
390.270 872
390.283 870
390.296 874
390.310 866
390.323 857
390.336 856
390.349 822
390.363 855
390.376 841
390.389 846
390.403 864
390.416 850
390.429 852
390.443 842
390.456 839
390.469 841
390.483 822
390.496 829
390.509 834
390.522 802
390.536 828
390.549 818
390.562 810
390.576 810
390.589 818
390.602 823
390.616 815
390.629 815
390.642 793
390.655 805
390.669 798
390.682 810
390.695 808
390.709 793
390.722 799
390.735 788
390.749 784
390.762 783
390.775 787
390.788 767
390.802 775
390.815 765
390.828 771
390.842 775
390.855 769
390.868 764
390.882 769
390.895 759
390.908 774
390.921 765
390.935 763
390.948 748
390.961 761
390.975 741
390.988 763
391.001 749
391.014 751
391.028 738
391.041 731
391.054 751
391.068 763
391.081 754
391.094 725
391.107 736
391.121 743
391.134 737
391.147 746
391.161 741
391.174 726
391.187 726
391.200 722
391.214 726
391.227 730
391.240 714
391.254 733
391.267 725
391.280 718
391.293 725
391.307 733
391.320 725
391.333 719
391.347 706
391.360 741
391.373 717
391.386 704
391.400 724
391.413 708
391.426 715
391.440 710
391.453 710
391.466 717
391.479 705
391.493 696
391.506 708
391.519 714
391.532 710
391.546 717
391.559 699
391.572 718
391.586 701
391.599 705
391.612 692
391.625 704
391.639 700
391.652 699
391.665 700
391.678 696
391.692 702
391.705 709
391.718 701
391.732 699
391.745 710
391.758 697
391.771 693
391.785 699
391.798 697
391.811 691
391.824 692
391.838 705
391.851 699
391.864 697
391.877 692
391.891 693
391.904 693
391.917 687
391.931 691
391.944 680
391.957 701
391.970 681
391.984 686
391.997 687
392.010 696
392.023 689
392.037 693
392.050 672
392.063 690
392.076 686
392.090 684
392.103 695
392.116 682
392.129 688
392.143 676
392.156 685
392.169 686
392.182 681
392.196 690
392.209 686
392.222 688
392.235 684
392.249 685
392.262 687
392.275 675
392.288 681
392.302 680
392.315 684
392.328 680
392.341 679
392.355 674
392.368 683
392.381 688
392.394 691
392.408 690
392.421 676
392.434 680
392.447 679
392.461 688
392.474 679
392.487 681
392.500 678
392.514 694
392.527 681
392.540 696
392.553 684
392.567 684
392.580 677
392.593 677
392.606 683
392.620 678
392.633 682
392.646 683
392.659 677
392.673 674
392.686 674
392.699 679
392.712 665
392.726 675
392.739 669
392.752 679
392.765 678
392.778 688
392.792 673
392.805 670
392.818 672
392.831 668
392.845 666
392.858 676
392.871 672
392.884 671
392.898 668
392.911 684
392.924 681
392.937 660
392.951 679
392.964 674
392.977 672
392.990 667
393.003 678
393.017 678
393.030 681
393.043 683
393.056 675
393.070 675
393.083 679
393.096 669
393.109 662
393.122 668
393.136 674
393.149 675
393.162 674
393.175 679
393.189 674
393.202 667
393.215 677
393.228 664
393.242 677
393.255 677
393.268 663
393.281 668
393.294 677
393.308 670
393.321 668
393.334 669
393.347 675
393.360 671
393.374 654
393.387 674
393.400 669
393.413 671
393.427 666
393.440 659
393.453 665
393.466 664
393.479 661
393.493 664
393.506 660
393.519 661
393.532 662
393.546 676
393.559 663
393.572 667
393.585 666
393.598 666
393.612 661
393.625 673
393.638 660
393.651 674
393.664 667
393.678 674
393.691 670
393.704 668
393.717 668
393.730 666
393.744 660
393.757 651
393.770 662
393.783 652
393.796 658
393.810 662
393.823 663
393.836 681
393.849 661
393.863 662
393.876 657
393.889 658
393.902 658
393.915 652
393.929 662
