375.891 698
375.905 719
375.919 711
375.933 713
375.946 719
375.960 709
375.974 719
375.987 716
376.001 740
376.015 718
376.029 728
376.042 746
376.056 740
376.070 729
376.084 744
376.097 726
376.111 736
376.125 736
376.139 733
376.152 726
376.166 746
376.180 744
376.193 728
376.207 748
376.221 750
376.235 749
376.248 753
376.262 749
376.276 753
376.290 753
376.303 761
376.317 750
376.331 753
376.345 772
376.358 765
376.372 778
376.386 783
376.399 775
376.413 747
376.427 784
376.441 775
376.454 784
376.468 783
376.482 786
376.495 777
376.509 795
376.523 795
376.537 798
376.550 788
376.564 804
376.578 794
376.592 791
376.605 804
376.619 814
376.633 797
376.646 806
376.660 820
376.674 823
376.688 812
376.701 808
376.715 823
376.729 814
376.742 835
376.756 816
376.770 834
376.784 822
376.797 828
376.811 825
376.825 840
376.838 865
376.852 863
376.866 852
376.880 863
376.893 849
376.907 861
376.921 861
376.934 869
376.948 866
376.962 896
376.976 870
376.989 889
377.003 888
377.017 894
377.030 896
377.044 883
377.058 897
377.071 903
377.085 896
377.099 918
377.113 896
377.126 929
377.140 917
377.154 914
377.167 938
377.181 931
377.195 925
377.208 939
377.222 916
377.236 943
377.250 953
377.263 966
377.277 948
377.291 982
377.304 974
377.318 984
377.332 970
377.345 941
377.359 977
377.373 969
377.387 978
377.400 970
377.414 989
377.428 960
377.441 985
377.455 975
377.469 997
377.482 1009
377.496 1004
377.510 996
377.524 1015
377.537 1024
377.551 1028
377.565 1030
377.578 997
377.592 1033
377.606 1028
377.619 1020
377.633 1033
377.647 1032
377.660 1006
377.674 1030
377.688 1043
377.701 1036
377.715 1052
377.729 1040
377.743 1044
377.756 1056
377.770 1050
377.784 1050
377.797 1057
377.811 1059
377.825 1073
377.838 1046
377.852 1066
377.866 1070
377.879 1098
377.893 1098
377.907 1093
377.920 1113
377.934 1096
377.948 1069
377.961 1077
377.975 1062
377.989 1085
378.002 1095
378.016 1079
378.030 1113
378.044 1106
378.057 1110
378.071 1089
378.085 1123
378.098 1109
378.112 1123
378.126 1115
378.139 1113
378.153 1115
378.167 1107
378.180 1126
378.194 1092
378.208 1120
378.221 1120
378.235 1112
378.249 1111
378.262 1104
378.276 1125
378.290 1118
378.303 1113
378.317 1119
378.331 1156
378.344 1137
378.358 1151
378.372 1115
378.385 1149
378.399 1154
378.413 1184
378.426 1177
378.440 1163
378.454 1187
378.467 1185
378.481 1168
378.495 1171
378.508 1190
378.522 1157
378.536 1154
378.549 1161
378.563 1184
378.577 1180
378.590 1168
378.604 1198
378.618 1228
378.631 1194
378.645 1202
378.659 1198
378.672 1199
378.686 1172
378.700 1224
378.713 1212
378.727 1212
378.740 1236
378.754 1240
378.768 1222
378.781 1232
378.795 1252
378.809 1218
378.822 1268
378.836 1236
378.850 1227
378.863 1234
378.877 1236
378.891 1261
378.904 1214
378.918 1282
378.932 1268
378.945 1244
378.959 1239
378.973 1280
378.986 1277
379.000 1279
379.014 1283
379.027 1272
379.041 1276
379.054 1264
379.068 1270
379.082 1289
379.095 1293
379.109 1347
379.123 1323
379.136 1290
379.150 1323
379.164 1329
379.177 1320
379.191 1287
379.205 1319
379.218 1326
379.232 1349
379.245 1311
379.259 1346
379.273 1342
379.286 1357
379.300 1338
379.314 1365
379.327 1356
379.341 1367
379.355 1370
379.368 1384
379.382 1400
379.396 1375
379.409 1394
379.423 1360
379.436 1414
379.450 1422
379.464 1417
379.477 1452
379.491 1442
379.505 1441
379.518 1460
379.532 1470
379.546 1478
379.559 1452
379.573 1450
379.586 1476
379.600 1507
379.614 1493
379.627 1532
379.641 1517
379.655 1542
379.668 1550
379.682 1563
379.695 1570
379.709 1541
379.723 1575
379.736 1618
379.750 1637
379.764 1672
379.777 1644
379.791 1651
379.804 1706
379.818 1702
379.832 1675
379.845 1699
379.859 1739
379.873 1710
379.886 1756
379.900 1762
379.913 1762
379.927 1756
379.941 1796
379.954 1816
379.968 1869
379.982 1849
379.995 1885
380.009 1850
380.022 1929
380.036 1913
380.050 1978
380.063 1985
380.077 2014
380.090 1998
380.104 2031
380.118 2096
380.131 2062
380.145 2119
380.159 2125
380.172 2171
380.186 2178
380.199 2194
380.213 2250
380.227 2253
380.240 2316
380.254 2243
380.267 2290
380.281 2322
380.295 2330
380.308 2415
380.322 2373
380.336 2454
380.349 2479
380.363 2495
380.376 2534
380.390 2596
380.404 2621
380.417 2660
380.431 2639
380.444 2649
380.458 2740
380.472 2757
380.485 2841
380.499 2825
380.512 2796
380.526 2867
380.540 2938
380.553 2958
380.567 2963
380.580 2963
380.594 3069
380.608 3106
380.621 3189
380.635 3168
380.648 3204
380.662 3200
380.676 3244
380.689 3317
380.703 3394
380.716 3410
380.730 3455
380.744 3465
380.757 3491
380.771 3602
380.784 3552
380.798 3657
380.812 3685
380.825 3714
380.839 3780
380.852 3917
380.866 3946
380.880 3992
380.893 4009
380.907 4040
380.920 4100
380.934 4168
380.948 4161
380.961 4290
380.975 4333
380.988 4397
381.002 4331
381.015 4331
381.029 4438
381.043 4507
381.056 4621
381.070 4581
381.083 4583
381.097 4720
381.111 4661
381.124 4726
381.138 4864
381.151 4814
381.165 5026
381.179 4978
381.192 4943
381.206 4975
381.219 5013
381.233 5095
381.246 4972
381.260 5180
381.274 5178
381.287 5327
381.301 5314
381.314 5349
381.328 5350
381.341 5442
381.355 5532
381.369 5470
381.382 5582
381.396 5609
381.409 5626
381.423 5641
381.437 5796
381.450 5932
381.464 5935
381.477 6002
381.491 6004
381.504 5881
381.518 6059
381.532 6057
381.545 6153
381.559 6214
381.572 6353
381.586 6345
381.599 6356
381.613 6391
381.627 6576
381.640 6603
381.654 6510
381.667 6611
381.681 6636
381.694 6670
381.708 6539
381.722 6668
381.735 6676
381.749 6672
381.762 6713
381.776 6655
381.789 6732
381.803 6795
381.817 6859
381.830 6884
381.844 6983
381.857 7000
381.871 6967
381.884 7193
381.898 7150
381.911 7177
381.925 7159
381.939 7268
381.952 7503
381.966 7376
381.979 7421
381.993 7527
382.006 7620
382.020 7664
382.034 7759
382.047 7759
382.061 7795
382.074 7850
382.088 7824
382.101 7933
382.115 7975
382.128 7950
382.142 8085
382.156 8131
382.169 8338
382.183 8334
382.196 8342
382.210 8457
382.223 8444
382.237 8430
382.250 8445
382.264 8604
382.278 8606
382.291 8707
382.305 8890
382.318 8899
382.332 8905
382.345 8869
382.359 9113
382.372 9080
382.386 9087
382.399 9200
382.413 9393
382.427 9316
382.440 9498
382.454 9582
382.467 9628
382.481 9782
382.494 9953
382.508 10266
382.521 10410
382.535 10312
382.548 10238
382.562 10459
382.576 10420
382.589 10484
382.603 10638
382.616 10669
382.630 10778
382.643 10983
382.657 10988
382.670 11260
382.684 11283
382.697 10956
382.711 11313
382.724 11410
382.738 11361
382.752 11484
382.765 11490
382.779 11675
382.792 11881
382.806 11900
382.819 12142
382.833 12138
382.846 12307
382.860 12410
382.873 12563
382.887 12666
382.900 12953
382.914 13046
382.928 13301
382.941 13349
382.955 13531
382.968 13840
382.982 13904
382.995 14092
383.009 14167
383.022 14326
383.036 14425
383.049 14620
383.063 14680
383.076 14862
383.090 14864
383.103 14977
383.117 15029
383.130 15143
383.144 15240
383.158 15488
383.171 15689
383.185 15738
383.198 15972
383.212 16367
383.225 16454
383.239 17075
383.252 17591
383.266 17557
383.279 17535
383.293 17846
383.306 17837
383.320 18059
383.333 18479
383.347 18709
383.360 18560
383.374 18450
383.387 18757
383.401 19010
383.414 19152
383.428 19119
383.441 19192
383.455 19451
383.468 19159
383.482 19461
383.496 19748
383.509 19840
383.523 19979
383.536 20087
383.550 19969
383.563 20277
383.577 20336
383.590 20461
383.604 20812
383.617 20722
383.631 20759
383.644 20734
383.658 20848
383.671 20989
383.685 21228
383.698 21523
383.712 21811
383.725 21856
383.739 21696
383.752 21660
383.766 21705
383.779 21510
383.793 21941
383.806 22121
383.820 22146
383.833 22260
383.847 22194
383.860 22427
383.874 22522
383.887 22477
383.901 22563
383.914 22523
383.928 22523
383.941 22712
383.955 22497
383.968 22631
383.982 22603
383.995 22587
384.009 22848
384.022 22767
384.036 22794
384.049 22797
384.063 23165
384.076 23858
384.090 23849
384.103 23952
384.117 24137
384.130 23817
384.144 23358
384.157 23196
384.171 23069
384.184 23161
384.198 23094
384.211 23116
384.225 23113
384.238 23639
384.252 23968
384.265 23881
384.279 23689
384.292 23660
384.306 23486
384.319 22969
384.333 22567
384.346 22314
384.360 22172
384.373 21883
384.387 21933
384.400 21625
384.414 21401
384.427 21305
384.441 20990
384.454 20542
384.468 20308
384.481 19934
384.495 19818
384.508 19467
384.522 18924
384.535 18483
384.549 18268
384.562 17982
384.575 17399
384.589 17262
384.602 17134
384.616 16615
384.629 16208
384.643 15779
384.656 15324
384.670 14673
384.683 14074
384.697 13652
384.710 13346
384.724 12882
384.737 12347
384.751 11909
384.764 11696
384.778 11265
384.791 11297
384.805 10831
384.818 10266
384.832 9737
384.845 9563
384.859 9297
384.872 9015
384.885 8563
384.899 8350
384.912 8136
384.926 7876
384.939 7555
384.953 7431
384.966 7295
384.980 7064
384.993 6828
385.007 6768
385.020 6533
385.034 6308
385.047 6245
385.061 6064
385.074 5822
385.088 5742
385.101 5633
385.114 5505
385.128 5433
385.141 5330
385.155 5232
385.168 5090
385.182 5169
385.195 5082
385.209 4977
385.222 4816
385.236 4726
385.249 4709
385.263 4607
385.276 4499
385.290 4443
385.303 4311
385.316 4258
385.330 4315
385.343 4219
385.357 4147
385.370 4032
385.384 3921
385.397 3934
385.411 3837
385.424 3785
385.438 3778
385.451 3751
385.464 3701
385.478 3630
385.491 3674
385.505 3590
385.518 3498
385.532 3491
385.545 3403
385.559 3332
385.572 3294
385.586 3309
385.599 3261
385.612 3265
385.626 3315
385.639 3195
385.653 3203
385.666 3075
385.680 3182
385.693 3105
385.707 3079
385.720 3019
385.734 3010
385.747 2932
385.760 2891
385.774 2844
385.787 2867
385.801 2798
385.814 2786
385.828 2759
385.841 2741
385.855 2685
385.868 2710
385.881 2690
385.895 2677
385.908 2702
385.922 2600
385.935 2656
385.949 2585
385.962 2572
385.976 2543
385.989 2558
386.002 2523
386.016 2534
386.029 2461
386.043 2470
386.056 2460
386.070 2463
386.083 2415
386.097 2355
386.110 2400
386.123 2408
386.137 2436
386.150 2383
386.164 2368
386.177 2345
386.191 2315
386.204 2338
386.217 2286
386.231 2286
386.244 2282
386.258 2301
386.271 2231
386.285 2234
386.298 2268
386.311 2232
386.325 2236
386.338 2233
386.352 2173
386.365 2174
386.379 2174
386.392 2117
386.405 2121
386.419 2094
386.432 2109
386.446 2103
386.459 2154
386.473 2143
386.486 2089
386.499 2050
386.513 2064
386.526 2052
386.540 2017
386.553 2020
386.567 2011
386.580 2064
386.593 2031
386.607 2063
386.620 2031
386.634 2016
386.647 1993
386.661 1955
386.674 1966
386.687 1970
386.701 1962
386.714 1946
386.728 1892
386.741 1876
386.754 1924
386.768 1926
386.781 1931
386.795 1917
386.808 1838
386.822 1813
386.835 1864
386.848 1842
386.862 1810
386.875 1798
386.889 1807
386.902 1793
386.915 1799
386.929 1785
386.942 1798
386.956 1751
386.969 1728
386.983 1763
386.996 1724
387.009 1695
387.023 1746
387.036 1693
387.050 1693
387.063 1676
387.076 1702
387.090 1704
387.103 1668
387.117 1679
387.130 1659
387.143 1664
387.157 1662
387.170 1655
387.184 1662
387.197 1634
387.210 1628
387.224 1639
387.237 1605
387.251 1639
387.264 1565
387.278 1577
387.291 1584
387.304 1598
387.318 1581
387.331 1582
387.345 1578
387.358 1544
387.371 1521
387.385 1545
387.398 1526
387.412 1457
387.425 1491
387.438 1491
387.452 1430
387.465 1440
387.478 1412
387.492 1412
387.505 1445
387.519 1431
387.532 1421
387.545 1458
387.559 1440
387.572 1415
387.586 1447
387.599 1378
387.612 1382
387.626 1386
387.639 1375
387.653 1389
387.666 1349
387.679 1342
387.693 1328
387.706 1331
387.720 1330
387.733 1308
387.746 1353
387.760 1339
387.773 1336
387.787 1320
387.800 1325
387.813 1329
387.827 1293
387.840 1290
387.853 1293
387.867 1303
387.880 1307
387.894 1300
387.907 1300
387.920 1275
387.934 1264
387.947 1238
387.961 1229
387.974 1231
387.987 1223
388.001 1205
388.014 1237
388.027 1230
388.041 1213
388.054 1201
388.068 1207
388.081 1202
388.094 1204
388.108 1173
388.121 1160
388.134 1157
388.148 1173
388.161 1150
388.175 1127
388.188 1124
388.201 1140
388.215 1128
388.228 1150
388.241 1129
388.255 1122
388.268 1127
388.282 1142
388.295 1104
388.308 1125
388.322 1133
388.335 1117
388.348 1105
388.362 1106
388.375 1102
388.389 1104
388.402 1103
388.415 1130
388.429 1094
388.442 1112
388.455 1077
388.469 1097
388.482 1086
388.495 1105
388.509 1114
388.522 1090
388.536 1118
388.549 1093
388.562 1095
388.576 1079
388.589 1076
388.602 1070
388.616 1098
388.629 1068
388.642 1080
388.656 1068
388.669 1078
388.683 1067
388.696 1089
388.709 1064
388.723 1063
388.736 1080
388.749 1080
388.763 1083
388.776 1068
388.789 1076
388.803 1091
388.816 1066
388.829 1063
388.843 1051
388.856 1040
388.870 1060
388.883 1062
388.896 1052
388.910 1067
388.923 1079
388.936 1061
388.950 1070
388.963 1024
388.976 1044
388.990 1029
389.003 1042
389.016 1053
389.030 1036
389.043 1034
389.056 1036
389.070 1046
389.083 1056
389.097 1024
389.110 1027
389.123 1047
389.137 1046
389.150 1050
389.163 1030
389.177 1025
389.190 1021
389.203 1024
389.217 974
389.230 1046
389.243 1001
389.257 1001
389.270 1016
389.283 1020
389.297 1015
389.310 1020
389.323 1026
389.337 998
389.350 1028
389.363 1036
389.377 1016
389.390 1028
389.403 1026
389.417 1020
389.430 1028
389.443 1004
389.457 1008
389.470 1034
389.483 993
389.497 1028
389.510 1004
389.523 1030
389.537 970
389.550 1003
389.563 1000
389.577 1000
389.590 993
389.603 992
389.617 993
389.630 984
389.643 985
389.657 1002
389.670 973
389.683 981
389.697 968
389.710 987
389.723 969
389.737 955
389.750 972
389.763 971
389.777 969
389.790 986
389.803 957
389.817 951
389.830 969
389.843 956
389.857 950
389.870 960
389.883 941
389.897 954
389.910 935
389.923 943
389.937 941
389.950 943
389.963 948
389.977 947
389.990 946
390.003 949
390.017 922
390.030 944
390.043 941
390.057 948
390.070 922
390.083 927
390.096 909
390.110 924
390.123 913
390.136 921
390.150 894
390.163 913
390.176 901
390.190 907
390.203 919
390.216 896
390.230 893
390.243 893
390.256 873
390.270 881
390.283 884
390.296 900
390.310 870
390.323 885
390.336 864
390.349 869
390.363 878
390.376 864
390.389 864
390.403 860
390.416 866
390.429 871
390.443 875
390.456 831
390.469 867
390.483 866
390.496 846
390.509 845
390.522 846
390.536 824
390.549 837
390.562 848
390.576 831
390.589 840
390.602 844
390.616 826
390.629 813
390.642 809
390.655 843
390.669 802
390.682 807
390.695 801
390.709 802
390.722 809
390.735 801
390.749 796
390.762 805
390.775 805
390.788 799
390.802 784
390.815 796
390.828 782
390.842 779
390.855 782
390.868 776
390.882 771
390.895 777
390.908 778
390.921 767
390.935 771
390.948 787
390.961 762
390.975 753
390.988 757
391.001 768
391.014 754
391.028 758
391.041 743
391.054 758
391.068 760
391.081 763
391.094 738
391.107 752
391.121 747
391.134 740
391.147 748
391.161 747
391.174 746
391.187 734
391.200 730
391.214 720
391.227 720
391.240 718
391.254 729
391.267 736
391.280 728
391.293 729
391.307 720
391.320 729
391.333 728
391.347 726
391.360 717
391.373 721
391.386 728
391.400 712
391.413 720
391.426 699
391.440 723
391.453 713
391.466 720
391.479 716
391.493 711
391.506 727
391.519 716
391.532 704
391.546 705
391.559 704
391.572 720
391.586 694
391.599 704
391.612 710
391.625 700
391.639 719
391.652 704
391.665 706
391.678 705
391.692 708
391.705 713
391.718 703
391.732 706
391.745 705
391.758 701
391.771 692
391.785 707
391.798 690
391.811 701
391.824 698
391.838 695
391.851 714
391.864 686
391.877 702
391.891 695
391.904 705
391.917 698
391.931 691
391.944 714
391.957 704
391.970 700
391.984 698
391.997 692
392.010 690
392.023 702
392.037 687
392.050 691
392.063 690
392.076 706
392.090 690
392.103 688
392.116 690
392.129 692
392.143 690
392.156 695
392.169 698
392.182 705
392.196 695
392.209 692
392.222 686
392.235 710
392.249 692
392.262 690
392.275 691
392.288 690
392.302 690
392.315 686
392.328 678
392.341 693
392.355 680
392.368 688
392.381 686
392.394 692
392.408 679
392.421 700
392.434 677
392.447 682
392.461 687
392.474 699
392.487 685
392.500 685
392.514 678
392.527 672
392.540 688
392.553 697
392.567 674
392.580 683
392.593 691
392.606 674
392.620 683
392.633 679
392.646 681
392.659 686
392.673 684
392.686 690
392.699 693
392.712 681
392.726 672
392.739 678
392.752 690
392.765 671
392.778 682
392.792 672
392.805 691
392.818 682
392.831 684
392.845 683
392.858 688
392.871 676
392.884 682
392.898 692
392.911 682
392.924 676
392.937 684
392.951 680
392.964 675
392.977 668
392.990 670
393.003 679
393.017 673
393.030 685
393.043 681
393.056 671
393.070 675
393.083 680
393.096 679
393.109 672
393.122 677
393.136 680
393.149 680
393.162 674
393.175 655
393.189 681
393.202 673
393.215 669
393.228 673
393.242 691
393.255 676
393.268 672
393.281 659
393.294 671
393.308 678
393.321 668
393.334 665
393.347 663
393.360 674
393.374 675
393.387 670
393.400 673
393.413 679
393.427 671
393.440 670
393.453 664
393.466 672
393.479 667
393.493 665
393.506 661
393.519 661
393.532 661
393.546 667
393.559 679
393.572 675
393.585 674
393.598 676
393.612 674
393.625 663
393.638 665
393.651 674
393.664 670
393.678 661
393.691 667
393.704 671
393.717 666
393.730 660
393.744 668
393.757 666
393.770 670
393.783 663
393.796 651
393.810 651
393.823 674
393.836 663
393.849 669
393.863 660
393.876 665
393.889 675
393.902 667
393.915 653
393.929 659
