375.891 688
375.905 681
375.919 695
375.933 686
375.946 700
375.960 696
375.974 682
375.987 705
376.001 697
376.015 681
376.029 706
376.042 696
376.056 675
376.070 703
376.084 685
376.097 688
376.111 698
376.125 707
376.139 695
376.152 695
376.166 705
376.180 702
376.193 711
376.207 704
376.221 693
376.235 706
376.248 717
376.262 706
376.276 715
376.290 712
376.303 715
376.317 714
376.331 706
376.345 717
376.358 708
376.372 727
376.386 718
376.399 715
376.413 717
376.427 740
376.441 727
376.454 731
376.468 731
376.482 728
376.495 727
376.509 742
376.523 727
376.537 735
376.550 724
376.564 759
376.578 745
376.592 751
376.605 741
376.619 723
376.633 733
376.646 753
376.660 750
376.674 728
376.688 765
376.701 751
376.715 747
376.729 744
376.742 757
376.756 747
376.770 768
376.784 762
376.797 757
376.811 774
376.825 783
376.838 772
376.852 775
376.866 763
376.880 770
376.893 801
376.907 809
376.921 775
376.934 769
376.948 783
376.962 797
376.976 780
376.989 796
377.003 802
377.017 795
377.030 801
377.044 786
377.058 796
377.071 788
377.085 793
377.099 792
377.113 823
377.126 807
377.140 836
377.154 804
377.167 806
377.181 835
377.195 818
377.208 812
377.222 836
377.236 840
377.250 844
377.263 849
377.277 862
377.291 854
377.304 841
377.318 865
377.332 832
377.345 881
377.359 854
377.373 846
377.387 880
377.400 878
377.414 840
377.428 869
377.441 870
377.455 861
377.469 882
377.482 890
377.496 870
377.510 881
377.524 921
377.537 888
377.551 902
377.565 873
377.578 901
377.592 913
377.606 893
377.619 900
377.633 893
377.647 889
377.660 910
377.674 892
377.688 913
377.701 904
377.715 909
377.729 890
377.743 945
377.756 930
377.770 904
377.784 922
377.797 911
377.811 910
377.825 925
377.838 934
377.852 924
377.866 948
377.879 922
377.893 939
377.907 919
377.920 926
377.934 974
377.948 950
377.961 926
377.975 952
377.989 952
378.002 944
378.016 963
378.030 953
378.044 969
378.057 972
378.071 980
378.085 975
378.098 995
378.112 972
378.126 974
378.139 958
378.153 976
378.167 970
378.180 985
378.194 993
378.208 956
378.221 970
378.235 963
378.249 979
378.262 999
378.276 975
378.290 967
378.303 994
378.317 977
378.331 998
378.344 986
378.358 998
378.372 995
378.385 1002
378.399 1020
378.413 998
378.426 1000
378.440 1008
378.454 996
378.467 1024
378.481 1010
378.495 1020
378.508 999
378.522 1020
378.536 1040
378.549 1022
378.563 1031
378.577 1011
378.590 1020
378.604 1048
378.618 1031
378.631 1047
378.645 1060
378.659 1048
378.672 1039
378.686 1037
378.700 1070
378.713 1051
378.727 1065
378.740 1051
378.754 1040
378.768 1050
378.781 1068
378.795 1074
378.809 1081
378.822 1049
378.836 1051
378.850 1071
378.863 1075
378.877 1071
378.891 1078
378.904 1084
378.918 1081
378.932 1117
378.945 1075
378.959 1094
378.973 1078
378.986 1082
379.000 1107
379.014 1100
379.027 1108
379.041 1083
379.054 1110
379.068 1076
379.082 1083
379.095 1104
379.109 1137
379.123 1119
379.136 1095
379.150 1129
379.164 1138
379.177 1116
379.191 1115
379.205 1152
379.218 1145
379.232 1126
379.245 1166
379.259 1130
379.273 1143
379.286 1170
379.300 1172
379.314 1142
379.327 1167
379.341 1164
379.355 1157
379.368 1142
379.382 1165
379.396 1207
379.409 1183
379.423 1175
379.436 1207
379.450 1252
379.464 1203
379.477 1226
379.491 1196
379.505 1231
379.518 1235
379.532 1270
379.546 1251
379.559 1285
379.573 1279
379.586 1258
379.600 1252
379.614 1270
379.627 1272
379.641 1289
379.655 1294
379.668 1280
379.682 1279
379.695 1300
379.709 1325
379.723 1324
379.736 1343
379.750 1381
379.764 1360
379.777 1412
379.791 1394
379.804 1413
379.818 1423
379.832 1413
379.845 1423
379.859 1380
379.873 1422
379.886 1400
379.900 1451
379.913 1479
379.927 1490
379.941 1502
379.954 1523
379.968 1525
379.982 1559
379.995 1537
380.009 1520
380.022 1580
380.036 1591
380.050 1589
380.063 1610
380.077 1665
380.090 1626
380.104 1675
380.118 1676
380.131 1675
380.145 1716
380.159 1764
380.172 1768
380.186 1770
380.199 1804
380.213 1837
380.227 1824
380.240 1864
380.254 1847
380.267 1855
380.281 1894
380.295 1875
380.308 1980
380.322 1956
380.336 1996
380.349 2006
380.363 2014
380.376 2018
380.390 2083
380.404 2112
380.417 2132
380.431 2129
380.444 2208
380.458 2151
380.472 2173
380.485 2245
380.499 2231
380.512 2239
380.526 2297
380.540 2274
380.553 2305
380.567 2352
380.580 2365
380.594 2361
380.608 2453
380.621 2418
380.635 2454
380.648 2478
380.662 2525
380.676 2578
380.689 2571
380.703 2678
380.716 2665
380.730 2649
380.744 2644
380.757 2690
380.771 2759
380.784 2828
380.798 2888
380.812 2913
380.825 2847
380.839 2967
380.852 3006
380.866 3052
380.880 3077
380.893 3102
380.907 3102
380.920 3094
380.934 3206
380.948 3279
380.961 3287
380.975 3319
380.988 3335
381.002 3271
381.015 3360
381.029 3424
381.043 3510
381.056 3494
381.070 3479
381.083 3466
381.097 3556
381.111 3590
381.124 3596
381.138 3703
381.151 3682
381.165 3738
381.179 3788
381.192 3767
381.206 3734
381.219 3817
381.233 3817
381.246 3848
381.260 3916
381.274 3945
381.287 3984
381.301 3982
381.314 4023
381.328 4092
381.341 4155
381.355 4061
381.369 4129
381.382 4189
381.396 4177
381.409 4205
381.423 4327
381.437 4373
381.450 4432
381.464 4446
381.477 4563
381.491 4595
381.504 4461
381.518 4525
381.532 4572
381.545 4609
381.559 4756
381.572 4708
381.586 4789
381.599 4836
381.613 4860
381.627 4875
381.640 4922
381.654 4925
381.667 5033
381.681 4944
381.694 4929
381.708 4940
381.722 4955
381.735 5025
381.749 5031
381.762 4879
381.776 4994
381.789 5137
381.803 5152
381.817 5142
381.830 5164
381.844 5280
381.857 5193
381.871 5220
381.884 5274
381.898 5315
381.911 5277
381.925 5424
381.939 5468
381.952 5461
381.966 5522
381.979 5583
381.993 5530
382.006 5751
382.020 5717
382.034 5779
382.047 5714
382.061 5812
382.074 5835
382.088 5780
382.101 6011
382.115 5848
382.128 5898
382.142 5940
382.156 6055
382.169 6090
382.183 6218
382.196 6217
382.210 6165
382.223 6259
382.237 6290
382.250 6333
382.264 6239
382.278 6370
382.291 6400
382.305 6478
382.318 6655
382.332 6648
382.345 6497
382.359 6651
382.372 6743
382.386 6675
382.399 6830
382.413 6778
382.427 6895
382.440 6961
382.454 6984
382.467 6984
382.481 7149
382.494 7316
382.508 7378
382.521 7566
382.535 7632
382.548 7456
382.562 7489
382.576 7534
382.589 7625
382.603 7713
382.616 7801
382.630 7868
382.643 7881
382.657 8012
382.670 7964
382.684 8171
382.697 8018
382.711 8139
382.724 8173
382.738 8350
382.752 8343
382.765 8256
382.779 8500
382.792 8611
382.806 8705
382.819 8687
382.833 8698
382.846 8891
382.860 9040
382.873 9067
382.887 9164
382.900 9201
382.914 9419
382.928 9563
382.941 9758
382.955 9902
382.968 9977
382.982 9964
382.995 10189
383.009 10222
383.022 10280
383.036 10297
383.049 10564
383.063 10505
383.076 10624
383.090 10594
383.103 10726
383.117 10697
383.130 10940
383.144 10846
383.158 11112
383.171 11169
383.185 11169
383.198 11373
383.212 11617
383.225 11752
383.239 12002
383.252 12121
383.266 12380
383.279 12570
383.293 12558
383.306 12532
383.320 12715
383.333 12901
383.347 13143
383.360 12930
383.374 13084
383.387 13250
383.401 13345
383.414 13432
383.428 13551
383.441 13746
383.455 13658
383.468 13640
383.482 13714
383.496 13791
383.509 13814
383.523 13966
383.536 13977
383.550 14156
383.563 14267
383.577 14431
383.590 14400
383.604 14445
383.617 14541
383.631 14645
383.644 14588
383.658 14820
383.671 14877
383.685 14894
383.698 15187
383.712 15346
383.725 15400
383.739 15292
383.752 15297
383.766 15138
383.779 15137
383.793 15193
383.806 15379
383.820 15542
383.833 15377
383.847 15458
383.860 15522
383.874 15509
383.887 15601
383.901 15612
383.914 15502
383.928 15632
383.941 15731
383.955 15488
383.968 15670
383.982 15644
383.995 15789
384.009 15658
384.022 15718
384.036 15877
384.049 15732
384.063 15987
384.076 16210
384.090 16274
384.103 16092
384.117 16472
384.130 16095
384.144 15884
384.157 15737
384.171 15659
384.184 15889
384.198 15728
384.211 15439
384.225 15491
384.238 15871
384.252 15965
384.265 15755
384.279 15632
384.292 15786
384.306 15492
384.319 15265
384.333 15230
384.346 14955
384.360 14905
384.373 14655
384.387 14648
384.400 14419
384.414 14279
384.427 14226
384.441 14043
384.454 13897
384.468 13782
384.481 13387
384.495 13411
384.508 13218
384.522 12819
384.535 12673
384.549 12336
384.562 12203
384.575 11867
384.589 11792
384.602 11642
384.616 11357
384.629 10979
384.643 10692
384.656 10180
384.670 10031
384.683 9666
384.697 9561
384.710 9116
384.724 8637
384.737 8471
384.751 8285
384.764 8130
384.778 7807
384.791 7632
384.805 7404
384.818 7251
384.832 6900
384.845 6750
384.859 6578
384.872 6298
384.885 6091
384.899 6025
384.912 5724
384.926 5686
384.939 5555
384.953 5406
384.966 5206
384.980 5150
384.993 4958
385.007 4822
385.020 4792
385.034 4679
385.047 4538
385.061 4441
385.074 4272
385.088 4195
385.101 4180
385.114 4103
385.128 3910
385.141 3946
385.155 3866
385.168 3849
385.182 3900
385.195 3735
385.209 3718
385.222 3577
385.236 3568
385.249 3436
385.263 3403
385.276 3323
385.290 3317
385.303 3308
385.316 3217
385.330 3174
385.343 3119
385.357 3101
385.370 3014
385.384 3031
385.397 2915
385.411 2961
385.424 2869
385.438 2756
385.451 2807
385.464 2727
385.478 2740
385.491 2669
385.505 2586
385.518 2614
385.532 2647
385.545 2539
385.559 2494
385.572 2515
385.586 2504
385.599 2516
385.612 2460
385.626 2426
385.639 2354
385.653 2360
385.666 2382
385.680 2290
385.693 2348
385.707 2329
385.720 2302
385.734 2284
385.747 2159
385.760 2255
385.774 2173
385.787 2161
385.801 2174
385.814 2123
385.828 2075
385.841 2082
385.855 2102
385.868 2065
385.881 2001
385.895 2040
385.908 2013
385.922 2019
385.935 2002
385.949 1957
385.962 1955
385.976 1968
385.989 1944
386.002 1948
386.016 1986
386.029 1910
386.043 1882
386.056 1884
386.070 1856
386.083 1861
386.097 1856
386.110 1871
386.123 1833
386.137 1865
386.150 1833
386.164 1855
386.177 1809
386.191 1812
386.204 1756
386.217 1800
386.231 1807
386.244 1826
386.258 1748
386.271 1759
386.285 1744
386.298 1780
386.311 1731
386.325 1758
386.338 1683
386.352 1692
386.365 1727
386.379 1742
386.392 1667
386.405 1655
386.419 1680
386.432 1703
386.446 1641
386.459 1658
386.473 1659
386.486 1623
386.499 1653
386.513 1629
386.526 1613
386.540 1628
386.553 1611
386.567 1587
386.580 1550
386.593 1614
386.607 1555
386.620 1604
386.634 1588
386.647 1551
386.661 1564
386.674 1588
386.687 1548
386.701 1556
386.714 1546
386.728 1528
386.741 1519
386.754 1525
386.768 1509
386.781 1529
386.795 1492
386.808 1478
386.822 1522
386.835 1512
386.848 1509
386.862 1477
386.875 1437
386.889 1411
386.902 1438
386.915 1438
386.929 1457
386.942 1430
386.956 1435
386.969 1428
386.983 1355
386.996 1411
387.009 1419
387.023 1348
387.036 1415
387.050 1389
387.063 1361
387.076 1375
387.090 1385
387.103 1370
387.117 1342
387.130 1385
387.143 1330
387.157 1373
387.170 1365
387.184 1328
387.197 1363
387.210 1351
387.224 1367
387.237 1338
387.251 1315
387.264 1301
387.278 1295
387.291 1328
387.304 1312
387.318 1326
387.331 1294
387.345 1324
387.358 1304
387.371 1307
387.385 1282
387.398 1290
387.412 1277
387.425 1256
387.438 1251
387.452 1237
387.465 1252
387.478 1277
387.492 1248
387.505 1233
387.519 1234
387.532 1238
387.545 1231
387.559 1231
387.572 1204
387.586 1215
387.599 1219
387.612 1187
387.626 1188
387.639 1255
387.653 1219
387.666 1196
387.679 1166
387.693 1158
387.706 1186
387.720 1186
387.733 1184
387.746 1160
387.760 1177
387.773 1154
387.787 1141
387.800 1150
387.813 1155
387.827 1153
387.840 1156
387.853 1129
387.867 1172
387.880 1143
387.894 1131
387.907 1138
387.920 1143
387.934 1118
387.947 1117
387.961 1092
387.974 1103
387.987 1078
388.001 1098
388.014 1106
388.027 1058
388.041 1075
388.054 1039
388.068 1083
388.081 1061
388.094 1074
388.108 1067
388.121 1016
388.134 1036
388.148 1058
388.161 1035
388.175 1028
388.188 996
388.201 1001
388.215 1019
388.228 1007
388.241 1009
388.255 1010
388.268 1013
388.282 980
388.295 1017
388.308 1013
388.322 1013
388.335 992
388.348 985
388.362 989
388.375 1001
388.389 1016
388.402 998
388.415 996
388.429 966
388.442 963
388.455 983
388.469 971
388.482 979
388.495 988
388.509 988
388.522 1019
388.536 952
388.549 968
388.562 962
388.576 979
388.589 959
388.602 969
388.616 977
388.629 985
388.642 980
388.656 957
388.669 959
388.683 970
388.696 978
388.709 983
388.723 984
388.736 990
388.749 958
388.763 958
388.776 948
388.789 959
388.803 941
388.816 967
388.829 943
388.843 961
388.856 953
388.870 954
388.883 956
388.896 967
388.910 952
388.923 961
388.936 951
388.950 935
388.963 962
388.976 945
388.990 932
389.003 939
389.016 951
389.030 951
389.043 964
389.056 942
389.070 954
389.083 955
389.097 934
389.110 947
389.123 935
389.137 933
389.150 932
389.163 921
389.177 933
389.190 919
389.203 961
389.217 939
389.230 938
389.243 923
389.257 913
389.270 933
389.283 911
389.297 938
389.310 906
389.323 917
389.337 911
389.350 880
389.363 899
389.377 926
389.390 885
389.403 894
389.417 940
389.430 894
389.443 920
389.457 896
389.470 938
389.483 910
389.497 900
389.510 921
389.523 898
389.537 876
389.550 904
389.563 880
389.577 909
389.590 883
389.603 911
389.617 883
389.630 862
389.643 885
389.657 893
389.670 885
389.683 874
389.697 880
389.710 860
389.723 871
389.737 868
389.750 879
389.763 859
389.777 860
389.790 876
389.803 877
389.817 866
389.830 876
389.843 865
389.857 877
389.870 875
389.883 853
389.897 866
389.910 880
389.923 873
389.937 849
389.950 869
389.963 846
389.977 824
389.990 831
390.003 868
390.017 853
390.030 850
390.043 840
390.057 836
390.070 854
390.083 821
390.096 845
390.110 826
390.123 819
390.136 834
390.150 850
390.163 838
390.176 831
390.190 836
390.203 839
390.216 841
390.230 819
390.243 818
390.256 818
390.270 820
390.283 822
390.296 824
390.310 775
390.323 816
390.336 809
390.349 780
390.363 799
390.376 789
390.389 780
390.403 792
390.416 805
390.429 784
390.443 799
390.456 798
390.469 784
390.483 769
390.496 772
390.509 770
390.522 792
390.536 776
390.549 780
390.562 756
390.576 767
390.589 781
390.602 777
390.616 759
390.629 758
390.642 759
390.655 756
390.669 766
390.682 763
390.695 750
390.709 749
390.722 757
390.735 760
390.749 748
390.762 740
390.775 749
390.788 747
390.802 754
390.815 739
390.828 742
390.842 742
390.855 738
390.868 730
390.882 724
390.895 739
390.908 726
390.921 720
390.935 721
390.948 708
390.961 718
390.975 731
390.988 704
391.001 723
391.014 717
391.028 723
391.041 698
391.054 729
391.068 718
391.081 722
391.094 717
391.107 703
391.121 708
391.134 686
391.147 696
391.161 709
391.174 694
391.187 708
391.200 700
391.214 714
391.227 709
391.240 706
391.254 683
391.267 697
391.280 711
391.293 699
391.307 691
391.320 698
391.333 691
391.347 693
391.360 698
391.373 698
391.386 695
391.400 700
391.413 704
391.426 706
391.440 695
391.453 698
391.466 693
391.479 679
391.493 680
391.506 698
391.519 683
391.532 704
391.546 690
391.559 688
391.572 700
391.586 696
391.599 687
391.612 676
391.625 697
391.639 682
391.652 691
391.665 676
391.678 679
391.692 682
391.705 684
391.718 670
391.732 682
391.745 688
391.758 690
391.771 687
391.785 675
391.798 673
391.811 672
391.824 690
391.838 688
391.851 681
391.864 676
391.877 679
391.891 673
391.904 676
391.917 687
391.931 682
391.944 677
391.957 681
391.970 687
391.984 678
391.997 668
392.010 686
392.023 690
392.037 680
392.050 677
392.063 687
392.076 671
392.090 672
392.103 670
392.116 674
392.129 667
392.143 660
392.156 682
392.169 661
392.182 673
392.196 680
392.209 669
392.222 673
392.235 654
392.249 668
392.262 668
392.275 674
392.288 661
392.302 680
392.315 660
392.328 681
392.341 672
392.355 670
392.368 657
392.381 660
392.394 675
392.408 668
392.421 669
392.434 668
392.447 666
392.461 670
392.474 677
392.487 662
392.500 678
392.514 663
392.527 676
392.540 662
392.553 671
392.567 671
392.580 662
392.593 679
392.606 676
392.620 670
392.633 668
392.646 672
392.659 666
392.673 675
392.686 662
392.699 668
392.712 669
392.726 663
392.739 660
392.752 659
392.765 668
392.778 668
392.792 653
392.805 655
392.818 661
392.831 662
392.845 648
392.858 668
392.871 657
392.884 655
392.898 653
392.911 666
392.924 668
392.937 663
392.951 665
392.964 651
392.977 663
392.990 666
393.003 663
393.017 658
393.030 667
393.043 657
393.056 665
393.070 663
393.083 665
393.096 663
393.109 647
393.122 655
393.136 670
393.149 664
393.162 661
393.175 663
393.189 656
393.202 669
393.215 661
393.228 667
393.242 661
393.255 656
393.268 661
393.281 654
393.294 667
393.308 662
393.321 662
393.334 658
393.347 650
393.360 657
393.374 657
393.387 668
393.400 658
393.413 643
393.427 668
393.440 662
393.453 655
393.466 658
393.479 656
393.493 658
393.506 665
393.519 659
393.532 664
393.546 661
393.559 650
393.572 658
393.585 654
393.598 654
393.612 655
393.625 652
393.638 669
393.651 667
393.664 652
393.678 651
393.691 652
393.704 662
393.717 649
393.730 649
393.744 654
393.757 654
393.770 653
393.783 637
393.796 658
393.810 656
393.823 661
393.836 645
393.849 657
393.863 656
393.876 662
393.889 655
393.902 654
393.915 651
393.929 658
