375.891 685
375.905 689
375.919 704
375.933 699
375.946 711
375.960 708
375.974 713
375.987 707
376.001 715
376.015 717
376.029 696
376.042 725
376.056 716
376.070 718
376.084 730
376.097 731
376.111 724
376.125 722
376.139 730
376.152 731
376.166 733
376.180 722
376.193 738
376.207 721
376.221 727
376.235 740
376.248 738
376.262 741
376.276 735
376.290 735
376.303 734
376.317 746
376.331 748
376.345 749
376.358 758
376.372 754
376.386 742
376.399 736
376.413 749
376.427 736
376.441 764
376.454 769
376.468 761
376.482 751
376.495 770
376.509 764
376.523 763
376.537 766
376.550 782
376.564 762
376.578 783
376.592 777
376.605 782
376.619 786
376.633 793
376.646 782
376.660 781
376.674 759
376.688 796
376.701 791
376.715 805
376.729 809
376.742 795
376.756 787
376.770 829
376.784 791
376.797 803
376.811 825
376.825 808
376.838 816
376.852 829
376.866 832
376.880 829
376.893 824
376.907 831
376.921 842
376.934 837
376.948 851
376.962 827
376.976 853
376.989 853
377.003 820
377.017 866
377.030 847
377.044 856
377.058 869
377.071 886
377.085 878
377.099 874
377.113 877
377.126 861
377.140 865
377.154 855
377.167 879
377.181 879
377.195 860
377.208 883
377.222 900
377.236 898
377.250 902
377.263 902
377.277 912
377.291 905
377.304 925
377.318 947
377.332 892
377.345 933
377.359 916
377.373 920
377.387 931
377.400 923
377.414 935
377.428 928
377.441 928
377.455 921
377.469 935
377.482 955
377.496 956
377.510 948
377.524 948
377.537 962
377.551 944
377.565 959
377.578 945
377.592 947
377.606 940
377.619 984
377.633 960
377.647 905
377.660 976
377.674 974
377.688 985
377.701 983
377.715 999
377.729 992
377.743 1012
377.756 1009
377.770 988
377.784 1030
377.797 996
377.811 1002
377.825 1005
377.838 987
377.852 979
377.866 1005
377.879 1016
377.893 995
377.907 1014
377.920 1026
377.934 1025
377.948 1016
377.961 1025
377.975 1005
377.989 1023
378.002 1029
378.016 1020
378.030 1025
378.044 1047
378.057 1047
378.071 1068
378.085 1056
378.098 1032
378.112 1058
378.126 1003
378.139 1049
378.153 1012
378.167 1063
378.180 1044
378.194 1055
378.208 1052
378.221 1025
378.235 1040
378.249 1065
378.262 1042
378.276 1053
378.290 1044
378.303 1054
378.317 1074
378.331 1070
378.344 1082
378.358 1039
378.372 1076
378.385 1052
378.399 1069
378.413 1056
378.426 1084
378.440 1043
378.454 1102
378.467 1075
378.481 1096
378.495 1086
378.508 1065
378.522 1089
378.536 1074
378.549 1055
378.563 1106
378.577 1149
378.590 1141
378.604 1104
378.618 1101
378.631 1148
378.645 1133
378.659 1079
378.672 1136
378.686 1130
378.700 1122
378.713 1127
378.727 1132
378.740 1130
378.754 1118
378.768 1105
378.781 1138
378.795 1116
378.809 1141
378.822 1163
378.836 1135
378.850 1120
378.863 1133
378.877 1152
378.891 1156
378.904 1135
378.918 1118
378.932 1143
378.945 1152
378.959 1131
378.973 1167
378.986 1167
379.000 1176
379.014 1184
379.027 1151
379.041 1173
379.054 1163
379.068 1145
379.082 1178
379.095 1155
379.109 1190
379.123 1210
379.136 1201
379.150 1224
379.164 1233
379.177 1168
379.191 1217
379.205 1206
379.218 1204
379.232 1204
379.245 1244
379.259 1210
379.273 1222
379.286 1241
379.300 1264
379.314 1273
379.327 1260
379.341 1237
379.355 1264
379.368 1280
379.382 1256
379.396 1255
379.409 1285
379.423 1284
379.436 1310
379.450 1292
379.464 1289
379.477 1315
379.491 1316
379.505 1313
379.518 1334
379.532 1319
379.546 1345
379.559 1384
379.573 1369
379.586 1358
379.600 1333
379.614 1376
379.627 1375
379.641 1405
379.655 1424
379.668 1423
379.682 1363
379.695 1398
379.709 1470
379.723 1408
379.736 1414
379.750 1438
379.764 1488
379.777 1470
379.791 1465
379.804 1529
379.818 1486
379.832 1504
379.845 1517
379.859 1548
379.873 1578
379.886 1559
379.900 1567
379.913 1602
379.927 1583
379.941 1630
379.954 1631
379.968 1689
379.982 1634
379.995 1713
380.009 1665
380.022 1728
380.036 1726
380.050 1718
380.063 1758
380.077 1773
380.090 1813
380.104 1859
380.118 1817
380.131 1864
380.145 1841
380.159 1931
380.172 1890
380.186 1913
380.199 1963
380.213 1930
380.227 1983
380.240 2030
380.254 2020
380.267 2055
380.281 2095
380.295 2176
380.308 2148
380.322 2153
380.336 2165
380.349 2180
380.363 2233
380.376 2257
380.390 2330
380.404 2299
380.417 2376
380.431 2413
380.444 2388
380.458 2407
380.472 2393
380.485 2421
380.499 2450
380.512 2509
380.526 2554
380.540 2538
380.553 2596
380.567 2635
380.580 2674
380.594 2788
380.608 2699
380.621 2758
380.635 2853
380.648 2795
380.662 2888
380.676 2837
380.689 2912
380.703 2923
380.716 2960
380.730 3059
380.744 3078
380.757 3087
380.771 3143
380.784 3139
380.798 3247
380.812 3220
380.825 3265
380.839 3372
380.852 3382
380.866 3407
380.880 3371
380.893 3464
380.907 3532
380.920 3560
380.934 3512
380.948 3586
380.961 3663
380.975 3777
380.988 3848
381.002 3897
381.015 3844
381.029 3884
381.043 4010
381.056 3992
381.070 3951
381.083 3997
381.097 4139
381.111 4125
381.124 4181
381.138 4283
381.151 4298
381.165 4285
381.179 4329
381.192 4326
381.206 4313
381.219 4390
381.233 4460
381.246 4477
381.260 4508
381.274 4517
381.287 4634
381.301 4626
381.314 4623
381.328 4717
381.341 4885
381.355 4703
381.369 4790
381.382 4901
381.396 4906
381.409 4969
381.423 5059
381.437 5002
381.450 5113
381.464 5092
381.477 5238
381.491 5273
381.504 5233
381.518 5206
381.532 5289
381.545 5392
381.559 5440
381.572 5487
381.586 5483
381.599 5580
381.613 5566
381.627 5730
381.640 5681
381.654 5780
381.667 5885
381.681 5835
381.694 5807
381.708 5739
381.722 5901
381.735 5890
381.749 5876
381.762 6000
381.776 5878
381.789 5879
381.803 5945
381.817 6096
381.830 6017
381.844 6107
381.857 6229
381.871 6232
381.884 6266
381.898 6339
381.911 6350
381.925 6421
381.939 6527
381.952 6501
381.966 6515
381.979 6573
381.993 6610
382.006 6765
382.020 6798
382.034 6839
382.047 6880
382.061 6802
382.074 6802
382.088 6948
382.101 6907
382.115 7116
382.128 6979
382.142 7147
382.156 7264
382.169 7418
382.183 7193
382.196 7340
382.210 7422
382.223 7514
382.237 7585
382.250 7621
382.264 7527
382.278 7766
382.291 7735
382.305 7854
382.318 7907
382.332 7935
382.345 7927
382.359 8025
382.372 8006
382.386 8153
382.399 8140
382.413 8179
382.427 8208
382.440 8420
382.454 8536
382.467 8499
382.481 8746
382.494 8789
382.508 9128
382.521 9159
382.535 9200
382.548 9099
382.562 9122
382.576 9380
382.589 9471
382.603 9434
382.616 9490
382.630 9591
382.643 9742
382.657 9816
382.670 9805
382.684 9844
382.697 9880
382.711 10072
382.724 10102
382.738 9986
382.752 10173
382.765 10291
382.779 10318
382.792 10475
382.806 10756
382.819 10866
382.833 10824
382.846 11082
382.860 11107
382.873 11267
382.887 11353
382.900 11561
382.914 11808
382.928 12052
382.941 12137
382.955 12159
382.968 12466
382.982 12681
382.995 12688
383.009 12859
383.022 12914
383.036 13138
383.049 13175
383.063 13358
383.076 13363
383.090 13369
383.103 13732
383.117 13635
383.130 13873
383.144 13834
383.158 13964
383.171 14238
383.185 14397
383.198 14625
383.212 14906
383.225 15093
383.239 15367
383.252 15613
383.266 15744
383.279 15892
383.293 16010
383.306 16162
383.320 16179
383.333 16560
383.347 16463
383.360 16688
383.374 16696
383.387 16894
383.401 17296
383.414 17352
383.428 17362
383.441 17623
383.455 17757
383.468 17675
383.482 17874
383.496 17910
383.509 18158
383.523 18075
383.536 18357
383.550 18278
383.563 18500
383.577 18626
383.590 18801
383.604 18810
383.617 18994
383.631 19127
383.644 19121
383.658 19300
383.671 19506
383.685 19815
383.698 20081
383.712 20402
383.725 20343
383.739 20351
383.752 20272
383.766 20233
383.779 20219
383.793 20301
383.806 20566
383.820 20741
383.833 20699
383.847 20580
383.860 20748
383.874 20818
383.887 21007
383.901 21110
383.914 21032
383.928 21285
383.941 21276
383.955 21470
383.968 21317
383.982 21173
383.995 21250
384.009 21726
384.022 21447
384.036 21617
384.049 21496
384.063 21794
384.076 22295
384.090 22557
384.103 22588
384.117 22624
384.130 22436
384.144 21941
384.157 22127
384.171 22133
384.184 22182
384.198 22076
384.211 22289
384.225 22110
384.238 22489
384.252 22812
384.265 22526
384.279 22412
384.292 22364
384.306 22290
384.319 21970
384.333 21837
384.346 21530
384.360 21292
384.373 21179
384.387 21088
384.400 20980
384.414 20805
384.427 20602
384.441 20273
384.454 20035
384.468 19783
384.481 19361
384.495 19292
384.508 18995
384.522 18704
384.535 18388
384.549 18027
384.562 17628
384.575 17277
384.589 16906
384.602 16983
384.616 16482
384.629 16208
384.643 15552
384.656 14994
384.670 14439
384.683 13901
384.697 13514
384.710 13112
384.724 12681
384.737 12407
384.751 11937
384.764 11590
384.778 11373
384.791 10960
384.805 10627
384.818 10234
384.832 9749
384.845 9584
384.859 9335
384.872 8959
384.885 8655
384.899 8410
384.912 8215
384.926 7945
384.939 7595
384.953 7450
384.966 7325
384.980 7185
384.993 6916
385.007 6718
385.020 6500
385.034 6272
385.047 6103
385.061 5881
385.074 5729
385.088 5715
385.101 5519
385.114 5460
385.128 5242
385.141 5187
385.155 5139
385.168 5080
385.182 5136
385.195 4964
385.209 4884
385.222 4644
385.236 4664
385.249 4521
385.263 4477
385.276 4430
385.290 4360
385.303 4297
385.316 4231
385.330 4227
385.343 4184
385.357 4148
385.370 3937
385.384 3956
385.397 3880
385.411 3848
385.424 3817
385.438 3684
385.451 3582
385.464 3652
385.478 3629
385.491 3546
385.505 3591
385.518 3516
385.532 3460
385.545 3364
385.559 3281
385.572 3314
385.586 3271
385.599 3189
385.612 3275
385.626 3261
385.639 3164
385.653 3162
385.666 3159
385.680 3029
385.693 3020
385.707 3008
385.720 3005
385.734 2981
385.747 2944
385.760 2881
385.774 2864
385.787 2890
385.801 2830
385.814 2735
385.828 2743
385.841 2694
385.855 2765
385.868 2710
385.881 2673
385.895 2738
385.908 2652
385.922 2646
385.935 2645
385.949 2591
385.962 2525
385.976 2454
385.989 2576
386.002 2513
386.016 2506
386.029 2528
386.043 2491
386.056 2472
386.070 2382
386.083 2445
386.097 2431
386.110 2354
386.123 2388
386.137 2415
386.150 2437
386.164 2417
386.177 2377
386.191 2293
386.204 2342
386.217 2272
386.231 2259
386.244 2287
386.258 2279
386.271 2301
386.285 2222
386.298 2266
386.311 2250
386.325 2232
386.338 2214
386.352 2226
386.365 2210
386.379 2145
386.392 2125
386.405 2148
386.419 2088
386.432 2065
386.446 2152
386.459 2119
386.473 2166
386.486 2101
386.499 2137
386.513 2080
386.526 2058
386.540 2078
386.553 2036
386.567 1986
386.580 2035
386.593 1965
386.607 2076
386.620 2010
386.634 2026
386.647 2002
386.661 1991
386.674 1963
386.687 1948
386.701 1951
386.714 1950
386.728 1914
386.741 1916
386.754 1882
386.768 1908
386.781 1885
386.795 1887
386.808 1831
386.822 1853
386.835 1853
386.848 1806
386.862 1842
386.875 1806
386.889 1800
386.902 1794
386.915 1788
386.929 1791
386.942 1786
386.956 1785
386.969 1765
386.983 1766
386.996 1767
387.009 1706
387.023 1715
387.036 1707
387.050 1692
387.063 1720
387.076 1677
387.090 1717
387.103 1696
387.117 1646
387.130 1649
387.143 1682
387.157 1632
387.170 1670
387.184 1650
387.197 1654
387.210 1625
387.224 1604
387.237 1610
387.251 1624
387.264 1587
387.278 1580
387.291 1564
387.304 1607
387.318 1574
387.331 1552
387.345 1575
387.358 1567
387.371 1575
387.385 1553
387.398 1542
387.412 1476
387.425 1498
387.438 1461
387.452 1474
387.465 1445
387.478 1442
387.492 1402
387.505 1401
387.519 1464
387.532 1417
387.545 1431
387.559 1463
387.572 1394
387.586 1384
387.599 1374
387.612 1396
387.626 1386
387.639 1343
387.653 1365
387.666 1315
387.679 1349
387.693 1337
387.706 1320
387.720 1327
387.733 1323
387.746 1310
387.760 1329
387.773 1325
387.787 1315
387.800 1311
387.813 1312
387.827 1324
387.840 1247
387.853 1300
387.867 1259
387.880 1273
387.894 1291
387.907 1252
387.920 1238
387.934 1270
387.947 1232
387.961 1230
387.974 1219
387.987 1207
388.001 1252
388.014 1218
388.027 1210
388.041 1201
388.054 1174
388.068 1203
388.081 1168
388.094 1178
388.108 1193
388.121 1181
388.134 1175
388.148 1154
388.161 1114
388.175 1127
388.188 1128
388.201 1130
388.215 1127
388.228 1120
388.241 1123
388.255 1101
388.268 1119
388.282 1086
388.295 1107
388.308 1106
388.322 1109
388.335 1118
388.348 1100
388.362 1071
388.375 1113
388.389 1117
388.402 1096
388.415 1084
388.429 1078
388.442 1091
388.455 1102
388.469 1085
388.482 1068
388.495 1085
388.509 1081
388.522 1104
388.536 1090
388.549 1052
388.562 1075
388.576 1059
388.589 1081
388.602 1093
388.616 1089
388.629 1058
388.642 1063
388.656 1061
388.669 1092
388.683 1122
388.696 1066
388.709 1071
388.723 1085
388.736 1060
388.749 1063
388.763 1042
388.776 1042
388.789 1060
388.803 1062
388.816 1061
388.829 1043
388.843 1068
388.856 1055
388.870 1055
388.883 1073
388.896 1053
388.910 1033
388.923 1042
388.936 1054
388.950 1036
388.963 1041
388.976 1045
388.990 1018
389.003 1038
389.016 1068
389.030 1032
389.043 1039
389.056 1035
389.070 1042
389.083 1033
389.097 1033
389.110 1044
389.123 1045
389.137 1029
389.150 1043
389.163 1039
389.177 1036
389.190 1049
389.203 1017
389.217 1024
389.230 1051
389.243 1033
389.257 1042
389.270 1027
389.283 1029
389.297 1045
389.310 1008
389.323 1042
389.337 1032
389.350 1004
389.363 1020
389.377 1012
389.390 981
389.403 1021
389.417 1039
389.430 1007
389.443 1022
389.457 991
389.470 1014
389.483 1025
389.497 1040
389.510 1001
389.523 998
389.537 1014
389.550 999
389.563 1000
389.577 997
389.590 979
389.603 989
389.617 1010
389.630 988
389.643 991
389.657 981
389.670 994
389.683 997
389.697 965
389.710 985
389.723 971
389.737 951
389.750 998
389.763 1000
389.777 988
389.790 984
389.803 951
389.817 954
389.830 942
389.843 955
389.857 977
389.870 905
389.883 951
389.897 937
389.910 940
389.923 957
389.937 983
389.950 933
389.963 949
389.977 958
389.990 946
390.003 946
390.017 963
390.030 952
390.043 940
390.057 957
390.070 934
390.083 906
390.096 943
390.110 933
390.123 917
390.136 917
390.150 931
390.163 922
390.176 894
390.190 931
390.203 900
390.216 909
390.230 887
390.243 905
390.256 879
390.270 905
390.283 902
390.296 893
390.310 890
390.323 877
390.336 874
390.349 863
390.363 875
390.376 868
390.389 876
390.403 885
390.416 875
390.429 863
390.443 854
390.456 848
390.469 860
390.483 834
390.496 853
390.509 850
390.522 836
390.536 853
390.549 832
390.562 838
390.576 835
390.589 841
390.602 845
390.616 836
390.629 834
390.642 802
390.655 835
390.669 813
390.682 814
390.695 814
390.709 808
390.722 815
390.735 794
390.749 806
390.762 796
390.775 779
390.788 793
390.802 787
390.815 793
390.828 773
390.842 787
390.855 782
390.868 778
390.882 775
390.895 774
390.908 763
390.921 775
390.935 785
390.948 760
390.961 767
390.975 763
390.988 770
391.001 778
391.014 754
391.028 758
391.041 756
391.054 752
391.068 745
391.081 752
391.094 762
391.107 739
391.121 752
391.134 747
391.147 746
391.161 731
391.174 743
391.187 749
391.200 722
391.214 740
391.227 738
391.240 727
391.254 732
391.267 726
391.280 724
391.293 720
391.307 735
391.320 737
391.333 714
391.347 733
391.360 715
391.373 725
391.386 733
391.400 717
391.413 703
391.426 722
391.440 718
391.453 718
391.466 712
391.479 727
391.493 707
391.506 712
391.519 706
391.532 704
391.546 713
391.559 726
391.572 709
391.586 702
391.599 708
391.612 704
391.625 695
391.639 698
391.652 724
391.665 707
391.678 711
391.692 703
391.705 703
391.718 700
391.732 714
391.745 705
391.758 703
391.771 709
391.785 698
391.798 707
391.811 702
391.824 699
391.838 712
391.851 693
391.864 697
391.877 714
391.891 699
391.904 702
391.917 687
391.931 688
391.944 709
391.957 695
391.970 692
391.984 676
391.997 691
392.010 690
392.023 687
392.037 701
392.050 701
392.063 695
392.076 706
392.090 696
392.103 681
392.116 706
392.129 690
392.143 686
392.156 692
392.169 688
392.182 697
392.196 681
392.209 700
392.222 685
392.235 678
392.249 693
392.262 668
392.275 700
392.288 686
392.302 689
392.315 680
392.328 689
392.341 690
392.355 689
392.368 681
392.381 692
392.394 699
392.408 682
392.421 684
392.434 678
392.447 687
392.461 692
392.474 684
392.487 686
392.500 692
392.514 693
392.527 679
392.540 681
392.553 678
392.567 682
392.580 689
392.593 689
392.606 684
392.620 690
392.633 682
392.646 677
392.659 683
392.673 681
392.686 694
392.699 684
392.712 678
392.726 677
392.739 688
392.752 666
392.765 684
392.778 675
392.792 681
392.805 683
392.818 682
392.831 677
392.845 674
392.858 670
392.871 684
392.884 676
392.898 688
392.911 685
392.924 685
392.937 680
392.951 680
392.964 674
392.977 683
392.990 678
393.003 676
393.017 670
393.030 688
393.043 674
393.056 686
393.070 682
393.083 666
393.096 665
393.109 675
393.122 687
393.136 667
393.149 686
393.162 673
393.175 675
393.189 677
393.202 670
393.215 670
393.228 668
393.242 665
393.255 664
393.268 671
393.281 676
393.294 675
393.308 662
393.321 662
393.334 668
393.347 677
393.360 681
393.374 676
393.387 670
393.400 674
393.413 664
393.427 665
393.440 656
393.453 668
393.466 676
393.479 657
393.493 669
393.506 662
393.519 666
393.532 675
393.546 671
393.559 672
393.572 668
393.585 667
393.598 673
393.612 662
393.625 668
393.638 654
393.651 663
393.664 667
393.678 671
393.691 669
393.704 656
393.717 673
393.730 661
393.744 668
393.757 668
393.770 659
393.783 671
393.796 670
393.810 668
393.823 659
393.836 669
393.849 667
393.863 662
393.876 670
393.889 674
393.902 660
393.915 654
393.929 662
