375.891 709
375.905 738
375.919 722
375.933 709
375.946 717
375.960 724
375.974 714
375.987 727
376.001 719
376.015 719
376.029 726
376.042 725
376.056 724
376.070 742
376.084 739
376.097 738
376.111 735
376.125 733
376.139 738
376.152 751
376.166 736
376.180 723
376.193 761
376.207 760
376.221 737
376.235 755
376.248 766
376.262 737
376.276 751
376.290 754
376.303 760
376.317 743
376.331 765
376.345 751
376.358 768
376.372 778
376.386 755
376.399 756
376.413 771
376.427 779
376.441 768
376.454 772
376.468 780
376.482 781
376.495 787
376.509 780
376.523 789
376.537 786
376.550 782
376.564 804
376.578 791
376.592 784
376.605 816
376.619 794
376.633 785
376.646 787
376.660 806
376.674 801
376.688 800
376.701 804
376.715 802
376.729 799
376.742 830
376.756 816
376.770 841
376.784 831
376.797 820
376.811 847
376.825 844
376.838 819
376.852 855
376.866 849
376.880 859
376.893 836
376.907 856
376.921 863
376.934 856
376.948 859
376.962 879
376.976 862
376.989 881
377.003 863
377.017 888
377.030 883
377.044 895
377.058 892
377.071 879
377.085 910
377.099 914
377.113 897
377.126 909
377.140 919
377.154 891
377.167 913
377.181 941
377.195 907
377.208 919
377.222 933
377.236 930
377.250 951
377.263 930
377.277 946
377.291 938
377.304 942
377.318 960
377.332 944
377.345 997
377.359 974
377.373 953
377.387 983
377.400 975
377.414 975
377.428 954
377.441 951
377.455 974
377.469 972
377.482 986
377.496 982
377.510 985
377.524 1011
377.537 1008
377.551 987
377.565 1010
377.578 1031
377.592 987
377.606 1002
377.619 1001
377.633 995
377.647 1020
377.660 987
377.674 1013
377.688 1002
377.701 992
377.715 1017
377.729 1056
377.743 1016
377.756 1048
377.770 1052
377.784 1032
377.797 1022
377.811 1029
377.825 1018
377.838 1018
377.852 1051
377.866 1069
377.879 1042
377.893 1044
377.907 1042
377.920 1051
377.934 1110
377.948 1030
377.961 1039
377.975 1068
377.989 1026
378.002 1048
378.016 1043
378.030 1059
378.044 1083
378.057 1056
378.071 1122
378.085 1095
378.098 1084
378.112 1103
378.126 1076
378.139 1076
378.153 1070
378.167 1078
378.180 1049
378.194 1072
378.208 1091
378.221 1077
378.235 1055
378.249 1097
378.262 1093
378.276 1074
378.290 1122
378.303 1109
378.317 1073
378.331 1093
378.344 1079
378.358 1097
378.372 1111
378.385 1093
378.399 1099
378.413 1105
378.426 1120
378.440 1109
378.454 1121
378.467 1162
378.481 1139
378.495 1116
378.508 1134
378.522 1116
378.536 1126
378.549 1122
378.563 1121
378.577 1144
378.590 1127
378.604 1143
378.618 1153
378.631 1152
378.645 1185
378.659 1156
378.672 1161
378.686 1176
378.700 1157
378.713 1157
378.727 1145
378.740 1193
378.754 1158
378.768 1167
378.781 1194
378.795 1153
378.809 1168
378.822 1196
378.836 1132
378.850 1168
378.863 1192
378.877 1178
378.891 1180
378.904 1172
378.918 1205
378.932 1200
378.945 1219
378.959 1177
378.973 1187
378.986 1214
379.000 1233
379.014 1218
379.027 1268
379.041 1209
379.054 1208
379.068 1224
379.082 1231
379.095 1248
379.109 1218
379.123 1278
379.136 1223
379.150 1265
379.164 1247
379.177 1276
379.191 1233
379.205 1259
379.218 1247
379.232 1265
379.245 1266
379.259 1285
379.273 1256
379.286 1296
379.300 1308
379.314 1273
379.327 1278
379.341 1295
379.355 1322
379.368 1346
379.382 1356
379.396 1349
379.409 1338
379.423 1358
379.436 1339
379.450 1344
379.464 1376
379.477 1381
379.491 1387
379.505 1359
379.518 1379
379.532 1376
379.546 1394
379.559 1392
379.573 1406
379.586 1385
379.600 1437
379.614 1433
379.627 1437
379.641 1444
379.655 1460
379.668 1454
379.682 1462
379.695 1483
379.709 1466
379.723 1483
379.736 1506
379.750 1524
379.764 1552
379.777 1575
379.791 1571
379.804 1604
379.818 1617
379.832 1582
379.845 1592
379.859 1628
379.873 1609
379.886 1674
379.900 1627
379.913 1684
379.927 1704
379.941 1722
379.954 1727
379.968 1737
379.982 1750
379.995 1769
380.009 1762
380.022 1796
380.036 1807
380.050 1849
380.063 1794
380.077 1881
380.090 1899
380.104 1940
380.118 1902
380.131 1945
380.145 2002
380.159 1977
380.172 2009
380.186 2041
380.199 2060
380.213 2094
380.227 2130
380.240 2155
380.254 2189
380.267 2192
380.281 2190
380.295 2201
380.308 2273
380.322 2294
380.336 2283
380.349 2287
380.363 2343
380.376 2425
380.390 2443
380.404 2458
380.417 2483
380.431 2464
380.444 2491
380.458 2494
380.472 2579
380.485 2562
380.499 2690
380.512 2661
380.526 2680
380.540 2756
380.553 2735
380.567 2858
380.580 2833
380.594 2826
380.608 2914
380.621 2955
380.635 2909
380.648 2969
380.662 3074
380.676 3099
380.689 3110
380.703 3160
380.716 3173
380.730 3246
380.744 3185
380.757 3305
380.771 3317
380.784 3460
380.798 3480
380.812 3493
380.825 3493
380.839 3560
380.852 3640
380.866 3662
380.880 3663
380.893 3731
380.907 3756
380.920 3798
380.934 3843
380.948 3968
380.961 3971
380.975 3981
380.988 3997
381.002 4106
381.015 4090
381.029 4197
381.043 4198
381.056 4279
381.070 4208
381.083 4300
381.097 4334
381.111 4350
381.124 4453
381.138 4536
381.151 4662
381.165 4705
381.179 4676
381.192 4708
381.206 4706
381.219 4737
381.233 4814
381.246 4730
381.260 4841
381.274 4907
381.287 4918
381.301 5066
381.314 5101
381.328 4922
381.341 5143
381.355 5170
381.369 5192
381.382 5242
381.396 5241
381.409 5273
381.423 5423
381.437 5502
381.450 5418
381.464 5491
381.477 5648
381.491 5610
381.504 5608
381.518 5637
381.532 5688
381.545 5809
381.559 5896
381.572 6006
381.586 5994
381.599 6062
381.613 6027
381.627 6129
381.640 6173
381.654 6236
381.667 6237
381.681 6286
381.694 6227
381.708 6198
381.722 6211
381.735 6151
381.749 6370
381.762 6368
381.776 6490
381.789 6451
381.803 6447
381.817 6621
381.830 6500
381.844 6504
381.857 6624
381.871 6686
381.884 6756
381.898 6828
381.911 6796
381.925 6807
381.939 6933
381.952 6974
381.966 7006
381.979 7067
381.993 7115
382.006 7218
382.020 7200
382.034 7399
382.047 7312
382.061 7462
382.074 7385
382.088 7506
382.101 7521
382.115 7578
382.128 7593
382.142 7586
382.156 7730
382.169 7868
382.183 7813
382.196 8002
382.210 8027
382.223 7944
382.237 8094
382.250 8034
382.264 8106
382.278 8284
382.291 8434
382.305 8492
382.318 8466
382.332 8625
382.345 8539
382.359 8570
382.372 8598
382.386 8694
382.399 8770
382.413 8871
382.427 8880
382.440 8883
382.454 9145
382.467 9042
382.481 9319
382.494 9646
382.508 9692
382.521 9920
382.535 9855
382.548 9790
382.562 9951
382.576 9833
382.589 9937
382.603 9958
382.616 9991
382.630 10284
382.643 10417
382.657 10424
382.670 10708
382.684 10651
382.697 10508
382.711 10597
382.724 10755
382.738 10816
382.752 10907
382.765 11140
382.779 11276
382.792 11331
382.806 11451
382.819 11359
382.833 11729
382.846 11868
382.860 11954
382.873 11980
382.887 12262
382.900 12430
382.914 12645
382.928 12741
382.941 12876
382.955 13123
382.968 13367
382.982 13460
382.995 13428
383.009 13767
383.022 13767
383.036 13856
383.049 14144
383.063 14337
383.076 14528
383.090 14441
383.103 14390
383.117 14533
383.130 14728
383.144 14848
383.158 15113
383.171 15056
383.185 15343
383.198 15455
383.212 15781
383.225 16009
383.239 16469
383.252 16603
383.266 16982
383.279 16978
383.293 17160
383.306 17369
383.320 17214
383.333 17883
383.347 17936
383.360 17962
383.374 17926
383.387 18197
383.401 18400
383.414 18362
383.428 18592
383.441 18816
383.455 18928
383.468 18980
383.482 18846
383.496 19232
383.509 19191
383.523 19286
383.536 19625
383.550 19732
383.563 19798
383.577 19858
383.590 20074
383.604 20154
383.617 20067
383.631 20470
383.644 20322
383.658 20482
383.671 20597
383.685 20928
383.698 21269
383.712 21513
383.725 21701
383.739 21452
383.752 21323
383.766 21175
383.779 21091
383.793 21378
383.806 21316
383.820 21447
383.833 21443
383.847 21320
383.860 21431
383.874 21507
383.887 21213
383.901 21243
383.914 21312
383.928 21213
383.941 21317
383.955 21367
383.968 21123
383.982 21045
383.995 21106
384.009 21244
384.022 21008
384.036 21072
384.049 21005
384.063 20942
384.076 21548
384.090 21358
384.103 21401
384.117 21767
384.130 21335
384.144 20883
384.157 20756
384.171 20618
384.184 20427
384.198 20412
384.211 20294
384.225 20161
384.238 20537
384.252 20691
384.265 20518
384.279 20386
384.292 20177
384.306 20007
384.319 19818
384.333 19359
384.346 19286
384.360 18830
384.373 18658
384.387 18418
384.400 18153
384.414 18125
384.427 17833
384.441 17418
384.454 17318
384.468 16978
384.481 16642
384.495 16448
384.508 16169
384.522 15834
384.535 15545
384.549 15274
384.562 14835
384.575 14512
384.589 14084
384.602 14006
384.616 13824
384.629 13387
384.643 12956
384.656 12389
384.670 11969
384.683 11762
384.697 11207
384.710 10927
384.724 10635
384.737 10272
384.751 10039
384.764 9670
384.778 9411
384.791 9177
384.805 8869
384.818 8684
384.832 8359
384.845 8051
384.859 7946
384.872 7556
384.885 7342
384.899 7219
384.912 6933
384.926 6763
384.939 6547
384.953 6333
384.966 6223
384.980 6182
384.993 5957
385.007 5824
385.020 5750
385.034 5561
385.047 5472
385.061 5235
385.074 5158
385.088 5010
385.101 4873
385.114 4792
385.128 4774
385.141 4655
385.155 4539
385.168 4553
385.182 4531
385.195 4487
385.209 4452
385.222 4276
385.236 4207
385.249 4228
385.263 4084
385.276 4023
385.290 4024
385.303 3923
385.316 3855
385.330 3876
385.343 3852
385.357 3764
385.370 3695
385.384 3661
385.397 3617
385.411 3503
385.424 3482
385.438 3398
385.451 3406
385.464 3364
385.478 3351
385.491 3330
385.505 3263
385.518 3237
385.532 3301
385.545 3190
385.559 3125
385.572 3160
385.586 3097
385.599 3042
385.612 3095
385.626 3016
385.639 3022
385.653 2985
385.666 2971
385.680 2899
385.693 2910
385.707 2878
385.720 2852
385.734 2821
385.747 2740
385.760 2723
385.774 2703
385.787 2686
385.801 2729
385.814 2580
385.828 2613
385.841 2554
385.855 2620
385.868 2612
385.881 2573
385.895 2510
385.908 2483
385.922 2558
385.935 2489
385.949 2469
385.962 2461
385.976 2413
385.989 2480
386.002 2409
386.016 2479
386.029 2407
386.043 2413
386.056 2451
386.070 2362
386.083 2358
386.097 2317
386.110 2299
386.123 2267
386.137 2312
386.150 2292
386.164 2287
386.177 2251
386.191 2281
386.204 2218
386.217 2235
386.231 2228
386.244 2201
386.258 2184
386.271 2232
386.285 2184
386.298 2173
386.311 2184
386.325 2160
386.338 2154
386.352 2122
386.365 2179
386.379 2072
386.392 2069
386.405 2080
386.419 2112
386.432 2094
386.446 2070
386.459 2060
386.473 2061
386.486 2037
386.499 2003
386.513 2050
386.526 2011
386.540 2023
386.553 1926
386.567 1971
386.580 1972
386.593 1892
386.607 1999
386.620 1948
386.634 1949
386.647 1978
386.661 1931
386.674 1930
386.687 1908
386.701 1896
386.714 1868
386.728 1813
386.741 1927
386.754 1853
386.768 1850
386.781 1847
386.795 1865
386.808 1798
386.822 1809
386.835 1762
386.848 1737
386.862 1756
386.875 1731
386.889 1742
386.902 1708
386.915 1702
386.929 1743
386.942 1766
386.956 1741
386.969 1712
386.983 1698
386.996 1723
387.009 1684
387.023 1674
387.036 1686
387.050 1655
387.063 1685
387.076 1651
387.090 1606
387.103 1641
387.117 1598
387.130 1637
387.143 1618
387.157 1615
387.170 1601
387.184 1610
387.197 1588
387.210 1550
387.224 1603
387.237 1569
387.251 1548
387.264 1568
387.278 1565
387.291 1571
387.304 1503
387.318 1530
387.331 1551
387.345 1492
387.358 1506
387.371 1489
387.385 1473
387.398 1480
387.412 1453
387.425 1402
387.438 1435
387.452 1422
387.465 1408
387.478 1426
387.492 1404
387.505 1428
387.519 1383
387.532 1388
387.545 1427
387.559 1438
387.572 1402
387.586 1343
387.599 1392
387.612 1375
387.626 1345
387.639 1364
387.653 1338
387.666 1325
387.679 1332
387.693 1320
387.706 1309
387.720 1298
387.733 1325
387.746 1278
387.760 1294
387.773 1310
387.787 1299
387.800 1314
387.813 1273
387.827 1274
387.840 1268
387.853 1254
387.867 1250
387.880 1265
387.894 1256
387.907 1250
387.920 1231
387.934 1223
387.947 1196
387.961 1207
387.974 1179
387.987 1209
388.001 1216
388.014 1202
388.027 1183
388.041 1186
388.054 1159
388.068 1170
388.081 1178
388.094 1171
388.108 1174
388.121 1168
388.134 1164
388.148 1147
388.161 1147
388.175 1146
388.188 1125
388.201 1117
388.215 1133
388.228 1100
388.241 1104
388.255 1138
388.268 1127
388.282 1107
388.295 1118
388.308 1142
388.322 1100
388.335 1074
388.348 1078
388.362 1095
388.375 1102
388.389 1081
388.402 1109
388.415 1097
388.429 1104
388.442 1092
388.455 1098
388.469 1085
388.482 1086
388.495 1100
388.509 1090
388.522 1077
388.536 1094
388.549 1073
388.562 1065
388.576 1062
388.589 1077
388.602 1090
388.616 1076
388.629 1065
388.642 1074
388.656 1067
388.669 1080
388.683 1050
388.696 1084
388.709 1046
388.723 1050
388.736 1062
388.749 1039
388.763 1028
388.776 1021
388.789 1063
388.803 1058
388.816 1061
388.829 1058
388.843 1060
388.856 1046
388.870 1024
388.883 1030
388.896 1047
388.910 1029
388.923 1055
388.936 1029
388.950 1051
388.963 1045
388.976 1031
388.990 1015
389.003 1039
389.016 1029
389.030 1026
389.043 1058
389.056 1024
389.070 1029
389.083 1033
389.097 1059
389.110 1013
389.123 1029
389.137 1046
389.150 1015
389.163 1021
389.177 1040
389.190 1005
389.203 1040
389.217 1021
389.230 1026
389.243 1014
389.257 1011
389.270 1016
389.283 1022
389.297 1006
389.310 1031
389.323 1009
389.337 1040
389.350 1017
389.363 999
389.377 999
389.390 1020
389.403 1010
389.417 1001
389.430 1032
389.443 989
389.457 1004
389.470 1002
389.483 995
389.497 995
389.510 999
389.523 985
389.537 981
389.550 1027
389.563 992
389.577 978
389.590 987
389.603 979
389.617 982
389.630 962
389.643 992
389.657 977
389.670 983
389.683 980
389.697 954
389.710 954
389.723 978
389.737 987
389.750 986
389.763 970
389.777 965
389.790 969
389.803 955
389.817 971
389.830 973
389.843 941
389.857 952
389.870 940
389.883 941
389.897 931
389.910 953
389.923 929
389.937 920
389.950 921
389.963 929
389.977 924
389.990 946
390.003 927
390.017 941
390.030 922
390.043 905
390.057 885
390.070 906
390.083 921
390.096 896
390.110 901
390.123 897
390.136 896
390.150 878
390.163 881
390.176 901
390.190 897
390.203 896
390.216 880
390.230 880
390.243 881
390.256 882
390.270 859
390.283 891
390.296 885
390.310 878
390.323 854
390.336 876
390.349 851
390.363 872
390.376 848
390.389 884
390.403 859
390.416 865
390.429 850
390.443 825
390.456 849
390.469 837
390.483 835
390.496 835
390.509 838
390.522 834
390.536 828
390.549 846
390.562 829
390.576 820
390.589 836
390.602 821
390.616 813
390.629 806
390.642 806
390.655 810
390.669 796
390.682 799
390.695 802
390.709 799
390.722 801
390.735 788
390.749 781
390.762 776
390.775 789
390.788 782
390.802 773
390.815 775
390.828 764
390.842 775
390.855 752
390.868 762
390.882 754
390.895 767
390.908 752
390.921 755
390.935 775
390.948 771
390.961 763
390.975 759
390.988 746
391.001 741
391.014 752
391.028 752
391.041 747
391.054 732
391.068 750
391.081 740
391.094 735
391.107 752
391.121 748
391.134 734
391.147 740
391.161 729
391.174 728
391.187 741
391.200 737
391.214 732
391.227 724
391.240 738
391.254 726
391.267 704
391.280 723
391.293 731
391.307 710
391.320 724
391.333 730
391.347 711
391.360 715
391.373 727
391.386 710
391.400 724
391.413 729
391.426 712
391.440 693
391.453 710
391.466 721
391.479 700
391.493 709
391.506 708
391.519 708
391.532 704
391.546 712
391.559 707
391.572 695
391.586 700
391.599 687
391.612 697
391.625 705
391.639 707
391.652 696
391.665 702
391.678 706
391.692 705
391.705 712
391.718 705
391.732 700
391.745 689
391.758 693
391.771 706
391.785 698
391.798 698
391.811 696
391.824 707
391.838 688
391.851 704
391.864 692
391.877 696
391.891 687
391.904 698
391.917 703
391.931 705
391.944 685
391.957 688
391.970 700
391.984 699
391.997 692
392.010 691
392.023 700
392.037 696
392.050 689
392.063 695
392.076 692
392.090 692
392.103 695
392.116 699
392.129 690
392.143 688
392.156 691
392.169 691
392.182 696
392.196 686
392.209 685
392.222 702
392.235 684
392.249 686
392.262 682
392.275 681
392.288 674
392.302 692
392.315 688
392.328 679
392.341 680
392.355 681
392.368 681
392.381 690
392.394 689
392.408 686
392.421 691
392.434 689
392.447 690
392.461 688
392.474 674
392.487 684
392.500 686
392.514 684
392.527 690
392.540 689
392.553 676
392.567 685
392.580 691
392.593 676
392.606 680
392.620 672
392.633 682
392.646 676
392.659 684
392.673 672
392.686 670
392.699 680
392.712 683
392.726 671
392.739 674
392.752 684
392.765 667
392.778 672
392.792 674
392.805 668
392.818 673
392.831 680
392.845 683
392.858 671
392.871 671
392.884 682
392.898 667
392.911 686
392.924 680
392.937 672
392.951 685
392.964 676
392.977 665
392.990 671
393.003 674
393.017 670
393.030 680
393.043 676
393.056 673
393.070 663
393.083 674
393.096 679
393.109 675
393.122 678
393.136 685
393.149 681
393.162 677
393.175 670
393.189 672
393.202 665
393.215 670
393.228 675
393.242 667
393.255 663
393.268 674
393.281 663
393.294 680
393.308 664
393.321 670
393.334 670
393.347 667
393.360 670
393.374 669
393.387 657
393.400 661
393.413 669
393.427 673
393.440 676
393.453 665
393.466 669
393.479 665
393.493 664
393.506 660
393.519 654
393.532 668
393.546 668
393.559 658
393.572 675
393.585 666
393.598 670
393.612 673
393.625 662
393.638 668
393.651 673
393.664 663
393.678 665
393.691 665
393.704 660
393.717 660
393.730 663
393.744 671
393.757 668
393.770 673
393.783 665
393.796 661
393.810 667
393.823 649
393.836 654
393.849 666
393.863 668
393.876 664
393.889 668
393.902 661
393.915 662
393.929 666
