375.891 693
375.905 705
375.919 718
375.933 712
375.946 719
375.960 726
375.974 719
375.987 722
376.001 719
376.015 726
376.029 714
376.042 736
376.056 716
376.070 721
376.084 720
376.097 729
376.111 725
376.125 740
376.139 743
376.152 738
376.166 724
376.180 720
376.193 732
376.207 741
376.221 741
376.235 753
376.248 743
376.262 768
376.276 736
376.290 767
376.303 741
376.317 738
376.331 737
376.345 738
376.358 751
376.372 754
376.386 777
376.399 757
376.413 754
376.427 766
376.441 775
376.454 765
376.468 767
376.482 761
376.495 776
376.509 773
376.523 786
376.537 779
376.550 783
376.564 783
376.578 796
376.592 796
376.605 786
376.619 800
376.633 802
376.646 792
376.660 813
376.674 797
376.688 783
376.701 807
376.715 786
376.729 812
376.742 819
376.756 814
376.770 832
376.784 805
376.797 821
376.811 829
376.825 818
376.838 838
376.852 829
376.866 834
376.880 837
376.893 825
376.907 845
376.921 865
376.934 830
376.948 842
376.962 856
376.976 842
376.989 858
377.003 845
377.017 872
377.030 878
377.044 877
377.058 876
377.071 868
377.085 876
377.099 861
377.113 893
377.126 889
377.140 886
377.154 907
377.167 904
377.181 889
377.195 908
377.208 906
377.222 918
377.236 943
377.250 925
377.263 924
377.277 949
377.291 903
377.304 954
377.318 966
377.332 954
377.345 949
377.359 957
377.373 955
377.387 938
377.400 967
377.414 949
377.428 949
377.441 938
377.455 970
377.469 952
377.482 962
377.496 979
377.510 963
377.524 958
377.537 979
377.551 981
377.565 988
377.578 1009
377.592 988
377.606 973
377.619 982
377.633 972
377.647 986
377.660 969
377.674 1019
377.688 1020
377.701 995
377.715 1004
377.729 1028
377.743 1025
377.756 1022
377.770 1040
377.784 1034
377.797 1029
377.811 1031
377.825 1034
377.838 1026
377.852 1033
377.866 1032
377.879 1037
377.893 1043
377.907 1055
377.920 1055
377.934 1066
377.948 1025
377.961 1052
377.975 1044
377.989 1074
378.002 1068
378.016 1077
378.030 1065
378.044 1063
378.057 1084
378.071 1110
378.085 1070
378.098 1071
378.112 1088
378.126 1081
378.139 1080
378.153 1071
378.167 1088
378.180 1059
378.194 1089
378.208 1074
378.221 1103
378.235 1108
378.249 1113
378.262 1052
378.276 1115
378.290 1136
378.303 1099
378.317 1106
378.331 1120
378.344 1100
378.358 1108
378.372 1105
378.385 1126
378.399 1109
378.413 1156
378.426 1117
378.440 1144
378.454 1141
378.467 1161
378.481 1125
378.495 1164
378.508 1116
378.522 1159
378.536 1122
378.549 1145
378.563 1148
378.577 1158
378.590 1162
378.604 1177
378.618 1140
378.631 1183
378.645 1186
378.659 1141
378.672 1169
378.686 1178
378.700 1190
378.713 1179
378.727 1212
378.740 1199
378.754 1170
378.768 1171
378.781 1177
378.795 1191
378.809 1201
378.822 1208
378.836 1197
378.850 1177
378.863 1214
378.877 1226
378.891 1216
378.904 1231
378.918 1225
378.932 1177
378.945 1198
378.959 1234
378.973 1220
378.986 1230
379.000 1264
379.014 1234
379.027 1211
379.041 1244
379.054 1215
379.068 1261
379.082 1232
379.095 1290
379.109 1266
379.123 1275
379.136 1274
379.150 1269
379.164 1256
379.177 1297
379.191 1294
379.205 1285
379.218 1288
379.232 1279
379.245 1314
379.259 1264
379.273 1311
379.286 1327
379.300 1321
379.314 1339
379.327 1307
379.341 1342
379.355 1341
379.368 1361
379.382 1331
379.396 1345
379.409 1386
379.423 1400
379.436 1405
379.450 1397
379.464 1389
379.477 1384
379.491 1407
379.505 1417
379.518 1417
379.532 1480
379.546 1424
379.559 1459
379.573 1453
379.586 1441
379.600 1435
379.614 1473
379.627 1495
379.641 1495
379.655 1493
379.668 1515
379.682 1495
379.695 1506
379.709 1546
379.723 1536
379.736 1550
379.750 1645
379.764 1590
379.777 1634
379.791 1644
379.804 1633
379.818 1616
379.832 1603
379.845 1651
379.859 1602
379.873 1653
379.886 1695
379.900 1695
379.913 1689
379.927 1729
379.941 1716
379.954 1807
379.968 1800
379.982 1841
379.995 1803
380.009 1836
380.022 1831
380.036 1868
380.050 1872
380.063 1864
380.077 1900
380.090 1916
380.104 2008
380.118 2032
380.131 1998
380.145 2018
380.159 2077
380.172 2088
380.186 2117
380.199 2139
380.213 2151
380.227 2187
380.240 2230
380.254 2211
380.267 2254
380.281 2288
380.295 2254
380.308 2313
380.322 2391
380.336 2391
380.349 2416
380.363 2457
380.376 2432
380.390 2540
380.404 2564
380.417 2566
380.431 2546
380.444 2595
380.458 2660
380.472 2624
380.485 2666
380.499 2695
380.512 2714
380.526 2764
380.540 2799
380.553 2763
380.567 2846
380.580 2910
380.594 2919
380.608 2972
380.621 3030
380.635 3046
380.648 3107
380.662 3076
380.676 3118
380.689 3192
380.703 3201
380.716 3301
380.730 3288
380.744 3403
380.757 3361
380.771 3491
380.784 3536
380.798 3451
380.812 3588
380.825 3546
380.839 3656
380.852 3789
380.866 3824
380.880 3757
380.893 3835
380.907 3888
380.920 3925
380.934 3960
380.948 4083
380.961 4069
380.975 4116
380.988 4170
381.002 4169
381.015 4242
381.029 4285
381.043 4308
381.056 4368
381.070 4361
381.083 4334
381.097 4399
381.111 4527
381.124 4543
381.138 4704
381.151 4599
381.165 4769
381.179 4767
381.192 4750
381.206 4739
381.219 4711
381.233 4809
381.246 4843
381.260 4962
381.274 4940
381.287 4992
381.301 5060
381.314 5107
381.328 5076
381.341 5054
381.355 5164
381.369 5244
381.382 5269
381.396 5323
381.409 5437
381.423 5354
381.437 5519
381.450 5605
381.464 5669
381.477 5686
381.491 5801
381.504 5770
381.518 5724
381.532 5765
381.545 5832
381.559 5898
381.572 5998
381.586 6076
381.599 6078
381.613 6123
381.627 6244
381.640 6218
381.654 6194
381.667 6311
381.681 6265
381.694 6295
381.708 6224
381.722 6265
381.735 6386
381.749 6383
381.762 6446
381.776 6493
381.789 6419
381.803 6542
381.817 6541
381.830 6648
381.844 6503
381.857 6591
381.871 6658
381.884 6806
381.898 6780
381.911 6848
381.925 6835
381.939 6920
381.952 6953
381.966 7052
381.979 7080
381.993 7147
382.006 7264
382.020 7158
382.034 7349
382.047 7299
382.061 7358
382.074 7418
382.088 7381
382.101 7479
382.115 7588
382.128 7593
382.142 7623
382.156 7683
382.169 7802
382.183 7796
382.196 7921
382.210 7921
382.223 8012
382.237 8015
382.250 8058
382.264 8228
382.278 8224
382.291 8145
382.305 8356
382.318 8378
382.332 8360
382.345 8341
382.359 8422
382.372 8514
382.386 8632
382.399 8646
382.413 8618
382.427 8652
382.440 8811
382.454 9021
382.467 9126
382.481 9224
382.494 9531
382.508 9560
382.521 9806
382.535 9773
382.548 9741
382.562 9838
382.576 9819
382.589 9960
382.603 9939
382.616 10074
382.630 10256
382.643 10205
382.657 10445
382.670 10534
382.684 10431
382.697 10383
382.711 10505
382.724 10707
382.738 10708
382.752 10768
382.765 10952
382.779 11006
382.792 11192
382.806 11120
382.819 11196
382.833 11395
382.846 11316
382.860 11461
382.873 11796
382.887 11790
382.900 12030
382.914 12233
382.928 12516
382.941 12683
382.955 12833
382.968 12952
382.982 13244
382.995 13271
383.009 13451
383.022 13315
383.036 13586
383.049 13672
383.063 13861
383.076 13936
383.090 13713
383.103 13865
383.117 14014
383.130 14108
383.144 14361
383.158 14394
383.171 14525
383.185 14906
383.198 14927
383.212 15206
383.225 15573
383.239 15893
383.252 16166
383.266 16214
383.279 16259
383.293 16578
383.306 16670
383.320 16841
383.333 16995
383.347 17294
383.360 17346
383.374 16981
383.387 17299
383.401 17623
383.414 17647
383.428 17562
383.441 18054
383.455 18198
383.468 18021
383.482 18110
383.496 18306
383.509 18228
383.523 18354
383.536 18645
383.550 18436
383.563 18782
383.577 18866
383.590 18911
383.604 19253
383.617 19284
383.631 19187
383.644 19441
383.658 19395
383.671 19631
383.685 19700
383.698 20084
383.712 20311
383.725 20356
383.739 20198
383.752 20076
383.766 20042
383.779 19877
383.793 20344
383.806 20220
383.820 20424
383.833 20284
383.847 20573
383.860 20681
383.874 20914
383.887 20664
383.901 20644
383.914 20546
383.928 20835
383.941 20958
383.955 20873
383.968 20893
383.982 20916
383.995 20833
384.009 21017
384.022 21129
384.036 21074
384.049 20994
384.063 21212
384.076 21870
384.090 21789
384.103 22117
384.117 22064
384.130 21974
384.144 21221
384.157 21382
384.171 21315
384.184 21325
384.198 21276
384.211 21109
384.225 21136
384.238 21738
384.252 21853
384.265 21755
384.279 21571
384.292 21300
384.306 21411
384.319 21028
384.333 20803
384.346 20432
384.360 20182
384.373 20131
384.387 19980
384.400 19885
384.414 19740
384.427 19420
384.441 19158
384.454 18939
384.468 18511
384.481 18620
384.495 18280
384.508 17765
384.522 17663
384.535 17124
384.549 16949
384.562 16584
384.575 16222
384.589 16049
384.602 15793
384.616 15493
384.629 15079
384.643 14542
384.656 14214
384.670 13666
384.683 13307
384.697 12819
384.710 12391
384.724 12083
384.737 11590
384.751 11331
384.764 11087
384.778 10638
384.791 10483
384.805 10123
384.818 9744
384.832 9436
384.845 9216
384.859 8974
384.872 8646
384.885 8349
384.899 8129
384.912 7886
384.926 7807
384.939 7446
384.953 7241
384.966 7220
384.980 7062
384.993 6872
385.007 6636
385.020 6303
385.034 6413
385.047 6101
385.061 6054
385.074 5817
385.088 5771
385.101 5687
385.114 5481
385.128 5462
385.141 5311
385.155 5241
385.168 5270
385.182 5306
385.195 5162
385.209 5050
385.222 4869
385.236 4864
385.249 4809
385.263 4697
385.276 4660
385.290 4545
385.303 4465
385.316 4421
385.330 4384
385.343 4382
385.357 4294
385.370 4188
385.384 4117
385.397 4053
385.411 3990
385.424 4007
385.438 3927
385.451 3802
385.464 3748
385.478 3766
385.491 3734
385.505 3690
385.518 3702
385.532 3584
385.545 3494
385.559 3482
385.572 3407
385.586 3418
385.599 3348
385.612 3358
385.626 3362
385.639 3336
385.653 3261
385.666 3263
385.680 3226
385.693 3227
385.707 3205
385.720 3177
385.734 3148
385.747 3049
385.760 3026
385.774 3008
385.787 3029
385.801 2948
385.814 2899
385.828 2882
385.841 2827
385.855 2851
385.868 2805
385.881 2821
385.895 2771
385.908 2727
385.922 2740
385.935 2738
385.949 2703
385.962 2718
385.976 2630
385.989 2685
386.002 2613
386.016 2657
386.029 2649
386.043 2585
386.056 2605
386.070 2534
386.083 2520
386.097 2525
386.110 2499
386.123 2481
386.137 2484
386.150 2557
386.164 2520
386.177 2420
386.191 2401
386.204 2429
386.217 2384
386.231 2403
386.244 2363
386.258 2361
386.271 2361
386.285 2332
386.298 2344
386.311 2322
386.325 2309
386.338 2276
386.352 2301
386.365 2257
386.379 2251
386.392 2200
386.405 2171
386.419 2197
386.432 2222
386.446 2216
386.459 2233
386.473 2241
386.486 2162
386.499 2195
386.513 2158
386.526 2132
386.540 2133
386.553 2112
386.567 2052
386.580 2079
386.593 2125
386.607 2100
386.620 2152
386.634 2094
386.647 2082
386.661 2074
386.674 2035
386.687 2054
386.701 1976
386.714 2037
386.728 1920
386.741 2002
386.754 2000
386.768 2047
386.781 1985
386.795 1960
386.808 1903
386.822 1953
386.835 1923
386.848 1899
386.862 1872
386.875 1906
386.889 1893
386.902 1841
386.915 1897
386.929 1894
386.942 1860
386.956 1841
386.969 1844
386.983 1842
386.996 1810
387.009 1819
387.023 1760
387.036 1814
387.050 1798
387.063 1800
387.076 1738
387.090 1784
387.103 1775
387.117 1711
387.130 1771
387.143 1753
387.157 1705
387.170 1729
387.184 1716
387.197 1707
387.210 1699
387.224 1670
387.237 1711
387.251 1648
387.264 1610
387.278 1625
387.291 1653
387.304 1635
387.318 1631
387.331 1649
387.345 1619
387.358 1612
387.371 1586
387.385 1599
387.398 1578
387.412 1544
387.425 1553
387.438 1550
387.452 1539
387.465 1464
387.478 1481
387.492 1479
387.505 1524
387.519 1483
387.532 1508
387.545 1498
387.559 1514
387.572 1516
387.586 1445
387.599 1458
387.612 1502
387.626 1483
387.639 1432
387.653 1467
387.666 1408
387.679 1402
387.693 1396
387.706 1382
387.720 1369
387.733 1388
387.746 1424
387.760 1397
387.773 1394
387.787 1374
387.800 1365
387.813 1364
387.827 1338
387.840 1363
387.853 1320
387.867 1328
387.880 1319
387.894 1337
387.907 1328
387.920 1328
387.934 1327
387.947 1293
387.961 1277
387.974 1263
387.987 1259
388.001 1257
388.014 1241
388.027 1241
388.041 1244
388.054 1245
388.068 1253
388.081 1243
388.094 1210
388.108 1222
388.121 1235
388.134 1239
388.148 1194
388.161 1214
388.175 1171
388.188 1184
388.201 1184
388.215 1149
388.228 1173
388.241 1159
388.255 1156
388.268 1163
388.282 1131
388.295 1166
388.308 1150
388.322 1146
388.335 1137
388.348 1151
388.362 1159
388.375 1161
388.389 1134
388.402 1154
388.415 1122
388.429 1155
388.442 1116
388.455 1142
388.469 1130
388.482 1138
388.495 1135
388.509 1127
388.522 1134
388.536 1148
388.549 1130
388.562 1106
388.576 1128
388.589 1118
388.602 1096
388.616 1127
388.629 1118
388.642 1120
388.656 1080
388.669 1095
388.683 1097
388.696 1130
388.709 1132
388.723 1122
388.736 1121
388.749 1110
388.763 1081
388.776 1097
388.789 1076
388.803 1086
388.816 1106
388.829 1084
388.843 1085
388.856 1101
388.870 1079
388.883 1093
388.896 1079
388.910 1096
388.923 1073
388.936 1081
388.950 1085
388.963 1062
388.976 1082
388.990 1086
389.003 1086
389.016 1075
389.030 1112
389.043 1087
389.056 1090
389.070 1100
389.083 1075
389.097 1053
389.110 1063
389.123 1076
389.137 1067
389.150 1042
389.163 1086
389.177 1069
389.190 1065
389.203 1054
389.217 1048
389.230 1036
389.243 1041
389.257 1044
389.270 1051
389.283 1065
389.297 1071
389.310 1066
389.323 1038
389.337 1074
389.350 1059
389.363 1020
389.377 1063
389.390 1060
389.403 1043
389.417 1054
389.430 1058
389.443 1054
389.457 1033
389.470 1034
389.483 1037
389.497 1031
389.510 1034
389.523 1043
389.537 1056
389.550 1015
389.563 1024
389.577 1026
389.590 1026
389.603 1025
389.617 994
389.630 1015
389.643 1015
389.657 1020
389.670 1012
389.683 1021
389.697 1015
389.710 1001
389.723 1024
389.737 1013
389.750 1009
389.763 999
389.777 994
389.790 1010
389.803 984
389.817 1002
389.830 984
389.843 982
389.857 942
389.870 975
389.883 980
389.897 990
389.910 976
389.923 974
389.937 992
389.950 962
389.963 964
389.977 962
389.990 990
390.003 983
390.017 937
390.030 977
390.043 959
390.057 947
390.070 930
390.083 961
390.096 929
390.110 945
390.123 934
390.136 940
390.150 918
390.163 912
390.176 940
390.190 931
390.203 932
390.216 921
390.230 907
390.243 892
390.256 907
390.270 893
390.283 912
390.296 915
390.310 908
390.323 885
390.336 883
390.349 894
390.363 889
390.376 887
390.389 894
390.403 890
390.416 884
390.429 874
390.443 871
390.456 860
390.469 879
390.483 853
390.496 866
390.509 862
390.522 871
390.536 833
390.549 861
390.562 868
390.576 826
390.589 848
390.602 842
390.616 833
390.629 858
390.642 839
390.655 839
390.669 830
390.682 836
390.695 803
390.709 804
390.722 820
390.735 803
390.749 811
390.762 791
390.775 803
390.788 812
390.802 806
390.815 793
390.828 782
390.842 805
390.855 803
390.868 798
390.882 775
390.895 793
390.908 783
390.921 775
390.935 782
390.948 770
390.961 776
390.975 787
390.988 754
391.001 761
391.014 769
391.028 770
391.041 768
391.054 771
391.068 761
391.081 767
391.094 774
391.107 751
391.121 763
391.134 754
391.147 752
391.161 755
391.174 757
391.187 748
391.200 758
391.214 752
391.227 734
391.240 764
391.254 742
391.267 732
391.280 742
391.293 722
391.307 725
391.320 736
391.333 742
391.347 728
391.360 725
391.373 725
391.386 723
391.400 719
391.413 728
391.426 727
391.440 727
391.453 724
391.466 724
391.479 728
391.493 724
391.506 710
391.519 713
391.532 733
391.546 711
391.559 727
391.572 713
391.586 719
391.599 709
391.612 713
391.625 717
391.639 720
391.652 712
391.665 712
391.678 709
391.692 722
391.705 723
391.718 704
391.732 701
391.745 719
391.758 712
391.771 709
391.785 707
391.798 703
391.811 708
391.824 701
391.838 697
391.851 711
391.864 701
391.877 710
391.891 706
391.904 710
391.917 709
391.931 718
391.944 709
391.957 697
391.970 703
391.984 703
391.997 696
392.010 710
392.023 703
392.037 695
392.050 696
392.063 702
392.076 694
392.090 711
392.103 706
392.116 708
392.129 705
392.143 706
392.156 710
392.169 700
392.182 696
392.196 682
392.209 683
392.222 707
392.235 684
392.249 693
392.262 695
392.275 700
392.288 698
392.302 684
392.315 697
392.328 701
392.341 686
392.355 697
392.368 689
392.381 702
392.394 686
392.408 689
392.421 697
392.434 697
392.447 702
392.461 692
392.474 702
392.487 681
392.500 692
392.514 696
392.527 708
392.540 702
392.553 691
392.567 693
392.580 688
392.593 686
392.606 691
392.620 683
392.633 675
392.646 692
392.659 698
392.673 703
392.686 676
392.699 694
392.712 674
392.726 690
392.739 686
392.752 678
392.765 697
392.778 697
392.792 696
392.805 688
392.818 678
392.831 689
392.845 683
392.858 676
392.871 694
392.884 697
392.898 687
392.911 687
392.924 676
392.937 685
392.951 683
392.964 691
392.977 680
392.990 681
393.003 704
393.017 683
393.030 685
393.043 687
393.056 684
393.070 673
393.083 691
393.096 665
393.109 681
393.122 677
393.136 680
393.149 686
393.162 678
393.175 689
393.189 667
393.202 678
393.215 672
393.228 683
393.242 669
393.255 667
393.268 687
393.281 680
393.294 676
393.308 671
393.321 677
393.334 686
393.347 683
393.360 671
393.374 671
393.387 690
393.400 673
393.413 682
393.427 675
393.440 676
393.453 682
393.466 687
393.479 671
393.493 679
393.506 667
393.519 682
393.532 671
393.546 660
393.559 676
393.572 671
393.585 660
393.598 671
393.612 671
393.625 671
393.638 681
393.651 678
393.664 670
393.678 681
393.691 670
393.704 678
393.717 666
393.730 680
393.744 672
393.757 678
393.770 667
393.783 684
393.796 658
393.810 668
393.823 662
393.836 669
393.849 681
393.863 658
393.876 663
393.889 674
393.902 668
393.915 670
393.929 659
