375.891 716
375.905 728
375.919 735
375.933 738
375.946 731
375.960 731
375.974 747
375.987 731
376.001 745
376.015 733
376.029 734
376.042 747
376.056 747
376.070 737
376.084 742
376.097 758
376.111 746
376.125 742
376.139 754
376.152 759
376.166 753
376.180 770
376.193 754
376.207 747
376.221 782
376.235 757
376.248 754
376.262 770
376.276 766
376.290 777
376.303 770
376.317 757
376.331 767
376.345 765
376.358 787
376.372 776
376.386 782
376.399 790
376.413 784
376.427 803
376.441 799
376.454 798
376.468 789
376.482 785
376.495 805
376.509 787
376.523 802
376.537 818
376.550 814
376.564 803
376.578 819
376.592 814
376.605 813
376.619 837
376.633 824
376.646 808
376.660 807
376.674 836
376.688 839
376.701 836
376.715 837
376.729 838
376.742 858
376.756 853
376.770 834
376.784 842
376.797 838
376.811 852
376.825 866
376.838 868
376.852 884
376.866 863
376.880 855
376.893 878
376.907 852
376.921 860
376.934 874
376.948 890
376.962 881
376.976 896
376.989 902
377.003 887
377.017 912
377.030 896
377.044 914
377.058 912
377.071 929
377.085 908
377.099 923
377.113 931
377.126 913
377.140 955
377.154 963
377.167 944
377.181 939
377.195 966
377.208 947
377.222 954
377.236 963
377.250 974
377.263 978
377.277 966
377.291 995
377.304 967
377.318 982
377.332 980
377.345 996
377.359 995
377.373 993
377.387 984
377.400 1032
377.414 999
377.428 1005
377.441 1020
377.455 996
377.469 999
377.482 1020
377.496 1024
377.510 1022
377.524 1028
377.537 1048
377.551 1046
377.565 1052
377.578 1045
377.592 1032
377.606 1046
377.619 1046
377.633 1023
377.647 1058
377.660 1029
377.674 1055
377.688 1058
377.701 1054
377.715 1070
377.729 1058
377.743 1067
377.756 1083
377.770 1083
377.784 1105
377.797 1085
377.811 1077
377.825 1074
377.838 1073
377.852 1088
377.866 1083
377.879 1087
377.893 1106
377.907 1105
377.920 1116
377.934 1094
377.948 1097
377.961 1077
377.975 1110
377.989 1104
378.002 1123
378.016 1111
378.030 1126
378.044 1135
378.057 1100
378.071 1143
378.085 1136
378.098 1104
378.112 1122
378.126 1141
378.139 1142
378.153 1111
378.167 1116
378.180 1125
378.194 1129
378.208 1102
378.221 1151
378.235 1116
378.249 1119
378.262 1156
378.276 1151
378.290 1171
378.303 1132
378.317 1156
378.331 1134
378.344 1118
378.358 1134
378.372 1179
378.385 1165
378.399 1159
378.413 1174
378.426 1159
378.440 1209
378.454 1165
378.467 1156
378.481 1200
378.495 1183
378.508 1157
378.522 1179
378.536 1168
378.549 1175
378.563 1189
378.577 1210
378.590 1219
378.604 1203
378.618 1256
378.631 1224
378.645 1200
378.659 1221
378.672 1234
378.686 1210
378.700 1241
378.713 1188
378.727 1239
378.740 1230
378.754 1247
378.768 1224
378.781 1257
378.795 1256
378.809 1237
378.822 1239
378.836 1267
378.850 1230
378.863 1251
378.877 1249
378.891 1267
378.904 1250
378.918 1267
378.932 1266
378.945 1287
378.959 1229
378.973 1275
378.986 1280
379.000 1279
379.014 1276
379.027 1262
379.041 1308
379.054 1254
379.068 1291
379.082 1282
379.095 1288
379.109 1326
379.123 1290
379.136 1313
379.150 1325
379.164 1319
379.177 1311
379.191 1330
379.205 1277
379.218 1310
379.232 1375
379.245 1341
379.259 1323
379.273 1330
379.286 1335
379.300 1358
379.314 1389
379.327 1391
379.341 1376
379.355 1421
379.368 1379
379.382 1422
379.396 1417
379.409 1403
379.423 1401
379.436 1402
379.450 1416
379.464 1477
379.477 1414
379.491 1438
379.505 1455
379.518 1438
379.532 1449
379.546 1492
379.559 1497
379.573 1513
379.586 1529
379.600 1499
379.614 1536
379.627 1524
379.641 1570
379.655 1542
379.668 1522
379.682 1571
379.695 1554
379.709 1581
379.723 1573
379.736 1628
379.750 1628
379.764 1635
379.777 1671
379.791 1660
379.804 1658
379.818 1719
379.832 1673
379.845 1679
379.859 1736
379.873 1757
379.886 1732
379.900 1724
379.913 1770
379.927 1766
379.941 1788
379.954 1849
379.968 1850
379.982 1884
379.995 1907
380.009 1904
380.022 1943
380.036 1956
380.050 1972
380.063 1994
380.077 2024
380.090 2052
380.104 2058
380.118 2085
380.131 2068
380.145 2150
380.159 2143
380.172 2160
380.186 2203
380.199 2238
380.213 2287
380.227 2254
380.240 2276
380.254 2303
380.267 2358
380.281 2356
380.295 2437
380.308 2409
380.322 2466
380.336 2457
380.349 2519
380.363 2538
380.376 2605
380.390 2630
380.404 2660
380.417 2653
380.431 2684
380.444 2765
380.458 2772
380.472 2787
380.485 2793
380.499 2843
380.512 2942
380.526 2947
380.540 2944
380.553 3004
380.567 3015
380.580 3075
380.594 3129
380.608 3154
380.621 3185
380.635 3218
380.648 3193
380.662 3274
380.676 3328
380.689 3383
380.703 3439
380.716 3439
380.730 3492
380.744 3490
380.757 3558
380.771 3582
380.784 3726
380.798 3709
380.812 3767
380.825 3763
380.839 3843
380.852 4005
380.866 4061
380.880 4095
380.893 4058
380.907 4151
380.920 4189
380.934 4167
380.948 4220
380.961 4376
380.975 4397
380.988 4407
381.002 4391
381.015 4471
381.029 4537
381.043 4562
381.056 4686
381.070 4682
381.083 4636
381.097 4729
381.111 4890
381.124 4823
381.138 4940
381.151 5053
381.165 5035
381.179 5095
381.192 5086
381.206 5085
381.219 5157
381.233 5185
381.246 5169
381.260 5239
381.274 5343
381.287 5334
381.301 5405
381.314 5466
381.328 5530
381.341 5519
381.355 5595
381.369 5572
381.382 5710
381.396 5720
381.409 5749
381.423 5877
381.437 6003
381.450 6000
381.464 6032
381.477 6274
381.491 6144
381.504 6216
381.518 6133
381.532 6174
381.545 6305
381.559 6483
381.572 6590
381.586 6562
381.599 6592
381.613 6667
381.627 6707
381.640 6701
381.654 6773
381.667 6869
381.681 6824
381.694 6812
381.708 6796
381.722 6776
381.735 6898
381.749 6868
381.762 6896
381.776 7042
381.789 7092
381.803 7077
381.817 7052
381.830 7159
381.844 7184
381.857 7234
381.871 7296
381.884 7406
381.898 7402
381.911 7475
381.925 7520
381.939 7597
381.952 7596
381.966 7639
381.979 7719
381.993 7861
382.006 7990
382.020 8016
382.034 8005
382.047 7999
382.061 8044
382.074 8175
382.088 8178
382.101 8276
382.115 8176
382.128 8315
382.142 8427
382.156 8660
382.169 8573
382.183 8660
382.196 8603
382.210 8687
382.223 8773
382.237 8912
382.250 8889
382.264 9033
382.278 8953
382.291 9120
382.305 9093
382.318 9332
382.332 9326
382.345 9311
382.359 9362
382.372 9450
382.386 9584
382.399 9552
382.413 9651
382.427 9637
382.440 9769
382.454 9945
382.467 10022
382.481 10253
382.494 10440
382.508 10788
382.521 10652
382.535 10741
382.548 10725
382.562 10708
382.576 10795
382.589 11041
382.603 11042
382.616 11192
382.630 11279
382.643 11464
382.657 11538
382.670 11663
382.684 11602
382.697 11588
382.711 11634
382.724 11829
382.738 11863
382.752 11909
382.765 12043
382.779 12245
382.792 12426
382.806 12456
382.819 12544
382.833 12620
382.846 12711
382.860 12909
382.873 13173
382.887 13209
382.900 13186
382.914 13662
382.928 13832
382.941 14072
382.955 14111
382.968 14247
382.982 14479
382.995 14630
383.009 14835
383.022 14696
383.036 14900
383.049 15054
383.063 15444
383.076 15315
383.090 15382
383.103 15676
383.117 15573
383.130 15586
383.144 15822
383.158 15927
383.171 16158
383.185 16373
383.198 16368
383.212 16822
383.225 17023
383.239 17593
383.252 17755
383.266 17926
383.279 17972
383.293 18194
383.306 18429
383.320 18430
383.333 18892
383.347 19013
383.360 18934
383.374 18844
383.387 19139
383.401 19370
383.414 19579
383.428 19536
383.441 19455
383.455 19857
383.468 19940
383.482 19719
383.496 20399
383.509 20243
383.523 20247
383.536 20314
383.550 20461
383.563 20485
383.577 20832
383.590 20988
383.604 21072
383.617 20960
383.631 21201
383.644 21026
383.658 21369
383.671 21447
383.685 21539
383.698 22007
383.712 22181
383.725 22243
383.739 22162
383.752 21849
383.766 22136
383.779 21932
383.793 22151
383.806 22384
383.820 22467
383.833 22398
383.847 22678
383.860 22792
383.874 22748
383.887 22566
383.901 22635
383.914 22585
383.928 22778
383.941 22816
383.955 22829
383.968 22903
383.982 22715
383.995 22845
384.009 22948
384.022 22856
384.036 23059
384.049 22925
384.063 23326
384.076 23579
384.090 23756
384.103 24010
384.117 24161
384.130 23804
384.144 23210
384.157 23138
384.171 23279
384.184 23195
384.198 23041
384.211 22867
384.225 23100
384.238 23506
384.252 23729
384.265 23620
384.279 23491
384.292 23419
384.306 23164
384.319 22829
384.333 22426
384.346 22036
384.360 22036
384.373 21748
384.387 21582
384.400 21445
384.414 21144
384.427 21014
384.441 20658
384.454 20288
384.468 20016
384.481 19854
384.495 19516
384.508 19126
384.522 18782
384.535 18286
384.549 18246
384.562 17691
384.575 17278
384.589 16990
384.602 16805
384.616 16536
384.629 15835
384.643 15465
384.656 15195
384.670 14298
384.683 13999
384.697 13418
384.710 13073
384.724 12638
384.737 12149
384.751 11906
384.764 11438
384.778 11282
384.791 10816
384.805 10490
384.818 10052
384.832 9792
384.845 9328
384.859 9140
384.872 8920
384.885 8606
384.899 8363
384.912 8118
384.926 7856
384.939 7599
384.953 7331
384.966 7095
384.980 6962
384.993 6932
385.007 6632
385.020 6410
385.034 6319
385.047 6068
385.061 6017
385.074 5693
385.088 5625
385.101 5589
385.114 5419
385.128 5317
385.141 5194
385.155 5174
385.168 5052
385.182 4989
385.195 5018
385.209 4858
385.222 4786
385.236 4723
385.249 4617
385.263 4529
385.276 4503
385.290 4397
385.303 4278
385.316 4224
385.330 4238
385.343 4222
385.357 4133
385.370 4056
385.384 3941
385.397 3944
385.411 3825
385.424 3914
385.438 3736
385.451 3665
385.464 3769
385.478 3648
385.491 3651
385.505 3607
385.518 3542
385.532 3569
385.545 3495
385.559 3399
385.572 3369
385.586 3384
385.599 3403
385.612 3287
385.626 3341
385.639 3203
385.653 3269
385.666 3188
385.680 3154
385.693 3172
385.707 3103
385.720 3114
385.734 3019
385.747 2945
385.760 2962
385.774 2919
385.787 3010
385.801 2867
385.814 2877
385.828 2789
385.841 2793
385.855 2773
385.868 2784
385.881 2756
385.895 2787
385.908 2746
385.922 2759
385.935 2648
385.949 2671
385.962 2595
385.976 2658
385.989 2596
386.002 2587
386.016 2578
386.029 2662
386.043 2516
386.056 2508
386.070 2528
386.083 2442
386.097 2505
386.110 2480
386.123 2489
386.137 2457
386.150 2450
386.164 2470
386.177 2453
386.191 2430
386.204 2363
386.217 2365
386.231 2402
386.244 2393
386.258 2383
386.271 2380
386.285 2354
386.298 2298
386.311 2316
386.325 2263
386.338 2240
386.352 2300
386.365 2295
386.379 2252
386.392 2205
386.405 2208
386.419 2205
386.432 2178
386.446 2184
386.459 2210
386.473 2189
386.486 2167
386.499 2127
386.513 2146
386.526 2140
386.540 2149
386.553 2082
386.567 2108
386.580 2090
386.593 2076
386.607 2051
386.620 2105
386.634 2083
386.647 2065
386.661 2055
386.674 2035
386.687 2039
386.701 1966
386.714 1976
386.728 1965
386.741 1996
386.754 1978
386.768 1984
386.781 1949
386.795 1929
386.808 1927
386.822 1911
386.835 1932
386.848 1902
386.862 1899
386.875 1815
386.889 1853
386.902 1840
386.915 1837
386.929 1834
386.942 1888
386.956 1812
386.969 1804
386.983 1779
386.996 1787
387.009 1781
387.023 1781
387.036 1744
387.050 1751
387.063 1739
387.076 1749
387.090 1685
387.103 1756
387.117 1676
387.130 1749
387.143 1752
387.157 1732
387.170 1723
387.184 1666
387.197 1646
387.210 1663
387.224 1662
387.237 1651
387.251 1635
387.264 1629
387.278 1630
387.291 1592
387.304 1580
387.318 1615
387.331 1591
387.345 1607
387.358 1592
387.371 1596
387.385 1532
387.398 1571
387.412 1532
387.425 1517
387.438 1526
387.452 1479
387.465 1475
387.478 1477
387.492 1481
387.505 1472
387.519 1421
387.532 1473
387.545 1483
387.559 1466
387.572 1463
387.586 1435
387.599 1465
387.612 1438
387.626 1413
387.639 1365
387.653 1422
387.666 1372
387.679 1352
387.693 1348
387.706 1351
387.720 1331
387.733 1338
387.746 1359
387.760 1361
387.773 1351
387.787 1326
387.800 1340
387.813 1353
387.827 1301
387.840 1308
387.853 1270
387.867 1272
387.880 1302
387.894 1305
387.907 1303
387.920 1304
387.934 1280
387.947 1260
387.961 1264
387.974 1265
387.987 1241
388.001 1217
388.014 1226
388.027 1199
388.041 1199
388.054 1232
388.068 1217
388.081 1214
388.094 1153
388.108 1195
388.121 1194
388.134 1217
388.148 1184
388.161 1190
388.175 1182
388.188 1181
388.201 1148
388.215 1152
388.228 1156
388.241 1139
388.255 1160
388.268 1159
388.282 1152
388.295 1151
388.308 1131
388.322 1136
388.335 1127
388.348 1124
388.362 1086
388.375 1111
388.389 1103
388.402 1147
388.415 1123
388.429 1140
388.442 1108
388.455 1122
388.469 1105
388.482 1127
388.495 1107
388.509 1112
388.522 1131
388.536 1135
388.549 1091
388.562 1094
388.576 1122
388.589 1100
388.602 1132
388.616 1120
388.629 1107
388.642 1097
388.656 1090
388.669 1098
388.683 1078
388.696 1095
388.709 1073
388.723 1096
388.736 1106
388.749 1093
388.763 1097
388.776 1072
388.789 1088
388.803 1058
388.816 1089
388.829 1051
388.843 1108
388.856 1099
388.870 1042
388.883 1067
388.896 1066
388.910 1081
388.923 1103
388.936 1045
388.950 1061
388.963 1100
388.976 1047
388.990 1025
389.003 1050
389.016 1045
389.030 1056
389.043 1072
389.056 1058
389.070 1061
389.083 1069
389.097 1039
389.110 1058
389.123 1057
389.137 1052
389.150 1028
389.163 1044
389.177 1059
389.190 1052
389.203 1055
389.217 1022
389.230 1023
389.243 1038
389.257 1038
389.270 1067
389.283 1040
389.297 1070
389.310 1046
389.323 1019
389.337 1015
389.350 1032
389.363 1018
389.377 1025
389.390 1045
389.403 1035
389.417 1023
389.430 1030
389.443 1046
389.457 1027
389.470 1025
389.483 1037
389.497 1018
389.510 1014
389.523 1050
389.537 1017
389.550 1013
389.563 1047
389.577 1012
389.590 992
389.603 1021
389.617 1001
389.630 1009
389.643 997
389.657 1010
389.670 1012
389.683 987
389.697 1013
389.710 998
389.723 988
389.737 1008
389.750 976
389.763 1001
389.777 1013
389.790 989
389.803 974
389.817 979
389.830 969
389.843 962
389.857 970
389.870 981
389.883 981
389.897 958
389.910 958
389.923 953
389.937 959
389.950 984
389.963 978
389.977 968
389.990 1010
390.003 960
390.017 926
390.030 986
390.043 972
390.057 943
390.070 934
390.083 962
390.096 922
390.110 944
390.123 955
390.136 932
390.150 944
390.163 933
390.176 917
390.190 921
390.203 924
390.216 912
390.230 906
390.243 884
390.256 888
390.270 887
390.283 894
390.296 895
390.310 897
390.323 890
390.336 904
390.349 879
390.363 879
390.376 901
390.389 893
390.403 892
390.416 883
390.429 868
390.443 856
390.456 878
390.469 853
390.483 852
390.496 863
390.509 858
390.522 864
390.536 846
390.549 851
390.562 847
390.576 831
390.589 836
390.602 844
390.616 843
390.629 835
390.642 823
390.655 821
390.669 814
390.682 825
390.695 809
390.709 818
390.722 819
390.735 810
390.749 804
390.762 798
390.775 811
390.788 783
390.802 797
390.815 804
390.828 794
390.842 787
390.855 785
390.868 790
390.882 779
390.895 760
390.908 788
390.921 783
390.935 750
390.948 772
390.961 775
390.975 779
390.988 778
391.001 759
391.014 773
391.028 747
391.041 745
391.054 753
391.068 763
391.081 737
391.094 757
391.107 744
391.121 745
391.134 759
391.147 740
391.161 747
391.174 748
391.187 744
391.200 748
391.214 739
391.227 736
391.240 755
391.254 725
391.267 711
391.280 733
391.293 733
391.307 727
391.320 709
391.333 738
391.347 734
391.360 735
391.373 717
391.386 741
391.400 723
391.413 707
391.426 722
391.440 729
391.453 725
391.466 735
391.479 718
391.493 712
391.506 716
391.519 715
391.532 717
391.546 720
391.559 730
391.572 719
391.586 723
391.599 718
391.612 705
391.625 699
391.639 709
391.652 709
391.665 709
391.678 705
391.692 714
391.705 704
391.718 706
391.732 692
391.745 711
391.758 706
391.771 706
391.785 701
391.798 711
391.811 700
391.824 707
391.838 692
391.851 702
391.864 714
391.877 694
391.891 705
391.904 699
391.917 702
391.931 716
391.944 716
391.957 686
391.970 707
391.984 686
391.997 701
392.010 695
392.023 700
392.037 694
392.050 705
392.063 703
392.076 707
392.090 695
392.103 696
392.116 697
392.129 702
392.143 691
392.156 703
392.169 707
392.182 694
392.196 691
392.209 700
392.222 693
392.235 691
392.249 703
392.262 694
392.275 698
392.288 697
392.302 692
392.315 690
392.328 694
392.341 665
392.355 701
392.368 702
392.381 690
392.394 692
392.408 694
392.421 679
392.434 678
392.447 677
392.461 688
392.474 687
392.487 690
392.500 675
392.514 694
392.527 679
392.540 671
392.553 696
392.567 683
392.580 689
392.593 693
392.606 688
392.620 694
392.633 674
392.646 681
392.659 686
392.673 683
392.686 688
392.699 679
392.712 686
392.726 696
392.739 695
392.752 695
392.765 681
392.778 677
392.792 686
392.805 682
392.818 684
392.831 691
392.845 680
392.858 683
392.871 671
392.884 674
392.898 668
392.911 677
392.924 693
392.937 680
392.951 676
392.964 685
392.977 691
392.990 671
393.003 683
393.017 680
393.030 684
393.043 675
393.056 681
393.070 675
393.083 681
393.096 679
393.109 668
393.122 681
393.136 688
393.149 693
393.162 681
393.175 684
393.189 671
393.202 678
393.215 675
393.228 678
393.242 668
393.255 680
393.268 670
393.281 679
393.294 667
393.308 681
393.321 675
393.334 673
393.347 679
393.360 671
393.374 669
393.387 672
393.400 660
393.413 674
393.427 676
393.440 677
393.453 667
393.466 657
393.479 676
393.493 670
393.506 675
393.519 666
393.532 668
393.546 672
393.559 675
393.572 666
393.585 675
393.598 668
393.612 678
393.625 667
393.638 684
393.651 677
393.664 674
393.678 665
393.691 665
393.704 665
393.717 665
393.730 676
393.744 667
393.757 662
393.770 674
393.783 662
393.796 679
393.810 674
393.823 673
393.836 668
393.849 654
393.863 669
393.876 664
393.889 663
393.902 667
393.915 669
393.929 672
