375.891 700
375.905 727
375.919 717
375.933 718
375.946 722
375.960 714
375.974 727
375.987 723
376.001 740
376.015 722
376.029 717
376.042 745
376.056 748
376.070 725
376.084 729
376.097 746
376.111 742
376.125 745
376.139 741
376.152 739
376.166 746
376.180 748
376.193 742
376.207 754
376.221 765
376.235 761
376.248 752
376.262 753
376.276 768
376.290 765
376.303 758
376.317 760
376.331 780
376.345 750
376.358 772
376.372 785
376.386 774
376.399 780
376.413 786
376.427 776
376.441 780
376.454 783
376.468 774
376.482 789
376.495 799
376.509 786
376.523 780
376.537 804
376.550 806
376.564 807
376.578 790
376.592 818
376.605 810
376.619 803
376.633 793
376.646 804
376.660 830
376.674 813
376.688 830
376.701 805
376.715 836
376.729 836
376.742 848
376.756 830
376.770 823
376.784 834
376.797 833
376.811 856
376.825 838
376.838 853
376.852 871
376.866 887
376.880 871
376.893 852
376.907 871
376.921 873
376.934 871
376.948 881
376.962 890
376.976 867
376.989 905
377.003 887
377.017 906
377.030 887
377.044 926
377.058 932
377.071 902
377.085 916
377.099 888
377.113 922
377.126 911
377.140 933
377.154 944
377.167 941
377.181 928
377.195 949
377.208 935
377.222 951
377.236 956
377.250 939
377.263 955
377.277 979
377.291 968
377.304 998
377.318 976
377.332 988
377.345 1008
377.359 971
377.373 966
377.387 1002
377.400 981
377.414 982
377.428 981
377.441 1006
377.455 1015
377.469 1030
377.482 1026
377.496 999
377.510 1022
377.524 1029
377.537 1012
377.551 1045
377.565 1020
377.578 1026
377.592 1022
377.606 1028
377.619 1049
377.633 1036
377.647 1024
377.660 1038
377.674 1006
377.688 1049
377.701 1038
377.715 1024
377.729 1077
377.743 1089
377.756 1043
377.770 1055
377.784 1064
377.797 1061
377.811 1068
377.825 1072
377.838 1054
377.852 1070
377.866 1080
377.879 1110
377.893 1103
377.907 1101
377.920 1095
377.934 1081
377.948 1084
377.961 1117
377.975 1087
377.989 1102
378.002 1108
378.016 1095
378.030 1101
378.044 1096
378.057 1120
378.071 1132
378.085 1136
378.098 1129
378.112 1108
378.126 1094
378.139 1119
378.153 1102
378.167 1122
378.180 1109
378.194 1109
378.208 1121
378.221 1141
378.235 1146
378.249 1111
378.262 1139
378.276 1118
378.290 1113
378.303 1129
378.317 1152
378.331 1177
378.344 1160
378.358 1144
378.372 1137
378.385 1172
378.399 1158
378.413 1162
378.426 1159
378.440 1177
378.454 1188
378.467 1184
378.481 1195
378.495 1144
378.508 1142
378.522 1144
378.536 1152
378.549 1167
378.563 1177
378.577 1169
378.590 1181
378.604 1206
378.618 1173
378.631 1222
378.645 1178
378.659 1182
378.672 1207
378.686 1202
378.700 1198
378.713 1220
378.727 1225
378.740 1181
378.754 1220
378.768 1212
378.781 1217
378.795 1232
378.809 1246
378.822 1233
378.836 1243
378.850 1239
378.863 1215
378.877 1274
378.891 1266
378.904 1279
378.918 1272
378.932 1238
378.945 1248
378.959 1254
378.973 1244
378.986 1260
379.000 1260
379.014 1287
379.027 1275
379.041 1291
379.054 1260
379.068 1266
379.082 1268
379.095 1283
379.109 1310
379.123 1307
379.136 1294
379.150 1303
379.164 1305
379.177 1286
379.191 1323
379.205 1327
379.218 1301
379.232 1316
379.245 1299
379.259 1309
379.273 1337
379.286 1322
379.300 1356
379.314 1350
379.327 1362
379.341 1329
379.355 1334
379.368 1362
379.382 1423
379.396 1407
379.409 1388
379.423 1403
379.436 1402
379.450 1421
379.464 1434
379.477 1433
379.491 1446
379.505 1443
379.518 1446
379.532 1426
379.546 1503
379.559 1470
379.573 1500
379.586 1457
379.600 1479
379.614 1500
379.627 1484
379.641 1519
379.655 1555
379.668 1535
379.682 1554
379.695 1564
379.709 1548
379.723 1602
379.736 1587
379.750 1619
379.764 1624
379.777 1643
379.791 1676
379.804 1642
379.818 1698
379.832 1668
379.845 1682
379.859 1676
379.873 1688
379.886 1700
379.900 1719
379.913 1732
379.927 1772
379.941 1790
379.954 1885
379.968 1887
379.982 1863
379.995 1871
380.009 1871
380.022 1919
380.036 1881
380.050 1958
380.063 1975
380.077 1998
380.090 2012
380.104 2009
380.118 2016
380.131 2076
380.145 2063
380.159 2107
380.172 2089
380.186 2175
380.199 2200
380.213 2183
380.227 2257
380.240 2270
380.254 2225
380.267 2283
380.281 2281
380.295 2373
380.308 2392
380.322 2388
380.336 2466
380.349 2492
380.363 2473
380.376 2543
380.390 2603
380.404 2573
380.417 2643
380.431 2609
380.444 2701
380.458 2672
380.472 2736
380.485 2779
380.499 2818
380.512 2813
380.526 2828
380.540 2898
380.553 2937
380.567 2967
380.580 2965
380.594 3053
380.608 3116
380.621 3138
380.635 3200
380.648 3227
380.662 3198
380.676 3289
380.689 3264
380.703 3353
380.716 3369
380.730 3384
380.744 3452
380.757 3507
380.771 3575
380.784 3690
380.798 3589
380.812 3759
380.825 3727
380.839 3754
380.852 3903
380.866 3950
380.880 3985
380.893 3962
380.907 4079
380.920 4134
380.934 4091
380.948 4163
380.961 4234
380.975 4258
380.988 4358
381.002 4423
381.015 4388
381.029 4459
381.043 4536
381.056 4575
381.070 4514
381.083 4608
381.097 4660
381.111 4757
381.124 4776
381.138 4890
381.151 4901
381.165 5054
381.179 4995
381.192 4973
381.206 4956
381.219 5065
381.233 5017
381.246 5090
381.260 5192
381.274 5234
381.287 5313
381.301 5307
381.314 5350
381.328 5396
381.341 5405
381.355 5493
381.369 5392
381.382 5537
381.396 5555
381.409 5670
381.423 5688
381.437 5885
381.450 5827
381.464 5875
381.477 6106
381.491 6086
381.504 6117
381.518 6013
381.532 5986
381.545 6152
381.559 6306
381.572 6358
381.586 6296
381.599 6443
381.613 6428
381.627 6528
381.640 6649
381.654 6593
381.667 6650
381.681 6683
381.694 6601
381.708 6505
381.722 6715
381.735 6587
381.749 6716
381.762 6720
381.776 6924
381.789 6816
381.803 6889
381.817 6856
381.830 6899
381.844 7037
381.857 7119
381.871 7134
381.884 7177
381.898 7129
381.911 7318
381.925 7353
381.939 7374
381.952 7417
381.966 7438
381.979 7635
381.993 7553
382.006 7699
382.020 7822
382.034 7735
382.047 7819
382.061 7894
382.074 7949
382.088 7869
382.101 8039
382.115 7968
382.128 8116
382.142 8246
382.156 8366
382.169 8424
382.183 8441
382.196 8484
382.210 8514
382.223 8528
382.237 8603
382.250 8600
382.264 8705
382.278 8768
382.291 8887
382.305 8898
382.318 9027
382.332 9157
382.345 9102
382.359 9147
382.372 9176
382.386 9302
382.399 9296
382.413 9403
382.427 9387
382.440 9495
382.454 9684
382.467 9684
382.481 9915
382.494 10234
382.508 10487
382.521 10474
382.535 10342
382.548 10436
382.562 10524
382.576 10529
382.589 10662
382.603 10732
382.616 10866
382.630 11034
382.643 11156
382.657 11323
382.670 11546
382.684 11449
382.697 11325
382.711 11439
382.724 11456
382.738 11691
382.752 11676
382.765 11809
382.779 11868
382.792 12030
382.806 12239
382.819 12345
382.833 12521
382.846 12758
382.860 12822
382.873 12819
382.887 13013
382.900 13256
382.914 13437
382.928 13785
382.941 13827
382.955 13928
382.968 14188
382.982 14374
382.995 14505
383.009 14475
383.022 14756
383.036 15072
383.049 15179
383.063 15210
383.076 15444
383.090 15388
383.103 15385
383.117 15639
383.130 15671
383.144 15898
383.158 16110
383.171 16301
383.185 16268
383.198 16750
383.212 17137
383.225 17261
383.239 17642
383.252 17923
383.266 17972
383.279 18148
383.293 18355
383.306 18638
383.320 18961
383.333 18935
383.347 19323
383.360 19382
383.374 19050
383.387 19528
383.401 19795
383.414 20061
383.428 20000
383.441 20143
383.455 20290
383.468 20274
383.482 20430
383.496 20697
383.509 20830
383.523 21068
383.536 21166
383.550 21148
383.563 21463
383.577 21436
383.590 21686
383.604 21722
383.617 21826
383.631 21824
383.644 22000
383.658 22069
383.671 22374
383.685 22498
383.698 22881
383.712 22978
383.725 23257
383.739 23106
383.752 22921
383.766 22904
383.779 23168
383.793 23160
383.806 23224
383.820 23522
383.833 23699
383.847 23520
383.860 23822
383.874 24034
383.887 24043
383.901 23982
383.914 23999
383.928 24167
383.941 24111
383.955 24141
383.968 24179
383.982 24345
383.995 24374
384.009 24533
384.022 24582
384.036 24478
384.049 24569
384.063 24887
384.076 25569
384.090 25650
384.103 25806
384.117 26124
384.130 25645
384.144 25166
384.157 24885
384.171 24931
384.184 24999
384.198 24792
384.211 24818
384.225 24804
384.238 25427
384.252 25788
384.265 25574
384.279 25432
384.292 25151
384.306 25166
384.319 24824
384.333 24346
384.346 24274
384.360 23905
384.373 23677
384.387 23624
384.400 23305
384.414 23244
384.427 23142
384.441 22648
384.454 22262
384.468 21999
384.481 21707
384.495 21621
384.508 21065
384.522 20735
384.535 20198
384.549 19982
384.562 19383
384.575 19125
384.589 18774
384.602 18603
384.616 18099
384.629 17631
384.643 17049
384.656 16534
384.670 15961
384.683 15257
384.697 14894
384.710 14360
384.724 13834
384.737 13434
384.751 13220
384.764 12673
384.778 12229
384.791 12002
384.805 11645
384.818 11157
384.832 10754
384.845 10421
384.859 10126
384.872 9791
384.885 9451
384.899 9201
384.912 8930
384.926 8618
384.939 8382
384.953 8144
384.966 7867
384.980 7732
384.993 7528
385.007 7221
385.020 7014
385.034 6891
385.047 6728
385.061 6473
385.074 6247
385.088 6247
385.101 6081
385.114 5829
385.128 5739
385.141 5681
385.155 5571
385.168 5545
385.182 5453
385.195 5457
385.209 5333
385.222 5175
385.236 5017
385.249 4987
385.263 4918
385.276 4811
385.290 4796
385.303 4652
385.316 4553
385.330 4536
385.343 4546
385.357 4492
385.370 4333
385.384 4234
385.397 4148
385.411 4136
385.424 4065
385.438 4071
385.451 3984
385.464 3911
385.478 3894
385.491 3933
385.505 3784
385.518 3766
385.532 3804
385.545 3696
385.559 3626
385.572 3518
385.586 3511
385.599 3505
385.612 3520
385.626 3462
385.639 3419
385.653 3407
385.666 3422
385.680 3364
385.693 3353
385.707 3242
385.720 3250
385.734 3255
385.747 3201
385.760 3118
385.774 3083
385.787 3086
385.801 3020
385.814 2998
385.828 3001
385.841 2953
385.855 2940
385.868 2919
385.881 2896
385.895 2886
385.908 2902
385.922 2863
385.935 2820
385.949 2786
385.962 2745
385.976 2795
385.989 2732
386.002 2702
386.016 2772
386.029 2719
386.043 2689
386.056 2686
386.070 2652
386.083 2611
386.097 2624
386.110 2585
386.123 2595
386.137 2609
386.150 2566
386.164 2561
386.177 2557
386.191 2535
386.204 2458
386.217 2491
386.231 2484
386.244 2448
386.258 2428
386.271 2443
386.285 2445
386.298 2400
386.311 2411
386.325 2353
386.338 2386
386.352 2384
386.365 2360
386.379 2362
386.392 2353
386.405 2316
386.419 2241
386.432 2276
386.446 2265
386.459 2314
386.473 2260
386.486 2241
386.499 2228
386.513 2247
386.526 2252
386.540 2183
386.553 2180
386.567 2143
386.580 2190
386.593 2180
386.607 2134
386.620 2155
386.634 2173
386.647 2148
386.661 2132
386.674 2116
386.687 2104
386.701 2096
386.714 2077
386.728 2057
386.741 2068
386.754 2030
386.768 2062
386.781 2070
386.795 2014
386.808 2006
386.822 1978
386.835 1965
386.848 1958
386.862 1923
386.875 1897
386.889 1956
386.902 1898
386.915 1914
386.929 1936
386.942 1906
386.956 1849
386.969 1858
386.983 1866
386.996 1849
387.009 1857
387.023 1828
387.036 1818
387.050 1832
387.063 1764
387.076 1728
387.090 1794
387.103 1827
387.117 1803
387.130 1782
387.143 1769
387.157 1771
387.170 1749
387.184 1731
387.197 1780
387.210 1777
387.224 1710
387.237 1708
387.251 1664
387.264 1679
387.278 1694
387.291 1653
387.304 1698
387.318 1671
387.331 1661
387.345 1673
387.358 1631
387.371 1635
387.385 1623
387.398 1630
387.412 1553
387.425 1572
387.438 1571
387.452 1539
387.465 1536
387.478 1516
387.492 1518
387.505 1520
387.519 1537
387.532 1531
387.545 1540
387.559 1535
387.572 1488
387.586 1494
387.599 1473
387.612 1476
387.626 1489
387.639 1501
387.653 1439
387.666 1432
387.679 1421
387.693 1387
387.706 1403
387.720 1385
387.733 1395
387.746 1373
387.760 1399
387.773 1394
387.787 1360
387.800 1355
387.813 1380
387.827 1349
387.840 1305
387.853 1360
387.867 1313
387.880 1331
387.894 1352
387.907 1325
387.920 1310
387.934 1315
387.947 1309
387.961 1298
387.974 1299
387.987 1248
388.001 1278
388.014 1240
388.027 1241
388.041 1249
388.054 1229
388.068 1236
388.081 1234
388.094 1227
388.108 1238
388.121 1220
388.134 1221
388.148 1222
388.161 1181
388.175 1133
388.188 1157
388.201 1142
388.215 1159
388.228 1161
388.241 1165
388.255 1167
388.268 1163
388.282 1192
388.295 1154
388.308 1170
388.322 1142
388.335 1152
388.348 1143
388.362 1114
388.375 1143
388.389 1159
388.402 1140
388.415 1132
388.429 1142
388.442 1156
388.455 1131
388.469 1115
388.482 1118
388.495 1124
388.509 1144
388.522 1139
388.536 1170
388.549 1143
388.562 1124
388.576 1123
388.589 1135
388.602 1148
388.616 1132
388.629 1101
388.642 1105
388.656 1103
388.669 1119
388.683 1122
388.696 1088
388.709 1117
388.723 1098
388.736 1111
388.749 1106
388.763 1127
388.776 1090
388.789 1070
388.803 1109
388.816 1104
388.829 1074
388.843 1088
388.856 1108
388.870 1083
388.883 1105
388.896 1086
388.910 1098
388.923 1075
388.936 1073
388.950 1078
388.963 1037
388.976 1079
388.990 1088
389.003 1062
389.016 1092
389.030 1091
389.043 1086
389.056 1088
389.070 1084
389.083 1066
389.097 1069
389.110 1065
389.123 1100
389.137 1034
389.150 1038
389.163 1061
389.177 1040
389.190 1088
389.203 1061
389.217 1073
389.230 1026
389.243 1052
389.257 1043
389.270 1074
389.283 1060
389.297 1037
389.310 1072
389.323 1058
389.337 1074
389.350 1052
389.363 1058
389.377 1038
389.390 1036
389.403 1047
389.417 1063
389.430 1059
389.443 1039
389.457 1056
389.470 1016
389.483 1041
389.497 1058
389.510 1047
389.523 1040
389.537 1046
389.550 1056
389.563 1048
389.577 1016
389.590 1042
389.603 1045
389.617 1024
389.630 1015
389.643 1028
389.657 1023
389.670 1047
389.683 1030
389.697 1032
389.710 994
389.723 1029
389.737 1017
389.750 1011
389.763 1016
389.777 1022
389.790 981
389.803 994
389.817 999
389.830 996
389.843 999
389.857 995
389.870 987
389.883 976
389.897 988
389.910 984
389.923 995
389.937 996
389.950 976
389.963 996
389.977 1001
389.990 985
390.003 993
390.017 969
390.030 988
390.043 968
390.057 956
390.070 971
390.083 926
390.096 968
390.110 970
390.123 935
390.136 948
390.150 933
390.163 957
390.176 941
390.190 924
390.203 932
390.216 922
390.230 919
390.243 919
390.256 909
390.270 916
390.283 923
390.296 934
390.310 919
390.323 906
390.336 890
390.349 896
390.363 888
390.376 909
390.389 899
390.403 873
390.416 908
390.429 878
390.443 896
390.456 886
390.469 881
390.483 896
390.496 881
390.509 855
390.522 862
390.536 835
390.549 864
390.562 856
390.576 860
390.589 882
390.602 847
390.616 854
390.629 858
390.642 835
390.655 824
390.669 835
390.682 838
390.695 826
390.709 817
390.722 816
390.735 826
390.749 828
390.762 811
390.775 806
390.788 812
390.802 786
390.815 803
390.828 811
390.842 794
390.855 796
390.868 792
390.882 800
390.895 783
390.908 791
390.921 802
390.935 779
390.948 784
390.961 767
390.975 766
390.988 765
391.001 766
391.014 774
391.028 759
391.041 773
391.054 765
391.068 763
391.081 746
391.094 762
391.107 753
391.121 748
391.134 753
391.147 762
391.161 737
391.174 761
391.187 751
391.200 752
391.214 747
391.227 749
391.240 729
391.254 743
391.267 738
391.280 725
391.293 742
391.307 755
391.320 731
391.333 710
391.347 738
391.360 728
391.373 702
391.386 729
391.400 723
391.413 738
391.426 725
391.440 728
391.453 732
391.466 713
391.479 733
391.493 731
391.506 720
391.519 728
391.532 724
391.546 724
391.559 715
391.572 732
391.586 697
391.599 713
391.612 700
391.625 713
391.639 715
391.652 720
391.665 717
391.678 705
391.692 717
391.705 710
391.718 706
391.732 717
391.745 709
391.758 714
391.771 709
391.785 720
391.798 695
391.811 703
391.824 713
391.838 702
391.851 702
391.864 705
391.877 711
391.891 716
391.904 704
391.917 712
391.931 708
391.944 711
391.957 715
391.970 703
391.984 700
391.997 708
392.010 696
392.023 698
392.037 705
392.050 708
392.063 688
392.076 702
392.090 690
392.103 699
392.116 702
392.129 696
392.143 700
392.156 696
392.169 703
392.182 681
392.196 691
392.209 700
392.222 693
392.235 684
392.249 689
392.262 699
392.275 691
392.288 694
392.302 694
392.315 704
392.328 687
392.341 687
392.355 689
392.368 684
392.381 704
392.394 694
392.408 689
392.421 703
392.434 702
392.447 688
392.461 687
392.474 685
392.487 688
392.500 692
392.514 694
392.527 686
392.540 687
392.553 702
392.567 692
392.580 686
392.593 695
392.606 688
392.620 682
392.633 697
392.646 684
392.659 679
392.673 689
392.686 684
392.699 681
392.712 668
392.726 692
392.739 686
392.752 695
392.765 682
392.778 680
392.792 678
392.805 679
392.818 696
392.831 680
392.845 689
392.858 687
392.871 687
392.884 683
392.898 678
392.911 685
392.924 689
392.937 681
392.951 684
392.964 671
392.977 690
392.990 690
393.003 670
393.017 676
393.030 693
393.043 687
393.056 689
393.070 684
393.083 683
393.096 675
393.109 681
393.122 692
393.136 675
393.149 679
393.162 669
393.175 678
393.189 677
393.202 681
393.215 678
393.228 678
393.242 676
393.255 675
393.268 677
393.281 679
393.294 683
393.308 665
393.321 670
393.334 677
393.347 670
393.360 680
393.374 674
393.387 675
393.400 670
393.413 674
393.427 677
393.440 661
393.453 676
393.466 663
393.479 667
393.493 669
393.506 687
393.519 683
393.532 673
393.546 676
393.559 669
393.572 683
393.585 677
393.598 665
393.612 673
393.625 670
393.638 674
393.651 668
393.664 678
393.678 674
393.691 656
393.704 684
393.717 678
393.730 673
393.744 668
393.757 674
393.770 677
393.783 670
393.796 682
393.810 668
393.823 661
393.836 673
393.849 674
393.863 672
393.876 672
393.889 676
393.902 659
393.915 678
393.929 680
