375.891 718
375.905 715
375.919 728
375.933 735
375.946 723
375.960 743
375.974 722
375.987 734
376.001 727
376.015 719
376.029 727
376.042 733
376.056 748
376.070 733
376.084 733
376.097 744
376.111 756
376.125 739
376.139 755
376.152 756
376.166 754
376.180 758
376.193 763
376.207 772
376.221 765
376.235 781
376.248 758
376.262 750
376.276 758
376.290 757
376.303 772
376.317 767
376.331 771
376.345 770
376.358 792
376.372 774
376.386 780
376.399 785
376.413 781
376.427 793
376.441 787
376.454 801
376.468 777
376.482 804
376.495 793
376.509 797
376.523 798
376.537 792
376.550 808
376.564 804
376.578 813
376.592 829
376.605 836
376.619 821
376.633 817
376.646 841
376.660 834
376.674 834
376.688 837
376.701 845
376.715 831
376.729 848
376.742 834
376.756 838
376.770 839
376.784 850
376.797 853
376.811 857
376.825 869
376.838 877
376.852 876
376.866 879
376.880 872
376.893 883
376.907 875
376.921 883
376.934 868
376.948 888
376.962 915
376.976 888
376.989 903
377.003 904
377.017 905
377.030 927
377.044 931
377.058 926
377.071 928
377.085 932
377.099 911
377.113 938
377.126 932
377.140 935
377.154 932
377.167 945
377.181 937
377.195 960
377.208 941
377.222 962
377.236 961
377.250 969
377.263 975
377.277 969
377.291 1019
377.304 994
377.318 997
377.332 991
377.345 990
377.359 981
377.373 991
377.387 1025
377.400 1025
377.414 1006
377.428 1033
377.441 1022
377.455 1019
377.469 1033
377.482 1008
377.496 1046
377.510 1022
377.524 1028
377.537 1047
377.551 1045
377.565 1039
377.578 1045
377.592 1033
377.606 1058
377.619 1056
377.633 1056
377.647 1074
377.660 1062
377.674 1066
377.688 1060
377.701 1067
377.715 1043
377.729 1072
377.743 1098
377.756 1084
377.770 1098
377.784 1095
377.797 1101
377.811 1078
377.825 1059
377.838 1124
377.852 1075
377.866 1097
377.879 1116
377.893 1093
377.907 1107
377.920 1124
377.934 1102
377.948 1113
377.961 1126
377.975 1125
377.989 1100
378.002 1130
378.016 1109
378.030 1103
378.044 1124
378.057 1168
378.071 1145
378.085 1134
378.098 1125
378.112 1160
378.126 1138
378.139 1157
378.153 1120
378.167 1123
378.180 1145
378.194 1151
378.208 1157
378.221 1155
378.235 1176
378.249 1140
378.262 1144
378.276 1147
378.290 1164
378.303 1158
378.317 1156
378.331 1143
378.344 1161
378.358 1173
378.372 1183
378.385 1162
378.399 1197
378.413 1197
378.426 1183
378.440 1202
378.454 1210
378.467 1178
378.481 1170
378.495 1205
378.508 1195
378.522 1182
378.536 1210
378.549 1209
378.563 1213
378.577 1249
378.590 1218
378.604 1230
378.618 1222
378.631 1235
378.645 1237
378.659 1235
378.672 1240
378.686 1234
378.700 1268
378.713 1266
378.727 1220
378.740 1246
378.754 1239
378.768 1243
378.781 1264
378.795 1259
378.809 1262
378.822 1280
378.836 1234
378.850 1248
378.863 1231
378.877 1274
378.891 1302
378.904 1292
378.918 1275
378.932 1291
378.945 1285
378.959 1257
378.973 1251
378.986 1278
379.000 1286
379.014 1315
379.027 1293
379.041 1284
379.054 1285
379.068 1316
379.082 1308
379.095 1321
379.109 1297
379.123 1318
379.136 1317
379.150 1326
379.164 1341
379.177 1355
379.191 1309
379.205 1361
379.218 1340
379.232 1366
379.245 1344
379.259 1332
379.273 1373
379.286 1378
379.300 1376
379.314 1396
379.327 1380
379.341 1396
379.355 1407
379.368 1385
379.382 1418
379.396 1398
379.409 1437
379.423 1422
379.436 1424
379.450 1444
379.464 1499
379.477 1463
379.491 1434
379.505 1472
379.518 1472
379.532 1470
379.546 1488
379.559 1513
379.573 1520
379.586 1520
379.600 1546
379.614 1534
379.627 1571
379.641 1577
379.655 1601
379.668 1595
379.682 1603
379.695 1600
379.709 1616
379.723 1570
379.736 1643
379.750 1648
379.764 1680
379.777 1704
379.791 1689
379.804 1736
379.818 1751
379.832 1721
379.845 1731
379.859 1728
379.873 1753
379.886 1743
379.900 1818
379.913 1788
379.927 1813
379.941 1824
379.954 1891
379.968 1934
379.982 1883
379.995 1932
380.009 1926
380.022 1972
380.036 1946
380.050 2009
380.063 2015
380.077 2026
380.090 2106
380.104 2075
380.118 2085
380.131 2086
380.145 2172
380.159 2199
380.172 2223
380.186 2202
380.199 2263
380.213 2305
380.227 2376
380.240 2379
380.254 2357
380.267 2368
380.281 2496
380.295 2436
380.308 2458
380.322 2539
380.336 2477
380.349 2585
380.363 2625
380.376 2603
380.390 2667
380.404 2723
380.417 2728
380.431 2789
380.444 2805
380.458 2793
380.472 2850
380.485 2877
380.499 2948
380.512 2902
380.526 2965
380.540 3005
380.553 3022
380.567 3061
380.580 3165
380.594 3186
380.608 3210
380.621 3265
380.635 3253
380.648 3318
380.662 3331
380.676 3360
380.689 3466
380.703 3476
380.716 3461
380.730 3610
380.744 3626
380.757 3684
380.771 3725
380.784 3764
380.798 3823
380.812 3790
380.825 3884
380.839 3927
380.852 3977
380.866 4103
380.880 4101
380.893 4164
380.907 4184
380.920 4232
380.934 4200
380.948 4383
380.961 4402
380.975 4498
380.988 4539
381.002 4514
381.015 4491
381.029 4620
381.043 4718
381.056 4780
381.070 4773
381.083 4807
381.097 4932
381.111 4817
381.124 5010
381.138 5072
381.151 5052
381.165 5136
381.179 5300
381.192 5215
381.206 5191
381.219 5217
381.233 5313
381.246 5291
381.260 5433
381.274 5483
381.287 5472
381.301 5560
381.314 5666
381.328 5638
381.341 5697
381.355 5687
381.369 5840
381.382 5854
381.396 5866
381.409 5950
381.423 5993
381.437 6127
381.450 6199
381.464 6142
381.477 6418
381.491 6425
381.504 6440
381.518 6427
381.532 6407
381.545 6421
381.559 6632
381.572 6707
381.586 6738
381.599 6853
381.613 6876
381.627 6938
381.640 6995
381.654 6983
381.667 6992
381.681 7169
381.694 7213
381.708 7000
381.722 6994
381.735 7026
381.749 7157
381.762 7182
381.776 7240
381.789 7275
381.803 7286
381.817 7224
381.830 7410
381.844 7401
381.857 7547
381.871 7550
381.884 7704
381.898 7670
381.911 7575
381.925 7800
381.939 7883
381.952 8007
381.966 7895
381.979 7972
381.993 8109
382.006 8202
382.020 8348
382.034 8215
382.047 8304
382.061 8374
382.074 8370
382.088 8510
382.101 8540
382.115 8549
382.128 8659
382.142 8794
382.156 8843
382.169 8948
382.183 8749
382.196 8954
382.210 9101
382.223 9138
382.237 9233
382.250 9344
382.264 9317
382.278 9360
382.291 9516
382.305 9567
382.318 9586
382.332 9798
382.345 9678
382.359 9851
382.372 9844
382.386 10042
382.399 9994
382.413 10161
382.427 10109
382.440 10274
382.454 10482
382.467 10473
382.481 10756
382.494 10901
382.508 11374
382.521 11227
382.535 11320
382.548 11290
382.562 11363
382.576 11449
382.589 11483
382.603 11570
382.616 11793
382.630 11849
382.643 12038
382.657 12118
382.670 12406
382.684 12386
382.697 12249
382.711 12408
382.724 12522
382.738 12646
382.752 12574
382.765 12818
382.779 12967
382.792 13110
382.806 13366
382.819 13550
382.833 13515
382.846 13714
382.860 13846
382.873 14123
382.887 14135
382.900 14383
382.914 14583
382.928 14807
382.941 15136
382.955 15221
382.968 15454
382.982 15711
382.995 15825
383.009 15979
383.022 15908
383.036 16146
383.049 16474
383.063 16722
383.076 16663
383.090 16758
383.103 16911
383.117 16949
383.130 17167
383.144 17388
383.158 17617
383.171 17821
383.185 17868
383.198 18223
383.212 18510
383.225 18752
383.239 19397
383.252 19905
383.266 19855
383.279 20121
383.293 20090
383.306 20215
383.320 20508
383.333 20985
383.347 21286
383.360 21050
383.374 21166
383.387 21628
383.401 21748
383.414 21796
383.428 21927
383.441 21979
383.455 22324
383.468 22007
383.482 22335
383.496 22775
383.509 22887
383.523 22991
383.536 22993
383.550 23119
383.563 23473
383.577 23538
383.590 23862
383.604 23928
383.617 24080
383.631 24044
383.644 24115
383.658 24458
383.671 24579
383.685 24714
383.698 25212
383.712 25522
383.725 25650
383.739 25555
383.752 25498
383.766 25321
383.779 25433
383.793 25601
383.806 25788
383.820 26078
383.833 26099
383.847 26009
383.860 26318
383.874 26422
383.887 26319
383.901 26607
383.914 26365
383.928 26586
383.941 26672
383.955 26827
383.968 26864
383.982 27026
383.995 27057
384.009 27170
384.022 27286
384.036 27296
384.049 27321
384.063 27788
384.076 28318
384.090 28481
384.103 28776
384.117 28646
384.130 28736
384.144 27998
384.157 28053
384.171 27845
384.184 27846
384.198 27888
384.211 27819
384.225 27776
384.238 28507
384.252 28769
384.265 28752
384.279 28678
384.292 28291
384.306 28461
384.319 28118
384.333 27578
384.346 27114
384.360 26767
384.373 26644
384.387 26712
384.400 26273
384.414 26240
384.427 25732
384.441 25567
384.454 25312
384.468 24700
384.481 24397
384.495 24130
384.508 23838
384.522 23491
384.535 22819
384.549 22464
384.562 21859
384.575 21407
384.589 20965
384.602 20868
384.616 20399
384.629 19793
384.643 19191
384.656 18581
384.670 17643
384.683 17073
384.697 16668
384.710 16034
384.724 15531
384.737 14845
384.751 14591
384.764 14128
384.778 13787
384.791 13250
384.805 12889
384.818 12386
384.832 11873
384.845 11467
384.859 11025
384.872 10681
384.885 10352
384.899 10021
384.912 9711
384.926 9402
384.939 9059
384.953 8872
384.966 8585
384.980 8372
384.993 8070
385.007 7848
385.020 7647
385.034 7358
385.047 7034
385.061 6965
385.074 6677
385.088 6595
385.101 6429
385.114 6363
385.128 6181
385.141 6055
385.155 6019
385.168 5935
385.182 5788
385.195 5661
385.209 5627
385.222 5500
385.236 5465
385.249 5407
385.263 5285
385.276 5132
385.290 5038
385.303 5031
385.316 4917
385.330 4834
385.343 4834
385.357 4802
385.370 4591
385.384 4573
385.397 4456
385.411 4520
385.424 4394
385.438 4255
385.451 4265
385.464 4275
385.478 4185
385.491 4111
385.505 4101
385.518 4142
385.532 4009
385.545 3852
385.559 3874
385.572 3833
385.586 3878
385.599 3784
385.612 3762
385.626 3743
385.639 3649
385.653 3657
385.666 3630
385.680 3616
385.693 3534
385.707 3528
385.720 3522
385.734 3535
385.747 3402
385.760 3326
385.774 3315
385.787 3349
385.801 3261
385.814 3202
385.828 3145
385.841 3150
385.855 3134
385.868 3131
385.881 3170
385.895 3024
385.908 3055
385.922 3057
385.935 3072
385.949 2964
385.962 2970
385.976 2906
385.989 2836
386.002 2987
386.016 2878
386.029 2862
386.043 2822
386.056 2808
386.070 2778
386.083 2775
386.097 2789
386.110 2792
386.123 2751
386.137 2809
386.150 2806
386.164 2751
386.177 2690
386.191 2694
386.204 2683
386.217 2622
386.231 2645
386.244 2612
386.258 2631
386.271 2551
386.285 2620
386.298 2569
386.311 2611
386.325 2609
386.338 2529
386.352 2521
386.365 2494
386.379 2497
386.392 2491
386.405 2453
386.419 2418
386.432 2407
386.446 2485
386.459 2479
386.473 2411
386.486 2369
386.499 2338
386.513 2345
386.526 2365
386.540 2341
386.553 2269
386.567 2276
386.580 2291
386.593 2298
386.607 2344
386.620 2260
386.634 2269
386.647 2311
386.661 2242
386.674 2267
386.687 2226
386.701 2223
386.714 2191
386.728 2214
386.741 2163
386.754 2160
386.768 2181
386.781 2166
386.795 2182
386.808 2111
386.822 2157
386.835 2082
386.848 2038
386.862 2088
386.875 2062
386.889 2042
386.902 2053
386.915 2095
386.929 2052
386.942 1991
386.956 2021
386.969 1951
386.983 1996
386.996 1950
387.009 1992
387.023 1947
387.036 1972
387.050 1899
387.063 1933
387.076 1906
387.090 1886
387.103 1856
387.117 1867
387.130 1876
387.143 1851
387.157 1915
387.170 1869
387.184 1813
387.197 1813
387.210 1858
387.224 1854
387.237 1770
387.251 1814
387.264 1772
387.278 1792
387.291 1743
387.304 1752
387.318 1776
387.331 1756
387.345 1757
387.358 1721
387.371 1731
387.385 1709
387.398 1721
387.412 1680
387.425 1664
387.438 1628
387.452 1653
387.465 1627
387.478 1612
387.492 1556
387.505 1587
387.519 1628
387.532 1628
387.545 1619
387.559 1626
387.572 1578
387.586 1580
387.599 1555
387.612 1545
387.626 1547
387.639 1541
387.653 1548
387.666 1478
387.679 1461
387.693 1457
387.706 1464
387.720 1493
387.733 1509
387.746 1495
387.760 1459
387.773 1459
387.787 1454
387.800 1437
387.813 1449
387.827 1443
387.840 1438
387.853 1405
387.867 1385
387.880 1410
387.894 1440
387.907 1382
387.920 1367
387.934 1408
387.947 1328
387.961 1344
387.974 1362
387.987 1342
388.001 1346
388.014 1323
388.027 1296
388.041 1275
388.054 1284
388.068 1278
388.081 1316
388.094 1300
388.108 1296
388.121 1300
388.134 1244
388.148 1276
388.161 1262
388.175 1268
388.188 1212
388.201 1220
388.215 1212
388.228 1186
388.241 1217
388.255 1219
388.268 1218
388.282 1216
388.295 1227
388.308 1212
388.322 1179
388.335 1196
388.348 1203
388.362 1201
388.375 1214
388.389 1205
388.402 1221
388.415 1189
388.429 1190
388.442 1152
388.455 1170
388.469 1190
388.482 1170
388.495 1187
388.509 1227
388.522 1199
388.536 1179
388.549 1175
388.562 1175
388.576 1144
388.589 1182
388.602 1189
388.616 1166
388.629 1154
388.642 1130
388.656 1137
388.669 1161
388.683 1193
388.696 1147
388.709 1170
388.723 1149
388.736 1144
388.749 1172
388.763 1143
388.776 1114
388.789 1112
388.803 1132
388.816 1132
388.829 1117
388.843 1122
388.856 1142
388.870 1115
388.883 1131
388.896 1123
388.910 1129
388.923 1141
388.936 1126
388.950 1129
388.963 1092
388.976 1094
388.990 1111
389.003 1118
389.016 1125
389.030 1119
389.043 1084
389.056 1138
389.070 1117
389.083 1118
389.097 1123
389.110 1141
389.123 1104
389.137 1101
389.150 1100
389.163 1114
389.177 1119
389.190 1087
389.203 1088
389.217 1096
389.230 1111
389.243 1100
389.257 1066
389.270 1095
389.283 1084
389.297 1112
389.310 1109
389.323 1069
389.337 1077
389.350 1092
389.363 1088
389.377 1078
389.390 1097
389.403 1083
389.417 1100
389.430 1070
389.443 1089
389.457 1072
389.470 1075
389.483 1110
389.497 1069
389.510 1074
389.523 1094
389.537 1050
389.550 1088
389.563 1076
389.577 1065
389.590 1085
389.603 1064
389.617 1066
389.630 1065
389.643 1071
389.657 1063
389.670 1078
389.683 1030
389.697 1025
389.710 1045
389.723 1040
389.737 1064
389.750 1032
389.763 1041
389.777 1034
389.790 1058
389.803 1039
389.817 1036
389.830 1027
389.843 1003
389.857 1026
389.870 999
389.883 1004
389.897 1006
389.910 1010
389.923 1021
389.937 1009
389.950 1020
389.963 1017
389.977 1023
389.990 1024
390.003 1001
390.017 1009
390.030 1012
390.043 996
390.057 1018
390.070 998
390.083 977
390.096 971
390.110 982
390.123 963
390.136 962
390.150 968
390.163 980
390.176 954
390.190 966
390.203 952
390.216 934
390.230 945
390.243 954
390.256 930
390.270 935
390.283 959
390.296 926
390.310 935
390.323 950
390.336 943
390.349 913
390.363 942
390.376 934
390.389 953
390.403 928
390.416 922
390.429 912
390.443 915
390.456 911
390.469 907
390.483 904
390.496 906
390.509 888
390.522 866
390.536 868
390.549 878
390.562 897
390.576 878
390.589 896
390.602 889
390.616 860
390.629 866
390.642 858
390.655 849
390.669 866
390.682 850
390.695 848
390.709 830
390.722 855
390.735 830
390.749 834
390.762 836
390.775 827
390.788 824
390.802 846
390.815 816
390.828 813
390.842 820
390.855 815
390.868 811
390.882 800
390.895 805
390.908 797
390.921 804
390.935 790
390.948 786
390.961 799
390.975 795
390.988 788
391.001 794
391.014 799
391.028 783
391.041 791
391.054 775
391.068 780
391.081 777
391.094 779
391.107 784
391.121 761
391.134 773
391.147 768
391.161 755
391.174 752
391.187 766
391.200 762
391.214 764
391.227 764
391.240 746
391.254 752
391.267 757
391.280 759
391.293 735
391.307 757
391.320 746
391.333 740
391.347 751
391.360 743
391.373 738
391.386 739
391.400 738
391.413 748
391.426 730
391.440 744
391.453 738
391.466 739
391.479 734
391.493 727
391.506 732
391.519 708
391.532 733
391.546 740
391.559 724
391.572 734
391.586 729
391.599 721
391.612 731
391.625 723
391.639 712
391.652 715
391.665 734
391.678 720
391.692 727
391.705 741
391.718 719
391.732 714
391.745 724
391.758 716
391.771 720
391.785 715
391.798 716
391.811 717
391.824 719
391.838 727
391.851 724
391.864 723
391.877 712
391.891 702
391.904 706
391.917 716
391.931 709
391.944 709
391.957 706
391.970 708
391.984 707
391.997 714
392.010 710
392.023 706
392.037 708
392.050 716
392.063 703
392.076 700
392.090 713
392.103 706
392.116 706
392.129 704
392.143 707
392.156 709
392.169 715
392.182 705
392.196 700
392.209 711
392.222 708
392.235 691
392.249 691
392.262 700
392.275 683
392.288 695
392.302 704
392.315 705
392.328 713
392.341 699
392.355 714
392.368 698
392.381 704
392.394 701
392.408 687
392.421 701
392.434 706
392.447 703
392.461 700
392.474 706
392.487 703
392.500 684
392.514 704
392.527 689
392.540 697
392.553 702
392.567 683
392.580 692
392.593 701
392.606 695
392.620 690
392.633 696
392.646 691
392.659 692
392.673 688
392.686 694
392.699 692
392.712 706
392.726 687
392.739 693
392.752 694
392.765 682
392.778 691
392.792 691
392.805 699
392.818 690
392.831 682
392.845 687
392.858 690
392.871 698
392.884 687
392.898 698
392.911 688
392.924 691
392.937 697
392.951 690
392.964 683
392.977 695
392.990 682
393.003 681
393.017 696
393.030 695
393.043 701
393.056 674
393.070 699
393.083 680
393.096 692
393.109 680
393.122 687
393.136 680
393.149 678
393.162 688
393.175 674
393.189 688
393.202 689
393.215 693
393.228 683
393.242 689
393.255 678
393.268 684
393.281 679
393.294 679
393.308 687
393.321 690
393.334 681
393.347 673
393.360 685
393.374 677
393.387 681
393.400 681
393.413 678
393.427 682
393.440 676
393.453 675
393.466 676
393.479 683
393.493 676
393.506 682
393.519 674
393.532 681
393.546 692
393.559 669
393.572 683
393.585 679
393.598 682
393.612 670
393.625 681
393.638 677
393.651 679
393.664 683
393.678 677
393.691 674
393.704 678
393.717 679
393.730 673
393.744 683
393.757 676
393.770 670
393.783 679
393.796 685
393.810 681
393.823 666
393.836 678
393.849 666
393.863 677
393.876 670
393.889 676
393.902 672
393.915 670
393.929 680
