375.891 720
375.905 726
375.919 743
375.933 725
375.946 741
375.960 742
375.974 741
375.987 752
376.001 734
376.015 737
376.029 757
376.042 741
376.056 745
376.070 742
376.084 754
376.097 752
376.111 747
376.125 767
376.139 776
376.152 761
376.166 775
376.180 770
376.193 777
376.207 773
376.221 775
376.235 779
376.248 763
376.262 778
376.276 781
376.290 791
376.303 781
376.317 771
376.331 780
376.345 795
376.358 798
376.372 779
376.386 800
376.399 799
376.413 809
376.427 810
376.441 811
376.454 806
376.468 826
376.482 812
376.495 815
376.509 822
376.523 812
376.537 826
376.550 826
376.564 832
376.578 825
376.592 837
376.605 840
376.619 830
376.633 838
376.646 854
376.660 835
376.674 834
376.688 850
376.701 855
376.715 848
376.729 861
376.742 867
376.756 870
376.770 851
376.784 880
376.797 871
376.811 882
376.825 891
376.838 904
376.852 889
376.866 901
376.880 903
376.893 879
376.907 914
376.921 896
376.934 922
376.948 917
376.962 914
376.976 915
376.989 910
377.003 928
377.017 931
377.030 952
377.044 951
377.058 964
377.071 959
377.085 915
377.099 953
377.113 966
377.126 965
377.140 956
377.154 954
377.167 984
377.181 981
377.195 973
377.208 992
377.222 990
377.236 1010
377.250 982
377.263 1019
377.277 1018
377.291 1016
377.304 1015
377.318 1016
377.332 1004
377.345 1038
377.359 1004
377.373 1015
377.387 999
377.400 1031
377.414 1014
377.428 1049
377.441 1042
377.455 1049
377.469 1054
377.482 1074
377.496 1050
377.510 1064
377.524 1061
377.537 1091
377.551 1099
377.565 1069
377.578 1095
377.592 1083
377.606 1096
377.619 1068
377.633 1084
377.647 1081
377.660 1074
377.674 1096
377.688 1097
377.701 1095
377.715 1107
377.729 1096
377.743 1110
377.756 1122
377.770 1119
377.784 1129
377.797 1123
377.811 1126
377.825 1106
377.838 1126
377.852 1127
377.866 1129
377.879 1134
377.893 1151
377.907 1151
377.920 1141
377.934 1128
377.948 1124
377.961 1113
377.975 1163
377.989 1150
378.002 1150
378.016 1136
378.030 1177
378.044 1167
378.057 1187
378.071 1175
378.085 1195
378.098 1172
378.112 1172
378.126 1182
378.139 1175
378.153 1182
378.167 1196
378.180 1209
378.194 1187
378.208 1150
378.221 1171
378.235 1175
378.249 1192
378.262 1184
378.276 1187
378.290 1220
378.303 1190
378.317 1195
378.331 1210
378.344 1212
378.358 1210
378.372 1216
378.385 1229
378.399 1215
378.413 1216
378.426 1225
378.440 1234
378.454 1240
378.467 1234
378.481 1234
378.495 1226
378.508 1241
378.522 1226
378.536 1235
378.549 1242
378.563 1213
378.577 1232
378.590 1266
378.604 1277
378.618 1264
378.631 1282
378.645 1257
378.659 1235
378.672 1300
378.686 1284
378.700 1277
378.713 1261
378.727 1257
378.740 1299
378.754 1268
378.768 1277
378.781 1284
378.795 1296
378.809 1306
378.822 1317
378.836 1289
378.850 1300
378.863 1314
378.877 1301
378.891 1336
378.904 1323
378.918 1305
378.932 1314
378.945 1295
378.959 1310
378.973 1304
378.986 1312
379.000 1341
379.014 1344
379.027 1347
379.041 1330
379.054 1345
379.068 1334
379.082 1371
379.095 1339
379.109 1348
379.123 1358
379.136 1356
379.150 1374
379.164 1401
379.177 1396
379.191 1350
379.205 1356
379.218 1391
379.232 1425
379.245 1399
379.259 1389
379.273 1393
379.286 1393
379.300 1420
379.314 1451
379.327 1475
379.341 1448
379.355 1448
379.368 1446
379.382 1472
379.396 1446
379.409 1493
379.423 1497
379.436 1503
379.450 1508
379.464 1488
379.477 1511
379.491 1517
379.505 1536
379.518 1530
379.532 1539
379.546 1581
379.559 1583
379.573 1602
379.586 1599
379.600 1587
379.614 1635
379.627 1637
379.641 1639
379.655 1658
379.668 1642
379.682 1635
379.695 1637
379.709 1666
379.723 1723
379.736 1739
379.750 1747
379.764 1720
379.777 1757
379.791 1793
379.804 1806
379.818 1845
379.832 1801
379.845 1781
379.859 1808
379.873 1804
379.886 1821
379.900 1892
379.913 1893
379.927 1923
379.941 1954
379.954 2019
379.968 2000
379.982 1998
379.995 2030
380.009 2014
380.022 2079
380.036 2034
380.050 2060
380.063 2123
380.077 2151
380.090 2176
380.104 2223
380.118 2242
380.131 2265
380.145 2252
380.159 2325
380.172 2336
380.186 2340
380.199 2379
380.213 2468
380.227 2488
380.240 2489
380.254 2448
380.267 2491
380.281 2530
380.295 2584
380.308 2603
380.322 2656
380.336 2704
380.349 2714
380.363 2718
380.376 2794
380.390 2823
380.404 2803
380.417 2914
380.431 2940
380.444 2995
380.458 2896
380.472 2985
380.485 2976
380.499 3116
380.512 3092
380.526 3125
380.540 3238
380.553 3151
380.567 3192
380.580 3293
380.594 3367
380.608 3364
380.621 3432
380.635 3501
380.648 3604
380.662 3574
380.676 3637
380.689 3666
380.703 3723
380.716 3720
380.730 3881
380.744 3844
380.757 3897
380.771 3972
380.784 4024
380.798 4080
380.812 4196
380.825 4145
380.839 4185
380.852 4335
380.866 4447
380.880 4490
380.893 4465
380.907 4510
380.920 4532
380.934 4569
380.948 4646
380.961 4672
380.975 4881
380.988 4920
381.002 4932
381.015 4854
381.029 4922
381.043 5058
381.056 5051
381.070 5156
381.083 5138
381.097 5200
381.111 5200
381.124 5289
381.138 5421
381.151 5536
381.165 5477
381.179 5585
381.192 5683
381.206 5586
381.219 5628
381.233 5724
381.246 5748
381.260 5844
381.274 5789
381.287 5826
381.301 6043
381.314 5935
381.328 5925
381.341 6070
381.355 6217
381.369 6137
381.382 6301
381.396 6214
381.409 6280
381.423 6406
381.437 6659
381.450 6486
381.464 6604
381.477 6726
381.491 6708
381.504 6710
381.518 6684
381.532 6777
381.545 7045
381.559 7126
381.572 7211
381.586 7153
381.599 7190
381.613 7360
381.627 7305
381.640 7429
381.654 7466
381.667 7513
381.681 7497
381.694 7524
381.708 7425
381.722 7509
381.735 7550
381.749 7483
381.762 7623
381.776 7657
381.789 7514
381.803 7720
381.817 7885
381.830 7887
381.844 7792
381.857 7978
381.871 8019
381.884 8033
381.898 8043
381.911 8169
381.925 8166
381.939 8143
381.952 8226
381.966 8313
381.979 8308
381.993 8463
382.006 8571
382.020 8611
382.034 8691
382.047 8617
382.061 8775
382.074 8715
382.088 8784
382.101 8867
382.115 9013
382.128 9017
382.142 9073
382.156 9205
382.169 9356
382.183 9414
382.196 9278
382.210 9280
382.223 9445
382.237 9666
382.250 9556
382.264 9637
382.278 9706
382.291 9792
382.305 9932
382.318 9995
382.332 10082
382.345 10008
382.359 10120
382.372 10142
382.386 10024
382.399 10331
382.413 10352
382.427 10335
382.440 10568
382.454 10599
382.467 10848
382.481 10942
382.494 11161
382.508 11496
382.521 11584
382.535 11558
382.548 11432
382.562 11514
382.576 11645
382.589 11665
382.603 11713
382.616 11957
382.630 11965
382.643 12095
382.657 12466
382.670 12404
382.684 12536
382.697 12367
382.711 12495
382.724 12703
382.738 12452
382.752 12768
382.765 12919
382.779 13100
382.792 13163
382.806 13524
382.819 13288
382.833 13494
382.846 13766
382.860 13893
382.873 14065
382.887 14132
382.900 14412
382.914 14665
382.928 14786
382.941 14897
382.955 15152
382.968 15495
382.982 15528
382.995 15635
383.009 15700
383.022 16018
383.036 16125
383.049 16324
383.063 16418
383.076 16701
383.090 16648
383.103 16646
383.117 16830
383.130 17019
383.144 17182
383.158 17248
383.171 17493
383.185 17726
383.198 18108
383.212 18299
383.225 18431
383.239 18938
383.252 19324
383.266 19388
383.279 19487
383.293 19756
383.306 19761
383.320 20233
383.333 20596
383.347 20597
383.360 20737
383.374 20571
383.387 20786
383.401 21197
383.414 21213
383.428 21384
383.441 21383
383.455 21669
383.468 21451
383.482 21595
383.496 22075
383.509 21961
383.523 22347
383.536 22235
383.550 22448
383.563 22516
383.577 22845
383.590 22978
383.604 23072
383.617 22950
383.631 23030
383.644 23185
383.658 23118
383.671 23369
383.685 23805
383.698 23855
383.712 24447
383.725 24343
383.739 24296
383.752 24087
383.766 24000
383.779 24181
383.793 24461
383.806 24511
383.820 24586
383.833 24723
383.847 24653
383.860 24842
383.874 24859
383.887 24993
383.901 24910
383.914 24918
383.928 25232
383.941 24764
383.955 24989
383.968 24984
383.982 24964
383.995 25034
384.009 25038
384.022 25226
384.036 25127
384.049 25259
384.063 25705
384.076 26143
384.090 26286
384.103 26295
384.117 26729
384.130 26087
384.144 25542
384.157 25369
384.171 25494
384.184 25234
384.198 25318
384.211 25103
384.225 25195
384.238 25758
384.252 25929
384.265 25647
384.279 25512
384.292 25593
384.306 25602
384.319 25035
384.333 24358
384.346 24005
384.360 23872
384.373 23813
384.387 23576
384.400 23231
384.414 23014
384.427 22667
384.441 22272
384.454 21915
384.468 21644
384.481 21406
384.495 20798
384.508 20650
384.522 20180
384.535 19669
384.549 19132
384.562 18698
384.575 18282
384.589 18130
384.602 17873
384.616 17422
384.629 16932
384.643 16020
384.656 15726
384.670 15303
384.683 14528
384.697 14110
384.710 13564
384.724 13108
384.737 12897
384.751 12323
384.764 11973
384.778 11640
384.791 11258
384.805 10827
384.818 10586
384.832 10076
384.845 9820
384.859 9641
384.872 9270
384.885 8895
384.899 8596
384.912 8313
384.926 8058
384.939 7938
384.953 7648
384.966 7400
384.980 7265
384.993 7204
385.007 6994
385.020 6781
385.034 6554
385.047 6313
385.061 6141
385.074 5978
385.088 5883
385.101 5771
385.114 5658
385.128 5541
385.141 5450
385.155 5431
385.168 5300
385.182 5331
385.195 5241
385.209 5110
385.222 4924
385.236 4917
385.249 4853
385.263 4742
385.276 4726
385.290 4673
385.303 4465
385.316 4454
385.330 4419
385.343 4352
385.357 4278
385.370 4211
385.384 4159
385.397 4023
385.411 3956
385.424 4020
385.438 3898
385.451 3902
385.464 3879
385.478 3908
385.491 3856
385.505 3761
385.518 3719
385.532 3679
385.545 3594
385.559 3526
385.572 3503
385.586 3559
385.599 3465
385.612 3542
385.626 3505
385.639 3460
385.653 3434
385.666 3396
385.680 3348
385.693 3245
385.707 3302
385.720 3235
385.734 3289
385.747 3181
385.760 3095
385.774 3084
385.787 3088
385.801 3103
385.814 2984
385.828 2998
385.841 2909
385.855 2919
385.868 2913
385.881 2891
385.895 2907
385.908 2832
385.922 2844
385.935 2784
385.949 2807
385.962 2768
385.976 2724
385.989 2740
386.002 2741
386.016 2763
386.029 2693
386.043 2702
386.056 2650
386.070 2635
386.083 2645
386.097 2585
386.110 2608
386.123 2602
386.137 2602
386.150 2569
386.164 2553
386.177 2595
386.191 2545
386.204 2559
386.217 2530
386.231 2496
386.244 2461
386.258 2432
386.271 2452
386.285 2386
386.298 2443
386.311 2410
386.325 2402
386.338 2355
386.352 2318
386.365 2320
386.379 2329
386.392 2359
386.405 2300
386.419 2293
386.432 2265
386.446 2304
386.459 2313
386.473 2340
386.486 2219
386.499 2287
386.513 2224
386.526 2245
386.540 2201
386.553 2204
386.567 2203
386.580 2178
386.593 2183
386.607 2167
386.620 2205
386.634 2116
386.647 2117
386.661 2121
386.674 2167
386.687 2079
386.701 2118
386.714 2087
386.728 2033
386.741 2056
386.754 2055
386.768 2082
386.781 2067
386.795 2007
386.808 2028
386.822 1944
386.835 2006
386.848 1995
386.862 1996
386.875 1944
386.889 1888
386.902 1935
386.915 1922
386.929 1914
386.942 1878
386.956 1888
386.969 1874
386.983 1853
386.996 1863
387.009 1828
387.023 1844
387.036 1836
387.050 1840
387.063 1856
387.076 1782
387.090 1792
387.103 1790
387.117 1769
387.130 1808
387.143 1765
387.157 1794
387.170 1786
387.184 1741
387.197 1712
387.210 1720
387.224 1735
387.237 1720
387.251 1678
387.264 1693
387.278 1684
387.291 1683
387.304 1679
387.318 1704
387.331 1671
387.345 1640
387.358 1626
387.371 1658
387.385 1608
387.398 1635
387.412 1559
387.425 1583
387.438 1572
387.452 1548
387.465 1554
387.478 1488
387.492 1534
387.505 1441
387.519 1547
387.532 1498
387.545 1512
387.559 1532
387.572 1500
387.586 1486
387.599 1484
387.612 1471
387.626 1493
387.639 1485
387.653 1445
387.666 1418
387.679 1414
387.693 1379
387.706 1373
387.720 1367
387.733 1397
387.746 1390
387.760 1368
387.773 1401
387.787 1382
387.800 1375
387.813 1327
387.827 1364
387.840 1329
387.853 1336
387.867 1332
387.880 1312
387.894 1362
387.907 1323
387.920 1322
387.934 1306
387.947 1291
387.961 1310
387.974 1309
387.987 1281
388.001 1243
388.014 1272
388.027 1244
388.041 1227
388.054 1255
388.068 1283
388.081 1248
388.094 1257
388.108 1230
388.121 1244
388.134 1232
388.148 1217
388.161 1222
388.175 1201
388.188 1172
388.201 1162
388.215 1171
388.228 1208
388.241 1166
388.255 1194
388.268 1187
388.282 1192
388.295 1166
388.308 1160
388.322 1166
388.335 1170
388.348 1182
388.362 1163
388.375 1169
388.389 1174
388.402 1139
388.415 1165
388.429 1142
388.442 1175
388.455 1149
388.469 1156
388.482 1135
388.495 1142
388.509 1170
388.522 1172
388.536 1129
388.549 1148
388.562 1098
388.576 1147
388.589 1138
388.602 1155
388.616 1120
388.629 1130
388.642 1149
388.656 1099
388.669 1130
388.683 1137
388.696 1150
388.709 1093
388.723 1134
388.736 1119
388.749 1122
388.763 1117
388.776 1120
388.789 1119
388.803 1126
388.816 1079
388.829 1061
388.843 1121
388.856 1104
388.870 1122
388.883 1113
388.896 1094
388.910 1108
388.923 1078
388.936 1094
388.950 1105
388.963 1104
388.976 1107
388.990 1100
389.003 1088
389.016 1073
389.030 1119
389.043 1086
389.056 1106
389.070 1097
389.083 1090
389.097 1098
389.110 1091
389.123 1068
389.137 1104
389.150 1108
389.163 1070
389.177 1048
389.190 1062
389.203 1085
389.217 1052
389.230 1091
389.243 1053
389.257 1057
389.270 1055
389.283 1078
389.297 1084
389.310 1076
389.323 1079
389.337 1074
389.350 1058
389.363 1054
389.377 1082
389.390 1062
389.403 1071
389.417 1066
389.430 1056
389.443 1051
389.457 1044
389.470 1050
389.483 1067
389.497 1050
389.510 1068
389.523 1052
389.537 1072
389.550 1042
389.563 1036
389.577 1027
389.590 1037
389.603 1032
389.617 1017
389.630 1042
389.643 1046
389.657 1030
389.670 1022
389.683 1017
389.697 1042
389.710 1036
389.723 1004
389.737 1029
389.750 1044
389.763 1018
389.777 1030
389.790 1023
389.803 1010
389.817 1004
389.830 977
389.843 982
389.857 976
389.870 975
389.883 977
389.897 988
389.910 984
389.923 983
389.937 995
389.950 995
389.963 996
389.977 1000
389.990 980
390.003 1004
390.017 967
390.030 984
390.043 1007
390.057 971
390.070 958
390.083 972
390.096 948
390.110 937
390.123 958
390.136 953
390.150 932
390.163 942
390.176 960
390.190 940
390.203 932
390.216 943
390.230 903
390.243 920
390.256 908
390.270 902
390.283 929
390.296 904
390.310 902
390.323 901
390.336 908
390.349 893
390.363 914
390.376 892
390.389 906
390.403 895
390.416 896
390.429 862
390.443 892
390.456 878
390.469 880
390.483 860
390.496 867
390.509 864
390.522 876
390.536 842
390.549 874
390.562 860
390.576 853
390.589 856
390.602 865
390.616 843
390.629 842
390.642 829
390.655 845
390.669 826
390.682 804
390.695 824
390.709 825
390.722 816
390.735 838
390.749 814
390.762 799
390.775 825
390.788 806
390.802 795
390.815 812
390.828 815
390.842 786
390.855 813
390.868 799
390.882 783
390.895 785
390.908 771
390.921 778
390.935 780
390.948 781
390.961 767
390.975 775
390.988 788
391.001 774
391.014 756
391.028 772
391.041 745
391.054 743
391.068 781
391.081 761
391.094 746
391.107 751
391.121 752
391.134 751
391.147 767
391.161 753
391.174 745
391.187 752
391.200 728
391.214 727
391.227 718
391.240 738
391.254 745
391.267 734
391.280 751
391.293 731
391.307 738
391.320 738
391.333 726
391.347 733
391.360 738
391.373 720
391.386 728
391.400 724
391.413 732
391.426 729
391.440 721
391.453 734
391.466 715
391.479 725
391.493 725
391.506 718
391.519 716
391.532 712
391.546 720
391.559 718
391.572 721
391.586 731
391.599 726
391.612 712
391.625 713
391.639 722
391.652 726
391.665 714
391.678 716
391.692 708
391.705 715
391.718 716
391.732 714
391.745 711
391.758 713
391.771 721
391.785 694
391.798 725
391.811 712
391.824 703
391.838 697
391.851 694
391.864 708
391.877 705
391.891 706
391.904 694
391.917 709
391.931 707
391.944 703
391.957 693
391.970 693
391.984 714
391.997 701
392.010 693
392.023 701
392.037 706
392.050 697
392.063 706
392.076 709
392.090 690
392.103 709
392.116 694
392.129 692
392.143 705
392.156 703
392.169 702
392.182 702
392.196 700
392.209 697
392.222 695
392.235 704
392.249 693
392.262 687
392.275 706
392.288 691
392.302 693
392.315 696
392.328 689
392.341 687
392.355 695
392.368 695
392.381 703
392.394 684
392.408 688
392.421 705
392.434 684
392.447 691
392.461 678
392.474 690
392.487 692
392.500 690
392.514 693
392.527 688
392.540 685
392.553 691
392.567 695
392.580 692
392.593 687
392.606 693
392.620 679
392.633 674
392.646 689
392.659 700
392.673 696
392.686 695
392.699 672
392.712 699
392.726 687
392.739 685
392.752 684
392.765 685
392.778 692
392.792 681
392.805 690
392.818 693
392.831 695
392.845 686
392.858 678
392.871 703
392.884 682
392.898 690
392.911 682
392.924 691
392.937 679
392.951 671
392.964 677
392.977 674
392.990 688
393.003 684
393.017 678
393.030 671
393.043 695
393.056 689
393.070 677
393.083 678
393.096 676
393.109 674
393.122 678
393.136 676
393.149 679
393.162 677
393.175 677
393.189 681
393.202 674
393.215 686
393.228 669
393.242 680
393.255 678
393.268 671
393.281 674
393.294 673
393.308 674
393.321 668
393.334 680
393.347 673
393.360 656
393.374 666
393.387 672
393.400 666
393.413 664
393.427 675
393.440 674
393.453 665
393.466 682
393.479 658
393.493 674
393.506 670
393.519 671
393.532 664
393.546 660
393.559 678
393.572 670
393.585 665
393.598 683
393.612 663
393.625 675
393.638 665
393.651 671
393.664 671
393.678 672
393.691 666
393.704 682
393.717 680
393.730 673
393.744 660
393.757 668
393.770 681
393.783 675
393.796 669
393.810 667
393.823 670
393.836 671
393.849 654
393.863 669
393.876 655
393.889 673
393.902 670
393.915 672
393.929 672
