375.891 685
375.905 689
375.919 700
375.933 681
375.946 695
375.960 708
375.974 707
375.987 694
376.001 706
376.015 708
376.029 696
376.042 735
376.056 693
376.070 718
376.084 716
376.097 719
376.111 724
376.125 709
376.139 726
376.152 728
376.166 727
376.180 722
376.193 729
376.207 718
376.221 727
376.235 740
376.248 724
376.262 741
376.276 714
376.290 731
376.303 729
376.317 746
376.331 748
376.345 730
376.358 747
376.372 753
376.386 742
376.399 736
376.413 749
376.427 736
376.441 764
376.454 748
376.468 759
376.482 745
376.495 747
376.509 761
376.523 740
376.537 764
376.550 746
376.564 762
376.578 766
376.592 763
376.605 770
376.619 786
376.633 766
376.646 778
376.660 781
376.674 759
376.688 785
376.701 760
376.715 787
376.729 782
376.742 795
376.756 787
376.770 795
376.784 791
376.797 801
376.811 791
376.825 807
376.838 804
376.852 786
376.866 815
376.880 828
376.893 814
376.907 818
376.921 831
376.934 810
376.948 834
376.962 824
376.976 828
376.989 839
377.003 811
377.017 847
377.030 847
377.044 848
377.058 849
377.071 857
377.085 859
377.099 864
377.113 868
377.126 861
377.140 865
377.154 855
377.167 856
377.181 875
377.195 860
377.208 872
377.222 884
377.236 898
377.250 902
377.263 887
377.277 896
377.291 905
377.304 897
377.318 902
377.332 892
377.345 907
377.359 908
377.373 883
377.387 906
377.400 923
377.414 919
377.428 909
377.441 928
377.455 921
377.469 935
377.482 926
377.496 932
377.510 930
377.524 937
377.537 928
377.551 940
377.565 949
377.578 945
377.592 947
377.606 940
377.619 940
377.633 960
377.647 905
377.660 976
377.674 942
377.688 957
377.701 978
377.715 953
377.729 990
377.743 961
377.756 988
377.770 983
377.784 997
377.797 973
377.811 989
377.825 977
377.838 987
377.852 964
377.866 991
377.879 993
377.893 991
377.907 1014
377.920 985
377.934 989
377.948 1006
377.961 1003
377.975 995
377.989 1018
378.002 1029
378.016 1006
378.030 995
378.044 1001
378.057 1038
378.071 1022
378.085 1048
378.098 1032
378.112 1020
378.126 1003
378.139 1015
378.153 1012
378.167 1025
378.180 1018
378.194 1021
378.208 1036
378.221 996
378.235 1028
378.249 1049
378.262 1031
378.276 1038
378.290 1044
378.303 1036
378.317 1020
378.331 1041
378.344 1028
378.358 1039
378.372 1032
378.385 1052
378.399 1042
378.413 1043
378.426 1063
378.440 1043
378.454 1045
378.467 1075
378.481 1088
378.495 1080
378.508 1065
378.522 1068
378.536 1074
378.549 1048
378.563 1075
378.577 1098
378.590 1122
378.604 1104
378.618 1084
378.631 1123
378.645 1113
378.659 1079
378.672 1071
378.686 1122
378.700 1108
378.713 1098
378.727 1113
378.740 1086
378.754 1116
378.768 1091
378.781 1109
378.795 1113
378.809 1109
378.822 1126
378.836 1121
378.850 1104
378.863 1116
378.877 1100
378.891 1124
378.904 1127
378.918 1118
378.932 1143
378.945 1152
378.959 1129
378.973 1159
378.986 1142
379.000 1144
379.014 1184
379.027 1140
379.041 1132
379.054 1131
379.068 1145
379.082 1178
379.095 1155
379.109 1190
379.123 1183
379.136 1188
379.150 1184
379.164 1182
379.177 1149
379.191 1195
379.205 1181
379.218 1167
379.232 1172
379.245 1192
379.259 1183
379.273 1222
379.286 1196
379.300 1237
379.314 1222
379.327 1206
379.341 1211
379.355 1243
379.368 1272
379.382 1256
379.396 1226
379.409 1250
379.423 1273
379.436 1292
379.450 1292
379.464 1282
379.477 1293
379.491 1293
379.505 1266
379.518 1311
379.532 1294
379.546 1290
379.559 1313
379.573 1319
379.586 1320
379.600 1314
379.614 1354
379.627 1342
379.641 1367
379.655 1359
379.668 1375
379.682 1363
379.695 1387
379.709 1414
379.723 1375
379.736 1397
379.750 1424
379.764 1442
379.777 1439
379.791 1452
379.804 1470
379.818 1459
379.832 1476
379.845 1465
379.859 1541
379.873 1526
379.886 1530
379.900 1563
379.913 1537
379.927 1564
379.941 1588
379.954 1595
379.968 1627
379.982 1631
379.995 1636
380.009 1579
380.022 1688
380.036 1686
380.050 1689
380.063 1718
380.077 1755
380.090 1740
380.104 1784
380.118 1792
380.131 1807
380.145 1832
380.159 1843
380.172 1884
380.186 1887
380.199 1926
380.213 1915
380.227 1916
380.240 1945
380.254 1999
380.267 2019
380.281 2051
380.295 2096
380.308 2047
380.322 2105
380.336 2107
380.349 2149
380.363 2176
380.376 2193
380.390 2244
380.404 2291
380.417 2236
380.431 2291
380.444 2286
380.458 2315
380.472 2346
380.485 2404
380.499 2450
380.512 2467
380.526 2471
380.540 2496
380.553 2528
380.567 2530
380.580 2573
380.594 2595
380.608 2630
380.621 2668
380.635 2713
380.648 2794
380.662 2729
380.676 2740
380.689 2817
380.703 2834
380.716 2912
380.730 2940
380.744 2942
380.757 3008
380.771 3022
380.784 3083
380.798 3211
380.812 3127
380.825 3122
380.839 3280
380.852 3289
380.866 3315
380.880 3371
380.893 3364
380.907 3408
380.920 3477
380.934 3512
380.948 3555
380.961 3494
380.975 3607
380.988 3744
381.002 3725
381.015 3774
381.029 3745
381.043 3824
381.056 3868
381.070 3855
381.083 3904
381.097 3931
381.111 3990
381.124 3982
381.138 4087
381.151 4156
381.165 4190
381.179 4195
381.192 4255
381.206 4193
381.219 4190
381.233 4288
381.246 4296
381.260 4382
381.274 4350
381.287 4425
381.301 4521
381.314 4562
381.328 4589
381.341 4558
381.355 4623
381.369 4583
381.382 4674
381.396 4750
381.409 4765
381.423 4860
381.437 4916
381.450 4834
381.464 4964
381.477 5070
381.491 5144
381.504 5125
381.518 5144
381.532 5116
381.545 5087
381.559 5289
381.572 5179
381.586 5317
381.599 5414
381.613 5385
381.627 5521
381.640 5493
381.654 5601
381.667 5545
381.681 5527
381.694 5624
381.708 5548
381.722 5686
381.735 5589
381.749 5696
381.762 5810
381.776 5669
381.789 5779
381.803 5835
381.817 5794
381.830 5813
381.844 5864
381.857 5939
381.871 5943
381.884 5989
381.898 6068
381.911 6110
381.925 6159
381.939 6206
381.952 6319
381.966 6280
381.979 6397
381.993 6516
382.006 6502
382.020 6541
382.034 6485
382.047 6546
382.061 6587
382.074 6582
382.088 6713
382.101 6627
382.115 6802
382.128 6803
382.142 6889
382.156 6944
382.169 7009
382.183 7060
382.196 6958
382.210 7168
382.223 7157
382.237 7240
382.250 7338
382.264 7354
382.278 7439
382.291 7402
382.305 7429
382.318 7485
382.332 7614
382.345 7740
382.359 7541
382.372 7628
382.386 7766
382.399 7821
382.413 7833
382.427 7860
382.440 8172
382.454 8130
382.467 8267
382.481 8302
382.494 8485
382.508 8736
382.521 8800
382.535 8850
382.548 8672
382.562 8764
382.576 8710
382.589 8850
382.603 9074
382.616 9044
382.630 9063
382.643 9328
382.657 9358
382.670 9472
382.684 9399
382.697 9400
382.711 9426
382.724 9567
382.738 9753
382.752 9883
382.765 9938
382.779 9961
382.792 10274
382.806 10218
382.819 10302
382.833 10398
382.846 10515
382.860 10660
382.873 10805
382.887 10982
382.900 11061
382.914 11296
382.928 11602
382.941 11765
382.955 11827
382.968 11934
382.982 12072
382.995 12101
383.009 12302
383.022 12476
383.036 12476
383.049 12714
383.063 12851
383.076 12894
383.090 12926
383.103 12968
383.117 13073
383.130 13036
383.144 13341
383.158 13487
383.171 13729
383.185 13699
383.198 13971
383.212 14056
383.225 14433
383.239 14807
383.252 14923
383.266 15025
383.279 15135
383.293 15350
383.306 15506
383.320 15697
383.333 15772
383.347 16045
383.360 16124
383.374 16039
383.387 16201
383.401 16533
383.414 16604
383.428 16536
383.441 16740
383.455 17145
383.468 16913
383.482 17052
383.496 17218
383.509 17322
383.523 17522
383.536 17612
383.550 17648
383.563 17794
383.577 17772
383.590 18003
383.604 18052
383.617 18156
383.631 18490
383.644 18316
383.658 18371
383.671 18726
383.685 19023
383.698 19242
383.712 19454
383.725 19593
383.739 19391
383.752 19161
383.766 19308
383.779 19401
383.793 19430
383.806 19588
383.820 19778
383.833 19691
383.847 19793
383.860 19988
383.874 20127
383.887 19914
383.901 20121
383.914 19929
383.928 20162
383.941 20346
383.955 20322
383.968 20275
383.982 20352
383.995 20356
384.009 20624
384.022 20734
384.036 20618
384.049 20600
384.063 20712
384.076 21306
384.090 21421
384.103 21558
384.117 21624
384.130 21420
384.144 20946
384.157 21192
384.171 21084
384.184 21116
384.198 21218
384.211 21025
384.225 21143
384.238 21566
384.252 21690
384.265 21642
384.279 21626
384.292 21408
384.306 21231
384.319 21130
384.333 20910
384.346 20578
384.360 20498
384.373 20140
384.387 20243
384.400 20134
384.414 19883
384.427 19814
384.441 19369
384.454 19382
384.468 19049
384.481 18802
384.495 18579
384.508 18413
384.522 18008
384.535 17872
384.549 17351
384.562 16978
384.575 16777
384.589 16489
384.602 16301
384.616 15899
384.629 15407
384.643 15006
384.656 14507
384.670 14131
384.683 13560
384.697 13094
384.710 12576
384.724 12309
384.737 11953
384.751 11589
384.764 11177
384.778 10791
384.791 10710
384.805 10450
384.818 9948
384.832 9596
384.845 9278
384.859 8922
384.872 8715
384.885 8463
384.899 8185
384.912 7959
384.926 7695
384.939 7382
384.953 7236
384.966 7045
384.980 6959
384.993 6726
385.007 6587
385.020 6279
385.034 6098
385.047 5979
385.061 5801
385.074 5495
385.088 5518
385.101 5308
385.114 5225
385.128 5087
385.141 5183
385.155 5011
385.168 4976
385.182 4904
385.195 4818
385.209 4679
385.222 4644
385.236 4506
385.249 4424
385.263 4411
385.276 4258
385.290 4262
385.303 4103
385.316 4146
385.330 4184
385.343 4062
385.357 4066
385.370 3876
385.384 3793
385.397 3831
385.411 3744
385.424 3712
385.438 3655
385.451 3548
385.464 3631
385.478 3420
385.491 3517
385.505 3410
385.518 3429
385.532 3358
385.545 3306
385.559 3255
385.572 3226
385.586 3186
385.599 3151
385.612 3184
385.626 3129
385.639 3122
385.653 3072
385.666 3040
385.680 3029
385.693 3003
385.707 3008
385.720 2919
385.734 2920
385.747 2866
385.760 2784
385.774 2828
385.787 2848
385.801 2803
385.814 2686
385.828 2729
385.841 2631
385.855 2671
385.868 2645
385.881 2623
385.895 2657
385.908 2647
385.922 2548
385.935 2580
385.949 2537
385.962 2525
385.976 2454
385.989 2457
386.002 2475
386.016 2506
386.029 2475
386.043 2451
386.056 2443
386.070 2361
386.083 2352
386.097 2431
386.110 2354
386.123 2362
386.137 2381
386.150 2352
386.164 2362
386.177 2300
386.191 2293
386.204 2322
386.217 2272
386.231 2252
386.244 2240
386.258 2252
386.271 2257
386.285 2181
386.298 2237
386.311 2250
386.325 2185
386.338 2161
386.352 2172
386.365 2172
386.379 2145
386.392 2100
386.405 2113
386.419 2088
386.432 2065
386.446 2092
386.459 2060
386.473 2060
386.486 2027
386.499 2085
386.513 2054
386.526 2058
386.540 2027
386.553 1974
386.567 1946
386.580 1998
386.593 1965
386.607 2026
386.620 2002
386.634 1991
386.647 1987
386.661 1984
386.674 1944
386.687 1920
386.701 1951
386.714 1919
386.728 1895
386.741 1916
386.754 1882
386.768 1904
386.781 1885
386.795 1887
386.808 1831
386.822 1837
386.835 1841
386.848 1805
386.862 1839
386.875 1744
386.889 1800
386.902 1794
386.915 1788
386.929 1757
386.942 1786
386.956 1774
386.969 1695
386.983 1750
386.996 1720
387.009 1706
387.023 1701
387.036 1650
387.050 1686
387.063 1701
387.076 1642
387.090 1702
387.103 1638
387.117 1646
387.130 1649
387.143 1661
387.157 1632
387.170 1599
387.184 1649
387.197 1630
387.210 1601
387.224 1604
387.237 1586
387.251 1581
387.264 1577
387.278 1555
387.291 1521
387.304 1567
387.318 1567
387.331 1550
387.345 1546
387.358 1507
387.371 1511
387.385 1516
387.398 1494
387.412 1476
387.425 1463
387.438 1436
387.452 1428
387.465 1445
387.478 1430
387.492 1402
387.505 1401
387.519 1391
387.532 1417
387.545 1425
387.559 1423
387.572 1394
387.586 1353
387.599 1348
387.612 1382
387.626 1386
387.639 1343
387.653 1356
387.666 1315
387.679 1344
387.693 1320
387.706 1320
387.720 1325
387.733 1304
387.746 1310
387.760 1329
387.773 1325
387.787 1306
387.800 1266
387.813 1275
387.827 1243
387.840 1247
387.853 1258
387.867 1234
387.880 1273
387.894 1255
387.907 1252
387.920 1238
387.934 1213
387.947 1232
387.961 1230
387.974 1203
387.987 1178
388.001 1195
388.014 1216
388.027 1200
388.041 1200
388.054 1174
388.068 1205
388.081 1135
388.094 1167
388.108 1190
388.121 1149
388.134 1144
388.148 1154
388.161 1114
388.175 1125
388.188 1113
388.201 1130
388.215 1110
388.228 1098
388.241 1123
388.255 1101
388.268 1119
388.282 1086
388.295 1120
388.308 1106
388.322 1101
388.335 1096
388.348 1061
388.362 1071
388.375 1067
388.389 1103
388.402 1096
388.415 1084
388.429 1077
388.442 1091
388.455 1087
388.469 1078
388.482 1055
388.495 1085
388.509 1070
388.522 1102
388.536 1065
388.549 1052
388.562 1054
388.576 1059
388.589 1081
388.602 1090
388.616 1063
388.629 1058
388.642 1060
388.656 1055
388.669 1060
388.683 1103
388.696 1065
388.709 1059
388.723 1068
388.736 1060
388.749 1063
388.763 1042
388.776 1042
388.789 1040
388.803 1049
388.816 1061
388.829 1043
388.843 1056
388.856 1034
388.870 1036
388.883 1061
388.896 1040
388.910 1033
388.923 1019
388.936 1054
388.950 1036
388.963 1041
388.976 1032
388.990 1018
389.003 1018
389.016 1035
389.030 1027
389.043 1039
389.056 1015
389.070 1020
389.083 1033
389.097 1033
389.110 1018
389.123 1020
389.137 1027
389.150 1038
389.163 1038
389.177 1030
389.190 1027
389.203 1008
389.217 1029
389.230 1032
389.243 1017
389.257 1034
389.270 1007
389.283 1029
389.297 999
389.310 1008
389.323 1026
389.337 1024
389.350 999
389.363 1020
389.377 1003
389.390 981
389.403 1021
389.417 1017
389.430 1007
389.443 983
389.457 991
389.470 992
389.483 1004
389.497 1009
389.510 976
389.523 998
389.537 1001
389.550 989
389.563 1012
389.577 997
389.590 979
389.603 987
389.617 962
389.630 988
389.643 991
389.657 981
389.670 981
389.683 977
389.697 965
389.710 973
389.723 971
389.737 951
389.750 965
389.763 1000
389.777 983
389.790 984
389.803 946
389.817 944
389.830 942
389.843 924
389.857 960
389.870 905
389.883 946
389.897 937
389.910 940
389.923 957
389.937 957
389.950 916
389.963 949
389.977 930
389.990 930
390.003 958
390.017 934
390.030 927
390.043 940
390.057 921
390.070 929
390.083 906
390.096 908
390.110 904
390.123 905
390.136 917
390.150 910
390.163 906
390.176 894
390.190 901
390.203 886
390.216 906
390.230 887
390.243 887
390.256 879
390.270 900
390.283 899
390.296 876
390.310 904
390.323 893
390.336 867
390.349 863
390.363 868
390.376 868
390.389 876
390.403 872
390.416 827
390.429 863
390.443 848
390.456 832
390.469 847
390.483 830
390.496 842
390.509 848
390.522 832
390.536 830
390.549 825
390.562 838
390.576 835
390.589 831
390.602 847
390.616 829
390.629 834
390.642 802
390.655 791
390.669 804
390.682 814
390.695 802
390.709 805
390.722 813
390.735 794
390.749 787
390.762 778
390.775 779
390.788 797
390.802 767
390.815 784
390.828 773
390.842 765
390.855 782
390.868 762
390.882 775
390.895 770
390.908 763
390.921 755
390.935 778
390.948 759
390.961 767
390.975 764
390.988 768
391.001 763
391.014 754
391.028 763
391.041 742
391.054 756
391.068 736
391.081 752
391.094 748
391.107 743
391.121 740
391.134 745
391.147 741
391.161 731
391.174 741
391.187 740
391.200 736
391.214 735
391.227 721
391.240 736
391.254 729
391.267 732
391.280 724
391.293 720
391.307 735
391.320 717
391.333 714
391.347 717
391.360 712
391.373 725
391.386 711
391.400 717
391.413 707
391.426 714
391.440 718
391.453 718
391.466 712
391.479 722
391.493 707
391.506 721
391.519 706
391.532 704
391.546 713
391.559 702
391.572 717
391.586 706
391.599 708
391.612 704
391.625 696
391.639 698
391.652 707
391.665 707
391.678 701
391.692 703
391.705 690
391.718 696
391.732 713
391.745 703
391.758 691
391.771 704
391.785 699
391.798 698
391.811 694
391.824 713
391.838 708
391.851 698
391.864 706
391.877 690
391.891 690
391.904 703
391.917 687
391.931 688
391.944 696
391.957 695
391.970 701
391.984 676
391.997 691
392.010 685
392.023 687
392.037 686
392.050 689
392.063 696
392.076 703
392.090 696
392.103 681
392.116 687
392.129 689
392.143 693
392.156 692
392.169 685
392.182 694
392.196 681
392.209 690
392.222 694
392.235 686
392.249 693
392.262 668
392.275 687
392.288 684
392.302 685
392.315 680
392.328 682
392.341 690
392.355 687
392.368 681
392.381 692
392.394 670
392.408 682
392.421 684
392.434 678
392.447 687
392.461 674
392.474 682
392.487 680
392.500 685
392.514 671
392.527 679
392.540 681
392.553 678
392.567 690
392.580 687
392.593 680
392.606 677
392.620 692
392.633 675
392.646 677
392.659 679
392.673 672
392.686 688
392.699 688
392.712 678
392.726 676
392.739 682
392.752 666
392.765 666
392.778 681
392.792 684
392.805 681
392.818 674
392.831 677
392.845 666
392.858 676
392.871 666
392.884 680
392.898 667
392.911 668
392.924 681
392.937 680
392.951 680
392.964 681
392.977 677
392.990 670
393.003 676
393.017 670
393.030 676
393.043 674
393.056 686
393.070 671
393.083 666
393.096 672
393.109 674
393.122 668
393.136 667
393.149 676
393.162 667
393.175 675
393.189 670
393.202 670
393.215 667
393.228 679
393.242 665
393.255 657
393.268 671
393.281 667
393.294 667
393.308 662
393.321 662
393.334 661
393.347 672
393.360 670
393.374 673
393.387 679
393.400 665
393.413 664
393.427 665
393.440 656
393.453 674
393.466 668
393.479 671
393.493 676
393.506 662
393.519 666
393.532 677
393.546 668
393.559 672
393.572 658
393.585 667
393.598 667
393.612 662
393.625 675
393.638 654
393.651 663
393.664 666
393.678 671
393.691 678
393.704 677
393.717 669
393.730 661
393.744 658
393.757 668
393.770 659
393.783 669
393.796 669
393.810 657
393.823 659
393.836 664
393.849 663
393.863 663
393.876 667
393.889 666
393.902 660
393.915 651
393.929 670
