375.891 691
375.905 681
375.919 683
375.933 682
375.946 686
375.960 687
375.974 701
375.987 697
376.001 694
376.015 697
376.029 708
376.042 704
376.056 706
376.070 706
376.084 702
376.097 703
376.111 710
376.125 697
376.139 726
376.152 727
376.166 707
376.180 711
376.193 723
376.207 718
376.221 710
376.235 712
376.248 732
376.262 721
376.276 716
376.290 717
376.303 736
376.317 737
376.331 739
376.345 713
376.358 728
376.372 737
376.386 734
376.399 732
376.413 739
376.427 748
376.441 727
376.454 740
376.468 748
376.482 740
376.495 754
376.509 737
376.523 757
376.537 741
376.550 768
376.564 745
376.578 745
376.592 765
376.605 771
376.619 764
376.633 765
376.646 763
376.660 753
376.674 769
376.688 770
376.701 761
376.715 770
376.729 777
376.742 784
376.756 787
376.770 791
376.784 770
376.797 791
376.811 779
376.825 788
376.838 785
376.852 808
376.866 816
376.880 794
376.893 815
376.907 812
376.921 805
376.934 804
376.948 834
376.962 818
376.976 835
376.989 830
377.003 828
377.017 823
377.030 819
377.044 850
377.058 849
377.071 842
377.085 860
377.099 845
377.113 824
377.126 858
377.140 853
377.154 865
377.167 878
377.181 880
377.195 861
377.208 866
377.222 866
377.236 863
377.250 877
377.263 865
377.277 862
377.291 905
377.304 896
377.318 890
377.332 886
377.345 890
377.359 909
377.373 888
377.387 890
377.400 888
377.414 886
377.428 905
377.441 903
377.455 919
377.469 906
377.482 938
377.496 910
377.510 922
377.524 925
377.537 943
377.551 932
377.565 924
377.578 933
377.592 945
377.606 933
377.619 955
377.633 907
377.647 958
377.660 938
377.674 947
377.688 949
377.701 961
377.715 942
377.729 948
377.743 949
377.756 971
377.770 975
377.784 958
377.797 975
377.811 986
377.825 983
377.838 996
377.852 958
377.866 982
377.879 985
377.893 964
377.907 961
377.920 980
377.934 951
377.948 985
377.961 988
377.975 969
377.989 971
378.002 997
378.016 986
378.030 986
378.044 997
378.057 1004
378.071 1012
378.085 1028
378.098 1006
378.112 1046
378.126 979
378.139 1004
378.153 1011
378.167 999
378.180 1023
378.194 999
378.208 1012
378.221 1016
378.235 1003
378.249 1001
378.262 994
378.276 1020
378.290 1041
378.303 1025
378.317 1026
378.331 1030
378.344 1033
378.358 1040
378.372 1078
378.385 1020
378.399 1032
378.413 1038
378.426 1029
378.440 1029
378.454 1019
378.467 1059
378.481 1054
378.495 1054
378.508 1019
378.522 1026
378.536 1054
378.549 1031
378.563 1074
378.577 1086
378.590 1076
378.604 1088
378.618 1078
378.631 1072
378.645 1058
378.659 1073
378.672 1089
378.686 1085
378.700 1084
378.713 1099
378.727 1097
378.740 1071
378.754 1075
378.768 1092
378.781 1074
378.795 1082
378.809 1071
378.822 1089
378.836 1078
378.850 1101
378.863 1096
378.877 1081
378.891 1109
378.904 1107
378.918 1110
378.932 1120
378.945 1109
378.959 1092
378.973 1113
378.986 1134
379.000 1135
379.014 1128
379.027 1125
379.041 1131
379.054 1132
379.068 1116
379.082 1129
379.095 1153
379.109 1160
379.123 1152
379.136 1169
379.150 1170
379.164 1154
379.177 1195
379.191 1166
379.205 1168
379.218 1138
379.232 1158
379.245 1156
379.259 1200
379.273 1167
379.286 1193
379.300 1217
379.314 1209
379.327 1202
379.341 1204
379.355 1212
379.368 1198
379.382 1231
379.396 1216
379.409 1250
379.423 1260
379.436 1254
379.450 1227
379.464 1243
379.477 1265
379.491 1260
379.505 1232
379.518 1274
379.532 1293
379.546 1267
379.559 1297
379.573 1308
379.586 1315
379.600 1289
379.614 1336
379.627 1333
379.641 1379
379.655 1354
379.668 1348
379.682 1394
379.695 1331
379.709 1341
379.723 1358
379.736 1393
379.750 1396
379.764 1410
379.777 1430
379.791 1402
379.804 1415
379.818 1458
379.832 1435
379.845 1408
379.859 1412
379.873 1494
379.886 1494
379.900 1500
379.913 1511
379.927 1506
379.941 1540
379.954 1586
379.968 1620
379.982 1595
379.995 1575
380.009 1612
380.022 1648
380.036 1662
380.050 1661
380.063 1674
380.077 1706
380.090 1705
380.104 1756
380.118 1775
380.131 1780
380.145 1783
380.159 1792
380.172 1844
380.186 1859
380.199 1861
380.213 1912
380.227 1892
380.240 1904
380.254 1934
380.267 2005
380.281 1940
380.295 2013
380.308 2038
380.322 1999
380.336 2066
380.349 2071
380.363 2127
380.376 2138
380.390 2153
380.404 2218
380.417 2187
380.431 2222
380.444 2288
380.458 2277
380.472 2342
380.485 2359
380.499 2362
380.512 2351
380.526 2368
380.540 2430
380.553 2426
380.567 2473
380.580 2499
380.594 2540
380.608 2607
380.621 2586
380.635 2614
380.648 2678
380.662 2691
380.676 2695
380.689 2715
380.703 2777
380.716 2773
380.730 2852
380.744 2838
380.757 2879
380.771 2894
380.784 2932
380.798 3082
380.812 3075
380.825 3134
380.839 3163
380.852 3202
380.866 3193
380.880 3309
380.893 3339
380.907 3285
380.920 3358
380.934 3354
380.948 3487
380.961 3450
380.975 3508
380.988 3600
381.002 3578
381.015 3609
381.029 3765
381.043 3689
381.056 3746
381.070 3769
381.083 3796
381.097 3794
381.111 3889
381.124 3940
381.138 3956
381.151 4023
381.165 4076
381.179 3980
381.192 4131
381.206 4031
381.219 4057
381.233 4068
381.246 4178
381.260 4258
381.274 4245
381.287 4213
381.301 4378
381.314 4384
381.328 4463
381.341 4407
381.355 4454
381.369 4458
381.382 4532
381.396 4601
381.409 4637
381.423 4642
381.437 4755
381.450 4761
381.464 4773
381.477 4866
381.491 4857
381.504 4897
381.518 4892
381.532 4879
381.545 5017
381.559 5126
381.572 5120
381.586 5051
381.599 5199
381.613 5217
381.627 5344
381.640 5321
381.654 5289
381.667 5470
381.681 5434
381.694 5403
381.708 5364
381.722 5388
381.735 5554
381.749 5484
381.762 5484
381.776 5434
381.789 5631
381.803 5549
381.817 5573
381.830 5732
381.844 5719
381.857 5806
381.871 5762
381.884 5915
381.898 5854
381.911 5863
381.925 5913
381.939 6008
381.952 6030
381.966 5977
381.979 6096
381.993 6238
382.006 6198
382.020 6226
382.034 6269
382.047 6414
382.061 6399
382.074 6400
382.088 6311
382.101 6526
382.115 6514
382.128 6452
382.142 6547
382.156 6570
382.169 6699
382.183 6831
382.196 6919
382.210 6866
382.223 6922
382.237 7054
382.250 7026
382.264 7084
382.278 7165
382.291 7164
382.305 7192
382.318 7272
382.332 7385
382.345 7331
382.359 7399
382.372 7374
382.386 7423
382.399 7478
382.413 7513
382.427 7705
382.440 7757
382.454 7753
382.467 7912
382.481 8056
382.494 8219
382.508 8418
382.521 8399
382.535 8399
382.548 8336
382.562 8462
382.576 8552
382.589 8603
382.603 8693
382.616 8736
382.630 8858
382.643 8884
382.657 8901
382.670 9084
382.684 9128
382.697 9051
382.711 9238
382.724 9334
382.738 9342
382.752 9413
382.765 9653
382.779 9685
382.792 9719
382.806 9782
382.819 10009
382.833 9961
382.846 10138
382.860 10223
382.873 10316
382.887 10420
382.900 10782
382.914 10936
382.928 11028
382.941 11105
382.955 11294
382.968 11322
382.982 11571
382.995 11673
383.009 11973
383.022 11932
383.036 12121
383.049 12303
383.063 12408
383.076 12563
383.090 12493
383.103 12355
383.117 12540
383.130 12756
383.144 12854
383.158 12995
383.171 13044
383.185 13346
383.198 13274
383.212 13620
383.225 13905
383.239 14284
383.252 14300
383.266 14507
383.279 14768
383.293 14657
383.306 14944
383.320 14963
383.333 15284
383.347 15315
383.360 15359
383.374 15353
383.387 15616
383.401 15650
383.414 15776
383.428 16024
383.441 16192
383.455 16156
383.468 16306
383.482 16410
383.496 16578
383.509 16602
383.523 16717
383.536 16935
383.550 16958
383.563 17032
383.577 17286
383.590 17242
383.604 17231
383.617 17543
383.631 17612
383.644 17614
383.658 17725
383.671 17917
383.685 18054
383.698 18428
383.712 18557
383.725 18699
383.739 18708
383.752 18613
383.766 18286
383.779 18359
383.793 18694
383.806 18551
383.820 18781
383.833 18967
383.847 19023
383.860 19085
383.874 19206
383.887 19004
383.901 19182
383.914 19064
383.928 19462
383.941 19372
383.955 19416
383.968 19348
383.982 19604
383.995 19600
384.009 19762
384.022 19848
384.036 19726
384.049 19650
384.063 19931
384.076 20168
384.090 20432
384.103 20436
384.117 20785
384.130 20486
384.144 20135
384.157 20070
384.171 20198
384.184 20388
384.198 20124
384.211 20085
384.225 20244
384.238 20642
384.252 20725
384.265 20783
384.279 20485
384.292 20340
384.306 20128
384.319 20082
384.333 19822
384.346 19766
384.360 19487
384.373 19307
384.387 19255
384.400 19245
384.414 19054
384.427 18932
384.441 18843
384.454 18279
384.468 18238
384.481 18064
384.495 17769
384.508 17470
384.522 17275
384.535 16909
384.549 16586
384.562 16197
384.575 15857
384.589 15844
384.602 15361
384.616 15170
384.629 14661
384.643 14258
384.656 13772
384.670 13261
384.683 13047
384.697 12421
384.710 12163
384.724 11746
384.737 11405
384.751 11122
384.764 10872
384.778 10509
384.791 10238
384.805 10008
384.818 9586
384.832 9184
384.845 9011
384.859 8621
384.872 8361
384.885 8109
384.899 7935
384.912 7644
384.926 7501
384.939 7130
384.953 6989
384.966 6692
384.980 6755
384.993 6531
385.007 6263
385.020 6160
385.034 5944
385.047 5717
385.061 5620
385.074 5429
385.088 5414
385.101 5256
385.114 5126
385.128 5041
385.141 5045
385.155 4854
385.168 4882
385.182 4758
385.195 4823
385.209 4567
385.222 4486
385.236 4497
385.249 4461
385.263 4348
385.276 4276
385.290 4167
385.303 4103
385.316 4039
385.330 4042
385.343 4020
385.357 3885
385.370 3829
385.384 3668
385.397 3770
385.411 3686
385.424 3660
385.438 3638
385.451 3523
385.464 3506
385.478 3495
385.491 3409
385.505 3403
385.518 3363
385.532 3385
385.545 3258
385.559 3235
385.572 3287
385.586 3161
385.599 3165
385.612 3149
385.626 3132
385.639 3107
385.653 3088
385.666 3069
385.680 2987
385.693 2914
385.707 2939
385.720 2896
385.734 2925
385.747 2773
385.760 2821
385.774 2801
385.787 2753
385.801 2758
385.814 2691
385.828 2709
385.841 2646
385.855 2684
385.868 2653
385.881 2586
385.895 2628
385.908 2591
385.922 2566
385.935 2540
385.949 2493
385.962 2476
385.976 2512
385.989 2474
386.002 2503
386.016 2505
386.029 2483
386.043 2419
386.056 2392
386.070 2395
386.083 2380
386.097 2377
386.110 2331
386.123 2330
386.137 2384
386.150 2318
386.164 2305
386.177 2302
386.191 2249
386.204 2266
386.217 2226
386.231 2231
386.244 2222
386.258 2185
386.271 2220
386.285 2258
386.298 2174
386.311 2156
386.325 2148
386.338 2123
386.352 2125
386.365 2180
386.379 2150
386.392 2052
386.405 2040
386.419 2113
386.432 2043
386.446 2078
386.459 2067
386.473 2067
386.486 2068
386.499 2018
386.513 2040
386.526 2011
386.540 1954
386.553 1983
386.567 1983
386.580 1988
386.593 1958
386.607 1964
386.620 1981
386.634 1946
386.647 1964
386.661 1906
386.674 1939
386.687 1927
386.701 1944
386.714 1868
386.728 1862
386.741 1881
386.754 1894
386.768 1877
386.781 1833
386.795 1840
386.808 1819
386.822 1836
386.835 1778
386.848 1775
386.862 1779
386.875 1807
386.889 1800
386.902 1755
386.915 1802
386.929 1797
386.942 1738
386.956 1732
386.969 1726
386.983 1704
386.996 1692
387.009 1676
387.023 1684
387.036 1712
387.050 1691
387.063 1671
387.076 1665
387.090 1686
387.103 1636
387.117 1646
387.130 1636
387.143 1637
387.157 1641
387.170 1644
387.184 1612
387.197 1599
387.210 1596
387.224 1607
387.237 1590
387.251 1598
387.264 1590
387.278 1560
387.291 1564
387.304 1542
387.318 1538
387.331 1530
387.345 1504
387.358 1555
387.371 1486
387.385 1556
387.398 1500
387.412 1451
387.425 1460
387.438 1445
387.452 1454
387.465 1427
387.478 1427
387.492 1395
387.505 1395
387.519 1388
387.532 1439
387.545 1405
387.559 1409
387.572 1398
387.586 1377
387.599 1369
387.612 1361
387.626 1350
387.639 1365
387.653 1356
387.666 1339
387.679 1309
387.693 1318
387.706 1275
387.720 1338
387.733 1301
387.746 1319
387.760 1291
387.773 1343
387.787 1298
387.800 1285
387.813 1271
387.827 1293
387.840 1252
387.853 1266
387.867 1249
387.880 1259
387.894 1274
387.907 1266
387.920 1256
387.934 1256
387.947 1261
387.961 1227
387.974 1182
387.987 1171
388.001 1210
388.014 1223
388.027 1152
388.041 1206
388.054 1200
388.068 1172
388.081 1143
388.094 1157
388.108 1175
388.121 1184
388.134 1158
388.148 1127
388.161 1143
388.175 1141
388.188 1110
388.201 1098
388.215 1130
388.228 1100
388.241 1111
388.255 1098
388.268 1090
388.282 1099
388.295 1119
388.308 1109
388.322 1075
388.335 1102
388.348 1099
388.362 1075
388.375 1068
388.389 1104
388.402 1086
388.415 1072
388.429 1068
388.442 1084
388.455 1084
388.469 1081
388.482 1077
388.495 1080
388.509 1074
388.522 1078
388.536 1057
388.549 1070
388.562 1067
388.576 1072
388.589 1099
388.602 1046
388.616 1060
388.629 1084
388.642 1029
388.656 1064
388.669 1045
388.683 1066
388.696 1057
388.709 1044
388.723 1048
388.736 1056
388.749 1047
388.763 1059
388.776 1072
388.789 1044
388.803 1064
388.816 1072
388.829 1052
388.843 1047
388.856 1030
388.870 1044
388.883 1033
388.896 1040
388.910 1026
388.923 1053
388.936 1049
388.950 1027
388.963 1036
388.976 1016
388.990 1041
389.003 1037
389.016 1027
389.030 1024
389.043 1048
389.056 1041
389.070 1025
389.083 1047
389.097 1046
389.110 1024
389.123 990
389.137 1026
389.150 1031
389.163 1031
389.177 1016
389.190 1021
389.203 1017
389.217 1019
389.230 995
389.243 1027
389.257 1011
389.270 1022
389.283 1013
389.297 1018
389.310 1020
389.323 1011
389.337 1015
389.350 993
389.363 1030
389.377 1013
389.390 1028
389.403 994
389.417 1002
389.430 1006
389.443 1002
389.457 973
389.470 1006
389.483 1011
389.497 996
389.510 986
389.523 1000
389.537 1002
389.550 991
389.563 987
389.577 992
389.590 969
389.603 979
389.617 963
389.630 990
389.643 979
389.657 994
389.670 985
389.683 992
389.697 984
389.710 979
389.723 983
389.737 978
389.750 991
389.763 972
389.777 965
389.790 976
389.803 978
389.817 972
389.830 949
389.843 963
389.857 936
389.870 956
389.883 939
389.897 946
389.910 946
389.923 960
389.937 931
389.950 939
389.963 924
389.977 934
389.990 976
390.003 935
390.017 912
390.030 933
390.043 928
390.057 932
390.070 912
390.083 919
390.096 914
390.110 917
390.123 899
390.136 903
390.150 912
390.163 909
390.176 897
390.190 903
390.203 906
390.216 889
390.230 890
390.243 890
390.256 890
390.270 879
390.283 882
390.296 873
390.310 866
390.323 880
390.336 893
390.349 882
390.363 868
390.376 887
390.389 879
390.403 869
390.416 859
390.429 862
390.443 854
390.456 858
390.469 848
390.483 830
390.496 836
390.509 839
390.522 848
390.536 850
390.549 850
390.562 840
390.576 839
390.589 832
390.602 822
390.616 829
390.629 837
390.642 805
390.655 803
390.669 804
390.682 813
390.695 808
390.709 795
390.722 787
390.735 814
390.749 787
390.762 772
390.775 778
390.788 792
390.802 783
390.815 792
390.828 774
390.842 767
390.855 768
390.868 755
390.882 777
390.895 768
390.908 773
390.921 760
390.935 762
390.948 757
390.961 764
390.975 755
390.988 744
391.001 745
391.014 745
391.028 743
391.041 750
391.054 752
391.068 748
391.081 732
391.094 744
391.107 734
391.121 739
391.134 744
391.147 738
391.161 737
391.174 745
391.187 738
391.200 728
391.214 712
391.227 731
391.240 733
391.254 719
391.267 734
391.280 731
391.293 719
391.307 724
391.320 718
391.333 722
391.347 725
391.360 725
391.373 727
391.386 705
391.400 731
391.413 722
391.426 698
391.440 722
391.453 712
391.466 713
391.479 722
391.493 704
391.506 710
391.519 703
391.532 724
391.546 716
391.559 716
391.572 699
391.586 704
391.599 702
391.612 710
391.625 710
391.639 704
391.652 707
391.665 698
391.678 706
391.692 700
391.705 703
391.718 701
391.732 700
391.745 701
391.758 704
391.771 698
391.785 704
391.798 703
391.811 685
391.824 697
391.838 690
391.851 696
391.864 702
391.877 689
391.891 700
391.904 698
391.917 707
391.931 702
391.944 694
391.957 700
391.970 701
391.984 705
391.997 706
392.010 698
392.023 693
392.037 684
392.050 686
392.063 696
392.076 690
392.090 697
392.103 686
392.116 681
392.129 684
392.143 685
392.156 696
392.169 689
392.182 690
392.196 690
392.209 690
392.222 680
392.235 681
392.249 677
392.262 696
392.275 684
392.288 675
392.302 688
392.315 677
392.328 683
392.341 688
392.355 692
392.368 691
392.381 681
392.394 680
392.408 680
392.421 699
392.434 678
392.447 684
392.461 676
392.474 689
392.487 684
392.500 674
392.514 677
392.527 690
392.540 678
392.553 684
392.567 672
392.580 686
392.593 686
392.606 682
392.620 684
392.633 681
392.646 683
392.659 676
392.673 692
392.686 684
392.699 689
392.712 676
392.726 681
392.739 663
392.752 681
392.765 681
392.778 682
392.792 673
392.805 681
392.818 677
392.831 671
392.845 678
392.858 680
392.871 673
392.884 670
392.898 678
392.911 675
392.924 670
392.937 688
392.951 674
392.964 672
392.977 674
392.990 682
393.003 664
393.017 677
393.030 690
393.043 675
393.056 656
393.070 677
393.083 675
393.096 664
393.109 682
393.122 679
393.136 666
393.149 681
393.162 674
393.175 677
393.189 681
393.202 678
393.215 672
393.228 673
393.242 676
393.255 661
393.268 677
393.281 676
393.294 668
393.308 658
393.321 673
393.334 679
393.347 659
393.360 667
393.374 684
393.387 668
393.400 668
393.413 668
393.427 668
393.440 671
393.453 667
393.466 664
393.479 662
393.493 671
393.506 669
393.519 657
393.532 658
393.546 672
393.559 669
393.572 649
393.585 658
393.598 669
393.612 674
393.625 667
393.638 673
393.651 661
393.664 670
393.678 659
393.691 658
393.704 665
393.717 661
393.730 652
393.744 651
393.757 670
393.770 669
393.783 659
393.796 665
393.810 660
393.823 668
393.836 660
393.849 652
393.863 662
393.876 669
393.889 670
393.902 660
393.915 662
393.929 660
