375.891 709
375.905 736
375.919 721
375.933 719
375.946 717
375.960 730
375.974 728
375.987 723
376.001 739
376.015 715
376.029 742
376.042 740
376.056 729
376.070 739
376.084 757
376.097 741
376.111 743
376.125 747
376.139 741
376.152 743
376.166 749
376.180 738
376.193 760
376.207 761
376.221 760
376.235 750
376.248 761
376.262 770
376.276 764
376.290 764
376.303 768
376.317 768
376.331 780
376.345 762
376.358 763
376.372 782
376.386 784
376.399 796
376.413 776
376.427 789
376.441 795
376.454 770
376.468 772
376.482 796
376.495 795
376.509 797
376.523 809
376.537 808
376.550 812
376.564 820
376.578 810
376.592 805
376.605 808
376.619 800
376.633 794
376.646 808
376.660 830
376.674 827
376.688 824
376.701 824
376.715 809
376.729 818
376.742 844
376.756 837
376.770 833
376.784 848
376.797 850
376.811 852
376.825 846
376.838 871
376.852 852
376.866 868
376.880 856
376.893 867
376.907 863
376.921 876
376.934 878
376.948 873
376.962 879
376.976 890
376.989 880
377.003 879
377.017 903
377.030 901
377.044 919
377.058 916
377.071 911
377.085 922
377.099 924
377.113 915
377.126 940
377.140 916
377.154 931
377.167 934
377.181 937
377.195 953
377.208 938
377.222 925
377.236 953
377.250 963
377.263 949
377.277 956
377.291 976
377.304 986
377.318 984
377.332 998
377.345 978
377.359 979
377.373 997
377.387 983
377.400 986
377.414 992
377.428 981
377.441 1010
377.455 998
377.469 1009
377.482 996
377.496 1025
377.510 1028
377.524 1042
377.537 1015
377.551 1043
377.565 1031
377.578 1033
377.592 1054
377.606 1031
377.619 1054
377.633 1020
377.647 1037
377.660 1046
377.674 1038
377.688 1040
377.701 1046
377.715 1057
377.729 1072
377.743 1074
377.756 1077
377.770 1080
377.784 1098
377.797 1100
377.811 1074
377.825 1082
377.838 1063
377.852 1077
377.866 1093
377.879 1087
377.893 1115
377.907 1109
377.920 1093
377.934 1136
377.948 1084
377.961 1108
377.975 1111
377.989 1097
378.002 1117
378.016 1125
378.030 1128
378.044 1127
378.057 1134
378.071 1129
378.085 1130
378.098 1116
378.112 1113
378.126 1147
378.139 1111
378.153 1100
378.167 1131
378.180 1113
378.194 1143
378.208 1124
378.221 1164
378.235 1142
378.249 1163
378.262 1176
378.276 1135
378.290 1132
378.303 1135
378.317 1143
378.331 1141
378.344 1154
378.358 1153
378.372 1182
378.385 1154
378.399 1160
378.413 1174
378.426 1160
378.440 1167
378.454 1212
378.467 1166
378.481 1188
378.495 1163
378.508 1177
378.522 1200
378.536 1188
378.549 1166
378.563 1174
378.577 1231
378.590 1211
378.604 1220
378.618 1213
378.631 1217
378.645 1233
378.659 1227
378.672 1213
378.686 1229
378.700 1253
378.713 1259
378.727 1244
378.740 1266
378.754 1231
378.768 1237
378.781 1227
378.795 1245
378.809 1233
378.822 1265
378.836 1285
378.850 1212
378.863 1269
378.877 1279
378.891 1279
378.904 1262
378.918 1271
378.932 1278
378.945 1231
378.959 1291
378.973 1291
378.986 1252
379.000 1286
379.014 1300
379.027 1259
379.041 1321
379.054 1268
379.068 1307
379.082 1305
379.095 1318
379.109 1315
379.123 1309
379.136 1299
379.150 1345
379.164 1340
379.177 1315
379.191 1309
379.205 1311
379.218 1333
379.232 1330
379.245 1368
379.259 1331
379.273 1372
379.286 1360
379.300 1362
379.314 1362
379.327 1371
379.341 1378
379.355 1352
379.368 1402
379.382 1430
379.396 1383
379.409 1432
379.423 1414
379.436 1458
379.450 1460
379.464 1439
379.477 1465
379.491 1472
379.505 1487
379.518 1477
379.532 1462
379.546 1516
379.559 1498
379.573 1504
379.586 1515
379.600 1518
379.614 1543
379.627 1536
379.641 1490
379.655 1542
379.668 1570
379.682 1540
379.695 1603
379.709 1616
379.723 1579
379.736 1625
379.750 1640
379.764 1680
379.777 1675
379.791 1676
379.804 1721
379.818 1703
379.832 1670
379.845 1701
379.859 1735
379.873 1744
379.886 1727
379.900 1779
379.913 1755
379.927 1809
379.941 1851
379.954 1864
379.968 1896
379.982 1902
379.995 1895
380.009 1893
380.022 1931
380.036 1942
380.050 1997
380.063 1999
380.077 2023
380.090 2061
380.104 2092
380.118 2132
380.131 2101
380.145 2143
380.159 2131
380.172 2185
380.186 2183
380.199 2256
380.213 2271
380.227 2307
380.240 2298
380.254 2327
380.267 2381
380.281 2373
380.295 2462
380.308 2394
380.322 2469
380.336 2527
380.349 2574
380.363 2594
380.376 2626
380.390 2697
380.404 2750
380.417 2708
380.431 2764
380.444 2735
380.458 2812
380.472 2756
380.485 2895
380.499 2859
380.512 2978
380.526 2947
380.540 3003
380.553 3024
380.567 3083
380.580 3077
380.594 3175
380.608 3161
380.621 3202
380.635 3284
380.648 3309
380.662 3322
380.676 3279
380.689 3431
380.703 3450
380.716 3450
380.730 3531
380.744 3556
380.757 3686
380.771 3657
380.784 3717
380.798 3843
380.812 3865
380.825 3845
380.839 3959
380.852 4046
380.866 4119
380.880 4149
380.893 4114
380.907 4247
380.920 4201
380.934 4307
380.948 4344
380.961 4387
380.975 4435
380.988 4472
381.002 4410
381.015 4543
381.029 4661
381.043 4604
381.056 4748
381.070 4743
381.083 4729
381.097 4795
381.111 4880
381.124 4918
381.138 5008
381.151 5121
381.165 5128
381.179 5177
381.192 5199
381.206 5115
381.219 5144
381.233 5219
381.246 5318
381.260 5333
381.274 5357
381.287 5465
381.301 5473
381.314 5558
381.328 5564
381.341 5667
381.355 5741
381.369 5742
381.382 5793
381.396 5801
381.409 5915
381.423 6019
381.437 5995
381.450 6032
381.464 6195
381.477 6157
381.491 6260
381.504 6341
381.518 6260
381.532 6363
381.545 6395
381.559 6565
381.572 6557
381.586 6615
381.599 6713
381.613 6738
381.627 6785
381.640 6812
381.654 6883
381.667 6956
381.681 6886
381.694 6898
381.708 6930
381.722 6903
381.735 6965
381.749 6977
381.762 6975
381.776 7042
381.789 7267
381.803 7078
381.817 7193
381.830 7175
381.844 7367
381.857 7395
381.871 7364
381.884 7364
381.898 7547
381.911 7561
381.925 7560
381.939 7618
381.952 7742
381.966 7696
381.979 7821
381.993 7887
382.006 8052
382.020 8009
382.034 8123
382.047 8149
382.061 8052
382.074 8197
382.088 8166
382.101 8232
382.115 8341
382.128 8315
382.142 8493
382.156 8654
382.169 8742
382.183 8701
382.196 8778
382.210 8847
382.223 8774
382.237 8909
382.250 8980
382.264 8962
382.278 9073
382.291 9092
382.305 9264
382.318 9383
382.332 9363
382.345 9344
382.359 9347
382.372 9489
382.386 9592
382.399 9608
382.413 9640
382.427 9726
382.440 9829
382.454 9937
382.467 10084
382.481 10184
382.494 10617
382.508 10846
382.521 10729
382.535 10738
382.548 10866
382.562 10869
382.576 10843
382.589 11044
382.603 11191
382.616 11305
382.630 11318
382.643 11502
382.657 11550
382.670 11864
382.684 11790
382.697 11633
382.711 11781
382.724 11956
382.738 11897
382.752 12194
382.765 12178
382.779 12315
382.792 12368
382.806 12464
382.819 12751
382.833 12763
382.846 13002
382.860 13022
382.873 13173
382.887 13370
382.900 13632
382.914 13708
382.928 13993
382.941 14080
382.955 14228
382.968 14497
382.982 14692
382.995 14817
383.009 14791
383.022 14930
383.036 15265
383.049 15360
383.063 15467
383.076 15703
383.090 15588
383.103 15702
383.117 15804
383.130 16157
383.144 16030
383.158 16367
383.171 16562
383.185 16563
383.198 16955
383.212 17094
383.225 17496
383.239 17926
383.252 18150
383.266 18247
383.279 18641
383.293 18644
383.306 18768
383.320 18992
383.333 19316
383.347 19694
383.360 19387
383.374 19306
383.387 19847
383.401 19956
383.414 20224
383.428 20137
383.441 20291
383.455 20426
383.468 20452
383.482 20510
383.496 20661
383.509 20637
383.523 21064
383.536 20994
383.550 20944
383.563 21412
383.577 21230
383.590 21495
383.604 21714
383.617 21738
383.631 21930
383.644 22016
383.658 21904
383.671 22135
383.685 22400
383.698 22845
383.712 22978
383.725 23069
383.739 22914
383.752 22855
383.766 22869
383.779 22830
383.793 22913
383.806 22933
383.820 23417
383.833 23305
383.847 23366
383.860 23657
383.874 23748
383.887 23477
383.901 23512
383.914 23586
383.928 23834
383.941 23864
383.955 23850
383.968 23797
383.982 23950
383.995 23724
384.009 24071
384.022 24042
384.036 24096
384.049 24243
384.063 24396
384.076 25042
384.090 25268
384.103 25418
384.117 25357
384.130 25089
384.144 24406
384.157 24745
384.171 24328
384.184 24370
384.198 24346
384.211 24161
384.225 24322
384.238 24920
384.252 25304
384.265 25148
384.279 24630
384.292 24622
384.306 24698
384.319 24154
384.333 24142
384.346 23623
384.360 23348
384.373 23362
384.387 23057
384.400 23153
384.414 22705
384.427 22398
384.441 22262
384.454 22070
384.468 21472
384.481 21064
384.495 21070
384.508 20701
384.522 20282
384.535 19860
384.549 19674
384.562 19086
384.575 18751
384.589 18432
384.602 18126
384.616 17716
384.629 17444
384.643 16841
384.656 16398
384.670 15603
384.683 15107
384.697 14619
384.710 14194
384.724 13535
384.737 13146
384.751 12866
384.764 12357
384.778 11971
384.791 11721
384.805 11402
384.818 10946
384.832 10656
384.845 10188
384.859 9879
384.872 9586
384.885 9221
384.899 8957
384.912 8712
384.926 8472
384.939 8181
384.953 8002
384.966 7781
384.980 7544
384.993 7274
385.007 7141
385.020 6864
385.034 6726
385.047 6654
385.061 6241
385.074 6178
385.088 6083
385.101 5928
385.114 5856
385.128 5725
385.141 5678
385.155 5460
385.168 5487
385.182 5457
385.195 5404
385.209 5312
385.222 5162
385.236 5006
385.249 4929
385.263 4884
385.276 4804
385.290 4744
385.303 4599
385.316 4565
385.330 4575
385.343 4468
385.357 4446
385.370 4233
385.384 4148
385.397 4170
385.411 4141
385.424 4015
385.438 3995
385.451 3940
385.464 3893
385.478 3881
385.491 3793
385.505 3841
385.518 3689
385.532 3696
385.545 3559
385.559 3471
385.572 3506
385.586 3509
385.599 3535
385.612 3531
385.626 3423
385.639 3410
385.653 3376
385.666 3336
385.680 3278
385.693 3294
385.707 3239
385.720 3245
385.734 3199
385.747 3122
385.760 3086
385.774 3008
385.787 3055
385.801 2969
385.814 2929
385.828 2915
385.841 2887
385.855 2868
385.868 2847
385.881 2866
385.895 2790
385.908 2779
385.922 2764
385.935 2724
385.949 2732
385.962 2661
385.976 2662
385.989 2679
386.002 2685
386.016 2721
386.029 2642
386.043 2656
386.056 2629
386.070 2641
386.083 2550
386.097 2549
386.110 2505
386.123 2539
386.137 2593
386.150 2544
386.164 2482
386.177 2488
386.191 2501
386.204 2428
386.217 2393
386.231 2391
386.244 2427
386.258 2360
386.271 2420
386.285 2364
386.298 2287
386.311 2328
386.325 2324
386.338 2277
386.352 2390
386.365 2301
386.379 2307
386.392 2234
386.405 2269
386.419 2266
386.432 2194
386.446 2198
386.459 2277
386.473 2251
386.486 2240
386.499 2178
386.513 2205
386.526 2197
386.540 2138
386.553 2143
386.567 2101
386.580 2149
386.593 2215
386.607 2114
386.620 2112
386.634 2194
386.647 2061
386.661 2078
386.674 2038
386.687 2060
386.701 2029
386.714 2037
386.728 1999
386.741 2010
386.754 2009
386.768 2047
386.781 2030
386.795 1996
386.808 1968
386.822 1925
386.835 1965
386.848 1900
386.862 1931
386.875 1899
386.889 1840
386.902 1879
386.915 1895
386.929 1904
386.942 1892
386.956 1859
386.969 1830
386.983 1826
386.996 1801
387.009 1804
387.023 1824
387.036 1812
387.050 1816
387.063 1746
387.076 1740
387.090 1803
387.103 1794
387.117 1745
387.130 1754
387.143 1732
387.157 1766
387.170 1726
387.184 1710
387.197 1704
387.210 1743
387.224 1761
387.237 1718
387.251 1721
387.264 1674
387.278 1648
387.291 1620
387.304 1639
387.318 1667
387.331 1653
387.345 1629
387.358 1634
387.371 1613
387.385 1555
387.398 1611
387.412 1586
387.425 1572
387.438 1516
387.452 1521
387.465 1510
387.478 1535
387.492 1519
387.505 1498
387.519 1515
387.532 1509
387.545 1529
387.559 1513
387.572 1503
387.586 1468
387.599 1499
387.612 1478
387.626 1498
387.639 1471
387.653 1443
387.666 1395
387.679 1427
387.693 1397
387.706 1382
387.720 1377
387.733 1402
387.746 1385
387.760 1382
387.773 1387
387.787 1373
387.800 1388
387.813 1361
387.827 1351
387.840 1328
387.853 1336
387.867 1312
387.880 1352
387.894 1325
387.907 1320
387.920 1353
387.934 1289
387.947 1304
387.961 1292
387.974 1283
387.987 1318
388.001 1274
388.014 1257
388.027 1300
388.041 1247
388.054 1266
388.068 1243
388.081 1273
388.094 1264
388.108 1226
388.121 1214
388.134 1261
388.148 1218
388.161 1220
388.175 1182
388.188 1155
388.201 1197
388.215 1158
388.228 1205
388.241 1171
388.255 1161
388.268 1148
388.282 1168
388.295 1159
388.308 1186
388.322 1161
388.335 1156
388.348 1132
388.362 1168
388.375 1152
388.389 1172
388.402 1144
388.415 1149
388.429 1138
388.442 1143
388.455 1153
388.469 1144
388.482 1160
388.495 1140
388.509 1143
388.522 1159
388.536 1127
388.549 1114
388.562 1090
388.576 1142
388.589 1130
388.602 1109
388.616 1129
388.629 1087
388.642 1123
388.656 1136
388.669 1094
388.683 1121
388.696 1130
388.709 1122
388.723 1133
388.736 1113
388.749 1104
388.763 1115
388.776 1099
388.789 1110
388.803 1109
388.816 1108
388.829 1108
388.843 1090
388.856 1121
388.870 1056
388.883 1080
388.896 1098
388.910 1089
388.923 1067
388.936 1081
388.950 1070
388.963 1088
388.976 1058
388.990 1085
389.003 1101
389.016 1051
389.030 1090
389.043 1095
389.056 1111
389.070 1107
389.083 1070
389.097 1093
389.110 1065
389.123 1108
389.137 1093
389.150 1058
389.163 1074
389.177 1079
389.190 1065
389.203 1052
389.217 1054
389.230 1096
389.243 1059
389.257 1046
389.270 1067
389.283 1078
389.297 1065
389.310 1054
389.323 1066
389.337 1040
389.350 1062
389.363 1059
389.377 1030
389.390 1046
389.403 1076
389.417 1048
389.430 1035
389.443 1071
389.457 1065
389.470 1060
389.483 1067
389.497 1054
389.510 1062
389.523 1072
389.537 1064
389.550 1048
389.563 1045
389.577 1013
389.590 1055
389.603 1036
389.617 1014
389.630 1029
389.643 996
389.657 1041
389.670 1017
389.683 1008
389.697 1022
389.710 1009
389.723 1028
389.737 1000
389.750 1016
389.763 1022
389.777 1041
389.790 1009
389.803 999
389.817 986
389.830 996
389.843 990
389.857 994
389.870 976
389.883 994
389.897 984
389.910 974
389.923 983
389.937 958
389.950 994
389.963 983
389.977 1002
389.990 984
390.003 986
390.017 958
390.030 980
390.043 966
390.057 978
390.070 937
390.083 960
390.096 939
390.110 959
390.123 943
390.136 967
390.150 943
390.163 936
390.176 951
390.190 952
390.203 935
390.216 923
390.230 921
390.243 918
390.256 914
390.270 897
390.283 928
390.296 905
390.310 907
390.323 902
390.336 887
390.349 911
390.363 894
390.376 900
390.389 919
390.403 911
390.416 881
390.429 896
390.443 880
390.456 878
390.469 894
390.483 860
390.496 872
390.509 863
390.522 872
390.536 837
390.549 839
390.562 852
390.576 853
390.589 863
390.602 870
390.616 842
390.629 833
390.642 825
390.655 835
390.669 827
390.682 824
390.695 837
390.709 820
390.722 825
390.735 818
390.749 808
390.762 799
390.775 807
390.788 823
390.802 796
390.815 811
390.828 797
390.842 786
390.855 778
390.868 800
390.882 770
390.895 778
390.908 787
390.921 789
390.935 771
390.948 787
390.961 780
390.975 754
390.988 773
391.001 761
391.014 768
391.028 775
391.041 768
391.054 759
391.068 768
391.081 773
391.094 767
391.107 745
391.121 761
391.134 755
391.147 757
391.161 750
391.174 761
391.187 743
391.200 738
391.214 747
391.227 745
391.240 750
391.254 746
391.267 739
391.280 738
391.293 756
391.307 734
391.320 736
391.333 753
391.347 736
391.360 729
391.373 729
391.386 726
391.400 725
391.413 722
391.426 733
391.440 740
391.453 731
391.466 741
391.479 730
391.493 713
391.506 732
391.519 738
391.532 707
391.546 729
391.559 725
391.572 720
391.586 735
391.599 711
391.612 719
391.625 707
391.639 727
391.652 719
391.665 714
391.678 728
391.692 714
391.705 704
391.718 722
391.732 719
391.745 720
391.758 712
391.771 707
391.785 708
391.798 709
391.811 710
391.824 709
391.838 700
391.851 707
391.864 713
391.877 697
391.891 709
391.904 695
391.917 707
391.931 701
391.944 700
391.957 700
391.970 705
391.984 706
391.997 711
392.010 696
392.023 702
392.037 714
392.050 697
392.063 706
392.076 692
392.090 707
392.103 697
392.116 696
392.129 705
392.143 694
392.156 707
392.169 704
392.182 697
392.196 696
392.209 702
392.222 694
392.235 699
392.249 689
392.262 686
392.275 703
392.288 681
392.302 696
392.315 695
392.328 701
392.341 696
392.355 696
392.368 686
392.381 695
392.394 692
392.408 670
392.421 698
392.434 698
392.447 697
392.461 694
392.474 684
392.487 697
392.500 695
392.514 682
392.527 688
392.540 695
392.553 700
392.567 675
392.580 690
392.593 695
392.606 679
392.620 692
392.633 686
392.646 691
392.659 693
392.673 694
392.686 682
392.699 681
392.712 694
392.726 693
392.739 676
392.752 682
392.765 706
392.778 685
392.792 681
392.805 678
392.818 690
392.831 681
392.845 690
392.858 687
392.871 682
392.884 687
392.898 693
392.911 673
392.924 686
392.937 691
392.951 684
392.964 672
392.977 680
392.990 679
393.003 686
393.017 686
393.030 686
393.043 673
393.056 690
393.070 684
393.083 681
393.096 684
393.109 683
393.122 680
393.136 686
393.149 685
393.162 682
393.175 676
393.189 678
393.202 696
393.215 671
393.228 695
393.242 673
393.255 672
393.268 682
393.281 677
393.294 675
393.308 683
393.321 668
393.334 681
393.347 690
393.360 670
393.374 671
393.387 681
393.400 680
393.413 672
393.427 673
393.440 670
393.453 672
393.466 659
393.479 683
393.493 681
393.506 676
393.519 683
393.532 667
393.546 661
393.559 678
393.572 669
393.585 670
393.598 658
393.612 670
393.625 681
393.638 666
393.651 676
393.664 679
393.678 668
393.691 662
393.704 667
393.717 675
393.730 684
393.744 666
393.757 670
393.770 678
393.783 674
393.796 661
393.810 665
393.823 670
393.836 672
393.849 661
393.863 669
393.876 679
393.889 673
393.902 676
393.915 665
393.929 674
