375.891 700
375.905 710
375.919 732
375.933 720
375.946 715
375.960 721
375.974 719
375.987 722
376.001 730
376.015 721
376.029 724
376.042 721
376.056 734
376.070 715
376.084 722
376.097 723
376.111 732
376.125 736
376.139 743
376.152 724
376.166 736
376.180 736
376.193 753
376.207 750
376.221 750
376.235 760
376.248 752
376.262 749
376.276 766
376.290 754
376.303 762
376.317 767
376.331 765
376.345 758
376.358 756
376.372 770
376.386 775
376.399 772
376.413 759
376.427 780
376.441 787
376.454 783
376.468 785
376.482 772
376.495 783
376.509 772
376.523 782
376.537 785
376.550 788
376.564 808
376.578 773
376.592 786
376.605 798
376.619 786
376.633 808
376.646 804
376.660 802
376.674 819
376.688 813
376.701 810
376.715 805
376.729 812
376.742 830
376.756 814
376.770 837
376.784 822
376.797 831
376.811 847
376.825 845
376.838 858
376.852 848
376.866 859
376.880 856
376.893 841
376.907 833
376.921 867
376.934 869
376.948 877
376.962 875
376.976 864
376.989 878
377.003 858
377.017 869
377.030 887
377.044 916
377.058 902
377.071 917
377.085 894
377.099 903
377.113 887
377.126 917
377.140 895
377.154 906
377.167 916
377.181 926
377.195 926
377.208 930
377.222 938
377.236 921
377.250 952
377.263 942
377.277 933
377.291 974
377.304 952
377.318 940
377.332 943
377.345 971
377.359 979
377.373 953
377.387 970
377.400 980
377.414 965
377.428 991
377.441 971
377.455 965
377.469 1005
377.482 996
377.496 1006
377.510 989
377.524 1002
377.537 1033
377.551 1029
377.565 1031
377.578 1020
377.592 1021
377.606 1034
377.619 1033
377.633 1006
377.647 1042
377.660 1001
377.674 1033
377.688 1014
377.701 1049
377.715 1009
377.729 1024
377.743 1058
377.756 1026
377.770 1054
377.784 1039
377.797 1045
377.811 1039
377.825 1060
377.838 1026
377.852 1074
377.866 1101
377.879 1050
377.893 1060
377.907 1086
377.920 1083
377.934 1072
377.948 1044
377.961 1076
377.975 1089
377.989 1082
378.002 1097
378.016 1121
378.030 1046
378.044 1109
378.057 1106
378.071 1096
378.085 1103
378.098 1099
378.112 1095
378.126 1113
378.139 1099
378.153 1091
378.167 1101
378.180 1103
378.194 1111
378.208 1079
378.221 1123
378.235 1143
378.249 1108
378.262 1121
378.276 1108
378.290 1162
378.303 1140
378.317 1114
378.331 1142
378.344 1148
378.358 1123
378.372 1154
378.385 1140
378.399 1122
378.413 1165
378.426 1160
378.440 1184
378.454 1186
378.467 1138
378.481 1180
378.495 1149
378.508 1171
378.522 1158
378.536 1173
378.549 1143
378.563 1170
378.577 1189
378.590 1198
378.604 1163
378.618 1201
378.631 1179
378.645 1190
378.659 1173
378.672 1173
378.686 1205
378.700 1194
378.713 1221
378.727 1220
378.740 1212
378.754 1226
378.768 1221
378.781 1217
378.795 1222
378.809 1226
378.822 1209
378.836 1203
378.850 1201
378.863 1230
378.877 1244
378.891 1234
378.904 1232
378.918 1250
378.932 1260
378.945 1242
378.959 1239
378.973 1259
378.986 1245
379.000 1261
379.014 1280
379.027 1283
379.041 1242
379.054 1253
379.068 1248
379.082 1277
379.095 1289
379.109 1286
379.123 1277
379.136 1294
379.150 1315
379.164 1301
379.177 1307
379.191 1298
379.205 1324
379.218 1306
379.232 1312
379.245 1346
379.259 1317
379.273 1344
379.286 1340
379.300 1355
379.314 1342
379.327 1338
379.341 1369
379.355 1347
379.368 1394
379.382 1367
379.396 1367
379.409 1398
379.423 1398
379.436 1415
379.450 1400
379.464 1439
379.477 1403
379.491 1431
379.505 1421
379.518 1465
379.532 1466
379.546 1438
379.559 1446
379.573 1492
379.586 1453
379.600 1507
379.614 1496
379.627 1468
379.641 1521
379.655 1536
379.668 1513
379.682 1527
379.695 1563
379.709 1549
379.723 1564
379.736 1596
379.750 1595
379.764 1640
379.777 1664
379.791 1679
379.804 1713
379.818 1696
379.832 1687
379.845 1648
379.859 1711
379.873 1711
379.886 1710
379.900 1735
379.913 1744
379.927 1740
379.941 1790
379.954 1834
379.968 1849
379.982 1867
379.995 1849
380.009 1867
380.022 1901
380.036 1882
380.050 1878
380.063 1955
380.077 1957
380.090 1974
380.104 2037
380.118 2035
380.131 2064
380.145 2081
380.159 2112
380.172 2130
380.186 2106
380.199 2133
380.213 2219
380.227 2220
380.240 2270
380.254 2261
380.267 2272
380.281 2306
380.295 2351
380.308 2385
380.322 2388
380.336 2405
380.349 2462
380.363 2486
380.376 2498
380.390 2593
380.404 2592
380.417 2649
380.431 2625
380.444 2672
380.458 2667
380.472 2707
380.485 2763
380.499 2789
380.512 2818
380.526 2884
380.540 2860
380.553 2903
380.567 2903
380.580 2942
380.594 2990
380.608 3102
380.621 3145
380.635 3127
380.648 3202
380.662 3226
380.676 3297
380.689 3330
380.703 3317
380.716 3343
380.730 3342
380.744 3392
380.757 3448
380.771 3522
380.784 3622
380.798 3664
380.812 3640
380.825 3737
380.839 3709
380.852 3880
380.866 3934
380.880 3970
380.893 3993
380.907 4005
380.920 4059
380.934 4085
380.948 4134
380.961 4188
380.975 4378
380.988 4364
381.002 4278
381.015 4287
381.029 4457
381.043 4462
381.056 4536
381.070 4521
381.083 4570
381.097 4562
381.111 4687
381.124 4646
381.138 4894
381.151 4773
381.165 4954
381.179 4974
381.192 4949
381.206 4843
381.219 4938
381.233 4956
381.246 5007
381.260 5071
381.274 5095
381.287 5159
381.301 5239
381.314 5194
381.328 5371
381.341 5357
381.355 5391
381.369 5416
381.382 5403
381.396 5533
381.409 5539
381.423 5699
381.437 5770
381.450 5766
381.464 5768
381.477 5930
381.491 6018
381.504 5915
381.518 5931
381.532 5975
381.545 6042
381.559 6126
381.572 6261
381.586 6307
381.599 6328
381.613 6385
381.627 6470
381.640 6428
381.654 6468
381.667 6575
381.681 6596
381.694 6567
381.708 6451
381.722 6483
381.735 6537
381.749 6614
381.762 6735
381.776 6665
381.789 6749
381.803 6773
381.817 6833
381.830 6681
381.844 6921
381.857 6928
381.871 6985
381.884 7107
381.898 7055
381.911 7024
381.925 7182
381.939 7221
381.952 7281
381.966 7345
381.979 7341
381.993 7375
382.006 7486
382.020 7538
382.034 7576
382.047 7712
382.061 7671
382.074 7636
382.088 7675
382.101 7824
382.115 7833
382.128 7847
382.142 7930
382.156 8154
382.169 8039
382.183 8210
382.196 8175
382.210 8305
382.223 8421
382.237 8344
382.250 8470
382.264 8491
382.278 8519
382.291 8596
382.305 8534
382.318 8774
382.332 8878
382.345 8874
382.359 8885
382.372 8904
382.386 8950
382.399 9099
382.413 9094
382.427 8993
382.440 9217
382.454 9482
382.467 9496
382.481 9608
382.494 9877
382.508 10207
382.521 10118
382.535 10211
382.548 10105
382.562 10135
382.576 10214
382.589 10398
382.603 10528
382.616 10496
382.630 10667
382.643 10759
382.657 10884
382.670 11010
382.684 11133
382.697 10964
382.711 11061
382.724 11249
382.738 11342
382.752 11405
382.765 11601
382.779 11559
382.792 11516
382.806 11786
382.819 11938
382.833 12030
382.846 12177
382.860 12238
382.873 12322
382.887 12692
382.900 12714
382.914 12914
382.928 13231
382.941 13315
382.955 13476
382.968 13743
382.982 13799
382.995 13997
383.009 14062
383.022 14149
383.036 14247
383.049 14434
383.063 14664
383.076 14875
383.090 14824
383.103 14782
383.117 15039
383.130 15153
383.144 15102
383.158 15426
383.171 15427
383.185 15494
383.198 16043
383.212 16190
383.225 16568
383.239 16841
383.252 17123
383.266 17398
383.279 17440
383.293 17556
383.306 17728
383.320 17830
383.333 18267
383.347 18603
383.360 18373
383.374 18366
383.387 18652
383.401 18791
383.414 19122
383.428 19041
383.441 19259
383.455 19518
383.468 19263
383.482 19494
383.496 19717
383.509 19768
383.523 19830
383.536 19959
383.550 20012
383.563 20178
383.577 20354
383.590 20622
383.604 20333
383.617 20658
383.631 20698
383.644 20787
383.658 21026
383.671 21152
383.685 21354
383.698 21425
383.712 21827
383.725 21756
383.739 21860
383.752 21648
383.766 21679
383.779 21765
383.793 21624
383.806 21986
383.820 22074
383.833 22219
383.847 22153
383.860 22249
383.874 22149
383.887 22489
383.901 22439
383.914 22430
383.928 22642
383.941 22611
383.955 22573
383.968 22638
383.982 22641
383.995 22863
384.009 22729
384.022 22949
384.036 23018
384.049 22874
384.063 23150
384.076 23676
384.090 24049
384.103 24106
384.117 24139
384.130 23814
384.144 23111
384.157 23240
384.171 23107
384.184 23020
384.198 23026
384.211 23110
384.225 23104
384.238 23454
384.252 23933
384.265 23608
384.279 23430
384.292 23388
384.306 23561
384.319 22953
384.333 22509
384.346 22350
384.360 21856
384.373 21766
384.387 21736
384.400 21622
384.414 21419
384.427 21183
384.441 20834
384.454 20586
384.468 20032
384.481 19800
384.495 19641
384.508 19389
384.522 19015
384.535 18428
384.549 17918
384.562 17763
384.575 17323
384.589 17128
384.602 16857
384.616 16655
384.629 16028
384.643 15489
384.656 15090
384.670 14607
384.683 13893
384.697 13440
384.710 13138
384.724 12651
384.737 12208
384.751 11620
384.764 11444
384.778 11065
384.791 10824
384.805 10509
384.818 10115
384.832 9771
384.845 9546
384.859 9117
384.872 8852
384.885 8530
384.899 8307
384.912 8076
384.926 7711
384.939 7407
384.953 7259
384.966 7254
384.980 6996
384.993 6846
385.007 6578
385.020 6366
385.034 6255
385.047 6080
385.061 5868
385.074 5642
385.088 5588
385.101 5400
385.114 5375
385.128 5239
385.141 4965
385.155 4998
385.168 4989
385.182 4961
385.195 4828
385.209 4868
385.222 4686
385.236 4567
385.249 4455
385.263 4434
385.276 4325
385.290 4256
385.303 4131
385.316 4161
385.330 4138
385.343 4049
385.357 3983
385.370 3843
385.384 3806
385.397 3797
385.411 3701
385.424 3651
385.438 3595
385.451 3539
385.464 3474
385.478 3539
385.491 3498
385.505 3363
385.518 3406
385.532 3274
385.545 3262
385.559 3220
385.572 3224
385.586 3193
385.599 3110
385.612 3132
385.626 3137
385.639 3077
385.653 3110
385.666 3040
385.680 2957
385.693 2921
385.707 2985
385.720 2927
385.734 2939
385.747 2830
385.760 2796
385.774 2771
385.787 2789
385.801 2747
385.814 2680
385.828 2617
385.841 2655
385.855 2647
385.868 2540
385.881 2581
385.895 2557
385.908 2517
385.922 2580
385.935 2534
385.949 2484
385.962 2405
385.976 2491
385.989 2422
386.002 2397
386.016 2464
386.029 2459
386.043 2429
386.056 2359
386.070 2328
386.083 2347
386.097 2354
386.110 2326
386.123 2327
386.137 2287
386.150 2329
386.164 2283
386.177 2305
386.191 2267
386.204 2294
386.217 2239
386.231 2215
386.244 2214
386.258 2170
386.271 2178
386.285 2147
386.298 2152
386.311 2146
386.325 2121
386.338 2146
386.352 2134
386.365 2109
386.379 2104
386.392 2074
386.405 2074
386.419 2044
386.432 2048
386.446 2060
386.459 2070
386.473 2062
386.486 2037
386.499 2026
386.513 1963
386.526 1955
386.540 1946
386.553 2006
386.567 1953
386.580 1990
386.593 2003
386.607 1947
386.620 1987
386.634 1938
386.647 1922
386.661 1942
386.674 1890
386.687 1881
386.701 1861
386.714 1905
386.728 1890
386.741 1860
386.754 1893
386.768 1847
386.781 1849
386.795 1817
386.808 1810
386.822 1769
386.835 1812
386.848 1739
386.862 1768
386.875 1796
386.889 1754
386.902 1763
386.915 1757
386.929 1743
386.942 1712
386.956 1741
386.969 1679
386.983 1692
386.996 1702
387.009 1689
387.023 1687
387.036 1684
387.050 1680
387.063 1633
387.076 1616
387.090 1612
387.103 1630
387.117 1622
387.130 1632
387.143 1638
387.157 1604
387.170 1628
387.184 1603
387.197 1579
387.210 1603
387.224 1615
387.237 1582
387.251 1568
387.264 1551
387.278 1529
387.291 1536
387.304 1563
387.318 1481
387.331 1523
387.345 1506
387.358 1499
387.371 1509
387.385 1513
387.398 1457
387.412 1457
387.425 1447
387.438 1428
387.452 1403
387.465 1422
387.478 1380
387.492 1391
387.505 1396
387.519 1431
387.532 1422
387.545 1408
387.559 1433
387.572 1400
387.586 1365
387.599 1385
387.612 1358
387.626 1379
387.639 1362
387.653 1364
387.666 1333
387.679 1314
387.693 1328
387.706 1280
387.720 1295
387.733 1316
387.746 1290
387.760 1324
387.773 1324
387.787 1261
387.800 1273
387.813 1301
387.827 1265
387.840 1276
387.853 1258
387.867 1261
387.880 1266
387.894 1272
387.907 1251
387.920 1250
387.934 1257
387.947 1212
387.961 1195
387.974 1200
387.987 1223
388.001 1153
388.014 1187
388.027 1201
388.041 1148
388.054 1157
388.068 1160
388.081 1165
388.094 1159
388.108 1159
388.121 1124
388.134 1131
388.148 1130
388.161 1133
388.175 1126
388.188 1108
388.201 1120
388.215 1121
388.228 1094
388.241 1112
388.255 1090
388.268 1097
388.282 1074
388.295 1121
388.308 1088
388.322 1097
388.335 1086
388.348 1071
388.362 1077
388.375 1075
388.389 1079
388.402 1103
388.415 1062
388.429 1103
388.442 1088
388.455 1099
388.469 1072
388.482 1062
388.495 1095
388.509 1078
388.522 1060
388.536 1067
388.549 1087
388.562 1021
388.576 1041
388.589 1053
388.602 1050
388.616 1049
388.629 1063
388.642 1054
388.656 1062
388.669 1061
388.683 1071
388.696 1078
388.709 1055
388.723 1063
388.736 1055
388.749 1045
388.763 1058
388.776 1035
388.789 1039
388.803 1013
388.816 1043
388.829 1054
388.843 1037
388.856 1020
388.870 1030
388.883 1004
388.896 1024
388.910 1040
388.923 1029
388.936 1022
388.950 1027
388.963 1019
388.976 1013
388.990 1030
389.003 1042
389.016 989
389.030 1040
389.043 1024
389.056 1024
389.070 1021
389.083 1003
389.097 999
389.110 1035
389.123 984
389.137 1001
389.150 1011
389.163 1031
389.177 995
389.190 968
389.203 997
389.217 1028
389.230 1013
389.243 994
389.257 994
389.270 969
389.283 1004
389.297 1026
389.310 989
389.323 994
389.337 995
389.350 1014
389.363 1002
389.377 1029
389.390 1003
389.403 1002
389.417 977
389.430 1005
389.443 998
389.457 1021
389.470 994
389.483 985
389.497 974
389.510 983
389.523 989
389.537 985
389.550 991
389.563 983
389.577 974
389.590 954
389.603 966
389.617 983
389.630 959
389.643 944
389.657 976
389.670 975
389.683 960
389.697 974
389.710 978
389.723 970
389.737 954
389.750 947
389.763 979
389.777 965
389.790 965
389.803 955
389.817 948
389.830 953
389.843 937
389.857 949
389.870 955
389.883 947
389.897 943
389.910 940
389.923 955
389.937 956
389.950 929
389.963 927
389.977 928
389.990 939
390.003 961
390.017 943
390.030 940
390.043 914
390.057 922
390.070 909
390.083 890
390.096 908
390.110 893
390.123 903
390.136 887
390.150 895
390.163 894
390.176 900
390.190 892
390.203 871
390.216 893
390.230 884
390.243 867
390.256 875
390.270 875
390.283 881
390.296 878
390.310 869
390.323 860
390.336 854
390.349 866
390.363 855
390.376 862
390.389 869
390.403 869
390.416 862
390.429 859
390.443 848
390.456 876
390.469 852
390.483 825
390.496 837
390.509 838
390.522 839
390.536 831
390.549 825
390.562 830
390.576 826
390.589 832
390.602 816
390.616 820
390.629 809
390.642 776
390.655 813
390.669 820
390.682 797
390.695 805
390.709 806
390.722 792
390.735 784
390.749 797
390.762 793
390.775 785
390.788 777
390.802 787
390.815 771
390.828 774
390.842 778
390.855 773
390.868 780
390.882 755
390.895 768
390.908 761
390.921 758
390.935 746
390.948 767
390.961 755
390.975 766
390.988 747
391.001 748
391.014 748
391.028 747
391.041 752
391.054 746
391.068 729
391.081 743
391.094 736
391.107 725
391.121 740
391.134 738
391.147 745
391.161 735
391.174 729
391.187 741
391.200 726
391.214 722
391.227 729
391.240 725
391.254 722
391.267 724
391.280 710
391.293 720
391.307 725
391.320 720
391.333 720
391.347 710
391.360 730
391.373 710
391.386 701
391.400 707
391.413 726
391.426 713
391.440 729
391.453 717
391.466 708
391.479 719
391.493 715
391.506 689
391.519 696
391.532 706
391.546 709
391.559 702
391.572 719
391.586 697
391.599 688
391.612 713
391.625 696
391.639 710
391.652 703
391.665 711
391.678 704
391.692 692
391.705 697
391.718 704
391.732 702
391.745 696
391.758 706
391.771 706
391.785 690
391.798 693
391.811 705
391.824 704
391.838 682
391.851 692
391.864 687
391.877 704
391.891 699
391.904 697
391.917 702
391.931 698
391.944 699
391.957 690
391.970 692
391.984 691
391.997 695
392.010 692
392.023 690
392.037 693
392.050 692
392.063 684
392.076 691
392.090 691
392.103 693
392.116 690
392.129 693
392.143 671
392.156 696
392.169 693
392.182 681
392.196 700
392.209 692
392.222 683
392.235 680
392.249 686
392.262 683
392.275 679
392.288 681
392.302 694
392.315 686
392.328 684
392.341 684
392.355 688
392.368 681
392.381 689
392.394 682
392.408 671
392.421 675
392.434 690
392.447 678
392.461 674
392.474 686
392.487 670
392.500 686
392.514 687
392.527 672
392.540 690
392.553 677
392.567 682
392.580 688
392.593 676
392.606 686
392.620 690
392.633 676
392.646 683
392.659 676
392.673 685
392.686 681
392.699 683
392.712 683
392.726 680
392.739 682
392.752 671
392.765 683
392.778 670
392.792 685
392.805 683
392.818 668
392.831 677
392.845 681
392.858 669
392.871 678
392.884 670
392.898 679
392.911 676
392.924 676
392.937 672
392.951 682
392.964 675
392.977 676
392.990 686
393.003 672
393.017 681
393.030 699
393.043 669
393.056 677
393.070 688
393.083 677
393.096 661
393.109 674
393.122 674
393.136 667
393.149 664
393.162 677
393.175 665
393.189 677
393.202 682
393.215 666
393.228 672
393.242 679
393.255 651
393.268 676
393.281 674
393.294 674
393.308 654
393.321 668
393.334 670
393.347 668
393.360 666
393.374 679
393.387 668
393.400 661
393.413 670
393.427 653
393.440 675
393.453 669
393.466 671
393.479 657
393.493 668
393.506 670
393.519 669
393.532 665
393.546 674
393.559 663
393.572 672
393.585 655
393.598 656
393.612 667
393.625 667
393.638 663
393.651 660
393.664 665
393.678 667
393.691 668
393.704 665
393.717 669
393.730 664
393.744 668
393.757 669
393.770 658
393.783 654
393.796 662
393.810 669
393.823 670
393.836 662
393.849 665
393.863 643
393.876 662
393.889 667
393.902 655
393.915 665
393.929 665
