375.891 720
375.905 720
375.919 722
375.933 730
375.946 730
375.960 728
375.974 743
375.987 722
376.001 742
376.015 740
376.029 744
376.042 727
376.056 750
376.070 730
376.084 751
376.097 748
376.111 735
376.125 740
376.139 757
376.152 754
376.166 752
376.180 757
376.193 744
376.207 744
376.221 773
376.235 747
376.248 765
376.262 768
376.276 782
376.290 770
376.303 756
376.317 773
376.331 788
376.345 784
376.358 773
376.372 770
376.386 774
376.399 778
376.413 771
376.427 775
376.441 797
376.454 789
376.468 795
376.482 780
376.495 795
376.509 795
376.523 792
376.537 793
376.550 827
376.564 808
376.578 816
376.592 801
376.605 797
376.619 813
376.633 820
376.646 807
376.660 834
376.674 834
376.688 828
376.701 822
376.715 836
376.729 841
376.742 833
376.756 861
376.770 848
376.784 850
376.797 863
376.811 839
376.825 851
376.838 888
376.852 860
376.866 885
376.880 862
376.893 872
376.907 881
376.921 862
376.934 858
376.948 887
376.962 891
376.976 885
376.989 902
377.003 875
377.017 906
377.030 906
377.044 886
377.058 901
377.071 921
377.085 892
377.099 901
377.113 941
377.126 922
377.140 937
377.154 933
377.167 930
377.181 962
377.195 950
377.208 971
377.222 938
377.236 952
377.250 946
377.263 971
377.277 948
377.291 988
377.304 970
377.318 970
377.332 1025
377.345 985
377.359 993
377.373 993
377.387 992
377.400 989
377.414 992
377.428 986
377.441 1007
377.455 992
377.469 1019
377.482 989
377.496 1023
377.510 1001
377.524 1044
377.537 1039
377.551 1060
377.565 1039
377.578 1023
377.592 1032
377.606 1014
377.619 1014
377.633 1022
377.647 1073
377.660 1037
377.674 1026
377.688 1046
377.701 1031
377.715 1019
377.729 1088
377.743 1074
377.756 1056
377.770 1091
377.784 1064
377.797 1097
377.811 1048
377.825 1077
377.838 1069
377.852 1092
377.866 1051
377.879 1088
377.893 1099
377.907 1122
377.920 1110
377.934 1128
377.948 1094
377.961 1099
377.975 1113
377.989 1099
378.002 1106
378.016 1094
378.030 1103
378.044 1138
378.057 1106
378.071 1129
378.085 1114
378.098 1117
378.112 1090
378.126 1148
378.139 1136
378.153 1107
378.167 1096
378.180 1131
378.194 1134
378.208 1097
378.221 1134
378.235 1137
378.249 1145
378.262 1117
378.276 1119
378.290 1171
378.303 1133
378.317 1178
378.331 1167
378.344 1138
378.358 1152
378.372 1160
378.385 1148
378.399 1174
378.413 1171
378.426 1176
378.440 1194
378.454 1141
378.467 1209
378.481 1206
378.495 1123
378.508 1186
378.522 1152
378.536 1159
378.549 1194
378.563 1175
378.577 1195
378.590 1234
378.604 1239
378.618 1228
378.631 1218
378.645 1220
378.659 1197
378.672 1181
378.686 1201
378.700 1205
378.713 1238
378.727 1273
378.740 1192
378.754 1249
378.768 1266
378.781 1256
378.795 1222
378.809 1242
378.822 1257
378.836 1219
378.850 1239
378.863 1253
378.877 1225
378.891 1245
378.904 1233
378.918 1203
378.932 1259
378.945 1258
378.959 1244
378.973 1263
378.986 1255
379.000 1286
379.014 1285
379.027 1295
379.041 1306
379.054 1283
379.068 1283
379.082 1291
379.095 1278
379.109 1313
379.123 1313
379.136 1280
379.150 1331
379.164 1307
379.177 1306
379.191 1332
379.205 1307
379.218 1330
379.232 1314
379.245 1319
379.259 1367
379.273 1372
379.286 1356
379.300 1365
379.314 1363
379.327 1379
379.341 1363
379.355 1372
379.368 1424
379.382 1426
379.396 1395
379.409 1438
379.423 1435
379.436 1390
379.450 1427
379.464 1457
379.477 1470
379.491 1481
379.505 1499
379.518 1435
379.532 1449
379.546 1485
379.559 1477
379.573 1499
379.586 1506
379.600 1530
379.614 1540
379.627 1550
379.641 1551
379.655 1564
379.668 1524
379.682 1613
379.695 1578
379.709 1572
379.723 1584
379.736 1618
379.750 1619
379.764 1690
379.777 1683
379.791 1668
379.804 1668
379.818 1754
379.832 1682
379.845 1687
379.859 1743
379.873 1735
379.886 1687
379.900 1725
379.913 1753
379.927 1815
379.941 1820
379.954 1842
379.968 1854
379.982 1959
379.995 1903
380.009 1921
380.022 1946
380.036 1929
380.050 1956
380.063 1968
380.077 2000
380.090 2053
380.104 2054
380.118 2058
380.131 2120
380.145 2122
380.159 2164
380.172 2212
380.186 2170
380.199 2223
380.213 2229
380.227 2301
380.240 2274
380.254 2324
380.267 2337
380.281 2397
380.295 2456
380.308 2408
380.322 2485
380.336 2458
380.349 2557
380.363 2518
380.376 2590
380.390 2642
380.404 2688
380.417 2683
380.431 2710
380.444 2774
380.458 2764
380.472 2854
380.485 2833
380.499 2874
380.512 2868
380.526 2909
380.540 2944
380.553 3022
380.567 2981
380.580 3075
380.594 3157
380.608 3169
380.621 3212
380.635 3247
380.648 3236
380.662 3301
380.676 3308
380.689 3426
380.703 3418
380.716 3436
380.730 3524
380.744 3538
380.757 3581
380.771 3693
380.784 3639
380.798 3761
380.812 3780
380.825 3824
380.839 3835
380.852 3978
380.866 4090
380.880 4212
380.893 4102
380.907 4198
380.920 4237
380.934 4211
380.948 4339
380.961 4402
380.975 4415
380.988 4507
381.002 4496
381.015 4428
381.029 4563
381.043 4663
381.056 4640
381.070 4701
381.083 4740
381.097 4782
381.111 4854
381.124 5013
381.138 4982
381.151 5100
381.165 5082
381.179 5106
381.192 5157
381.206 5121
381.219 5066
381.233 5177
381.246 5208
381.260 5342
381.274 5427
381.287 5350
381.301 5412
381.314 5532
381.328 5638
381.341 5625
381.355 5666
381.369 5740
381.382 5738
381.396 5735
381.409 5891
381.423 6002
381.437 6101
381.450 6003
381.464 6073
381.477 6146
381.491 6245
381.504 6248
381.518 6330
381.532 6307
381.545 6388
381.559 6461
381.572 6502
381.586 6599
381.599 6607
381.613 6643
381.627 6754
381.640 6753
381.654 6847
381.667 6850
381.681 6870
381.694 6896
381.708 6890
381.722 6799
381.735 6998
381.749 7032
381.762 6947
381.776 7140
381.789 7231
381.803 7135
381.817 7117
381.830 7300
381.844 7228
381.857 7384
381.871 7427
381.884 7511
381.898 7572
381.911 7571
381.925 7574
381.939 7645
381.952 7832
381.966 7685
381.979 7743
381.993 7797
382.006 7942
382.020 8000
382.034 8087
382.047 8058
382.061 8159
382.074 8204
382.088 8303
382.101 8170
382.115 8386
382.128 8388
382.142 8595
382.156 8733
382.169 8576
382.183 8673
382.196 8718
382.210 8930
382.223 8894
382.237 8927
382.250 9074
382.264 9141
382.278 9277
382.291 9189
382.305 9348
382.318 9413
382.332 9457
382.345 9503
382.359 9487
382.372 9541
382.386 9581
382.399 9651
382.413 9699
382.427 10069
382.440 9922
382.454 10115
382.467 10277
382.481 10343
382.494 10502
382.508 10735
382.521 11122
382.535 11020
382.548 10971
382.562 10962
382.576 11051
382.589 11099
382.603 11320
382.616 11344
382.630 11477
382.643 11705
382.657 11773
382.670 11866
382.684 11853
382.697 11833
382.711 11915
382.724 12072
382.738 12264
382.752 12236
382.765 12401
382.779 12701
382.792 12562
382.806 12761
382.819 12975
382.833 13005
382.846 13194
382.860 13282
382.873 13430
382.887 13624
382.900 13799
382.914 14178
382.928 14394
382.941 14513
382.955 14625
382.968 14870
382.982 15178
382.995 15154
383.009 15370
383.022 15421
383.036 15586
383.049 15883
383.063 16036
383.076 16251
383.090 16136
383.103 16131
383.117 16489
383.130 16366
383.144 16833
383.158 16779
383.171 17059
383.185 17283
383.198 17404
383.212 17793
383.225 18049
383.239 18411
383.252 18713
383.266 18745
383.279 19132
383.293 19213
383.306 19404
383.320 19795
383.333 20073
383.347 20198
383.360 19970
383.374 20084
383.387 20247
383.401 20607
383.414 20823
383.428 20754
383.441 21123
383.455 21277
383.468 21157
383.482 21377
383.496 21646
383.509 21652
383.523 21746
383.536 21902
383.550 21798
383.563 22250
383.577 22242
383.590 22332
383.604 22586
383.617 22617
383.631 22853
383.644 22796
383.658 22817
383.671 23185
383.685 23496
383.698 23711
383.712 24061
383.725 24156
383.739 23828
383.752 24237
383.766 23848
383.779 23801
383.793 24301
383.806 24012
383.820 24458
383.833 24526
383.847 24551
383.860 24676
383.874 24594
383.887 24689
383.901 24843
383.914 24771
383.928 25136
383.941 25216
383.955 25040
383.968 25008
383.982 24832
383.995 25129
384.009 25171
384.022 25432
384.036 25506
384.049 25303
384.063 25934
384.076 26319
384.090 26272
384.103 26703
384.117 26890
384.130 26359
384.144 26058
384.157 25830
384.171 25708
384.184 25778
384.198 25719
384.211 25686
384.225 25743
384.238 26398
384.252 26396
384.265 26283
384.279 26074
384.292 26279
384.306 26069
384.319 25684
384.333 25177
384.346 24969
384.360 24527
384.373 24527
384.387 24270
384.400 24067
384.414 23730
384.427 23515
384.441 23212
384.454 22646
384.468 22642
384.481 22034
384.495 21796
384.508 21346
384.522 21166
384.535 20497
384.549 20199
384.562 19821
384.575 19506
384.589 19158
384.602 18603
384.616 18230
384.629 17793
384.643 17403
384.656 16624
384.670 16049
384.683 15442
384.697 15032
384.710 14581
384.724 13999
384.737 13524
384.751 13152
384.764 12709
384.778 12320
384.791 12082
384.805 11697
384.818 11260
384.832 10836
384.845 10450
384.859 10226
384.872 9871
384.885 9346
384.899 9199
384.912 8967
384.926 8564
384.939 8222
384.953 8117
384.966 8017
384.980 7816
384.993 7599
385.007 7249
385.020 7158
385.034 6839
385.047 6696
385.061 6494
385.074 6310
385.088 6145
385.101 6012
385.114 5939
385.128 5805
385.141 5687
385.155 5662
385.168 5613
385.182 5528
385.195 5416
385.209 5354
385.222 5230
385.236 5109
385.249 5035
385.263 4850
385.276 4896
385.290 4807
385.303 4658
385.316 4651
385.330 4605
385.343 4637
385.357 4517
385.370 4396
385.384 4390
385.397 4243
385.411 4206
385.424 4172
385.438 4130
385.451 4060
385.464 4054
385.478 3995
385.491 3942
385.505 3905
385.518 3880
385.532 3821
385.545 3730
385.559 3700
385.572 3608
385.586 3586
385.599 3611
385.612 3612
385.626 3544
385.639 3573
385.653 3480
385.666 3467
385.680 3444
385.693 3407
385.707 3372
385.720 3309
385.734 3326
385.747 3213
385.760 3232
385.774 3145
385.787 3078
385.801 3140
385.814 3057
385.828 3023
385.841 2955
385.855 3002
385.868 2965
385.881 2964
385.895 2962
385.908 2918
385.922 2867
385.935 2953
385.949 2768
385.962 2780
385.976 2791
385.989 2823
386.002 2784
386.016 2748
386.029 2731
386.043 2739
386.056 2706
386.070 2618
386.083 2664
386.097 2648
386.110 2664
386.123 2645
386.137 2672
386.150 2690
386.164 2605
386.177 2596
386.191 2561
386.204 2520
386.217 2532
386.231 2525
386.244 2482
386.258 2495
386.271 2490
386.285 2467
386.298 2509
386.311 2392
386.325 2390
386.338 2435
386.352 2434
386.365 2396
386.379 2407
386.392 2340
386.405 2350
386.419 2324
386.432 2307
386.446 2290
386.459 2348
386.473 2351
386.486 2256
386.499 2248
386.513 2244
386.526 2239
386.540 2202
386.553 2220
386.567 2164
386.580 2168
386.593 2212
386.607 2195
386.620 2213
386.634 2215
386.647 2170
386.661 2172
386.674 2164
386.687 2107
386.701 2135
386.714 2125
386.728 2127
386.741 2108
386.754 2093
386.768 2072
386.781 2076
386.795 2041
386.808 2035
386.822 2058
386.835 2017
386.848 1980
386.862 1945
386.875 1954
386.889 1936
386.902 1916
386.915 1904
386.929 1934
386.942 1918
386.956 1906
386.969 1897
386.983 1879
386.996 1857
387.009 1844
387.023 1857
387.036 1862
387.050 1852
387.063 1840
387.076 1826
387.090 1832
387.103 1835
387.117 1830
387.130 1800
387.143 1812
387.157 1762
387.170 1792
387.184 1711
387.197 1756
387.210 1807
387.224 1749
387.237 1726
387.251 1726
387.264 1736
387.278 1729
387.291 1688
387.304 1711
387.318 1694
387.331 1700
387.345 1688
387.358 1663
387.371 1671
387.385 1639
387.398 1651
387.412 1639
387.425 1561
387.438 1550
387.452 1587
387.465 1568
387.478 1556
387.492 1518
387.505 1527
387.519 1528
387.532 1541
387.545 1564
387.559 1522
387.572 1524
387.586 1489
387.599 1513
387.612 1501
387.626 1494
387.639 1523
387.653 1488
387.666 1452
387.679 1421
387.693 1427
387.706 1417
387.720 1435
387.733 1420
387.746 1422
387.760 1403
387.773 1436
387.787 1398
387.800 1385
387.813 1380
387.827 1376
387.840 1348
387.853 1392
387.867 1372
387.880 1347
387.894 1369
387.907 1346
387.920 1332
387.934 1329
387.947 1346
387.961 1295
387.974 1302
387.987 1276
388.001 1264
388.014 1261
388.027 1284
388.041 1271
388.054 1263
388.068 1242
388.081 1254
388.094 1258
388.108 1242
388.121 1237
388.134 1242
388.148 1232
388.161 1222
388.175 1211
388.188 1189
388.201 1200
388.215 1201
388.228 1192
388.241 1204
388.255 1192
388.268 1172
388.282 1172
388.295 1160
388.308 1177
388.322 1166
388.335 1160
388.348 1123
388.362 1158
388.375 1176
388.389 1179
388.402 1165
388.415 1151
388.429 1161
388.442 1167
388.455 1149
388.469 1170
388.482 1162
388.495 1152
388.509 1160
388.522 1170
388.536 1162
388.549 1134
388.562 1133
388.576 1141
388.589 1130
388.602 1154
388.616 1126
388.629 1150
388.642 1138
388.656 1133
388.669 1129
388.683 1125
388.696 1145
388.709 1130
388.723 1128
388.736 1108
388.749 1118
388.763 1116
388.776 1114
388.789 1110
388.803 1110
388.816 1078
388.829 1103
388.843 1116
388.856 1100
388.870 1118
388.883 1127
388.896 1089
388.910 1081
388.923 1097
388.936 1091
388.950 1115
388.963 1071
388.976 1115
388.990 1111
389.003 1120
389.016 1105
389.030 1092
389.043 1091
389.056 1093
389.070 1113
389.083 1059
389.097 1078
389.110 1094
389.123 1094
389.137 1086
389.150 1067
389.163 1085
389.177 1077
389.190 1065
389.203 1069
389.217 1071
389.230 1079
389.243 1064
389.257 1069
389.270 1073
389.283 1090
389.297 1058
389.310 1067
389.323 1072
389.337 1089
389.350 1062
389.363 1077
389.377 1068
389.390 1081
389.403 1051
389.417 1081
389.430 1048
389.443 1059
389.457 1063
389.470 1063
389.483 1058
389.497 1071
389.510 1045
389.523 1040
389.537 1057
389.550 1061
389.563 1065
389.577 1077
389.590 1040
389.603 1040
389.617 1030
389.630 1041
389.643 1017
389.657 1043
389.670 1049
389.683 1016
389.697 1036
389.710 1034
389.723 1028
389.737 1027
389.750 1040
389.763 1013
389.777 1015
389.790 1016
389.803 1024
389.817 1006
389.830 1008
389.843 977
389.857 1002
389.870 993
389.883 1009
389.897 1003
389.910 991
389.923 1007
389.937 988
389.950 986
389.963 988
389.977 996
389.990 990
390.003 998
390.017 999
390.030 963
390.043 975
390.057 967
390.070 960
390.083 973
390.096 958
390.110 960
390.123 962
390.136 952
390.150 934
390.163 949
390.176 949
390.190 945
390.203 933
390.216 933
390.230 927
390.243 952
390.256 909
390.270 936
390.283 912
390.296 897
390.310 915
390.323 880
390.336 917
390.349 912
390.363 884
390.376 894
390.389 903
390.403 914
390.416 892
390.429 890
390.443 899
390.456 886
390.469 863
390.483 865
390.496 881
390.509 873
390.522 880
390.536 852
390.549 866
390.562 863
390.576 855
390.589 859
390.602 855
390.616 849
390.629 843
390.642 852
390.655 829
390.669 838
390.682 842
390.695 834
390.709 835
390.722 833
390.735 828
390.749 830
390.762 818
390.775 803
390.788 815
390.802 815
390.815 821
390.828 781
390.842 807
390.855 792
390.868 804
390.882 807
390.895 802
390.908 788
390.921 811
390.935 790
390.948 768
390.961 797
390.975 794
390.988 774
391.001 772
391.014 764
391.028 778
391.041 768
391.054 772
391.068 753
391.081 775
391.094 768
391.107 762
391.121 760
391.134 761
391.147 754
391.161 747
391.174 759
391.187 756
391.200 735
391.214 742
391.227 744
391.240 744
391.254 740
391.267 752
391.280 732
391.293 721
391.307 743
391.320 736
391.333 736
391.347 733
391.360 732
391.373 733
391.386 735
391.400 732
391.413 727
391.426 724
391.440 732
391.453 726
391.466 731
391.479 724
391.493 722
391.506 727
391.519 724
391.532 724
391.546 725
391.559 725
391.572 719
391.586 724
391.599 720
391.612 720
391.625 705
391.639 722
391.652 721
391.665 713
391.678 703
391.692 716
391.705 715
391.718 723
391.732 709
391.745 724
391.758 704
391.771 720
391.785 708
391.798 713
391.811 710
391.824 704
391.838 712
391.851 693
391.864 709
391.877 701
391.891 711
391.904 705
391.917 707
391.931 713
391.944 709
391.957 690
391.970 701
391.984 704
391.997 716
392.010 708
392.023 703
392.037 707
392.050 706
392.063 702
392.076 704
392.090 698
392.103 706
392.116 699
392.129 705
392.143 702
392.156 703
392.169 702
392.182 695
392.196 695
392.209 709
392.222 700
392.235 691
392.249 707
392.262 697
392.275 694
392.288 701
392.302 692
392.315 691
392.328 692
392.341 699
392.355 686
392.368 691
392.381 693
392.394 700
392.408 684
392.421 698
392.434 691
392.447 691
392.461 697
392.474 689
392.487 688
392.500 688
392.514 688
392.527 675
392.540 697
392.553 702
392.567 690
392.580 691
392.593 692
392.606 690
392.620 684
392.633 688
392.646 682
392.659 684
392.673 691
392.686 695
392.699 684
392.712 691
392.726 685
392.739 686
392.752 682
392.765 684
392.778 678
392.792 691
392.805 688
392.818 692
392.831 689
392.845 687
392.858 685
392.871 688
392.884 689
392.898 686
392.911 688
392.924 674
392.937 685
392.951 663
392.964 686
392.977 680
392.990 681
393.003 689
393.017 684
393.030 690
393.043 690
393.056 678
393.070 688
393.083 681
393.096 672
393.109 688
393.122 674
393.136 671
393.149 680
393.162 687
393.175 687
393.189 669
393.202 668
393.215 677
393.228 679
393.242 674
393.255 672
393.268 661
393.281 686
393.294 670
393.308 684
393.321 678
393.334 676
393.347 678
393.360 678
393.374 666
393.387 681
393.400 671
393.413 677
393.427 660
393.440 683
393.453 677
393.466 672
393.479 678
393.493 678
393.506 680
393.519 677
393.532 671
393.546 667
393.559 684
393.572 686
393.585 671
393.598 663
393.612 684
393.625 677
393.638 674
393.651 665
393.664 682
393.678 674
393.691 660
393.704 669
393.717 674
393.730 674
393.744 673
393.757 683
393.770 663
393.783 669
393.796 672
393.810 667
393.823 664
393.836 667
393.849 669
393.863 672
393.876 663
393.889 667
393.902 670
393.915 662
393.929 667
