375.891 707
375.905 697
375.919 706
375.933 698
375.946 703
375.960 703
375.974 707
375.987 702
376.001 718
376.015 718
376.029 694
376.042 714
376.056 710
376.070 706
376.084 712
376.097 719
376.111 703
376.125 721
376.139 719
376.152 698
376.166 729
376.180 731
376.193 738
376.207 722
376.221 727
376.235 736
376.248 717
376.262 732
376.276 746
376.290 741
376.303 742
376.317 740
376.331 717
376.345 727
376.358 750
376.372 730
376.386 747
376.399 726
376.413 752
376.427 750
376.441 750
376.454 756
376.468 780
376.482 762
376.495 763
376.509 756
376.523 749
376.537 768
376.550 761
376.564 761
376.578 767
376.592 777
376.605 773
376.619 768
376.633 764
376.646 779
376.660 785
376.674 798
376.688 782
376.701 783
376.715 784
376.729 796
376.742 803
376.756 793
376.770 799
376.784 783
376.797 801
376.811 804
376.825 802
376.838 804
376.852 820
376.866 818
376.880 817
376.893 805
376.907 814
376.921 845
376.934 833
376.948 809
376.962 850
376.976 810
376.989 834
377.003 820
377.017 815
377.030 858
377.044 854
377.058 834
377.071 852
377.085 849
377.099 852
377.113 869
377.126 859
377.140 858
377.154 880
377.167 890
377.181 859
377.195 859
377.208 865
377.222 880
377.236 875
377.250 866
377.263 873
377.277 885
377.291 897
377.304 898
377.318 903
377.332 908
377.345 896
377.359 901
377.373 914
377.387 915
377.400 891
377.414 925
377.428 910
377.441 913
377.455 921
377.469 951
377.482 931
377.496 931
377.510 931
377.524 945
377.537 935
377.551 945
377.565 962
377.578 951
377.592 962
377.606 957
377.619 937
377.633 957
377.647 949
377.660 922
377.674 958
377.688 952
377.701 941
377.715 953
377.729 982
377.743 967
377.756 991
377.770 975
377.784 997
377.797 990
377.811 969
377.825 995
377.838 982
377.852 962
377.866 989
377.879 963
377.893 984
377.907 996
377.920 993
377.934 997
377.948 985
377.961 997
377.975 999
377.989 985
378.002 1003
378.016 1008
378.030 1004
378.044 1013
378.057 1033
378.071 998
378.085 1024
378.098 996
378.112 1033
378.126 1023
378.139 1022
378.153 1015
378.167 1042
378.180 1010
378.194 1005
378.208 1031
378.221 1026
378.235 981
378.249 1036
378.262 1018
378.276 1018
378.290 1022
378.303 1045
378.317 1034
378.331 1026
378.344 1037
378.358 1015
378.372 1069
378.385 1057
378.399 1056
378.413 1042
378.426 1044
378.440 1053
378.454 1064
378.467 1024
378.481 1054
378.495 1074
378.508 1064
378.522 1065
378.536 1070
378.549 1054
378.563 1041
378.577 1100
378.590 1077
378.604 1103
378.618 1106
378.631 1096
378.645 1059
378.659 1083
378.672 1084
378.686 1075
378.700 1093
378.713 1093
378.727 1093
378.740 1087
378.754 1126
378.768 1083
378.781 1094
378.795 1095
378.809 1130
378.822 1087
378.836 1127
378.850 1106
378.863 1124
378.877 1108
378.891 1111
378.904 1141
378.918 1105
378.932 1133
378.945 1126
378.959 1146
378.973 1140
378.986 1155
379.000 1142
379.014 1162
379.027 1167
379.041 1147
379.054 1146
379.068 1147
379.082 1142
379.095 1153
379.109 1144
379.123 1142
379.136 1188
379.150 1159
379.164 1166
379.177 1154
379.191 1170
379.205 1204
379.218 1183
379.232 1180
379.245 1198
379.259 1174
379.273 1183
379.286 1218
379.300 1218
379.314 1163
379.327 1231
379.341 1200
379.355 1230
379.368 1233
379.382 1231
379.396 1214
379.409 1254
379.423 1270
379.436 1263
379.450 1292
379.464 1283
379.477 1268
379.491 1264
379.505 1311
379.518 1279
379.532 1330
379.546 1305
379.559 1346
379.573 1301
379.586 1304
379.600 1323
379.614 1355
379.627 1330
379.641 1323
379.655 1356
379.668 1324
379.682 1380
379.695 1364
379.709 1380
379.723 1363
379.736 1392
379.750 1385
379.764 1383
379.777 1454
379.791 1472
379.804 1456
379.818 1486
379.832 1435
379.845 1449
379.859 1509
379.873 1481
379.886 1514
379.900 1532
379.913 1494
379.927 1519
379.941 1571
379.954 1589
379.968 1606
379.982 1596
379.995 1646
380.009 1605
380.022 1666
380.036 1632
380.050 1684
380.063 1738
380.077 1713
380.090 1739
380.104 1755
380.118 1811
380.131 1813
380.145 1788
380.159 1782
380.172 1874
380.186 1861
380.199 1883
380.213 1920
380.227 1905
380.240 1957
380.254 2004
380.267 1976
380.281 1967
380.295 2070
380.308 2017
380.322 2067
380.336 2130
380.349 2118
380.363 2114
380.376 2150
380.390 2161
380.404 2235
380.417 2247
380.431 2237
380.444 2291
380.458 2316
380.472 2362
380.485 2322
380.499 2403
380.512 2333
380.526 2427
380.540 2469
380.553 2507
380.567 2525
380.580 2570
380.594 2594
380.608 2589
380.621 2660
380.635 2698
380.648 2737
380.662 2729
380.676 2757
380.689 2807
380.703 2838
380.716 2851
380.730 2850
380.744 2931
380.757 2974
380.771 2988
380.784 3091
380.798 3085
380.812 3091
380.825 3140
380.839 3205
380.852 3286
380.866 3313
380.880 3266
380.893 3346
380.907 3335
380.920 3373
380.934 3407
380.948 3475
380.961 3534
380.975 3557
380.988 3647
381.002 3620
381.015 3724
381.029 3693
381.043 3662
381.056 3884
381.070 3761
381.083 3808
381.097 3856
381.111 3940
381.124 3978
381.138 4034
381.151 4150
381.165 4094
381.179 4111
381.192 4156
381.206 4079
381.219 4179
381.233 4180
381.246 4264
381.260 4372
381.274 4293
381.287 4358
381.301 4397
381.314 4403
381.328 4575
381.341 4483
381.355 4555
381.369 4580
381.382 4647
381.396 4630
381.409 4701
381.423 4776
381.437 4817
381.450 4901
381.464 4845
381.477 4994
381.491 5049
381.504 5031
381.518 5056
381.532 5135
381.545 5113
381.559 5187
381.572 5199
381.586 5249
381.599 5306
381.613 5339
381.627 5418
381.640 5509
381.654 5423
381.667 5568
381.681 5489
381.694 5506
381.708 5515
381.722 5516
381.735 5586
381.749 5596
381.762 5719
381.776 5669
381.789 5664
381.803 5757
381.817 5791
381.830 5753
381.844 5750
381.857 5860
381.871 5930
381.884 5905
381.898 6030
381.911 6093
381.925 6041
381.939 6181
381.952 6285
381.966 6203
381.979 6347
381.993 6332
382.006 6429
382.020 6409
382.034 6473
382.047 6528
382.061 6540
382.074 6587
382.088 6684
382.101 6619
382.115 6544
382.128 6651
382.142 6796
382.156 6934
382.169 6940
382.183 6928
382.196 6981
382.210 7054
382.223 7107
382.237 7139
382.250 7280
382.264 7202
382.278 7320
382.291 7376
382.305 7366
382.318 7376
382.332 7481
382.345 7447
382.359 7515
382.372 7655
382.386 7670
382.399 7690
382.413 7802
382.427 7826
382.440 8006
382.454 8114
382.467 8135
382.481 8198
382.494 8460
382.508 8686
382.521 8729
382.535 8733
382.548 8746
382.562 8921
382.576 8771
382.589 8913
382.603 8924
382.616 9077
382.630 9135
382.643 9230
382.657 9234
382.670 9435
382.684 9404
382.697 9302
382.711 9537
382.724 9650
382.738 9613
382.752 9666
382.765 9904
382.779 9978
382.792 10029
382.806 10191
382.819 10224
382.833 10408
382.846 10544
382.860 10631
382.873 10695
382.887 10755
382.900 11029
382.914 11348
382.928 11598
382.941 11762
382.955 11809
382.968 11980
382.982 12104
382.995 12160
383.009 12349
383.022 12389
383.036 12647
383.049 12763
383.063 13051
383.076 13081
383.090 13042
383.103 12940
383.117 13150
383.130 13227
383.144 13239
383.158 13409
383.171 13612
383.185 13790
383.198 13937
383.212 14148
383.225 14517
383.239 14718
383.252 14980
383.266 15132
383.279 15361
383.293 15449
383.306 15512
383.320 15553
383.333 15923
383.347 16090
383.360 15996
383.374 15943
383.387 16274
383.401 16551
383.414 16529
383.428 16714
383.441 16864
383.455 17065
383.468 17188
383.482 17134
383.496 17461
383.509 17443
383.523 17562
383.536 17519
383.550 17806
383.563 17893
383.577 18035
383.590 18324
383.604 18256
383.617 18306
383.631 18402
383.644 18522
383.658 18622
383.671 18723
383.685 19209
383.698 19412
383.712 19554
383.725 19787
383.739 19605
383.752 19459
383.766 19497
383.779 19502
383.793 19624
383.806 19660
383.820 19835
383.833 19876
383.847 20173
383.860 20161
383.874 20188
383.887 20245
383.901 20115
383.914 20472
383.928 20259
383.941 20682
383.955 20355
383.968 20664
383.982 20591
383.995 20630
384.009 20741
384.022 20832
384.036 20939
384.049 20858
384.063 21077
384.076 21286
384.090 21688
384.103 21713
384.117 21666
384.130 21596
384.144 21377
384.157 21350
384.171 21690
384.184 21373
384.198 21541
384.211 21609
384.225 21678
384.238 21764
384.252 21980
384.265 22148
384.279 22027
384.292 21802
384.306 21651
384.319 21619
384.333 21426
384.346 21026
384.360 20702
384.373 20760
384.387 20553
384.400 20380
384.414 20281
384.427 20181
384.441 19642
384.454 19442
384.468 19238
384.481 19062
384.495 18968
384.508 18702
384.522 18419
384.535 17937
384.549 17639
384.562 17358
384.575 17015
384.589 16859
384.602 16645
384.616 16201
384.629 15598
384.643 15298
384.656 14620
384.670 14148
384.683 13607
384.697 13416
384.710 12847
384.724 12520
384.737 12085
384.751 11827
384.764 11496
384.778 11079
384.791 10741
384.805 10347
384.818 9973
384.832 9732
384.845 9455
384.859 9065
384.872 8791
384.885 8352
384.899 8279
384.912 7970
384.926 7723
384.939 7569
384.953 7280
384.966 7152
384.980 6927
384.993 6858
385.007 6664
385.020 6283
385.034 6192
385.047 5997
385.061 5765
385.074 5647
385.088 5572
385.101 5462
385.114 5347
385.128 5281
385.141 5221
385.155 4985
385.168 4942
385.182 4922
385.195 4875
385.209 4697
385.222 4614
385.236 4583
385.249 4496
385.263 4386
385.276 4381
385.290 4383
385.303 4220
385.316 4161
385.330 4170
385.343 4215
385.357 4093
385.370 3972
385.384 3915
385.397 3871
385.411 3772
385.424 3751
385.438 3700
385.451 3693
385.464 3640
385.478 3604
385.491 3522
385.505 3506
385.518 3501
385.532 3424
385.545 3381
385.559 3264
385.572 3298
385.586 3250
385.599 3220
385.612 3207
385.626 3218
385.639 3155
385.653 3195
385.666 3151
385.680 3053
385.693 2993
385.707 2957
385.720 3011
385.734 2981
385.747 2944
385.760 2914
385.774 2860
385.787 2821
385.801 2889
385.814 2774
385.828 2730
385.841 2718
385.855 2676
385.868 2724
385.881 2734
385.895 2716
385.908 2667
385.922 2644
385.935 2640
385.949 2585
385.962 2552
385.976 2539
385.989 2535
386.002 2527
386.016 2537
386.029 2565
386.043 2526
386.056 2520
386.070 2483
386.083 2387
386.097 2421
386.110 2444
386.123 2418
386.137 2423
386.150 2401
386.164 2468
386.177 2359
386.191 2337
386.204 2361
386.217 2283
386.231 2339
386.244 2266
386.258 2306
386.271 2296
386.285 2358
386.298 2232
386.311 2236
386.325 2265
386.338 2208
386.352 2174
386.365 2220
386.379 2177
386.392 2188
386.405 2136
386.419 2123
386.432 2089
386.446 2138
386.459 2150
386.473 2108
386.486 2100
386.499 2087
386.513 2104
386.526 2079
386.540 2036
386.553 2044
386.567 2018
386.580 2040
386.593 2024
386.607 2063
386.620 1992
386.634 2004
386.647 2058
386.661 2028
386.674 2007
386.687 1932
386.701 1943
386.714 1965
386.728 1925
386.741 1898
386.754 1906
386.768 1909
386.781 1920
386.795 1880
386.808 1891
386.822 1852
386.835 1860
386.848 1873
386.862 1829
386.875 1838
386.889 1790
386.902 1836
386.915 1790
386.929 1817
386.942 1781
386.956 1784
386.969 1746
386.983 1735
386.996 1723
387.009 1707
387.023 1731
387.036 1716
387.050 1678
387.063 1660
387.076 1676
387.090 1690
387.103 1698
387.117 1719
387.130 1599
387.143 1690
387.157 1663
387.170 1665
387.184 1686
387.197 1655
387.210 1647
387.224 1616
387.237 1614
387.251 1574
387.264 1568
387.278 1601
387.291 1590
387.304 1589
387.318 1599
387.331 1602
387.345 1589
387.358 1543
387.371 1513
387.385 1545
387.398 1516
387.412 1483
387.425 1550
387.438 1458
387.452 1461
387.465 1460
387.478 1455
387.492 1473
387.505 1436
387.519 1440
387.532 1409
387.545 1441
387.559 1412
387.572 1425
387.586 1394
387.599 1410
387.612 1391
387.626 1430
387.639 1389
387.653 1371
387.666 1353
387.679 1331
387.693 1326
387.706 1359
387.720 1346
387.733 1330
387.746 1338
387.760 1329
387.773 1356
387.787 1349
387.800 1329
387.813 1293
387.827 1280
387.840 1280
387.853 1296
387.867 1265
387.880 1250
387.894 1288
387.907 1254
387.920 1277
387.934 1219
387.947 1245
387.961 1241
387.974 1227
387.987 1220
388.001 1211
388.014 1176
388.027 1217
388.041 1214
388.054 1207
388.068 1206
388.081 1193
388.094 1198
388.108 1147
388.121 1154
388.134 1162
388.148 1152
388.161 1149
388.175 1133
388.188 1116
388.201 1133
388.215 1162
388.228 1130
388.241 1132
388.255 1120
388.268 1134
388.282 1108
388.295 1097
388.308 1114
388.322 1104
388.335 1131
388.348 1076
388.362 1110
388.375 1081
388.389 1113
388.402 1060
388.415 1089
388.429 1100
388.442 1086
388.455 1112
388.469 1105
388.482 1083
388.495 1070
388.509 1110
388.522 1094
388.536 1107
388.549 1104
388.562 1077
388.576 1070
388.589 1088
388.602 1093
388.616 1090
388.629 1083
388.642 1054
388.656 1084
388.669 1087
388.683 1106
388.696 1048
388.709 1090
388.723 1077
388.736 1039
388.749 1054
388.763 1056
388.776 1061
388.789 1043
388.803 1033
388.816 1011
388.829 1048
388.843 1095
388.856 1044
388.870 1052
388.883 1026
388.896 1069
388.910 1038
388.923 1028
388.936 1020
388.950 1040
388.963 1038
388.976 1057
388.990 1033
389.003 1033
389.016 1056
389.030 1064
389.043 1036
389.056 1040
389.070 1065
389.083 1029
389.097 1053
389.110 1050
389.123 1035
389.137 1054
389.150 1039
389.163 1037
389.177 1035
389.190 1057
389.203 1004
389.217 1010
389.230 1031
389.243 1010
389.257 1029
389.270 1042
389.283 1043
389.297 998
389.310 1039
389.323 1014
389.337 1020
389.350 1057
389.363 1024
389.377 1049
389.390 1022
389.403 1029
389.417 1031
389.430 1014
389.443 1023
389.457 1010
389.470 1005
389.483 1032
389.497 992
389.510 995
389.523 1007
389.537 1002
389.550 990
389.563 986
389.577 1011
389.590 1013
389.603 988
389.617 1028
389.630 1016
389.643 987
389.657 967
389.670 995
389.683 1001
389.697 981
389.710 982
389.723 967
389.737 970
389.750 994
389.763 1001
389.777 1014
389.790 970
389.803 983
389.817 958
389.830 965
389.843 949
389.857 943
389.870 964
389.883 934
389.897 940
389.910 959
389.923 958
389.937 976
389.950 946
389.963 970
389.977 934
389.990 933
390.003 946
390.017 952
390.030 953
390.043 967
390.057 938
390.070 939
390.083 928
390.096 925
390.110 923
390.123 926
390.136 934
390.150 930
390.163 902
390.176 908
390.190 921
390.203 910
390.216 884
390.230 905
390.243 898
390.256 901
390.270 888
390.283 885
390.296 873
390.310 869
390.323 879
390.336 871
390.349 888
390.363 882
390.376 862
390.389 913
390.403 877
390.416 869
390.429 871
390.443 870
390.456 869
390.469 860
390.483 846
390.496 878
390.509 845
390.522 865
390.536 837
390.549 864
390.562 832
390.576 850
390.589 832
390.602 834
390.616 831
390.629 822
390.642 830
390.655 834
390.669 795
390.682 796
390.695 828
390.709 793
390.722 818
390.735 797
390.749 801
390.762 780
390.775 801
390.788 789
390.802 798
390.815 790
390.828 796
390.842 779
390.855 769
390.868 783
390.882 775
390.895 778
390.908 777
390.921 764
390.935 770
390.948 766
390.961 772
390.975 757
390.988 764
391.001 747
391.014 772
391.028 752
391.041 752
391.054 743
391.068 735
391.081 738
391.094 759
391.107 736
391.121 758
391.134 737
391.147 746
391.161 746
391.174 754
391.187 744
391.200 751
391.214 752
391.227 764
391.240 735
391.254 735
391.267 739
391.280 712
391.293 735
391.307 719
391.320 734
391.333 731
391.347 722
391.360 701
391.373 727
391.386 743
391.400 727
391.413 718
391.426 726
391.440 729
391.453 708
391.466 742
391.479 728
391.493 708
391.506 720
391.519 702
391.532 709
391.546 706
391.559 710
391.572 715
391.586 696
391.599 701
391.612 710
391.625 699
391.639 702
391.652 711
391.665 708
391.678 716
391.692 708
391.705 705
391.718 702
391.732 696
391.745 702
391.758 693
391.771 706
391.785 697
391.798 697
391.811 726
391.824 699
391.838 699
391.851 721
391.864 697
391.877 701
391.891 709
391.904 693
391.917 709
391.931 700
391.944 708
391.957 713
391.970 702
391.984 698
391.997 699
392.010 695
392.023 693
392.037 694
392.050 699
392.063 698
392.076 701
392.090 699
392.103 692
392.116 698
392.129 685
392.143 685
392.156 697
392.169 694
392.182 696
392.196 686
392.209 695
392.222 687
392.235 697
392.249 681
392.262 703
392.275 688
392.288 701
392.302 684
392.315 681
392.328 674
392.341 697
392.355 692
392.368 676
392.381 683
392.394 683
392.408 693
392.421 689
392.434 696
392.447 695
392.461 682
392.474 682
392.487 679
392.500 712
392.514 687
392.527 691
392.540 687
392.553 683
392.567 695
392.580 695
392.593 675
392.606 690
392.620 688
392.633 679
392.646 703
392.659 675
392.673 685
392.686 687
392.699 685
392.712 681
392.726 682
392.739 685
392.752 670
392.765 683
392.778 676
392.792 685
392.805 684
392.818 676
392.831 672
392.845 672
392.858 696
392.871 679
392.884 676
392.898 680
392.911 679
392.924 680
392.937 672
392.951 680
392.964 682
392.977 681
392.990 681
393.003 674
393.017 677
393.030 678
393.043 670
393.056 682
393.070 673
393.083 685
393.096 675
393.109 677
393.122 692
393.136 680
393.149 676
393.162 672
393.175 669
393.189 675
393.202 681
393.215 663
393.228 686
393.242 684
393.255 660
393.268 677
393.281 675
393.294 668
393.308 678
393.321 665
393.334 668
393.347 673
393.360 679
393.374 677
393.387 665
393.400 678
393.413 665
393.427 679
393.440 670
393.453 670
393.466 671
393.479 672
393.493 676
393.506 679
393.519 668
393.532 684
393.546 669
393.559 666
393.572 672
393.585 675
393.598 668
393.612 671
393.625 671
393.638 667
393.651 674
393.664 661
393.678 675
393.691 673
393.704 677
393.717 659
393.730 671
393.744 668
393.757 668
393.770 658
393.783 675
393.796 675
393.810 667
393.823 674
393.836 667
393.849 675
393.863 666
393.876 666
393.889 659
393.902 667
393.915 674
393.929 667
