375.891 725
375.905 723
375.919 728
375.933 723
375.946 725
375.960 728
375.974 731
375.987 736
376.001 742
376.015 734
376.029 747
376.042 732
376.056 738
376.070 749
376.084 751
376.097 750
376.111 752
376.125 750
376.139 747
376.152 758
376.166 764
376.180 768
376.193 749
376.207 770
376.221 774
376.235 761
376.248 772
376.262 776
376.276 766
376.290 773
376.303 776
376.317 768
376.331 765
376.345 771
376.358 788
376.372 802
376.386 765
376.399 798
376.413 779
376.427 794
376.441 798
376.454 811
376.468 799
376.482 811
376.495 802
376.509 803
376.523 815
376.537 822
376.550 805
376.564 821
376.578 820
376.592 820
376.605 824
376.619 837
376.633 817
376.646 823
376.660 827
376.674 834
376.688 824
376.701 836
376.715 846
376.729 834
376.742 843
376.756 842
376.770 869
376.784 854
376.797 859
376.811 865
376.825 884
376.838 878
376.852 886
376.866 868
376.880 867
376.893 897
376.907 873
376.921 867
376.934 892
376.948 902
376.962 903
376.976 908
376.989 891
377.003 928
377.017 922
377.030 919
377.044 922
377.058 940
377.071 948
377.085 930
377.099 919
377.113 929
377.126 951
377.140 949
377.154 927
377.167 952
377.181 935
377.195 964
377.208 943
377.222 974
377.236 981
377.250 980
377.263 988
377.277 1015
377.291 1010
377.304 1019
377.318 991
377.332 1013
377.345 985
377.359 994
377.373 985
377.387 1014
377.400 995
377.414 1017
377.428 1018
377.441 1017
377.455 1043
377.469 1028
377.482 1045
377.496 1027
377.510 1040
377.524 1055
377.537 1063
377.551 1061
377.565 1011
377.578 1076
377.592 1068
377.606 1054
377.619 1056
377.633 1045
377.647 1069
377.660 1076
377.674 1057
377.688 1074
377.701 1055
377.715 1053
377.729 1099
377.743 1109
377.756 1085
377.770 1120
377.784 1115
377.797 1109
377.811 1091
377.825 1092
377.838 1094
377.852 1077
377.866 1109
377.879 1095
377.893 1151
377.907 1131
377.920 1128
377.934 1130
377.948 1139
377.961 1092
377.975 1099
377.989 1113
378.002 1124
378.016 1149
378.030 1136
378.044 1142
378.057 1168
378.071 1179
378.085 1139
378.098 1164
378.112 1138
378.126 1148
378.139 1183
378.153 1144
378.167 1166
378.180 1127
378.194 1121
378.208 1144
378.221 1167
378.235 1165
378.249 1181
378.262 1179
378.276 1197
378.290 1169
378.303 1157
378.317 1178
378.331 1171
378.344 1177
378.358 1177
378.372 1156
378.385 1201
378.399 1210
378.413 1187
378.426 1211
378.440 1180
378.454 1224
378.467 1217
378.481 1219
378.495 1231
378.508 1206
378.522 1210
378.536 1187
378.549 1229
378.563 1214
378.577 1214
378.590 1225
378.604 1268
378.618 1267
378.631 1233
378.645 1243
378.659 1257
378.672 1231
378.686 1287
378.700 1279
378.713 1269
378.727 1269
378.740 1263
378.754 1243
378.768 1255
378.781 1258
378.795 1278
378.809 1258
378.822 1302
378.836 1274
378.850 1273
378.863 1265
378.877 1281
378.891 1288
378.904 1280
378.918 1290
378.932 1324
378.945 1326
378.959 1318
378.973 1314
378.986 1305
379.000 1320
379.014 1323
379.027 1340
379.041 1341
379.054 1334
379.068 1286
379.082 1324
379.095 1347
379.109 1322
379.123 1341
379.136 1335
379.150 1359
379.164 1372
379.177 1359
379.191 1372
379.205 1371
379.218 1371
379.232 1361
379.245 1370
379.259 1386
379.273 1406
379.286 1364
379.300 1386
379.314 1396
379.327 1405
379.341 1400
379.355 1424
379.368 1436
379.382 1437
379.396 1447
379.409 1483
379.423 1467
379.436 1488
379.450 1461
379.464 1483
379.477 1488
379.491 1500
379.505 1515
379.518 1506
379.532 1535
379.546 1540
379.559 1528
379.573 1518
379.586 1543
379.600 1545
379.614 1570
379.627 1557
379.641 1597
379.655 1609
379.668 1651
379.682 1602
379.695 1612
379.709 1626
379.723 1656
379.736 1696
379.750 1697
379.764 1715
379.777 1682
379.791 1706
379.804 1795
379.818 1801
379.832 1776
379.845 1782
379.859 1814
379.873 1812
379.886 1778
379.900 1820
379.913 1838
379.927 1845
379.941 1882
379.954 1957
379.968 1948
379.982 1945
379.995 2005
380.009 1993
380.022 1998
380.036 1989
380.050 2076
380.063 2083
380.077 2064
380.090 2173
380.104 2136
380.118 2154
380.131 2211
380.145 2252
380.159 2265
380.172 2276
380.186 2271
380.199 2380
380.213 2369
380.227 2379
380.240 2405
380.254 2438
380.267 2478
380.281 2523
380.295 2548
380.308 2572
380.322 2586
380.336 2689
380.349 2678
380.363 2680
380.376 2739
380.390 2787
380.404 2876
380.417 2833
380.431 2847
380.444 2844
380.458 2955
380.472 2948
380.485 2992
380.499 3007
380.512 3043
380.526 3076
380.540 3117
380.553 3203
380.567 3188
380.580 3297
380.594 3300
380.608 3418
380.621 3413
380.635 3447
380.648 3446
380.662 3485
380.676 3484
380.689 3598
380.703 3609
380.716 3685
380.730 3697
380.744 3699
380.757 3759
380.771 3915
380.784 3956
380.798 3999
380.812 4070
380.825 4020
380.839 4132
380.852 4252
380.866 4350
380.880 4392
380.893 4402
380.907 4380
380.920 4423
380.934 4562
380.948 4595
380.961 4679
380.975 4722
380.988 4750
381.002 4736
381.015 4759
381.029 4867
381.043 4928
381.056 5041
381.070 5024
381.083 5083
381.097 5076
381.111 5146
381.124 5296
381.138 5313
381.151 5384
381.165 5533
381.179 5522
381.192 5469
381.206 5488
381.219 5474
381.233 5495
381.246 5613
381.260 5671
381.274 5742
381.287 5839
381.301 5833
381.314 5936
381.328 5857
381.341 5941
381.355 6002
381.369 6081
381.382 5924
381.396 6144
381.409 6168
381.423 6289
381.437 6379
381.450 6502
381.464 6513
381.477 6496
381.491 6671
381.504 6612
381.518 6674
381.532 6612
381.545 6764
381.559 6932
381.572 7046
381.586 7029
381.599 7055
381.613 7199
381.627 7199
381.640 7173
381.654 7360
381.667 7399
381.681 7354
381.694 7414
381.708 7333
381.722 7305
381.735 7421
381.749 7355
381.762 7299
381.776 7397
381.789 7535
381.803 7547
381.817 7538
381.830 7693
381.844 7728
381.857 7767
381.871 7812
381.884 7882
381.898 7957
381.911 7945
381.925 7959
381.939 8048
381.952 8219
381.966 8184
381.979 8226
381.993 8295
382.006 8454
382.020 8466
382.034 8479
382.047 8516
382.061 8540
382.074 8534
382.088 8681
382.101 8770
382.115 8705
382.128 8816
382.142 8927
382.156 9119
382.169 9126
382.183 9077
382.196 9143
382.210 9251
382.223 9319
382.237 9433
382.250 9502
382.264 9435
382.278 9458
382.291 9640
382.305 9681
382.318 9796
382.332 9835
382.345 9917
382.359 9910
382.372 9975
382.386 9952
382.399 10098
382.413 10087
382.427 10251
382.440 10335
382.454 10473
382.467 10453
382.481 10796
382.494 10940
382.508 11181
382.521 11189
382.535 11303
382.548 11364
382.562 11383
382.576 11284
382.589 11517
382.603 11621
382.616 11723
382.630 11769
382.643 11838
382.657 12238
382.670 12254
382.684 12326
382.697 12006
382.711 12257
382.724 12368
382.738 12419
382.752 12613
382.765 12480
382.779 12769
382.792 12990
382.806 13084
382.819 13130
382.833 13312
382.846 13428
382.860 13434
382.873 13611
382.887 13955
382.900 14187
382.914 14300
382.928 14706
382.941 14592
382.955 14779
382.968 14991
382.982 15378
382.995 15446
383.009 15208
383.022 15424
383.036 15752
383.049 15977
383.063 16058
383.076 16234
383.090 16250
383.103 16261
383.117 16405
383.130 16519
383.144 16647
383.158 16805
383.171 17104
383.185 16918
383.198 17344
383.212 17818
383.225 18004
383.239 18420
383.252 18640
383.266 18788
383.279 18894
383.293 19086
383.306 19413
383.320 19434
383.333 19810
383.347 20161
383.360 19998
383.374 19904
383.387 20112
383.401 20480
383.414 20589
383.428 20518
383.441 20641
383.455 20993
383.468 20867
383.482 21101
383.496 21276
383.509 21242
383.523 21362
383.536 21456
383.550 21580
383.563 21743
383.577 21829
383.590 22057
383.604 22064
383.617 22128
383.631 22208
383.644 22078
383.658 22481
383.671 22510
383.685 22792
383.698 23245
383.712 23330
383.725 23410
383.739 23363
383.752 23255
383.766 23124
383.779 23077
383.793 23221
383.806 23366
383.820 23600
383.833 23600
383.847 23600
383.860 23629
383.874 23906
383.887 23713
383.901 23817
383.914 23721
383.928 23991
383.941 23779
383.955 23796
383.968 24007
383.982 24151
383.995 23886
384.009 23975
384.022 23842
384.036 24181
384.049 23923
384.063 24240
384.076 24869
384.090 24821
384.103 25174
384.117 25174
384.130 24736
384.144 24256
384.157 24244
384.171 23986
384.184 24269
384.198 23780
384.211 23897
384.225 23705
384.238 24434
384.252 24474
384.265 24344
384.279 24251
384.292 23757
384.306 23856
384.319 23425
384.333 23084
384.346 22786
384.360 22282
384.373 22203
384.387 21985
384.400 21714
384.414 21583
384.427 21219
384.441 20706
384.454 20410
384.468 20364
384.481 19651
384.495 19381
384.508 19222
384.522 18508
384.535 18208
384.549 17679
384.562 17385
384.575 16833
384.589 16499
384.602 16215
384.616 15910
384.629 15348
384.643 14948
384.656 14621
384.670 13876
384.683 13134
384.697 12858
384.710 12478
384.724 11850
384.737 11386
384.751 11207
384.764 10903
384.778 10557
384.791 10269
384.805 9926
384.818 9650
384.832 9110
384.845 8944
384.859 8609
384.872 8412
384.885 8002
384.899 7824
384.912 7532
384.926 7318
384.939 7202
384.953 7040
384.966 6810
384.980 6668
384.993 6489
385.007 6330
385.020 6046
385.034 5974
385.047 5809
385.061 5681
385.074 5491
385.088 5338
385.101 5268
385.114 5181
385.128 5074
385.141 4963
385.155 4905
385.168 4924
385.182 4889
385.195 4865
385.209 4743
385.222 4666
385.236 4552
385.249 4478
385.263 4414
385.276 4373
385.290 4328
385.303 4256
385.316 4114
385.330 4164
385.343 4151
385.357 4071
385.370 3939
385.384 3871
385.397 3778
385.411 3731
385.424 3727
385.438 3669
385.451 3641
385.464 3663
385.478 3594
385.491 3591
385.505 3533
385.518 3488
385.532 3426
385.545 3378
385.559 3367
385.572 3221
385.586 3260
385.599 3308
385.612 3278
385.626 3224
385.639 3245
385.653 3219
385.666 3202
385.680 3113
385.693 3130
385.707 3088
385.720 3047
385.734 2993
385.747 2908
385.760 2989
385.774 2870
385.787 2903
385.801 2785
385.814 2801
385.828 2770
385.841 2720
385.855 2738
385.868 2709
385.881 2722
385.895 2747
385.908 2723
385.922 2674
385.935 2688
385.949 2648
385.962 2604
385.976 2577
385.989 2578
386.002 2589
386.016 2573
386.029 2517
386.043 2548
386.056 2453
386.070 2465
386.083 2463
386.097 2439
386.110 2399
386.123 2459
386.137 2451
386.150 2425
386.164 2441
386.177 2373
386.191 2425
386.204 2435
386.217 2318
386.231 2343
386.244 2319
386.258 2327
386.271 2301
386.285 2294
386.298 2260
386.311 2230
386.325 2272
386.338 2305
386.352 2182
386.365 2184
386.379 2175
386.392 2167
386.405 2147
386.419 2114
386.432 2179
386.446 2220
386.459 2187
386.473 2156
386.486 2122
386.499 2122
386.513 2118
386.526 2085
386.540 2092
386.553 2052
386.567 2054
386.580 2015
386.593 2028
386.607 2013
386.620 2051
386.634 2067
386.647 2051
386.661 1968
386.674 2016
386.687 1973
386.701 1968
386.714 1994
386.728 1952
386.741 1934
386.754 1909
386.768 1940
386.781 1919
386.795 1926
386.808 1896
386.822 1912
386.835 1881
386.848 1866
386.862 1882
386.875 1800
386.889 1822
386.902 1796
386.915 1822
386.929 1846
386.942 1800
386.956 1795
386.969 1761
386.983 1724
386.996 1766
387.009 1776
387.023 1730
387.036 1764
387.050 1741
387.063 1685
387.076 1730
387.090 1737
387.103 1685
387.117 1695
387.130 1713
387.143 1706
387.157 1670
387.170 1631
387.184 1626
387.197 1629
387.210 1700
387.224 1691
387.237 1619
387.251 1585
387.264 1596
387.278 1558
387.291 1581
387.304 1629
387.318 1585
387.331 1548
387.345 1575
387.358 1574
387.371 1542
387.385 1530
387.398 1504
387.412 1492
387.425 1496
387.438 1458
387.452 1474
387.465 1458
387.478 1478
387.492 1470
387.505 1433
387.519 1423
387.532 1454
387.545 1476
387.559 1452
387.572 1427
387.586 1449
387.599 1453
387.612 1375
387.626 1395
387.639 1402
387.653 1421
387.666 1373
387.679 1330
387.693 1332
387.706 1371
387.720 1369
387.733 1322
387.746 1353
387.760 1357
387.773 1324
387.787 1336
387.800 1347
387.813 1328
387.827 1348
387.840 1314
387.853 1306
387.867 1298
387.880 1296
387.894 1296
387.907 1279
387.920 1271
387.934 1256
387.947 1286
387.961 1241
387.974 1260
387.987 1243
388.001 1208
388.014 1254
388.027 1203
388.041 1239
388.054 1206
388.068 1249
388.081 1227
388.094 1188
388.108 1203
388.121 1202
388.134 1153
388.148 1205
388.161 1156
388.175 1172
388.188 1148
388.201 1157
388.215 1176
388.228 1156
388.241 1166
388.255 1121
388.268 1147
388.282 1140
388.295 1171
388.308 1155
388.322 1149
388.335 1118
388.348 1124
388.362 1113
388.375 1104
388.389 1126
388.402 1114
388.415 1118
388.429 1106
388.442 1148
388.455 1125
388.469 1134
388.482 1109
388.495 1092
388.509 1151
388.522 1125
388.536 1115
388.549 1108
388.562 1121
388.576 1093
388.589 1106
388.602 1120
388.616 1120
388.629 1097
388.642 1116
388.656 1104
388.669 1105
388.683 1106
388.696 1121
388.709 1092
388.723 1095
388.736 1083
388.749 1100
388.763 1100
388.776 1092
388.789 1072
388.803 1086
388.816 1066
388.829 1066
388.843 1075
388.856 1065
388.870 1072
388.883 1054
388.896 1074
388.910 1087
388.923 1056
388.936 1075
388.950 1063
388.963 1092
388.976 1069
388.990 1059
389.003 1081
389.016 1059
389.030 1094
389.043 1084
389.056 1073
389.070 1051
389.083 1083
389.097 1061
389.110 1082
389.123 1060
389.137 1060
389.150 1066
389.163 1047
389.177 1045
389.190 1040
389.203 1028
389.217 1052
389.230 1045
389.243 1047
389.257 1032
389.270 1026
389.283 1050
389.297 1038
389.310 1044
389.323 1034
389.337 1026
389.350 1035
389.363 1028
389.377 1040
389.390 1040
389.403 1028
389.417 1045
389.430 1060
389.443 1009
389.457 1016
389.470 1039
389.483 1041
389.497 1039
389.510 1030
389.523 1046
389.537 1032
389.550 1005
389.563 1016
389.577 1020
389.590 993
389.603 1006
389.617 984
389.630 1013
389.643 996
389.657 1015
389.670 1049
389.683 995
389.697 1005
389.710 1013
389.723 980
389.737 991
389.750 979
389.763 1002
389.777 987
389.790 1020
389.803 951
389.817 988
389.830 971
389.843 960
389.857 972
389.870 984
389.883 962
389.897 949
389.910 979
389.923 976
389.937 967
389.950 969
389.963 940
389.977 964
389.990 974
390.003 955
390.017 966
390.030 934
390.043 954
390.057 950
390.070 924
390.083 944
390.096 913
390.110 921
390.123 928
390.136 943
390.150 918
390.163 942
390.176 921
390.190 922
390.203 899
390.216 919
390.230 923
390.243 890
390.256 886
390.270 903
390.283 888
390.296 882
390.310 896
390.323 877
390.336 887
390.349 891
390.363 891
390.376 880
390.389 882
390.403 880
390.416 852
390.429 876
390.443 893
390.456 860
390.469 883
390.483 855
390.496 850
390.509 841
390.522 846
390.536 845
390.549 835
390.562 837
390.576 837
390.589 830
390.602 850
390.616 838
390.629 802
390.642 818
390.655 789
390.669 821
390.682 814
390.695 802
390.709 791
390.722 796
390.735 800
390.749 811
390.762 794
390.775 797
390.788 814
390.802 775
390.815 783
390.828 802
390.842 771
390.855 777
390.868 762
390.882 783
390.895 775
390.908 770
390.921 768
390.935 761
390.948 757
390.961 760
390.975 763
390.988 769
391.001 768
391.014 760
391.028 759
391.041 744
391.054 758
391.068 746
391.081 744
391.094 755
391.107 759
391.121 757
391.134 736
391.147 734
391.161 748
391.174 761
391.187 740
391.200 744
391.214 731
391.227 740
391.240 744
391.254 721
391.267 736
391.280 740
391.293 742
391.307 734
391.320 727
391.333 732
391.347 733
391.360 697
391.373 718
391.386 726
391.400 736
391.413 721
391.426 737
391.440 723
391.453 720
391.466 719
391.479 715
391.493 717
391.506 714
391.519 729
391.532 718
391.546 707
391.559 716
391.572 722
391.586 713
391.599 722
391.612 708
391.625 713
391.639 708
391.652 698
391.665 702
391.678 697
391.692 707
391.705 720
391.718 703
391.732 706
391.745 694
391.758 713
391.771 708
391.785 703
391.798 708
391.811 697
391.824 706
391.838 699
391.851 707
391.864 701
391.877 693
391.891 695
391.904 700
391.917 701
391.931 705
391.944 696
391.957 694
391.970 698
391.984 692
391.997 709
392.010 692
392.023 704
392.037 709
392.050 686
392.063 703
392.076 684
392.090 692
392.103 695
392.116 692
392.129 708
392.143 688
392.156 690
392.169 705
392.182 694
392.196 693
392.209 690
392.222 682
392.235 694
392.249 687
392.262 683
392.275 699
392.288 692
392.302 700
392.315 696
392.328 688
392.341 686
392.355 686
392.368 677
392.381 692
392.394 683
392.408 674
392.421 701
392.434 690
392.447 690
392.461 683
392.474 691
392.487 691
392.500 693
392.514 690
392.527 682
392.540 690
392.553 687
392.567 686
392.580 688
392.593 703
392.606 685
392.620 690
392.633 678
392.646 676
392.659 695
392.673 690
392.686 678
392.699 674
392.712 674
392.726 684
392.739 676
392.752 674
392.765 682
392.778 690
392.792 674
392.805 681
392.818 671
392.831 687
392.845 691
392.858 679
392.871 677
392.884 689
392.898 697
392.911 683
392.924 685
392.937 685
392.951 677
392.964 689
392.977 672
392.990 667
393.003 682
393.017 676
393.030 682
393.043 690
393.056 680
393.070 661
393.083 681
393.096 682
393.109 674
393.122 681
393.136 670
393.149 683
393.162 678
393.175 671
393.189 674
393.202 680
393.215 675
393.228 674
393.242 663
393.255 668
393.268 673
393.281 684
393.294 670
393.308 667
393.321 679
393.334 663
393.347 669
393.360 672
393.374 662
393.387 671
393.400 669
393.413 663
393.427 670
393.440 677
393.453 681
393.466 667
393.479 667
393.493 668
393.506 669
393.519 680
393.532 674
393.546 679
393.559 678
393.572 670
393.585 680
393.598 672
393.612 670
393.625 668
393.638 667
393.651 665
393.664 680
393.678 662
393.691 672
393.704 673
393.717 670
393.730 668
393.744 670
393.757 665
393.770 668
393.783 673
393.796 665
393.810 672
393.823 657
393.836 666
393.849 659
393.863 652
393.876 680
393.889 646
393.902 656
393.915 668
393.929 667
