375.891 708
375.905 716
375.919 725
375.933 721
375.946 718
375.960 723
375.974 732
375.987 727
376.001 723
376.015 727
376.029 738
376.042 741
376.056 734
376.070 737
376.084 737
376.097 760
376.111 748
376.125 753
376.139 750
376.152 744
376.166 741
376.180 755
376.193 754
376.207 757
376.221 742
376.235 749
376.248 766
376.262 761
376.276 778
376.290 780
376.303 750
376.317 775
376.331 776
376.345 790
376.358 787
376.372 772
376.386 780
376.399 790
376.413 776
376.427 779
376.441 787
376.454 799
376.468 781
376.482 804
376.495 787
376.509 814
376.523 817
376.537 790
376.550 807
376.564 820
376.578 813
376.592 818
376.605 819
376.619 804
376.633 800
376.646 810
376.660 815
376.674 829
376.688 828
376.701 824
376.715 826
376.729 834
376.742 841
376.756 843
376.770 847
376.784 839
376.797 834
376.811 865
376.825 854
376.838 859
376.852 870
376.866 863
376.880 859
376.893 883
376.907 874
376.921 887
376.934 875
376.948 895
376.962 880
376.976 898
376.989 896
377.003 912
377.017 893
377.030 916
377.044 918
377.058 896
377.071 908
377.085 945
377.099 930
377.113 918
377.126 930
377.140 926
377.154 925
377.167 937
377.181 947
377.195 943
377.208 954
377.222 965
377.236 961
377.250 973
377.263 964
377.277 982
377.291 978
377.304 950
377.318 979
377.332 986
377.345 1019
377.359 985
377.373 972
377.387 987
377.400 987
377.414 987
377.428 1003
377.441 1009
377.455 992
377.469 1017
377.482 1015
377.496 1024
377.510 1009
377.524 1041
377.537 1027
377.551 1059
377.565 1018
377.578 1054
377.592 1041
377.606 1019
377.619 1027
377.633 1028
377.647 1044
377.660 1032
377.674 1040
377.688 1065
377.701 1047
377.715 1060
377.729 1057
377.743 1050
377.756 1070
377.770 1078
377.784 1057
377.797 1075
377.811 1083
377.825 1091
377.838 1069
377.852 1072
377.866 1080
377.879 1083
377.893 1107
377.907 1086
377.920 1104
377.934 1112
377.948 1108
377.961 1083
377.975 1088
377.989 1107
378.002 1108
378.016 1093
378.030 1108
378.044 1109
378.057 1139
378.071 1116
378.085 1129
378.098 1147
378.112 1127
378.126 1144
378.139 1100
378.153 1102
378.167 1108
378.180 1123
378.194 1125
378.208 1130
378.221 1124
378.235 1132
378.249 1125
378.262 1151
378.276 1134
378.290 1158
378.303 1130
378.317 1138
378.331 1137
378.344 1155
378.358 1188
378.372 1135
378.385 1136
378.399 1166
378.413 1167
378.426 1165
378.440 1166
378.454 1211
378.467 1189
378.481 1176
378.495 1211
378.508 1185
378.522 1155
378.536 1172
378.549 1173
378.563 1164
378.577 1216
378.590 1220
378.604 1198
378.618 1213
378.631 1229
378.645 1199
378.659 1212
378.672 1219
378.686 1225
378.700 1217
378.713 1245
378.727 1244
378.740 1219
378.754 1247
378.768 1248
378.781 1263
378.795 1228
378.809 1231
378.822 1228
378.836 1220
378.850 1237
378.863 1226
378.877 1266
378.891 1258
378.904 1271
378.918 1260
378.932 1261
378.945 1279
378.959 1263
378.973 1252
378.986 1272
379.000 1231
379.014 1285
379.027 1289
379.041 1269
379.054 1277
379.068 1298
379.082 1287
379.095 1294
379.109 1289
379.123 1296
379.136 1305
379.150 1329
379.164 1315
379.177 1298
379.191 1296
379.205 1332
379.218 1308
379.232 1345
379.245 1322
379.259 1342
379.273 1331
379.286 1340
379.300 1388
379.314 1370
379.327 1359
379.341 1358
379.355 1370
379.368 1404
379.382 1428
379.396 1383
379.409 1416
379.423 1437
379.436 1418
379.450 1444
379.464 1490
379.477 1433
379.491 1437
379.505 1492
379.518 1450
379.532 1478
379.546 1491
379.559 1460
379.573 1488
379.586 1480
379.600 1526
379.614 1524
379.627 1497
379.641 1524
379.655 1550
379.668 1557
379.682 1545
379.695 1582
379.709 1583
379.723 1600
379.736 1615
379.750 1587
379.764 1646
379.777 1712
379.791 1657
379.804 1685
379.818 1738
379.832 1705
379.845 1693
379.859 1723
379.873 1742
379.886 1735
379.900 1798
379.913 1770
379.927 1751
379.941 1822
379.954 1871
379.968 1877
379.982 1870
379.995 1886
380.009 1931
380.022 1913
380.036 1971
380.050 1956
380.063 1954
380.077 2044
380.090 2061
380.104 2071
380.118 2101
380.131 2104
380.145 2105
380.159 2116
380.172 2136
380.186 2203
380.199 2217
380.213 2291
380.227 2326
380.240 2303
380.254 2309
380.267 2368
380.281 2356
380.295 2354
380.308 2389
380.322 2433
380.336 2429
380.349 2539
380.363 2546
380.376 2569
380.390 2626
380.404 2694
380.417 2643
380.431 2680
380.444 2730
380.458 2740
380.472 2845
380.485 2859
380.499 2893
380.512 2909
380.526 2882
380.540 2957
380.553 3028
380.567 3037
380.580 3062
380.594 3089
380.608 3135
380.621 3181
380.635 3205
380.648 3278
380.662 3336
380.676 3344
380.689 3323
380.703 3474
380.716 3373
380.730 3487
380.744 3528
380.757 3596
380.771 3638
380.784 3647
380.798 3733
380.812 3740
380.825 3794
380.839 3879
380.852 4027
380.866 4045
380.880 4143
380.893 4095
380.907 4060
380.920 4165
380.934 4241
380.948 4333
380.961 4313
380.975 4413
380.988 4427
381.002 4507
381.015 4502
381.029 4536
381.043 4617
381.056 4622
381.070 4628
381.083 4766
381.097 4736
381.111 4773
381.124 4825
381.138 4988
381.151 5028
381.165 5031
381.179 5104
381.192 5140
381.206 5042
381.219 5132
381.233 5240
381.246 5204
381.260 5346
381.274 5348
381.287 5392
381.301 5383
381.314 5501
381.328 5522
381.341 5604
381.355 5628
381.369 5597
381.382 5718
381.396 5756
381.409 5812
381.423 5908
381.437 5937
381.450 6008
381.464 6094
381.477 6173
381.491 6065
381.504 6167
381.518 6176
381.532 6128
381.545 6298
381.559 6505
381.572 6511
381.586 6562
381.599 6583
381.613 6575
381.627 6677
381.640 6786
381.654 6893
381.667 6880
381.681 6921
381.694 6874
381.708 6863
381.722 6874
381.735 6828
381.749 6909
381.762 6983
381.776 6919
381.789 6995
381.803 7150
381.817 7115
381.830 7251
381.844 7211
381.857 7295
381.871 7351
381.884 7386
381.898 7419
381.911 7462
381.925 7447
381.939 7664
381.952 7654
381.966 7624
381.979 7812
381.993 7870
382.006 7877
382.020 8088
382.034 8012
382.047 8020
382.061 8020
382.074 8124
382.088 8157
382.101 8242
382.115 8228
382.128 8397
382.142 8510
382.156 8601
382.169 8716
382.183 8605
382.196 8660
382.210 8823
382.223 8743
382.237 8846
382.250 9056
382.264 9054
382.278 9055
382.291 9268
382.305 9224
382.318 9296
382.332 9344
382.345 9330
382.359 9377
382.372 9530
382.386 9617
382.399 9611
382.413 9604
382.427 9721
382.440 9944
382.454 10056
382.467 10160
382.481 10410
382.494 10530
382.508 10751
382.521 11009
382.535 10891
382.548 10918
382.562 10906
382.576 10905
382.589 10982
382.603 11135
382.616 11358
382.630 11318
382.643 11429
382.657 11612
382.670 11741
382.684 11780
382.697 11864
382.711 12012
382.724 12038
382.738 11987
382.752 12243
382.765 12254
382.779 12487
382.792 12574
382.806 12733
382.819 12797
382.833 12986
382.846 13039
382.860 13079
382.873 13348
382.887 13566
382.900 13645
382.914 13904
382.928 14253
382.941 14350
382.955 14629
382.968 14843
382.982 14894
382.995 15156
383.009 15078
383.022 15139
383.036 15700
383.049 15692
383.063 15982
383.076 15921
383.090 16122
383.103 16138
383.117 16301
383.130 16380
383.144 16608
383.158 16794
383.171 16870
383.185 17180
383.198 17196
383.212 17592
383.225 17896
383.239 18309
383.252 18598
383.266 18996
383.279 19020
383.293 19044
383.306 19418
383.320 19717
383.333 19888
383.347 20192
383.360 20034
383.374 19994
383.387 20395
383.401 20491
383.414 20706
383.428 20761
383.441 20989
383.455 21198
383.468 21185
383.482 21218
383.496 21527
383.509 21477
383.523 21789
383.536 21934
383.550 21775
383.563 21964
383.577 22396
383.590 22470
383.604 22764
383.617 22747
383.631 22649
383.644 22732
383.658 23035
383.671 23218
383.685 23496
383.698 23902
383.712 24108
383.725 24454
383.739 24261
383.752 24176
383.766 24045
383.779 24028
383.793 24307
383.806 24526
383.820 24302
383.833 24417
383.847 24813
383.860 24856
383.874 24816
383.887 24944
383.901 25087
383.914 24882
383.928 25257
383.941 25522
383.955 25138
383.968 25143
383.982 25265
383.995 25113
384.009 25426
384.022 25747
384.036 25464
384.049 25769
384.063 26182
384.076 26608
384.090 26841
384.103 26864
384.117 27141
384.130 26585
384.144 26094
384.157 26206
384.171 26194
384.184 26303
384.198 26067
384.211 25870
384.225 25874
384.238 26696
384.252 27164
384.265 26942
384.279 26584
384.292 26646
384.306 26620
384.319 26156
384.333 25715
384.346 25552
384.360 25090
384.373 24767
384.387 24882
384.400 24532
384.414 24239
384.427 24425
384.441 23826
384.454 23285
384.468 23035
384.481 22528
384.495 22715
384.508 22031
384.522 21783
384.535 21158
384.549 20907
384.562 20414
384.575 19838
384.589 19771
384.602 19430
384.616 18889
384.629 18351
384.643 17719
384.656 17176
384.670 16429
384.683 15885
384.697 15467
384.710 14822
384.724 14415
384.737 13928
384.751 13496
384.764 13055
384.778 12611
384.791 12412
384.805 11865
384.818 11444
384.832 11110
384.845 10693
384.859 10383
384.872 9913
384.885 9622
384.899 9304
384.912 8977
384.926 8680
384.939 8490
384.953 8199
384.966 7940
384.980 7792
384.993 7566
385.007 7274
385.020 7107
385.034 6831
385.047 6656
385.061 6423
385.074 6281
385.088 6189
385.101 6024
385.114 5856
385.128 5802
385.141 5573
385.155 5539
385.168 5548
385.182 5471
385.195 5361
385.209 5259
385.222 5143
385.236 5018
385.249 4978
385.263 4820
385.276 4770
385.290 4756
385.303 4620
385.316 4550
385.330 4507
385.343 4549
385.357 4369
385.370 4272
385.384 4192
385.397 4142
385.411 4039
385.424 4017
385.438 3931
385.451 3836
385.464 3888
385.478 3940
385.491 3779
385.505 3696
385.518 3755
385.532 3731
385.545 3598
385.559 3523
385.572 3525
385.586 3489
385.599 3472
385.612 3418
385.626 3401
385.639 3418
385.653 3380
385.666 3325
385.680 3289
385.693 3188
385.707 3225
385.720 3212
385.734 3198
385.747 3133
385.760 3102
385.774 3069
385.787 3026
385.801 2974
385.814 2967
385.828 2927
385.841 2958
385.855 2876
385.868 2887
385.881 2818
385.895 2896
385.908 2843
385.922 2802
385.935 2786
385.949 2725
385.962 2708
385.976 2718
385.989 2668
386.002 2667
386.016 2681
386.029 2637
386.043 2640
386.056 2620
386.070 2587
386.083 2617
386.097 2516
386.110 2539
386.123 2591
386.137 2571
386.150 2557
386.164 2490
386.177 2457
386.191 2469
386.204 2457
386.217 2369
386.231 2448
386.244 2405
386.258 2360
386.271 2386
386.285 2398
386.298 2395
386.311 2402
386.325 2368
386.338 2283
386.352 2313
386.365 2320
386.379 2335
386.392 2244
386.405 2270
386.419 2274
386.432 2214
386.446 2246
386.459 2228
386.473 2242
386.486 2220
386.499 2174
386.513 2143
386.526 2160
386.540 2109
386.553 2172
386.567 2066
386.580 2132
386.593 2170
386.607 2156
386.620 2110
386.634 2148
386.647 2145
386.661 2071
386.674 2071
386.687 2035
386.701 2039
386.714 2007
386.728 2032
386.741 2057
386.754 2014
386.768 2008
386.781 1993
386.795 2002
386.808 1989
386.822 1909
386.835 1904
386.848 1928
386.862 1909
386.875 1910
386.889 1883
386.902 1872
386.915 1875
386.929 1876
386.942 1890
386.956 1871
386.969 1837
386.983 1815
386.996 1840
387.009 1785
387.023 1791
387.036 1807
387.050 1805
387.063 1796
387.076 1762
387.090 1803
387.103 1763
387.117 1774
387.130 1730
387.143 1798
387.157 1743
387.170 1758
387.184 1746
387.197 1696
387.210 1694
387.224 1678
387.237 1689
387.251 1698
387.264 1624
387.278 1656
387.291 1655
387.304 1654
387.318 1619
387.331 1636
387.345 1597
387.358 1641
387.371 1600
387.385 1622
387.398 1550
387.412 1580
387.425 1521
387.438 1531
387.452 1536
387.465 1477
387.478 1509
387.492 1489
387.505 1539
387.519 1488
387.532 1506
387.545 1532
387.559 1548
387.572 1469
387.586 1476
387.599 1441
387.612 1486
387.626 1470
387.639 1453
387.653 1403
387.666 1413
387.679 1379
387.693 1351
387.706 1416
387.720 1365
387.733 1350
387.746 1376
387.760 1394
387.773 1365
387.787 1374
387.800 1339
387.813 1337
387.827 1330
387.840 1329
387.853 1293
387.867 1295
387.880 1334
387.894 1347
387.907 1283
387.920 1323
387.934 1305
387.947 1304
387.961 1259
387.974 1264
387.987 1260
388.001 1229
388.014 1279
388.027 1254
388.041 1248
388.054 1238
388.068 1243
388.081 1248
388.094 1207
388.108 1208
388.121 1202
388.134 1180
388.148 1200
388.161 1189
388.175 1160
388.188 1162
388.201 1185
388.215 1183
388.228 1150
388.241 1158
388.255 1176
388.268 1165
388.282 1168
388.295 1162
388.308 1159
388.322 1123
388.335 1145
388.348 1155
388.362 1143
388.375 1151
388.389 1142
388.402 1155
388.415 1126
388.429 1142
388.442 1122
388.455 1152
388.469 1118
388.482 1122
388.495 1140
388.509 1132
388.522 1153
388.536 1110
388.549 1110
388.562 1120
388.576 1097
388.589 1120
388.602 1133
388.616 1111
388.629 1112
388.642 1124
388.656 1098
388.669 1104
388.683 1074
388.696 1100
388.709 1106
388.723 1110
388.736 1085
388.749 1086
388.763 1083
388.776 1125
388.789 1095
388.803 1076
388.816 1076
388.829 1086
388.843 1071
388.856 1070
388.870 1094
388.883 1084
388.896 1097
388.910 1065
388.923 1060
388.936 1052
388.950 1052
388.963 1080
388.976 1081
388.990 1075
389.003 1083
389.016 1054
389.030 1060
389.043 1054
389.056 1078
389.070 1061
389.083 1071
389.097 1074
389.110 1057
389.123 1058
389.137 1068
389.150 1058
389.163 1068
389.177 1065
389.190 1065
389.203 1067
389.217 1057
389.230 1071
389.243 1052
389.257 1059
389.270 1057
389.283 1065
389.297 1029
389.310 1035
389.323 1042
389.337 1053
389.350 1036
389.363 1042
389.377 1051
389.390 1017
389.403 1067
389.417 1030
389.430 1050
389.443 1025
389.457 1032
389.470 1018
389.483 1042
389.497 1050
389.510 1024
389.523 1056
389.537 1022
389.550 1038
389.563 1034
389.577 1029
389.590 1016
389.603 1023
389.617 1008
389.630 1008
389.643 1016
389.657 1007
389.670 1019
389.683 1026
389.697 1004
389.710 1009
389.723 1002
389.737 997
389.750 1007
389.763 996
389.777 1010
389.790 1013
389.803 1011
389.817 1013
389.830 997
389.843 974
389.857 984
389.870 961
389.883 961
389.897 980
389.910 972
389.923 978
389.937 983
389.950 987
389.963 953
389.977 980
389.990 964
390.003 982
390.017 982
390.030 986
390.043 970
390.057 978
390.070 960
390.083 945
390.096 957
390.110 935
390.123 926
390.136 944
390.150 963
390.163 925
390.176 947
390.190 958
390.203 919
390.216 919
390.230 929
390.243 938
390.256 912
390.270 908
390.283 921
390.296 897
390.310 882
390.323 864
390.336 905
390.349 888
390.363 910
390.376 903
390.389 882
390.403 890
390.416 881
390.429 893
390.443 875
390.456 885
390.469 852
390.483 883
390.496 862
390.509 856
390.522 876
390.536 849
390.549 881
390.562 863
390.576 849
390.589 864
390.602 837
390.616 850
390.629 828
390.642 826
390.655 834
390.669 823
390.682 814
390.695 846
390.709 819
390.722 807
390.735 821
390.749 802
390.762 809
390.775 796
390.788 805
390.802 812
390.815 809
390.828 803
390.842 779
390.855 805
390.868 796
390.882 786
390.895 773
390.908 784
390.921 784
390.935 787
390.948 776
390.961 783
390.975 764
390.988 764
391.001 782
391.014 766
391.028 754
391.041 759
391.054 770
391.068 771
391.081 762
391.094 758
391.107 754
391.121 742
391.134 753
391.147 746
391.161 757
391.174 760
391.187 738
391.200 746
391.214 757
391.227 742
391.240 745
391.254 736
391.267 746
391.280 731
391.293 736
391.307 731
391.320 733
391.333 707
391.347 725
391.360 724
391.373 721
391.386 737
391.400 716
391.413 737
391.426 729
391.440 726
391.453 724
391.466 725
391.479 715
391.493 712
391.506 710
391.519 724
391.532 723
391.546 721
391.559 720
391.572 715
391.586 724
391.599 716
391.612 731
391.625 705
391.639 705
391.652 706
391.665 723
391.678 706
391.692 713
391.705 722
391.718 704
391.732 720
391.745 724
391.758 710
391.771 714
391.785 706
391.798 697
391.811 719
391.824 713
391.838 706
391.851 696
391.864 706
391.877 715
391.891 705
391.904 714
391.917 705
391.931 711
391.944 710
391.957 702
391.970 705
391.984 704
391.997 708
392.010 703
392.023 698
392.037 708
392.050 715
392.063 715
392.076 708
392.090 699
392.103 698
392.116 696
392.129 688
392.143 699
392.156 698
392.169 712
392.182 713
392.196 694
392.209 689
392.222 684
392.235 696
392.249 689
392.262 701
392.275 701
392.288 691
392.302 690
392.315 686
392.328 687
392.341 687
392.355 692
392.368 689
392.381 699
392.394 696
392.408 690
392.421 693
392.434 695
392.447 697
392.461 697
392.474 688
392.487 696
392.500 704
392.514 702
392.527 687
392.540 692
392.553 688
392.567 693
392.580 672
392.593 693
392.606 688
392.620 679
392.633 690
392.646 676
392.659 696
392.673 697
392.686 673
392.699 683
392.712 685
392.726 680
392.739 683
392.752 683
392.765 684
392.778 691
392.792 685
392.805 680
392.818 691
392.831 668
392.845 679
392.858 672
392.871 676
392.884 692
392.898 680
392.911 686
392.924 683
392.937 687
392.951 684
392.964 673
392.977 680
392.990 683
393.003 690
393.017 685
393.030 691
393.043 690
393.056 683
393.070 693
393.083 669
393.096 672
393.109 679
393.122 671
393.136 686
393.149 685
393.162 681
393.175 681
393.189 673
393.202 679
393.215 679
393.228 684
393.242 676
393.255 670
393.268 677
393.281 673
393.294 683
393.308 663
393.321 679
393.334 678
393.347 672
393.360 677
393.374 683
393.387 673
393.400 676
393.413 670
393.427 674
393.440 676
393.453 674
393.466 672
393.479 675
393.493 672
393.506 663
393.519 669
393.532 665
393.546 673
393.559 664
393.572 672
393.585 677
393.598 663
393.612 664
393.625 670
393.638 670
393.651 666
393.664 671
393.678 669
393.691 670
393.704 672
393.717 669
393.730 663
393.744 675
393.757 661
393.770 661
393.783 669
393.796 668
393.810 675
393.823 656
393.836 668
393.849 674
393.863 665
393.876 675
393.889 661
393.902 672
393.915 678
393.929 656
