375.891 719
375.905 719
375.919 715
375.933 714
375.946 725
375.960 721
375.974 720
375.987 721
376.001 740
376.015 721
376.029 727
376.042 740
376.056 742
376.070 740
376.084 735
376.097 742
376.111 736
376.125 736
376.139 733
376.152 739
376.166 747
376.180 747
376.193 741
376.207 764
376.221 754
376.235 749
376.248 753
376.262 757
376.276 761
376.290 753
376.303 755
376.317 754
376.331 753
376.345 766
376.358 753
376.372 771
376.386 771
376.399 761
376.413 781
376.427 784
376.441 784
376.454 772
376.468 783
376.482 774
376.495 792
376.509 775
376.523 805
376.537 804
376.550 788
376.564 813
376.578 814
376.592 791
376.605 809
376.619 825
376.633 797
376.646 801
376.660 814
376.674 807
376.688 820
376.701 820
376.715 818
376.729 825
376.742 816
376.756 824
376.770 828
376.784 841
376.797 842
376.811 847
376.825 840
376.838 826
376.852 863
376.866 855
376.880 845
376.893 870
376.907 848
376.921 850
376.934 883
376.948 858
376.962 896
376.976 870
376.989 879
377.003 887
377.017 883
377.030 886
377.044 883
377.058 897
377.071 908
377.085 907
377.099 918
377.113 906
377.126 924
377.140 922
377.154 904
377.167 938
377.181 931
377.195 932
377.208 943
377.222 916
377.236 936
377.250 953
377.263 944
377.277 957
377.291 967
377.304 983
377.318 980
377.332 970
377.345 962
377.359 973
377.373 949
377.387 978
377.400 983
377.414 991
377.428 996
377.441 980
377.455 975
377.469 979
377.482 996
377.496 1004
377.510 997
377.524 1023
377.537 1031
377.551 1036
377.565 1017
377.578 1024
377.592 1031
377.606 998
377.619 1032
377.633 1021
377.647 1032
377.660 1020
377.674 1069
377.688 1010
377.701 1042
377.715 1050
377.729 1064
377.743 1036
377.756 1056
377.770 1048
377.784 1081
377.797 1043
377.811 1059
377.825 1069
377.838 1076
377.852 1085
377.866 1070
377.879 1108
377.893 1098
377.907 1097
377.920 1097
377.934 1096
377.948 1069
377.961 1080
377.975 1072
377.989 1085
378.002 1079
378.016 1079
378.030 1113
378.044 1085
378.057 1107
378.071 1089
378.085 1116
378.098 1109
378.112 1125
378.126 1104
378.139 1108
378.153 1110
378.167 1133
378.180 1125
378.194 1092
378.208 1132
378.221 1132
378.235 1112
378.249 1111
378.262 1132
378.276 1142
378.290 1134
378.303 1156
378.317 1125
378.331 1156
378.344 1112
378.358 1141
378.372 1115
378.385 1149
378.399 1168
378.413 1163
378.426 1157
378.440 1169
378.454 1188
378.467 1184
378.481 1174
378.495 1176
378.508 1187
378.522 1167
378.536 1165
378.549 1161
378.563 1182
378.577 1187
378.590 1192
378.604 1217
378.618 1228
378.631 1198
378.645 1202
378.659 1206
378.672 1204
378.686 1233
378.700 1209
378.713 1254
378.727 1209
378.740 1236
378.754 1262
378.768 1222
378.781 1253
378.795 1259
378.809 1244
378.822 1259
378.836 1236
378.850 1211
378.863 1270
378.877 1241
378.891 1263
378.904 1214
378.918 1249
378.932 1270
378.945 1273
378.959 1228
378.973 1275
378.986 1273
379.000 1283
379.014 1281
379.027 1284
379.041 1261
379.054 1270
379.068 1276
379.082 1302
379.095 1295
379.109 1347
379.123 1323
379.136 1290
379.150 1324
379.164 1341
379.177 1326
379.191 1314
379.205 1316
379.218 1329
379.232 1338
379.245 1332
379.259 1346
379.273 1384
379.286 1376
379.300 1338
379.314 1388
379.327 1386
379.341 1377
379.355 1378
379.368 1384
379.382 1410
379.396 1375
379.409 1428
379.423 1416
379.436 1414
379.450 1422
379.464 1439
379.477 1452
379.491 1451
379.505 1441
379.518 1459
379.532 1473
379.546 1503
379.559 1452
379.573 1527
379.586 1518
379.600 1490
379.614 1540
379.627 1563
379.641 1517
379.655 1542
379.668 1550
379.682 1546
379.695 1570
379.709 1586
379.723 1575
379.736 1585
379.750 1652
379.764 1672
379.777 1644
379.791 1675
379.804 1739
379.818 1702
379.832 1728
379.845 1699
379.859 1722
379.873 1736
379.886 1763
379.900 1749
379.913 1751
379.927 1827
379.941 1802
379.954 1846
379.968 1869
379.982 1849
379.995 1885
380.009 1897
380.022 1934
380.036 1920
380.050 1939
380.063 1975
380.077 2014
380.090 2054
380.104 2048
380.118 2096
380.131 2070
380.145 2137
380.159 2127
380.172 2171
380.186 2178
380.199 2274
380.213 2211
380.227 2253
380.240 2335
380.254 2304
380.267 2322
380.281 2388
380.295 2392
380.308 2424
380.322 2462
380.336 2454
380.349 2527
380.363 2495
380.376 2575
380.390 2630
380.404 2638
380.417 2697
380.431 2660
380.444 2734
380.458 2731
380.472 2800
380.485 2826
380.499 2855
380.512 2887
380.526 2923
380.540 2924
380.553 2958
380.567 2985
380.580 3027
380.594 3086
380.608 3106
380.621 3200
380.635 3164
380.648 3265
380.662 3286
380.676 3308
380.689 3332
380.703 3313
380.716 3412
380.730 3455
380.744 3507
380.757 3556
380.771 3610
380.784 3709
380.798 3657
380.812 3704
380.825 3794
380.839 3780
380.852 3897
380.866 4032
380.880 3992
380.893 4060
380.907 4060
380.920 4144
380.934 4168
380.948 4161
380.961 4352
380.975 4365
380.988 4385
381.002 4357
381.015 4472
381.029 4529
381.043 4543
381.056 4588
381.070 4615
381.083 4589
381.097 4728
381.111 4736
381.124 4778
381.138 4934
381.151 5041
381.165 5078
381.179 5106
381.192 4994
381.206 5009
381.219 5013
381.233 5095
381.246 5204
381.260 5254
381.274 5227
381.287 5324
381.301 5314
381.314 5425
381.328 5429
381.341 5457
381.355 5533
381.369 5594
381.382 5670
381.396 5661
381.409 5706
381.423 5795
381.437 5828
381.450 5983
381.464 5933
381.477 6065
381.491 6124
381.504 6003
381.518 6133
381.532 6079
381.545 6121
381.559 6342
381.572 6418
381.586 6361
381.599 6514
381.613 6551
381.627 6593
381.640 6669
381.654 6712
381.667 6770
381.681 6820
381.694 6722
381.708 6722
381.722 6686
381.735 6739
381.749 6685
381.762 6779
381.776 6858
381.789 6956
381.803 6900
381.817 7016
381.830 7010
381.844 7045
381.857 7189
381.871 7150
381.884 7269
381.898 7196
381.911 7359
381.925 7326
381.939 7437
381.952 7597
381.966 7522
381.979 7494
381.993 7599
382.006 7658
382.020 7756
382.034 7795
382.047 7836
382.061 7859
382.074 7820
382.088 8016
382.101 8012
382.115 8148
382.128 8089
382.142 8225
382.156 8225
382.169 8357
382.183 8310
382.196 8399
382.210 8476
382.223 8543
382.237 8607
382.250 8655
382.264 8774
382.278 8760
382.291 8910
382.305 8890
382.318 8991
382.332 9094
382.345 9099
382.359 9178
382.372 9162
382.386 9248
382.399 9281
382.413 9391
382.427 9442
382.440 9618
382.454 9688
382.467 9751
382.481 9838
382.494 10284
382.508 10450
382.521 10347
382.535 10474
382.548 10530
382.562 10582
382.576 10519
382.589 10562
382.603 10727
382.616 10850
382.630 10941
382.643 11040
382.657 11112
382.670 11150
382.684 11203
382.697 11248
382.711 11401
382.724 11490
382.738 11582
382.752 11518
382.765 11809
382.779 11928
382.792 11874
382.806 12188
382.819 12127
382.833 12350
382.846 12293
382.860 12626
382.873 12735
382.887 12930
382.900 13007
382.914 13271
382.928 13288
382.941 13650
382.955 13666
382.968 13782
382.982 14010
382.995 14286
383.009 14252
383.022 14231
383.036 14393
383.049 14880
383.063 14907
383.076 14928
383.090 14978
383.103 15130
383.117 15323
383.130 15295
383.144 15695
383.158 15609
383.171 15818
383.185 15998
383.198 16163
383.212 16561
383.225 16754
383.239 17080
383.252 17345
383.266 17621
383.279 17667
383.293 17743
383.306 17853
383.320 18135
383.333 18618
383.347 18570
383.360 18665
383.374 18505
383.387 18736
383.401 19050
383.414 19212
383.428 19202
383.441 19407
383.455 19540
383.468 19478
383.482 19595
383.496 20007
383.509 19708
383.523 19968
383.536 19981
383.550 20063
383.563 20530
383.577 20428
383.590 20674
383.604 20804
383.617 20521
383.631 20945
383.644 20958
383.658 20827
383.671 21163
383.685 21238
383.698 21555
383.712 21879
383.725 22054
383.739 21963
383.752 21910
383.766 21679
383.779 21723
383.793 22002
383.806 21976
383.820 22137
383.833 22104
383.847 22363
383.860 22486
383.874 22358
383.887 22383
383.901 22281
383.914 22521
383.928 22656
383.941 22727
383.955 22681
383.968 22589
383.982 22787
383.995 22719
384.009 22897
384.022 22870
384.036 22794
384.049 22933
384.063 23143
384.076 23710
384.090 23931
384.103 24001
384.117 23883
384.130 23614
384.144 23276
384.157 23334
384.171 23149
384.184 23079
384.198 22948
384.211 22950
384.225 22895
384.238 23537
384.252 23566
384.265 23435
384.279 23202
384.292 23113
384.306 23116
384.319 22899
384.333 22369
384.346 22211
384.360 22043
384.373 21756
384.387 21556
384.400 21291
384.414 21176
384.427 20783
384.441 20547
384.454 20272
384.468 20026
384.481 19824
384.495 19449
384.508 19098
384.522 18718
384.535 18427
384.549 17926
384.562 17692
384.575 17252
384.589 17011
384.602 16768
384.616 16402
384.629 15929
384.643 15163
384.656 14844
384.670 14189
384.683 13708
384.697 13256
384.710 12750
384.724 12266
384.737 12138
384.751 11636
384.764 11182
384.778 10880
384.791 10713
384.805 10329
384.818 10066
384.832 9566
384.845 9314
384.859 9058
384.872 8828
384.885 8409
384.899 8274
384.912 7997
384.926 7776
384.939 7556
384.953 7382
384.966 7124
384.980 6889
384.993 6861
385.007 6634
385.020 6478
385.034 6228
385.047 6086
385.061 5912
385.074 5814
385.088 5682
385.101 5542
385.114 5474
385.128 5355
385.141 5330
385.155 5143
385.168 5090
385.182 5169
385.195 5046
385.209 4977
385.222 4772
385.236 4726
385.249 4709
385.263 4536
385.276 4450
385.290 4426
385.303 4309
385.316 4258
385.330 4296
385.343 4219
385.357 4115
385.370 4043
385.384 3921
385.397 3893
385.411 3837
385.424 3785
385.438 3710
385.451 3751
385.464 3660
385.478 3630
385.491 3554
385.505 3497
385.518 3480
385.532 3439
385.545 3381
385.559 3312
385.572 3244
385.586 3309
385.599 3231
385.612 3233
385.626 3184
385.639 3113
385.653 3141
385.666 3075
385.680 3043
385.693 3048
385.707 3040
385.720 3005
385.734 2987
385.747 2932
385.760 2873
385.774 2844
385.787 2855
385.801 2788
385.814 2743
385.828 2705
385.841 2704
385.855 2685
385.868 2670
385.881 2688
385.895 2677
385.908 2681
385.922 2600
385.935 2612
385.949 2620
385.962 2565
385.976 2541
385.989 2562
386.002 2504
386.016 2501
386.029 2461
386.043 2470
386.056 2484
386.070 2393
386.083 2383
386.097 2355
386.110 2400
386.123 2408
386.137 2366
386.150 2398
386.164 2368
386.177 2332
386.191 2282
386.204 2325
386.217 2286
386.231 2262
386.244 2240
386.258 2256
386.271 2267
386.285 2234
386.298 2228
386.311 2232
386.325 2179
386.338 2196
386.352 2173
386.365 2168
386.379 2167
386.392 2117
386.405 2121
386.419 2094
386.432 2152
386.446 2103
386.459 2148
386.473 2116
386.486 2066
386.499 2050
386.513 2064
386.526 2052
386.540 2042
386.553 2017
386.567 1997
386.580 2030
386.593 2020
386.607 1995
386.620 2000
386.634 2008
386.647 1999
386.661 1949
386.674 1957
386.687 1939
386.701 1892
386.714 1917
386.728 1892
386.741 1876
386.754 1912
386.768 1907
386.781 1868
386.795 1895
386.808 1838
386.822 1813
386.835 1864
386.848 1842
386.862 1798
386.875 1798
386.889 1807
386.902 1770
386.915 1799
386.929 1796
386.942 1783
386.956 1751
386.969 1757
386.983 1741
386.996 1724
387.009 1695
387.023 1750
387.036 1680
387.050 1693
387.063 1676
387.076 1702
387.090 1702
387.103 1675
387.117 1645
387.130 1659
387.143 1664
387.157 1662
387.170 1655
387.184 1641
387.197 1634
387.210 1669
387.224 1629
387.237 1568
387.251 1621
387.264 1565
387.278 1590
387.291 1584
387.304 1583
387.318 1566
387.331 1566
387.345 1574
387.358 1544
387.371 1521
387.385 1487
387.398 1517
387.412 1457
387.425 1491
387.438 1452
387.452 1430
387.465 1440
387.478 1412
387.492 1412
387.505 1441
387.519 1449
387.532 1421
387.545 1458
387.559 1437
387.572 1415
387.586 1406
387.599 1411
387.612 1382
387.626 1386
387.639 1375
387.653 1389
387.666 1348
387.679 1351
387.693 1335
387.706 1336
387.720 1330
387.733 1308
387.746 1340
387.760 1338
387.773 1334
387.787 1336
387.800 1302
387.813 1329
387.827 1293
387.840 1290
387.853 1293
387.867 1303
387.880 1307
387.894 1290
387.907 1300
387.920 1267
387.934 1264
387.947 1270
387.961 1229
387.974 1234
387.987 1223
388.001 1205
388.014 1202
388.027 1250
388.041 1213
388.054 1225
388.068 1189
388.081 1207
388.094 1178
388.108 1173
388.121 1160
388.134 1157
388.148 1173
388.161 1150
388.175 1127
388.188 1124
388.201 1119
388.215 1128
388.228 1165
388.241 1134
388.255 1122
388.268 1127
388.282 1122
388.295 1115
388.308 1125
388.322 1133
388.335 1100
388.348 1099
388.362 1106
388.375 1102
388.389 1104
388.402 1105
388.415 1101
388.429 1094
388.442 1112
388.455 1077
388.469 1096
388.482 1086
388.495 1105
388.509 1114
388.522 1090
388.536 1122
388.549 1091
388.562 1106
388.576 1079
388.589 1061
388.602 1070
388.616 1090
388.629 1068
388.642 1092
388.656 1068
388.669 1078
388.683 1067
388.696 1089
388.709 1064
388.723 1063
388.736 1080
388.749 1080
388.763 1073
388.776 1072
388.789 1076
388.803 1078
388.816 1066
388.829 1060
388.843 1051
388.856 1040
388.870 1060
388.883 1062
388.896 1052
388.910 1047
388.923 1079
388.936 1061
388.950 1070
388.963 1024
388.976 1044
388.990 1029
389.003 1042
389.016 1053
389.030 1049
389.043 1046
389.056 1048
389.070 1045
389.083 1056
389.097 1024
389.110 1044
389.123 1047
389.137 1046
389.150 1051
389.163 1036
389.177 1025
389.190 1021
389.203 1024
389.217 974
389.230 1023
389.243 1001
389.257 1001
389.270 1016
389.283 1020
389.297 1016
389.310 1020
389.323 1025
389.337 998
389.350 1028
389.363 1027
389.377 1008
389.390 1028
389.403 1020
389.417 1020
389.430 1019
389.443 1015
389.457 995
389.470 1023
389.483 993
389.497 1025
389.510 1004
389.523 992
389.537 970
389.550 992
389.563 1003
389.577 970
389.590 985
389.603 983
389.617 1002
389.630 993
389.643 993
389.657 1007
389.670 973
389.683 981
389.697 968
389.710 967
389.723 969
389.737 955
389.750 972
389.763 971
389.777 977
389.790 981
389.803 957
389.817 951
389.830 965
389.843 928
389.857 946
389.870 960
389.883 947
389.897 954
389.910 935
389.923 943
389.937 941
389.950 943
389.963 961
389.977 947
389.990 946
390.003 938
390.017 922
390.030 955
390.043 923
390.057 933
390.070 922
390.083 927
390.096 909
390.110 916
390.123 895
390.136 915
390.150 910
390.163 913
390.176 921
390.190 907
390.203 898
390.216 899
390.230 891
390.243 893
390.256 873
390.270 881
390.283 873
390.296 899
390.310 870
390.323 880
390.336 864
390.349 859
390.363 857
390.376 864
390.389 864
390.403 861
390.416 879
390.429 851
390.443 838
390.456 831
390.469 851
390.483 850
390.496 855
390.509 851
390.522 821
390.536 823
390.549 850
390.562 810
390.576 845
390.589 835
390.602 844
390.616 826
390.629 821
390.642 809
390.655 807
390.669 802
390.682 807
390.695 819
390.709 802
390.722 809
390.735 801
390.749 793
390.762 800
390.775 791
390.788 788
390.802 784
390.815 796
390.828 793
390.842 779
390.855 782
390.868 776
390.882 771
390.895 775
390.908 768
390.921 771
390.935 771
390.948 758
390.961 762
390.975 753
390.988 757
391.001 754
391.014 763
391.028 756
391.041 736
391.054 757
391.068 760
391.081 748
391.094 738
391.107 751
391.121 747
391.134 737
391.147 743
391.161 747
391.174 731
391.187 742
391.200 730
391.214 720
391.227 720
391.240 718
391.254 737
391.267 723
391.280 728
391.293 729
391.307 720
391.320 729
391.333 729
391.347 726
391.360 717
391.373 721
391.386 728
391.400 712
391.413 720
391.426 719
391.440 723
391.453 714
391.466 720
391.479 710
391.493 711
391.506 725
391.519 704
391.532 704
391.546 705
391.559 703
391.572 710
391.586 694
391.599 706
391.612 710
391.625 700
391.639 709
391.652 707
391.665 707
391.678 705
391.692 708
391.705 706
391.718 703
391.732 700
391.745 705
391.758 701
391.771 692
391.785 702
391.798 690
391.811 703
391.824 709
391.838 695
391.851 710
391.864 706
391.877 708
391.891 698
391.904 696
391.917 698
391.931 691
391.944 687
391.957 704
391.970 700
391.984 690
391.997 692
392.010 702
392.023 707
392.037 702
392.050 691
392.063 690
392.076 697
392.090 688
392.103 688
392.116 698
392.129 712
392.143 690
392.156 690
392.169 698
392.182 683
392.196 695
392.209 692
392.222 697
392.235 692
392.249 697
392.262 690
392.275 691
392.288 698
392.302 694
392.315 686
392.328 689
392.341 680
392.355 680
392.368 688
392.381 686
392.394 692
392.408 679
392.421 692
392.434 676
392.447 682
392.461 687
392.474 703
392.487 685
392.500 695
392.514 692
392.527 680
392.540 687
392.553 681
392.567 674
392.580 683
392.593 691
392.606 684
392.620 686
392.633 679
392.646 676
392.659 685
392.673 673
392.686 690
392.699 677
392.712 688
392.726 672
392.739 678
392.752 681
392.765 676
392.778 682
392.792 672
392.805 677
392.818 685
392.831 684
392.845 683
392.858 688
392.871 676
392.884 662
392.898 693
392.911 682
392.924 682
392.937 690
392.951 680
392.964 675
392.977 669
392.990 672
393.003 677
393.017 675
393.030 680
393.043 672
393.056 672
393.070 678
393.083 676
393.096 679
393.109 671
393.122 680
393.136 680
393.149 672
393.162 681
393.175 655
393.189 683
393.202 673
393.215 666
393.228 666
393.242 691
393.255 676
393.268 683
393.281 659
393.294 671
393.308 680
393.321 665
393.334 681
393.347 663
393.360 671
393.374 671
393.387 679
393.400 672
393.413 683
393.427 671
393.440 674
393.453 664
393.466 672
393.479 667
393.493 655
393.506 661
393.519 665
393.532 666
393.546 664
393.559 677
393.572 658
393.585 674
393.598 666
393.612 671
393.625 670
393.638 665
393.651 672
393.664 670
393.678 661
393.691 668
393.704 658
393.717 671
393.730 660
393.744 668
393.757 670
393.770 661
393.783 658
393.796 651
393.810 651
393.823 671
393.836 665
393.849 671
393.863 660
393.876 667
393.889 656
393.902 667
393.915 671
393.929 659
