375.891 859
375.905 863
375.919 849
375.933 885
375.946 872
375.960 880
375.974 882
375.987 882
376.001 894
376.015 871
376.029 902
376.042 876
376.056 891
376.070 884
376.084 886
376.097 889
376.111 887
376.125 909
376.139 898
376.152 928
376.166 917
376.180 918
376.193 909
376.207 944
376.221 906
376.235 947
376.248 928
376.262 923
376.276 925
376.290 924
376.303 941
376.317 930
376.331 941
376.345 965
376.358 950
376.372 946
376.386 959
376.399 949
376.413 937
376.427 969
376.441 977
376.454 970
376.468 971
376.482 980
376.495 971
376.509 976
376.523 1024
376.537 997
376.550 980
376.564 1000
376.578 994
376.592 1010
376.605 1016
376.619 1019
376.633 1001
376.646 1056
376.660 1012
376.674 1042
376.688 1022
376.701 1028
376.715 1020
376.729 1042
376.742 1044
376.756 1078
376.770 1019
376.784 1061
376.797 1029
376.811 1076
376.825 1084
376.838 1077
376.852 1109
376.866 1100
376.880 1097
376.893 1090
376.907 1116
376.921 1132
376.934 1093
376.948 1115
376.962 1143
376.976 1112
376.989 1144
377.003 1154
377.017 1138
377.030 1164
377.044 1168
377.058 1170
377.071 1193
377.085 1180
377.099 1170
377.113 1150
377.126 1183
377.140 1189
377.154 1183
377.167 1174
377.181 1205
377.195 1202
377.208 1176
377.222 1201
377.236 1220
377.250 1209
377.263 1222
377.277 1232
377.291 1244
377.304 1279
377.318 1269
377.332 1260
377.345 1264
377.359 1272
377.373 1246
377.387 1253
377.400 1270
377.414 1284
377.428 1260
377.441 1248
377.455 1288
377.469 1299
377.482 1260
377.496 1322
377.510 1317
377.524 1330
377.537 1356
377.551 1345
377.565 1316
377.578 1322
377.592 1285
377.606 1308
377.619 1351
377.633 1305
377.647 1342
377.660 1327
377.674 1348
377.688 1321
377.701 1342
377.715 1359
377.729 1337
377.743 1387
377.756 1405
377.770 1387
377.784 1362
377.797 1340
377.811 1379
377.825 1397
377.838 1359
377.852 1363
377.866 1403
377.879 1382
377.893 1427
377.907 1375
377.920 1412
377.934 1421
377.948 1381
377.961 1394
377.975 1404
377.989 1412
378.002 1445
378.016 1382
378.030 1479
378.044 1415
378.057 1455
378.071 1391
378.085 1428
378.098 1435
378.112 1472
378.126 1459
378.139 1464
378.153 1387
378.167 1417
378.180 1421
378.194 1452
378.208 1448
378.221 1434
378.235 1481
378.249 1464
378.262 1460
378.276 1458
378.290 1453
378.303 1457
378.317 1486
378.331 1434
378.344 1446
378.358 1492
378.372 1457
378.385 1474
378.399 1509
378.413 1474
378.426 1481
378.440 1491
378.454 1490
378.467 1515
378.481 1529
378.495 1473
378.508 1500
378.522 1517
378.536 1489
378.549 1480
378.563 1495
378.577 1533
378.590 1536
378.604 1546
378.618 1535
378.631 1520
378.645 1566
378.659 1530
378.672 1496
378.686 1539
378.700 1592
378.713 1576
378.727 1580
378.740 1573
378.754 1573
378.768 1608
378.781 1578
378.795 1596
378.809 1561
378.822 1599
378.836 1547
378.850 1574
378.863 1591
378.877 1608
378.891 1618
378.904 1628
378.918 1657
378.932 1622
378.945 1654
378.959 1618
378.973 1602
378.986 1610
379.000 1645
379.014 1619
379.027 1629
379.041 1594
379.054 1623
379.068 1644
379.082 1659
379.095 1670
379.109 1660
379.123 1688
379.136 1693
379.150 1653
379.164 1690
379.177 1681
379.191 1703
379.205 1665
379.218 1718
379.232 1709
379.245 1689
379.259 1723
379.273 1725
379.286 1783
379.300 1784
379.314 1751
379.327 1744
379.341 1762
379.355 1751
379.368 1789
379.382 1809
379.396 1858
379.409 1808
379.423 1819
379.436 1843
379.450 1820
379.464 1877
379.477 1802
379.491 1853
379.505 1902
379.518 1954
379.532 1902
379.546 1917
379.559 1982
379.573 1937
379.586 1935
379.600 1944
379.614 1954
379.627 2038
379.641 2051
379.655 2021
379.668 2047
379.682 2075
379.695 2067
379.709 2063
379.723 2079
379.736 2170
379.750 2122
379.764 2219
379.777 2145
379.791 2250
379.804 2246
379.818 2239
379.832 2245
379.845 2178
379.859 2306
379.873 2276
379.886 2365
379.900 2341
379.913 2390
379.927 2365
379.941 2403
379.954 2461
379.968 2507
379.982 2441
379.995 2501
380.009 2523
380.022 2557
380.036 2641
380.050 2593
380.063 2654
380.077 2670
380.090 2737
380.104 2725
380.118 2783
380.131 2787
380.145 2815
380.159 2811
380.172 2908
380.186 2975
380.199 2953
380.213 3022
380.227 3076
380.240 3099
380.254 3131
380.267 3114
380.281 3160
380.295 3262
380.308 3177
380.322 3239
380.336 3336
380.349 3342
380.363 3384
380.376 3491
380.390 3473
380.404 3620
380.417 3592
380.431 3548
380.444 3583
380.458 3705
380.472 3714
380.485 3823
380.499 3826
380.512 3891
380.526 3830
380.540 3985
380.553 4009
380.567 4072
380.580 4139
380.594 4109
380.608 4219
380.621 4247
380.635 4342
380.648 4376
380.662 4398
380.676 4446
380.689 4502
380.703 4537
380.716 4586
380.730 4703
380.744 4718
380.757 4799
380.771 4879
380.784 5006
380.798 4952
380.812 4968
380.825 5148
380.839 5130
380.852 5344
380.866 5404
380.880 5513
380.893 5501
380.907 5460
380.920 5469
380.934 5589
380.948 5720
380.961 5749
380.975 5904
380.988 5954
381.002 5872
381.015 5986
381.029 5992
381.043 6119
381.056 6179
381.070 6211
381.083 6285
381.097 6271
381.111 6367
381.124 6440
381.138 6506
381.151 6593
381.165 6610
381.179 6677
381.192 6684
381.206 6583
381.219 6743
381.233 6783
381.246 6951
381.260 7003
381.274 6898
381.287 7103
381.301 7154
381.314 7238
381.328 7168
381.341 7233
381.355 7336
381.369 7352
381.382 7410
381.396 7394
381.409 7494
381.423 7612
381.437 7774
381.450 7892
381.464 7853
381.477 8037
381.491 8111
381.504 8142
381.518 8017
381.532 8114
381.545 8240
381.559 8341
381.572 8500
381.586 8504
381.599 8618
381.613 8533
381.627 8665
381.640 8662
381.654 8933
381.667 8857
381.681 8954
381.694 8812
381.708 8750
381.722 8680
381.735 8883
381.749 8804
381.762 8930
381.776 8943
381.789 8976
381.803 8976
381.817 9062
381.830 9200
381.844 9029
381.857 9221
381.871 9362
381.884 9351
381.898 9521
381.911 9437
381.925 9542
381.939 9507
381.952 9688
381.966 9573
381.979 9790
381.993 9898
382.006 9819
382.020 9996
382.034 10128
382.047 9989
382.061 10053
382.074 10293
382.088 10278
382.101 10222
382.115 10235
382.128 10477
382.142 10320
382.156 10474
382.169 10550
382.183 10770
382.196 10638
382.210 10527
382.223 10812
382.237 10855
382.250 10884
382.264 10868
382.278 10983
382.291 11032
382.305 10985
382.318 11223
382.332 11132
382.345 11120
382.359 11294
382.372 11303
382.386 11449
382.399 11416
382.413 11475
382.427 11435
382.440 11648
382.454 11767
382.467 11853
382.481 12102
382.494 12270
382.508 12665
382.521 12755
382.535 12676
382.548 12607
382.562 12551
382.576 12532
382.589 12599
382.603 12658
382.616 12808
382.630 13051
382.643 13183
382.657 13399
382.670 13397
382.684 13437
382.697 13219
382.711 13253
382.724 13569
382.738 13477
382.752 13498
382.765 13615
382.779 13831
382.792 13854
382.806 13938
382.819 14176
382.833 14170
382.846 14174
382.860 14477
382.873 14569
382.887 14547
382.900 14903
382.914 15195
382.928 15287
382.941 15333
382.955 15657
382.968 15612
382.982 15873
382.995 16107
383.009 16127
383.022 15929
383.036 16208
383.049 16618
383.063 16580
383.076 16653
383.090 16519
383.103 16681
383.117 16755
383.130 16791
383.144 16903
383.158 17107
383.171 17131
383.185 17312
383.198 17551
383.212 17789
383.225 18235
383.239 18450
383.252 18620
383.266 18695
383.279 18939
383.293 18876
383.306 19002
383.320 19257
383.333 19496
383.347 19723
383.360 19491
383.374 19346
383.387 19589
383.401 19984
383.414 19880
383.428 19748
383.441 20128
383.455 20234
383.468 20020
383.482 20227
383.496 20293
383.509 20368
383.523 20400
383.536 20631
383.550 20594
383.563 20762
383.577 20699
383.590 20690
383.604 20811
383.617 20921
383.631 20981
383.644 20850
383.658 20985
383.671 21039
383.685 21012
383.698 21384
383.712 21670
383.725 21748
383.739 21452
383.752 21323
383.766 21175
383.779 21091
383.793 21378
383.806 21316
383.820 21447
383.833 21443
383.847 21320
383.860 21431
383.874 21507
383.887 21213
383.901 21243
383.914 21312
383.928 21213
383.941 21317
383.955 21367
383.968 21123
383.982 21045
383.995 21106
384.009 21244
384.022 21008
384.036 21072
384.049 20969
384.063 20942
384.076 21548
384.090 21358
384.103 21401
384.117 21767
384.130 21335
384.144 20883
384.157 20756
384.171 20618
384.184 20427
384.198 20412
384.211 20294
384.225 20161
384.238 20537
384.252 20691
384.265 20518
384.279 20210
384.292 20177
384.306 20007
384.319 19747
384.333 19359
384.346 18949
384.360 18795
384.373 18550
384.387 18356
384.400 18153
384.414 18007
384.427 17579
384.441 17418
384.454 16964
384.468 16845
384.481 16559
384.495 16162
384.508 15860
384.522 15637
384.535 15055
384.549 14884
384.562 14673
384.575 14200
384.589 14084
384.602 13736
384.616 13411
384.629 12876
384.643 12522
384.656 12267
384.670 11849
384.683 11266
384.697 10946
384.710 10680
384.724 10154
384.737 10100
384.751 9617
384.764 9389
384.778 9009
384.791 8727
384.805 8471
384.818 8308
384.832 7874
384.845 7731
384.859 7598
384.872 7274
384.885 6959
384.899 6850
384.912 6622
384.926 6522
384.939 6387
384.953 6184
384.966 5958
384.980 5825
384.993 5818
385.007 5593
385.020 5468
385.034 5261
385.047 5137
385.061 5045
385.074 4946
385.088 4825
385.101 4782
385.114 4653
385.128 4592
385.141 4445
385.155 4417
385.168 4467
385.182 4358
385.195 4346
385.209 4285
385.222 4210
385.236 4130
385.249 4057
385.263 3976
385.276 3931
385.290 3896
385.303 3802
385.316 3743
385.330 3721
385.343 3756
385.357 3712
385.370 3538
385.384 3522
385.397 3479
385.411 3422
385.424 3362
385.438 3356
385.451 3280
385.464 3354
385.478 3284
385.491 3229
385.505 3231
385.518 3204
385.532 3176
385.545 3017
385.559 2939
385.572 3035
385.586 3005
385.599 2979
385.612 2970
385.626 2980
385.639 2943
385.653 2965
385.666 2934
385.680 2899
385.693 2868
385.707 2791
385.720 2746
385.734 2802
385.747 2732
385.760 2681
385.774 2628
385.787 2661
385.801 2555
385.814 2541
385.828 2553
385.841 2554
385.855 2556
385.868 2518
385.881 2499
385.895 2506
385.908 2476
385.922 2427
385.935 2469
385.949 2396
385.962 2425
385.976 2394
385.989 2335
386.002 2356
386.016 2398
386.029 2385
386.043 2303
386.056 2313
386.070 2272
386.083 2288
386.097 2236
386.110 2278
386.123 2250
386.137 2254
386.150 2232
386.164 2199
386.177 2168
386.191 2231
386.204 2153
386.217 2172
386.231 2129
386.244 2201
386.258 2140
386.271 2132
386.285 2156
386.298 2107
386.311 2151
386.325 2110
386.338 2098
386.352 2029
386.365 2068
386.379 2051
386.392 2020
386.405 1987
386.419 2019
386.432 2019
386.446 2020
386.459 1998
386.473 1999
386.486 1985
386.499 1910
386.513 1985
386.526 1936
386.540 1895
386.553 1925
386.567 1915
386.580 1945
386.593 1892
386.607 1951
386.620 1913
386.634 1884
386.647 1908
386.661 1873
386.674 1819
386.687 1822
386.701 1818
386.714 1829
386.728 1769
386.741 1838
386.754 1802
386.768 1808
386.781 1847
386.795 1744
386.808 1744
386.822 1749
386.835 1739
386.848 1719
386.862 1737
386.875 1687
386.889 1683
386.902 1662
386.915 1702
386.929 1692
386.942 1718
386.956 1680
386.969 1698
386.983 1698
386.996 1613
387.009 1623
387.023 1640
387.036 1624
387.050 1583
387.063 1603
387.076 1641
387.090 1606
387.103 1552
387.117 1598
387.130 1576
387.143 1581
387.157 1576
387.170 1588
387.184 1549
387.197 1549
387.210 1525
387.224 1521
387.237 1529
387.251 1548
387.264 1476
387.278 1482
387.291 1501
387.304 1473
387.318 1472
387.331 1487
387.345 1473
387.358 1473
387.371 1463
387.385 1448
387.398 1475
387.412 1431
387.425 1402
387.438 1407
387.452 1383
387.465 1401
387.478 1357
387.492 1411
387.505 1358
387.519 1383
387.532 1383
387.545 1413
387.559 1391
387.572 1378
387.586 1343
387.599 1352
387.612 1365
387.626 1345
387.639 1364
387.653 1344
387.666 1325
387.679 1296
387.693 1299
387.706 1285
387.720 1251
387.733 1287
387.746 1278
387.760 1294
387.773 1306
387.787 1296
387.800 1258
387.813 1242
387.827 1269
387.840 1241
387.853 1254
387.867 1227
387.880 1265
387.894 1235
387.907 1254
387.920 1231
387.934 1228
387.947 1225
387.961 1194
387.974 1228
387.987 1188
388.001 1177
388.014 1182
388.027 1183
388.041 1177
388.054 1155
388.068 1169
388.081 1152
388.094 1143
388.108 1184
388.121 1156
388.134 1130
388.148 1090
388.161 1124
388.175 1134
388.188 1115
388.201 1117
388.215 1105
388.228 1114
388.241 1110
388.255 1107
388.268 1128
388.282 1096
388.295 1118
388.308 1091
388.322 1092
388.335 1111
388.348 1110
388.362 1093
388.375 1066
388.389 1112
388.402 1094
388.415 1067
388.429 1103
388.442 1092
388.455 1092
388.469 1101
388.482 1097
388.495 1094
388.509 1090
388.522 1096
388.536 1094
388.549 1072
388.562 1081
388.576 1040
388.589 1075
388.602 1072
388.616 1074
388.629 1061
388.642 1050
388.656 1070
388.669 1062
388.683 1068
388.696 1089
388.709 1046
388.723 1050
388.736 1085
388.749 1046
388.763 1068
388.776 1039
388.789 1063
388.803 1058
388.816 1043
388.829 1020
388.843 1044
388.856 1042
388.870 1008
388.883 1056
388.896 1037
388.910 1038
388.923 1006
388.936 1039
388.950 1042
388.963 1032
388.976 1041
388.990 1031
389.003 1012
389.016 1028
389.030 1026
389.043 1032
389.056 1024
389.070 1027
389.083 1014
389.097 1009
389.110 1013
389.123 1020
389.137 1026
389.150 983
389.163 1021
389.177 1011
389.190 982
389.203 1022
389.217 1002
389.230 994
389.243 1000
389.257 1011
389.270 1012
389.283 986
389.297 1002
389.310 1010
389.323 1003
389.337 1013
389.350 995
389.363 997
389.377 996
389.390 1002
389.403 1010
389.417 989
389.430 1019
389.443 989
389.457 975
389.470 993
389.483 997
389.497 981
389.510 999
389.523 981
389.537 950
389.550 991
389.563 969
389.577 985
389.590 957
389.603 953
389.617 958
389.630 962
389.643 978
389.657 953
389.670 961
389.683 980
389.697 954
389.710 950
389.723 942
389.737 962
389.750 946
389.763 955
389.777 955
389.790 929
389.803 943
389.817 934
389.830 928
389.843 933
389.857 918
389.870 917
389.883 903
389.897 930
389.910 916
389.923 916
389.937 920
389.950 921
389.963 925
389.977 924
389.990 933
390.003 927
390.017 933
390.030 915
390.043 896
390.057 885
390.070 906
390.083 881
390.096 892
390.110 870
390.123 881
390.136 895
390.150 878
390.163 881
390.176 859
390.190 891
390.203 885
390.216 880
390.230 853
390.243 867
390.256 869
390.270 859
390.283 853
390.296 874
390.310 867
390.323 847
390.336 834
390.349 844
390.363 872
390.376 848
390.389 853
390.403 859
390.416 840
390.429 847
390.443 825
390.456 844
390.469 823
390.483 835
390.496 821
390.509 832
390.522 823
390.536 828
390.549 825
390.562 814
390.576 820
390.589 818
390.602 805
390.616 796
390.629 806
390.642 790
390.655 800
390.669 796
390.682 792
390.695 802
390.709 783
390.722 788
390.735 781
390.749 778
390.762 776
390.775 789
390.788 759
390.802 773
390.815 748
390.828 763
390.842 771
390.855 752
390.868 762
390.882 754
390.895 760
390.908 752
390.921 755
390.935 737
390.948 763
390.961 732
390.975 742
390.988 740
391.001 750
391.014 752
391.028 735
391.041 729
391.054 732
391.068 749
391.081 732
391.094 754
391.107 738
391.121 742
391.134 720
391.147 739
391.161 728
391.174 718
391.187 742
391.200 736
391.214 732
391.227 724
391.240 723
391.254 726
391.267 704
391.280 725
391.293 706
391.307 725
391.320 717
391.333 706
391.347 717
391.360 715
391.373 727
391.386 700
391.400 711
391.413 711
391.426 718
391.440 693
391.453 716
391.466 721
391.479 703
391.493 716
391.506 708
391.519 708
391.532 704
391.546 712
391.559 695
391.572 694
391.586 700
391.599 710
391.612 697
391.625 700
391.639 706
391.652 696
391.665 710
391.678 707
391.692 703
391.705 707
391.718 704
391.732 700
391.745 689
391.758 703
391.771 707
391.785 700
391.798 705
391.811 696
391.824 707
391.838 697
391.851 692
391.864 692
391.877 693
391.891 687
391.904 698
391.917 700
391.931 707
391.944 685
391.957 688
391.970 689
391.984 699
391.997 684
392.010 689
392.023 685
392.037 694
392.050 707
392.063 694
392.076 681
392.090 688
392.103 696
392.116 699
392.129 691
392.143 672
392.156 698
392.169 688
392.182 696
392.196 690
392.209 696
392.222 702
392.235 695
392.249 686
392.262 682
392.275 681
392.288 678
392.302 690
392.315 687
392.328 679
392.341 681
392.355 692
392.368 675
392.381 675
392.394 689
392.408 687
392.421 687
392.434 689
392.447 676
392.461 676
392.474 674
392.487 688
392.500 681
392.514 684
392.527 670
392.540 682
392.553 676
392.567 687
392.580 682
392.593 676
392.606 680
392.620 672
392.633 682
392.646 676
392.659 677
392.673 674
392.686 670
392.699 681
392.712 685
392.726 671
392.739 674
392.752 681
392.765 667
392.778 673
392.792 671
392.805 668
392.818 679
392.831 680
392.845 674
392.858 673
392.871 671
392.884 682
392.898 668
392.911 677
392.924 672
392.937 674
392.951 685
392.964 676
392.977 665
392.990 677
393.003 674
393.017 687
393.030 677
393.043 676
393.056 675
393.070 671
393.083 668
393.096 671
393.109 667
393.122 674
393.136 676
393.149 678
393.162 672
393.175 682
393.189 662
393.202 675
393.215 670
393.228 659
393.242 675
393.255 668
393.268 648
393.281 663
393.294 666
393.308 658
393.321 662
393.334 670
393.347 660
393.360 670
393.374 660
393.387 657
393.400 656
393.413 667
393.427 668
393.440 674
393.453 663
393.466 671
393.479 665
393.493 652
393.506 660
393.519 674
393.532 668
393.546 668
393.559 658
393.572 675
393.585 670
393.598 674
393.612 661
393.625 661
393.638 673
393.651 657
393.664 659
393.678 672
393.691 660
393.704 652
393.717 660
393.730 656
393.744 667
393.757 655
393.770 660
393.783 663
393.796 661
393.810 671
393.823 661
393.836 654
393.849 666
393.863 668
393.876 665
393.889 673
393.902 659
393.915 661
393.929 666
