375.891 681
375.905 708
375.919 706
375.933 716
375.946 696
375.960 697
375.974 712
375.987 702
376.001 695
376.015 710
376.029 704
376.042 708
376.056 712
376.070 708
376.084 722
376.097 716
376.111 714
376.125 728
376.139 732
376.152 720
376.166 715
376.180 727
376.193 733
376.207 750
376.221 735
376.235 724
376.248 717
376.262 721
376.276 736
376.290 732
376.303 744
376.317 732
376.331 766
376.345 734
376.358 756
376.372 746
376.386 743
376.399 753
376.413 732
376.427 761
376.441 747
376.454 740
376.468 752
376.482 748
376.495 750
376.509 774
376.523 749
376.537 757
376.550 773
376.564 771
376.578 768
376.592 776
376.605 770
376.619 762
376.633 759
376.646 765
376.660 770
376.674 785
376.688 771
376.701 785
376.715 767
376.729 781
376.742 795
376.756 776
376.770 811
376.784 780
376.797 805
376.811 815
376.825 826
376.838 822
376.852 832
376.866 813
376.880 807
376.893 803
376.907 825
376.921 820
376.934 842
376.948 838
376.962 819
376.976 828
376.989 841
377.003 818
377.017 825
377.030 834
377.044 842
377.058 865
377.071 833
377.085 837
377.099 854
377.113 866
377.126 876
377.140 865
377.154 855
377.167 877
377.181 858
377.195 872
377.208 862
377.222 881
377.236 892
377.250 898
377.263 882
377.277 897
377.291 899
377.304 890
377.318 902
377.332 906
377.345 907
377.359 919
377.373 911
377.387 925
377.400 922
377.414 914
377.428 885
377.441 916
377.455 936
377.469 947
377.482 934
377.496 926
377.510 928
377.524 981
377.537 946
377.551 970
377.565 953
377.578 962
377.592 976
377.606 939
377.619 953
377.633 935
377.647 964
377.660 948
377.674 953
377.688 956
377.701 982
377.715 974
377.729 980
377.743 1005
377.756 1003
377.770 973
377.784 986
377.797 988
377.811 985
377.825 985
377.838 999
377.852 979
377.866 983
377.879 1008
377.893 988
377.907 986
377.920 988
377.934 987
377.948 990
377.961 989
377.975 991
377.989 1003
378.002 1003
378.016 1014
378.030 1016
378.044 1004
378.057 1018
378.071 1022
378.085 1029
378.098 1038
378.112 1026
378.126 1025
378.139 1019
378.153 1010
378.167 1008
378.180 1031
378.194 1038
378.208 1040
378.221 1028
378.235 1062
378.249 1043
378.262 1007
378.276 1030
378.290 1044
378.303 1062
378.317 1013
378.331 1022
378.344 1056
378.358 1040
378.372 1065
378.385 1042
378.399 1066
378.413 1041
378.426 1074
378.440 1052
378.454 1051
378.467 1068
378.481 1053
378.495 1052
378.508 1072
378.522 1061
378.536 1085
378.549 1062
378.563 1081
378.577 1071
378.590 1113
378.604 1083
378.618 1087
378.631 1100
378.645 1075
378.659 1075
378.672 1105
378.686 1134
378.700 1133
378.713 1114
378.727 1148
378.740 1096
378.754 1081
378.768 1129
378.781 1125
378.795 1102
378.809 1130
378.822 1098
378.836 1118
378.850 1114
378.863 1103
378.877 1137
378.891 1126
378.904 1147
378.918 1121
378.932 1135
378.945 1161
378.959 1123
378.973 1117
378.986 1184
379.000 1132
379.014 1153
379.027 1156
379.041 1128
379.054 1157
379.068 1167
379.082 1152
379.095 1182
379.109 1168
379.123 1200
379.136 1166
379.150 1184
379.164 1222
379.177 1161
379.191 1142
379.205 1157
379.218 1178
379.232 1172
379.245 1173
379.259 1197
379.273 1183
379.286 1200
379.300 1210
379.314 1236
379.327 1197
379.341 1217
379.355 1240
379.368 1206
379.382 1281
379.396 1254
379.409 1252
379.423 1253
379.436 1288
379.450 1289
379.464 1274
379.477 1329
379.491 1304
379.505 1299
379.518 1300
379.532 1298
379.546 1323
379.559 1333
379.573 1274
379.586 1327
379.600 1381
379.614 1376
379.627 1372
379.641 1351
379.655 1357
379.668 1361
379.682 1376
379.695 1362
379.709 1401
379.723 1378
379.736 1423
379.750 1414
379.764 1439
379.777 1418
379.791 1469
379.804 1461
379.818 1455
379.832 1474
379.845 1490
379.859 1488
379.873 1529
379.886 1474
379.900 1520
379.913 1506
379.927 1564
379.941 1606
379.954 1608
379.968 1648
379.982 1641
379.995 1606
380.009 1689
380.022 1667
380.036 1717
380.050 1699
380.063 1680
380.077 1730
380.090 1782
380.104 1790
380.118 1770
380.131 1838
380.145 1809
380.159 1818
380.172 1833
380.186 1853
380.199 1840
380.213 1945
380.227 1957
380.240 2019
380.254 1973
380.267 1965
380.281 2025
380.295 2055
380.308 2079
380.322 2102
380.336 2162
380.349 2183
380.363 2129
380.376 2175
380.390 2207
380.404 2290
380.417 2244
380.431 2284
380.444 2294
380.458 2313
380.472 2322
380.485 2407
380.499 2379
380.512 2438
380.526 2424
380.540 2490
380.553 2510
380.567 2569
380.580 2533
380.594 2661
380.608 2665
380.621 2655
380.635 2712
380.648 2708
380.662 2793
380.676 2799
380.689 2813
380.703 2845
380.716 2873
380.730 2884
380.744 2945
380.757 2923
380.771 3040
380.784 3035
380.798 3078
380.812 3153
380.825 3202
380.839 3246
380.852 3240
380.866 3320
380.880 3415
380.893 3305
380.907 3413
380.920 3492
380.934 3448
380.948 3556
380.961 3605
380.975 3575
380.988 3642
381.002 3702
381.015 3723
381.029 3726
381.043 3788
381.056 3892
381.070 3786
381.083 3930
381.097 3884
381.111 3931
381.124 3947
381.138 4028
381.151 4066
381.165 4172
381.179 4275
381.192 4219
381.206 4220
381.219 4255
381.233 4248
381.246 4249
381.260 4333
381.274 4381
381.287 4435
381.301 4477
381.314 4521
381.328 4536
381.341 4511
381.355 4597
381.369 4660
381.382 4698
381.396 4709
381.409 4822
381.423 4877
381.437 4903
381.450 4932
381.464 5023
381.477 5033
381.491 5045
381.504 5017
381.518 5062
381.532 5087
381.545 5168
381.559 5287
381.572 5273
381.586 5332
381.599 5401
381.613 5379
381.627 5493
381.640 5499
381.654 5519
381.667 5459
381.681 5606
381.694 5605
381.708 5582
381.722 5520
381.735 5660
381.749 5712
381.762 5746
381.776 5800
381.789 5629
381.803 5792
381.817 5913
381.830 5848
381.844 5873
381.857 6013
381.871 5978
381.884 6080
381.898 5995
381.911 6090
381.925 6083
381.939 6273
381.952 6206
381.966 6162
381.979 6428
381.993 6471
382.006 6517
382.020 6492
382.034 6553
382.047 6616
382.061 6601
382.074 6687
382.088 6705
382.101 6674
382.115 6820
382.128 6847
382.142 6895
382.156 6912
382.169 6963
382.183 7098
382.196 7059
382.210 7191
382.223 7144
382.237 7324
382.250 7303
382.264 7347
382.278 7419
382.291 7388
382.305 7464
382.318 7489
382.332 7553
382.345 7653
382.359 7789
382.372 7792
382.386 7786
382.399 7897
382.413 7757
382.427 7950
382.440 8118
382.454 8242
382.467 8302
382.481 8344
382.494 8644
382.508 8658
382.521 8851
382.535 8730
382.548 8917
382.562 8859
382.576 8959
382.589 9003
382.603 8967
382.616 9103
382.630 9238
382.643 9443
382.657 9401
382.670 9564
382.684 9495
382.697 9541
382.711 9674
382.724 9865
382.738 9801
382.752 10005
382.765 9924
382.779 10105
382.792 10139
382.806 10455
382.819 10371
382.833 10512
382.846 10637
382.860 10764
382.873 10852
382.887 11052
382.900 11050
382.914 11400
382.928 11609
382.941 11870
382.955 11956
382.968 12045
382.982 12324
382.995 12343
383.009 12394
383.022 12553
383.036 12685
383.049 12850
383.063 13100
383.076 13163
383.090 13043
383.103 13113
383.117 13194
383.130 13289
383.144 13439
383.158 13547
383.171 13740
383.185 13952
383.198 14262
383.212 14316
383.225 14644
383.239 15124
383.252 15127
383.266 15331
383.279 15361
383.293 15664
383.306 15644
383.320 15874
383.333 15973
383.347 16150
383.360 16083
383.374 16070
383.387 16248
383.401 16473
383.414 16822
383.428 16843
383.441 16998
383.455 17192
383.468 17169
383.482 17290
383.496 17384
383.509 17627
383.523 17668
383.536 17823
383.550 17835
383.563 18194
383.577 18016
383.590 18275
383.604 18367
383.617 18431
383.631 18675
383.644 18736
383.658 18778
383.671 18846
383.685 19283
383.698 19469
383.712 19689
383.725 19546
383.739 19706
383.752 19602
383.766 19547
383.779 19342
383.793 19562
383.806 19931
383.820 19915
383.833 19927
383.847 20073
383.860 20224
383.874 20354
383.887 20128
383.901 20553
383.914 20495
383.928 20525
383.941 20526
383.955 20435
383.968 20598
383.982 20766
383.995 20897
384.009 20786
384.022 20647
384.036 21162
384.049 21065
384.063 21114
384.076 21616
384.090 21675
384.103 21773
384.117 22055
384.130 21656
384.144 21462
384.157 21603
384.171 21638
384.184 21444
384.198 21609
384.211 21425
384.225 21422
384.238 21824
384.252 22114
384.265 21849
384.279 21883
384.292 21656
384.306 21497
384.319 21412
384.333 21182
384.346 21094
384.360 20865
384.373 20700
384.387 20445
384.400 20336
384.414 20387
384.427 20105
384.441 19656
384.454 19568
384.468 19287
384.481 19045
384.495 18810
384.508 18596
384.522 18358
384.535 17984
384.549 17677
384.562 17327
384.575 16850
384.589 16594
384.602 16405
384.616 16093
384.629 15657
384.643 15070
384.656 14684
384.670 14240
384.683 13578
384.697 13193
384.710 12771
384.724 12415
384.737 11919
384.751 11650
384.764 11482
384.778 10940
384.791 10781
384.805 10441
384.818 10095
384.832 9573
384.845 9448
384.859 9111
384.872 8846
384.885 8527
384.899 8368
384.912 7996
384.926 7711
384.939 7617
384.953 7419
384.966 7154
384.980 6917
384.993 6783
385.007 6530
385.020 6250
385.034 6156
385.047 6082
385.061 5751
385.074 5622
385.088 5565
385.101 5411
385.114 5291
385.128 5195
385.141 5083
385.155 5094
385.168 4929
385.182 4899
385.195 4871
385.209 4812
385.222 4700
385.236 4633
385.249 4562
385.263 4462
385.276 4456
385.290 4322
385.303 4212
385.316 4172
385.330 4222
385.343 4134
385.357 4087
385.370 3991
385.384 3859
385.397 3911
385.411 3872
385.424 3747
385.438 3759
385.451 3625
385.464 3666
385.478 3639
385.491 3538
385.505 3562
385.518 3496
385.532 3545
385.545 3342
385.559 3305
385.572 3311
385.586 3280
385.599 3217
385.612 3314
385.626 3277
385.639 3217
385.653 3158
385.666 3112
385.680 3104
385.693 3021
385.707 3068
385.720 3002
385.734 3020
385.747 2933
385.760 2963
385.774 2929
385.787 2885
385.801 2793
385.814 2811
385.828 2744
385.841 2746
385.855 2728
385.868 2714
385.881 2720
385.895 2746
385.908 2665
385.922 2654
385.935 2636
385.949 2628
385.962 2588
385.976 2553
385.989 2591
386.002 2640
386.016 2611
386.029 2538
386.043 2516
386.056 2483
386.070 2464
386.083 2393
386.097 2462
386.110 2438
386.123 2396
386.137 2404
386.150 2386
386.164 2377
386.177 2432
386.191 2401
386.204 2343
386.217 2330
386.231 2372
386.244 2302
386.258 2345
386.271 2259
386.285 2288
386.298 2302
386.311 2225
386.325 2216
386.338 2205
386.352 2223
386.365 2207
386.379 2204
386.392 2220
386.405 2179
386.419 2165
386.432 2153
386.446 2083
386.459 2165
386.473 2158
386.486 2138
386.499 2074
386.513 2095
386.526 2106
386.540 2023
386.553 2067
386.567 2044
386.580 2007
386.593 2050
386.607 2016
386.620 2021
386.634 2025
386.647 1987
386.661 1988
386.674 2011
386.687 2010
386.701 1956
386.714 1940
386.728 1927
386.741 1958
386.754 1917
386.768 1917
386.781 1914
386.795 1914
386.808 1907
386.822 1930
386.835 1830
386.848 1839
386.862 1850
386.875 1834
386.889 1819
386.902 1813
386.915 1794
386.929 1743
386.942 1797
386.956 1750
386.969 1727
386.983 1733
386.996 1765
387.009 1769
387.023 1719
387.036 1741
387.050 1714
387.063 1721
387.076 1737
387.090 1689
387.103 1722
387.117 1705
387.130 1691
387.143 1683
387.157 1662
387.170 1640
387.184 1641
387.197 1642
387.210 1637
387.224 1651
387.237 1649
387.251 1633
387.264 1589
387.278 1578
387.291 1604
387.304 1550
387.318 1558
387.331 1558
387.345 1628
387.358 1567
387.371 1566
387.385 1542
387.398 1549
387.412 1510
387.425 1495
387.438 1479
387.452 1474
387.465 1478
387.478 1469
387.492 1453
387.505 1433
387.519 1456
387.532 1488
387.545 1442
387.559 1405
387.572 1451
387.586 1418
387.599 1427
387.612 1389
387.626 1413
387.639 1404
387.653 1391
387.666 1344
387.679 1347
387.693 1360
387.706 1326
387.720 1377
387.733 1363
387.746 1382
387.760 1318
387.773 1307
387.787 1291
387.800 1276
387.813 1255
387.827 1303
387.840 1297
387.853 1267
387.867 1296
387.880 1247
387.894 1285
387.907 1263
387.920 1283
387.934 1239
387.947 1221
387.961 1231
387.974 1229
387.987 1254
388.001 1191
388.014 1232
388.027 1199
388.041 1223
388.054 1203
388.068 1216
388.081 1208
388.094 1180
388.108 1156
388.121 1164
388.134 1178
388.148 1166
388.161 1168
388.175 1162
388.188 1139
388.201 1116
388.215 1132
388.228 1135
388.241 1142
388.255 1136
388.268 1120
388.282 1126
388.295 1124
388.308 1142
388.322 1067
388.335 1113
388.348 1117
388.362 1094
388.375 1102
388.389 1101
388.402 1111
388.415 1093
388.429 1103
388.442 1088
388.455 1066
388.469 1096
388.482 1086
388.495 1091
388.509 1087
388.522 1086
388.536 1129
388.549 1105
388.562 1072
388.576 1093
388.589 1066
388.602 1077
388.616 1085
388.629 1073
388.642 1054
388.656 1080
388.669 1063
388.683 1074
388.696 1087
388.709 1071
388.723 1090
388.736 1049
388.749 1070
388.763 1081
388.776 1075
388.789 1082
388.803 1047
388.816 1061
388.829 1060
388.843 1056
388.856 1051
388.870 1066
388.883 1053
388.896 1040
388.910 1070
388.923 1019
388.936 1085
388.950 1058
388.963 1027
388.976 1063
388.990 1033
389.003 1022
389.016 1039
389.030 1059
389.043 1050
389.056 1033
389.070 1038
389.083 1030
389.097 1060
389.110 1051
389.123 1058
389.137 1015
389.150 1040
389.163 1013
389.177 997
389.190 1033
389.203 1042
389.217 1056
389.230 1007
389.243 1016
389.257 1040
389.270 1012
389.283 1033
389.297 1033
389.310 1043
389.323 1023
389.337 1036
389.350 1027
389.363 1040
389.377 1007
389.390 1013
389.403 1008
389.417 1028
389.430 1006
389.443 1023
389.457 1015
389.470 1005
389.483 1008
389.497 1015
389.510 990
389.523 995
389.537 983
389.550 1008
389.563 1034
389.577 980
389.590 985
389.603 986
389.617 987
389.630 992
389.643 1004
389.657 984
389.670 1049
389.683 1014
389.697 976
389.710 998
389.723 975
389.737 973
389.750 987
389.763 986
389.777 984
389.790 949
389.803 1007
389.817 977
389.830 975
389.843 968
389.857 959
389.870 974
389.883 970
389.897 959
389.910 969
389.923 957
389.937 976
389.950 965
389.963 958
389.977 957
389.990 940
390.003 984
390.017 976
390.030 933
390.043 928
390.057 941
390.070 953
390.083 948
390.096 932
390.110 931
390.123 942
390.136 940
390.150 928
390.163 915
390.176 913
390.190 927
390.203 903
390.216 899
390.230 907
390.243 885
390.256 873
390.270 904
390.283 908
390.296 884
390.310 893
390.323 870
390.336 896
390.349 887
390.363 866
390.376 892
390.389 880
390.403 886
390.416 881
390.429 868
390.443 856
390.456 860
390.469 865
390.483 855
390.496 864
390.509 868
390.522 838
390.536 855
390.549 857
390.562 847
390.576 834
390.589 843
390.602 825
390.616 851
390.629 836
390.642 814
390.655 803
390.669 827
390.682 815
390.695 806
390.709 808
390.722 814
390.735 827
390.749 814
390.762 806
390.775 787
390.788 805
390.802 787
390.815 802
390.828 795
390.842 791
390.855 779
390.868 791
390.882 788
390.895 776
390.908 776
390.921 775
390.935 785
390.948 771
390.961 775
390.975 767
390.988 745
391.001 764
391.014 756
391.028 761
391.041 757
391.054 756
391.068 769
391.081 752
391.094 750
391.107 754
391.121 752
391.134 757
391.147 739
391.161 748
391.174 764
391.187 747
391.200 754
391.214 744
391.227 748
391.240 743
391.254 724
391.267 736
391.280 725
391.293 738
391.307 723
391.320 721
391.333 713
391.347 728
391.360 728
391.373 724
391.386 736
391.400 729
391.413 717
391.426 708
391.440 717
391.453 720
391.466 713
391.479 722
391.493 703
391.506 716
391.519 735
391.532 729
391.546 715
391.559 715
391.572 718
391.586 718
391.599 702
391.612 714
391.625 717
391.639 719
391.652 712
391.665 713
391.678 705
391.692 712
391.705 699
391.718 695
391.732 703
391.745 715
391.758 688
391.771 702
391.785 714
391.798 696
391.811 701
391.824 708
391.838 705
391.851 706
391.864 710
391.877 686
391.891 696
391.904 702
391.917 710
391.931 715
391.944 684
391.957 696
391.970 700
391.984 703
391.997 694
392.010 701
392.023 692
392.037 706
392.050 692
392.063 693
392.076 694
392.090 697
392.103 711
392.116 704
392.129 702
392.143 698
392.156 684
392.169 705
392.182 693
392.196 690
392.209 698
392.222 683
392.235 682
392.249 690
392.262 693
392.275 681
392.288 671
392.302 692
392.315 680
392.328 677
392.341 692
392.355 689
392.368 697
392.381 689
392.394 700
392.408 690
392.421 696
392.434 686
392.447 686
392.461 696
392.474 691
392.487 690
392.500 693
392.514 688
392.527 683
392.540 679
392.553 690
392.567 689
392.580 680
392.593 688
392.606 695
392.620 684
392.633 690
392.646 682
392.659 681
392.673 681
392.686 693
392.699 691
392.712 674
392.726 688
392.739 677
392.752 681
392.765 688
392.778 687
392.792 693
392.805 675
392.818 676
392.831 693
392.845 679
392.858 688
392.871 688
392.884 677
392.898 695
392.911 673
392.924 667
392.937 693
392.951 695
392.964 679
392.977 685
392.990 672
393.003 674
393.017 686
393.030 688
393.043 685
393.056 675
393.070 677
393.083 684
393.096 675
393.109 686
393.122 679
393.136 681
393.149 677
393.162 684
393.175 671
393.189 661
393.202 665
393.215 686
393.228 672
393.242 669
393.255 674
393.268 665
393.281 679
393.294 666
393.308 675
393.321 665
393.334 668
393.347 672
393.360 674
393.374 672
393.387 669
393.400 671
393.413 675
393.427 668
393.440 671
393.453 667
393.466 668
393.479 667
393.493 670
393.506 673
393.519 677
393.532 662
393.546 666
393.559 669
393.572 666
393.585 675
393.598 671
393.612 674
393.625 666
393.638 673
393.651 665
393.664 670
393.678 666
393.691 678
393.704 641
393.717 674
393.730 658
393.744 650
393.757 677
393.770 664
393.783 666
393.796 674
393.810 661
393.823 659
393.836 663
393.849 661
393.863 663
393.876 677
393.889 675
393.902 671
393.915 658
393.929 662
