375.891 709
375.905 705
375.919 727
375.933 726
375.946 728
375.960 740
375.974 714
375.987 719
376.001 723
376.015 735
376.029 722
376.042 736
376.056 746
376.070 730
376.084 744
376.097 743
376.111 744
376.125 742
376.139 751
376.152 736
376.166 747
376.180 754
376.193 725
376.207 743
376.221 758
376.235 765
376.248 753
376.262 744
376.276 756
376.290 772
376.303 758
376.317 768
376.331 769
376.345 760
376.358 770
376.372 778
376.386 773
376.399 792
376.413 776
376.427 786
376.441 782
376.454 787
376.468 783
376.482 791
376.495 788
376.509 810
376.523 809
376.537 802
376.550 809
376.564 797
376.578 804
376.592 810
376.605 798
376.619 817
376.633 810
376.646 812
376.660 789
376.674 827
376.688 823
376.701 820
376.715 806
376.729 816
376.742 830
376.756 821
376.770 834
376.784 832
376.797 845
376.811 869
376.825 846
376.838 867
376.852 860
376.866 867
376.880 869
376.893 882
376.907 857
376.921 871
376.934 881
376.948 886
376.962 891
376.976 898
376.989 872
377.003 877
377.017 899
377.030 912
377.044 919
377.058 899
377.071 893
377.085 917
377.099 915
377.113 933
377.126 914
377.140 933
377.154 930
377.167 956
377.181 941
377.195 952
377.208 949
377.222 964
377.236 962
377.250 964
377.263 958
377.277 960
377.291 980
377.304 978
377.318 985
377.332 1001
377.345 976
377.359 954
377.373 972
377.387 970
377.400 978
377.414 961
377.428 971
377.441 979
377.455 1000
377.469 998
377.482 1011
377.496 1023
377.510 1022
377.524 1035
377.537 1041
377.551 1038
377.565 1019
377.578 1023
377.592 1041
377.606 1020
377.619 1010
377.633 1035
377.647 1037
377.660 1052
377.674 1043
377.688 1011
377.701 1034
377.715 1023
377.729 1061
377.743 1090
377.756 1069
377.770 1078
377.784 1062
377.797 1067
377.811 1078
377.825 1066
377.838 1061
377.852 1053
377.866 1090
377.879 1106
377.893 1094
377.907 1106
377.920 1104
377.934 1105
377.948 1071
377.961 1094
377.975 1088
377.989 1102
378.002 1097
378.016 1106
378.030 1114
378.044 1136
378.057 1122
378.071 1121
378.085 1125
378.098 1125
378.112 1126
378.126 1122
378.139 1140
378.153 1114
378.167 1116
378.180 1093
378.194 1153
378.208 1116
378.221 1117
378.235 1142
378.249 1145
378.262 1127
378.276 1155
378.290 1153
378.303 1122
378.317 1144
378.331 1141
378.344 1138
378.358 1172
378.372 1161
378.385 1182
378.399 1154
378.413 1144
378.426 1140
378.440 1161
378.454 1193
378.467 1205
378.481 1213
378.495 1164
378.508 1157
378.522 1176
378.536 1160
378.549 1190
378.563 1198
378.577 1195
378.590 1209
378.604 1215
378.618 1216
378.631 1211
378.645 1214
378.659 1223
378.672 1201
378.686 1222
378.700 1232
378.713 1207
378.727 1219
378.740 1251
378.754 1230
378.768 1232
378.781 1217
378.795 1243
378.809 1267
378.822 1226
378.836 1224
378.850 1229
378.863 1247
378.877 1234
378.891 1253
378.904 1244
378.918 1255
378.932 1274
378.945 1250
378.959 1228
378.973 1258
378.986 1238
379.000 1243
379.014 1286
379.027 1298
379.041 1254
379.054 1280
379.068 1240
379.082 1254
379.095 1301
379.109 1305
379.123 1302
379.136 1307
379.150 1301
379.164 1305
379.177 1298
379.191 1310
379.205 1321
379.218 1330
379.232 1352
379.245 1322
379.259 1305
379.273 1346
379.286 1300
379.300 1362
379.314 1356
379.327 1357
379.341 1375
379.355 1363
379.368 1383
379.382 1402
379.396 1412
379.409 1381
379.423 1422
379.436 1409
379.450 1435
379.464 1453
379.477 1463
379.491 1467
379.505 1466
379.518 1442
379.532 1449
379.546 1459
379.559 1466
379.573 1514
379.586 1480
379.600 1526
379.614 1505
379.627 1532
379.641 1550
379.655 1563
379.668 1516
379.682 1558
379.695 1568
379.709 1571
379.723 1589
379.736 1619
379.750 1618
379.764 1675
379.777 1670
379.791 1663
379.804 1669
379.818 1667
379.832 1660
379.845 1649
379.859 1711
379.873 1694
379.886 1722
379.900 1751
379.913 1769
379.927 1788
379.941 1780
379.954 1854
379.968 1847
379.982 1894
379.995 1863
380.009 1901
380.022 1922
380.036 1938
380.050 1969
380.063 1949
380.077 1978
380.090 2025
380.104 2007
380.118 2044
380.131 2103
380.145 2111
380.159 2103
380.172 2144
380.186 2118
380.199 2213
380.213 2263
380.227 2324
380.240 2306
380.254 2264
380.267 2302
380.281 2365
380.295 2366
380.308 2428
380.322 2436
380.336 2415
380.349 2475
380.363 2544
380.376 2530
380.390 2624
380.404 2649
380.417 2732
380.431 2646
380.444 2735
380.458 2751
380.472 2774
380.485 2826
380.499 2853
380.512 2847
380.526 2956
380.540 2932
380.553 2989
380.567 3013
380.580 3060
380.594 3104
380.608 3131
380.621 3156
380.635 3136
380.648 3199
380.662 3257
380.676 3326
380.689 3322
380.703 3434
380.716 3458
380.730 3513
380.744 3456
380.757 3563
380.771 3640
380.784 3646
380.798 3677
380.812 3752
380.825 3804
380.839 3877
380.852 3926
380.866 3997
380.880 4070
380.893 4074
380.907 4093
380.920 4155
380.934 4212
380.948 4258
380.961 4290
380.975 4376
380.988 4362
381.002 4419
381.015 4452
381.029 4504
381.043 4559
381.056 4647
381.070 4706
381.083 4586
381.097 4753
381.111 4800
381.124 4854
381.138 4889
381.151 4917
381.165 5073
381.179 5028
381.192 5062
381.206 5119
381.219 5048
381.233 5202
381.246 5155
381.260 5201
381.274 5228
381.287 5369
381.301 5311
381.314 5415
381.328 5458
381.341 5499
381.355 5592
381.369 5545
381.382 5596
381.396 5712
381.409 5739
381.423 5923
381.437 5892
381.450 5984
381.464 6113
381.477 6106
381.491 6111
381.504 6123
381.518 6080
381.532 6127
381.545 6351
381.559 6504
381.572 6511
381.586 6612
381.599 6492
381.613 6621
381.627 6656
381.640 6644
381.654 6796
381.667 6826
381.681 6824
381.694 6792
381.708 6844
381.722 6708
381.735 6879
381.749 6851
381.762 7009
381.776 6964
381.789 6947
381.803 6946
381.817 7096
381.830 7112
381.844 7227
381.857 7162
381.871 7236
381.884 7374
381.898 7341
381.911 7326
381.925 7564
381.939 7593
381.952 7589
381.966 7593
381.979 7748
381.993 7783
382.006 7858
382.020 7906
382.034 7977
382.047 8032
382.061 8039
382.074 8067
382.088 8205
382.101 8248
382.115 8137
382.128 8185
382.142 8292
382.156 8431
382.169 8630
382.183 8585
382.196 8671
382.210 8645
382.223 8648
382.237 8813
382.250 8968
382.264 8936
382.278 9004
382.291 9019
382.305 9188
382.318 9161
382.332 9341
382.345 9337
382.359 9361
382.372 9293
382.386 9379
382.399 9584
382.413 9551
382.427 9636
382.440 9780
382.454 9947
382.467 9948
382.481 10204
382.494 10408
382.508 10644
382.521 10656
382.535 10734
382.548 10676
382.562 10697
382.576 10844
382.589 10800
382.603 11105
382.616 11140
382.630 11225
382.643 11380
382.657 11612
382.670 11750
382.684 11616
382.697 11525
382.711 11707
382.724 11918
382.738 12001
382.752 11818
382.765 12148
382.779 12251
382.792 12383
382.806 12472
382.819 12529
382.833 12792
382.846 12860
382.860 13053
382.873 13267
382.887 13301
382.900 13564
382.914 13789
382.928 14135
382.941 14252
382.955 14203
382.968 14569
382.982 14852
382.995 14798
383.009 14986
383.022 14973
383.036 15282
383.049 15554
383.063 15646
383.076 15607
383.090 15782
383.103 15704
383.117 16052
383.130 16133
383.144 16181
383.158 16351
383.171 16620
383.185 16809
383.198 16918
383.212 17251
383.225 17651
383.239 17943
383.252 18342
383.266 18485
383.279 18811
383.293 18678
383.306 18995
383.320 19189
383.333 19688
383.347 19758
383.360 19756
383.374 19659
383.387 20139
383.401 20307
383.414 20230
383.428 20533
383.441 20584
383.455 20705
383.468 20818
383.482 20942
383.496 21120
383.509 21299
383.523 21331
383.536 21538
383.550 21520
383.563 21799
383.577 21936
383.590 22372
383.604 22248
383.617 22312
383.631 22324
383.644 22671
383.658 22628
383.671 23061
383.685 23099
383.698 23413
383.712 23976
383.725 23835
383.739 23671
383.752 23515
383.766 23724
383.779 23603
383.793 23760
383.806 23797
383.820 24128
383.833 24029
383.847 24146
383.860 24430
383.874 24603
383.887 24596
383.901 24636
383.914 24517
383.928 24869
383.941 24823
383.955 24736
383.968 24709
383.982 24901
383.995 24788
384.009 24884
384.022 25064
384.036 25132
384.049 24953
384.063 25348
384.076 25862
384.090 25985
384.103 26480
384.117 26493
384.130 26237
384.144 25676
384.157 25617
384.171 25628
384.184 25554
384.198 25507
384.211 25562
384.225 25522
384.238 26240
384.252 26383
384.265 26355
384.279 26265
384.292 25916
384.306 25833
384.319 25550
384.333 25017
384.346 24630
384.360 24505
384.373 24278
384.387 24147
384.400 23922
384.414 23831
384.427 23563
384.441 23061
384.454 22840
384.468 22633
384.481 22249
384.495 22063
384.508 21636
384.522 21272
384.535 20818
384.549 20322
384.562 19985
384.575 19439
384.589 19267
384.602 18975
384.616 18476
384.629 18044
384.643 17485
384.656 16967
384.670 16310
384.683 15761
384.697 15151
384.710 14642
384.724 14151
384.737 13871
384.751 13372
384.764 13051
384.778 12602
384.791 12196
384.805 11762
384.818 11427
384.832 11057
384.845 10663
384.859 10168
384.872 9879
384.885 9681
384.899 9319
384.912 8948
384.926 8752
384.939 8487
384.953 8214
384.966 8076
384.980 7790
384.993 7614
385.007 7316
385.020 7110
385.034 7053
385.047 6855
385.061 6532
385.074 6260
385.088 6319
385.101 6032
385.114 5965
385.128 5909
385.141 5703
385.155 5556
385.168 5621
385.182 5565
385.195 5475
385.209 5356
385.222 5160
385.236 5084
385.249 5074
385.263 4911
385.276 4935
385.290 4759
385.303 4738
385.316 4660
385.330 4553
385.343 4567
385.357 4511
385.370 4362
385.384 4349
385.397 4260
385.411 4187
385.424 4127
385.438 4092
385.451 3992
385.464 4018
385.478 3933
385.491 3918
385.505 3846
385.518 3899
385.532 3794
385.545 3701
385.559 3652
385.572 3580
385.586 3546
385.599 3564
385.612 3526
385.626 3513
385.639 3510
385.653 3466
385.666 3405
385.680 3399
385.693 3399
385.707 3343
385.720 3354
385.734 3298
385.747 3280
385.760 3225
385.774 3139
385.787 3145
385.801 3121
385.814 3026
385.828 3010
385.841 3015
385.855 2984
385.868 2966
385.881 2938
385.895 2924
385.908 2867
385.922 2900
385.935 2892
385.949 2834
385.962 2799
385.976 2831
385.989 2762
386.002 2707
386.016 2793
386.029 2762
386.043 2701
386.056 2710
386.070 2698
386.083 2676
386.097 2693
386.110 2624
386.123 2619
386.137 2632
386.150 2565
386.164 2577
386.177 2613
386.191 2541
386.204 2536
386.217 2517
386.231 2496
386.244 2565
386.258 2487
386.271 2479
386.285 2416
386.298 2463
386.311 2481
386.325 2458
386.338 2443
386.352 2381
386.365 2384
386.379 2405
386.392 2365
386.405 2325
386.419 2343
386.432 2288
386.446 2309
386.459 2329
386.473 2329
386.486 2336
386.499 2279
386.513 2258
386.526 2266
386.540 2227
386.553 2195
386.567 2178
386.580 2223
386.593 2144
386.607 2218
386.620 2248
386.634 2149
386.647 2208
386.661 2146
386.674 2170
386.687 2149
386.701 2137
386.714 2100
386.728 2070
386.741 2084
386.754 2074
386.768 2069
386.781 2048
386.795 2064
386.808 1972
386.822 2030
386.835 1998
386.848 1987
386.862 1975
386.875 1921
386.889 1970
386.902 1925
386.915 1888
386.929 1978
386.942 1949
386.956 1912
386.969 1908
386.983 1903
386.996 1878
387.009 1860
387.023 1865
387.036 1852
387.050 1840
387.063 1831
387.076 1828
387.090 1814
387.103 1854
387.117 1801
387.130 1829
387.143 1794
387.157 1833
387.170 1788
387.184 1787
387.197 1791
387.210 1758
387.224 1764
387.237 1738
387.251 1776
387.264 1720
387.278 1717
387.291 1708
387.304 1680
387.318 1682
387.331 1664
387.345 1695
387.358 1692
387.371 1678
387.385 1639
387.398 1628
387.412 1586
387.425 1577
387.438 1606
387.452 1557
387.465 1533
387.478 1529
387.492 1516
387.505 1512
387.519 1537
387.532 1561
387.545 1549
387.559 1517
387.572 1554
387.586 1496
387.599 1511
387.612 1445
387.626 1502
387.639 1467
387.653 1472
387.666 1416
387.679 1427
387.693 1401
387.706 1418
387.720 1425
387.733 1392
387.746 1408
387.760 1387
387.773 1395
387.787 1389
387.800 1378
387.813 1372
387.827 1376
387.840 1377
387.853 1368
387.867 1352
387.880 1355
387.894 1350
387.907 1358
387.920 1342
387.934 1338
387.947 1276
387.961 1331
387.974 1284
387.987 1318
388.001 1294
388.014 1267
388.027 1259
388.041 1269
388.054 1203
388.068 1238
388.081 1257
388.094 1222
388.108 1239
388.121 1217
388.134 1211
388.148 1211
388.161 1241
388.175 1203
388.188 1167
388.201 1174
388.215 1186
388.228 1189
388.241 1153
388.255 1141
388.268 1173
388.282 1186
388.295 1178
388.308 1179
388.322 1156
388.335 1171
388.348 1153
388.362 1118
388.375 1163
388.389 1161
388.402 1161
388.415 1151
388.429 1153
388.442 1146
388.455 1146
388.469 1142
388.482 1129
388.495 1138
388.509 1147
388.522 1170
388.536 1135
388.549 1144
388.562 1139
388.576 1146
388.589 1118
388.602 1108
388.616 1121
388.629 1136
388.642 1148
388.656 1102
388.669 1119
388.683 1137
388.696 1115
388.709 1089
388.723 1120
388.736 1124
388.749 1110
388.763 1119
388.776 1120
388.789 1094
388.803 1118
388.816 1104
388.829 1082
388.843 1093
388.856 1128
388.870 1093
388.883 1119
388.896 1118
388.910 1115
388.923 1111
388.936 1106
388.950 1106
388.963 1104
388.976 1105
388.990 1071
389.003 1109
389.016 1103
389.030 1109
389.043 1078
389.056 1053
389.070 1105
389.083 1101
389.097 1078
389.110 1094
389.123 1085
389.137 1085
389.150 1084
389.163 1054
389.177 1093
389.190 1084
389.203 1084
389.217 1058
389.230 1075
389.243 1077
389.257 1051
389.270 1083
389.283 1087
389.297 1063
389.310 1063
389.323 1060
389.337 1038
389.350 1085
389.363 1050
389.377 1072
389.390 1074
389.403 1046
389.417 1056
389.430 1062
389.443 1075
389.457 1065
389.470 1068
389.483 1050
389.497 1064
389.510 1070
389.523 1043
389.537 1061
389.550 1035
389.563 1019
389.577 1044
389.590 1052
389.603 1054
389.617 1001
389.630 1044
389.643 1050
389.657 1031
389.670 1042
389.683 1022
389.697 1020
389.710 1024
389.723 1011
389.737 1014
389.750 1046
389.763 1012
389.777 1025
389.790 1010
389.803 1029
389.817 1015
389.830 1007
389.843 1002
389.857 999
389.870 1001
389.883 985
389.897 988
389.910 1007
389.923 982
389.937 1001
389.950 1010
389.963 985
389.977 1005
389.990 995
390.003 992
390.017 994
390.030 973
390.043 972
390.057 953
390.070 973
390.083 977
390.096 967
390.110 946
390.123 935
390.136 967
390.150 961
390.163 951
390.176 945
390.190 944
390.203 950
390.216 910
390.230 933
390.243 919
390.256 929
390.270 913
390.283 904
390.296 910
390.310 924
390.323 917
390.336 899
390.349 894
390.363 894
390.376 915
390.389 919
390.403 877
390.416 891
390.429 902
390.443 908
390.456 880
390.469 874
390.483 875
390.496 877
390.509 894
390.522 880
390.536 869
390.549 852
390.562 865
390.576 853
390.589 858
390.602 851
390.616 847
390.629 849
390.642 839
390.655 824
390.669 846
390.682 827
390.695 813
390.709 830
390.722 840
390.735 811
390.749 824
390.762 806
390.775 801
390.788 805
390.802 816
390.815 803
390.828 804
390.842 797
390.855 779
390.868 783
390.882 806
390.895 791
390.908 789
390.921 805
390.935 783
390.948 774
390.961 787
390.975 791
390.988 767
391.001 782
391.014 774
391.028 768
391.041 758
391.054 772
391.068 770
391.081 761
391.094 763
391.107 766
391.121 757
391.134 774
391.147 754
391.161 753
391.174 756
391.187 760
391.200 753
391.214 755
391.227 760
391.240 754
391.254 728
391.267 742
391.280 742
391.293 741
391.307 739
391.320 724
391.333 722
391.347 739
391.360 729
391.373 730
391.386 740
391.400 742
391.413 739
391.426 711
391.440 735
391.453 728
391.466 707
391.479 732
391.493 725
391.506 720
391.519 724
391.532 718
391.546 720
391.559 725
391.572 722
391.586 722
391.599 718
391.612 723
391.625 715
391.639 708
391.652 717
391.665 713
391.678 724
391.692 708
391.705 713
391.718 705
391.732 706
391.745 720
391.758 701
391.771 719
391.785 717
391.798 701
391.811 704
391.824 720
391.838 703
391.851 711
391.864 708
391.877 717
391.891 706
391.904 713
391.917 714
391.931 702
391.944 702
391.957 707
391.970 715
391.984 699
391.997 718
392.010 705
392.023 708
392.037 703
392.050 709
392.063 694
392.076 696
392.090 708
392.103 693
392.116 693
392.129 709
392.143 697
392.156 702
392.169 713
392.182 702
392.196 694
392.209 704
392.222 682
392.235 708
392.249 703
392.262 702
392.275 687
392.288 699
392.302 693
392.315 700
392.328 687
392.341 693
392.355 702
392.368 697
392.381 701
392.394 687
392.408 691
392.421 687
392.434 691
392.447 690
392.461 704
392.474 697
392.487 694
392.500 683
392.514 690
392.527 699
392.540 686
392.553 681
392.567 691
392.580 684
392.593 695
392.606 698
392.620 686
392.633 700
392.646 694
392.659 681
392.673 692
392.686 688
392.699 678
392.712 682
392.726 697
392.739 696
392.752 689
392.765 681
392.778 688
392.792 695
392.805 685
392.818 690
392.831 682
392.845 680
392.858 691
392.871 691
392.884 681
392.898 687
392.911 685
392.924 680
392.937 691
392.951 680
392.964 678
392.977 686
392.990 681
393.003 691
393.017 680
393.030 684
393.043 675
393.056 678
393.070 683
393.083 689
393.096 682
393.109 681
393.122 688
393.136 670
393.149 694
393.162 678
393.175 677
393.189 680
393.202 686
393.215 667
393.228 690
393.242 678
393.255 683
393.268 672
393.281 675
393.294 681
393.308 678
393.321 682
393.334 684
393.347 681
393.360 674
393.374 685
393.387 679
393.400 679
393.413 676
393.427 675
393.440 692
393.453 671
393.466 674
393.479 672
393.493 667
393.506 674
393.519 679
393.532 670
393.546 688
393.559 672
393.572 662
393.585 677
393.598 672
393.612 680
393.625 677
393.638 671
393.651 674
393.664 681
393.678 678
393.691 665
393.704 681
393.717 676
393.730 666
393.744 660
393.757 679
393.770 680
393.783 664
393.796 667
393.810 665
393.823 666
393.836 670
393.849 670
393.863 662
393.876 677
393.889 674
393.902 670
393.915 662
393.929 678
