375.891 702
375.905 716
375.919 724
375.933 722
375.946 713
375.960 722
375.974 736
375.987 738
376.001 711
376.015 723
376.029 736
376.042 729
376.056 716
376.070 733
376.084 745
376.097 755
376.111 743
376.125 748
376.139 739
376.152 740
376.166 740
376.180 752
376.193 748
376.207 752
376.221 756
376.235 760
376.248 758
376.262 757
376.276 758
376.290 752
376.303 762
376.317 752
376.331 765
376.345 775
376.358 771
376.372 764
376.386 765
376.399 764
376.413 771
376.427 784
376.441 784
376.454 786
376.468 781
376.482 775
376.495 794
376.509 783
376.523 813
376.537 800
376.550 785
376.564 806
376.578 788
376.592 805
376.605 787
376.619 802
376.633 823
376.646 805
376.660 802
376.674 804
376.688 816
376.701 821
376.715 833
376.729 826
376.742 833
376.756 836
376.770 838
376.784 844
376.797 854
376.811 846
376.825 856
376.838 835
376.852 864
376.866 873
376.880 877
376.893 858
376.907 857
376.921 872
376.934 885
376.948 877
376.962 888
376.976 865
376.989 878
377.003 886
377.017 894
377.030 927
377.044 902
377.058 921
377.071 922
377.085 890
377.099 893
377.113 920
377.126 900
377.140 924
377.154 908
377.167 936
377.181 956
377.195 925
377.208 918
377.222 943
377.236 955
377.250 964
377.263 935
377.277 938
377.291 980
377.304 988
377.318 962
377.332 968
377.345 972
377.359 969
377.373 972
377.387 970
377.400 979
377.414 965
377.428 975
377.441 996
377.455 1016
377.469 983
377.482 964
377.496 1006
377.510 1022
377.524 1000
377.537 1037
377.551 1056
377.565 1027
377.578 1016
377.592 1047
377.606 1043
377.619 1009
377.633 1029
377.647 1032
377.660 1039
377.674 1071
377.688 1054
377.701 1063
377.715 1046
377.729 1054
377.743 1078
377.756 1070
377.770 1085
377.784 1073
377.797 1059
377.811 1060
377.825 1073
377.838 1047
377.852 1075
377.866 1051
377.879 1081
377.893 1092
377.907 1122
377.920 1103
377.934 1086
377.948 1073
377.961 1082
377.975 1088
377.989 1112
378.002 1097
378.016 1087
378.030 1095
378.044 1098
378.057 1112
378.071 1125
378.085 1108
378.098 1111
378.112 1118
378.126 1119
378.139 1107
378.153 1110
378.167 1120
378.180 1122
378.194 1115
378.208 1136
378.221 1138
378.235 1148
378.249 1167
378.262 1114
378.276 1121
378.290 1165
378.303 1107
378.317 1157
378.331 1159
378.344 1132
378.358 1143
378.372 1176
378.385 1165
378.399 1158
378.413 1173
378.426 1170
378.440 1179
378.454 1189
378.467 1199
378.481 1160
378.495 1179
378.508 1163
378.522 1180
378.536 1172
378.549 1198
378.563 1186
378.577 1188
378.590 1212
378.604 1210
378.618 1194
378.631 1241
378.645 1200
378.659 1213
378.672 1205
378.686 1224
378.700 1204
378.713 1235
378.727 1222
378.740 1219
378.754 1248
378.768 1237
378.781 1248
378.795 1205
378.809 1225
378.822 1254
378.836 1247
378.850 1247
378.863 1243
378.877 1221
378.891 1261
378.904 1274
378.918 1265
378.932 1266
378.945 1282
378.959 1282
378.973 1229
378.986 1267
379.000 1276
379.014 1280
379.027 1275
379.041 1312
379.054 1271
379.068 1275
379.082 1293
379.095 1289
379.109 1326
379.123 1293
379.136 1329
379.150 1300
379.164 1310
379.177 1309
379.191 1298
379.205 1317
379.218 1342
379.232 1326
379.245 1357
379.259 1348
379.273 1311
379.286 1356
379.300 1325
379.314 1315
379.327 1386
379.341 1398
379.355 1369
379.368 1397
379.382 1383
379.396 1403
379.409 1396
379.423 1405
379.436 1411
379.450 1468
379.464 1464
379.477 1444
379.491 1456
379.505 1422
379.518 1492
379.532 1479
379.546 1479
379.559 1491
379.573 1483
379.586 1477
379.600 1535
379.614 1531
379.627 1536
379.641 1515
379.655 1569
379.668 1522
379.682 1556
379.695 1572
379.709 1609
379.723 1611
379.736 1608
379.750 1669
379.764 1618
379.777 1697
379.791 1704
379.804 1657
379.818 1726
379.832 1744
379.845 1709
379.859 1746
379.873 1738
379.886 1709
379.900 1746
379.913 1780
379.927 1742
379.941 1809
379.954 1890
379.968 1848
379.982 1882
379.995 1887
380.009 1894
380.022 1956
380.036 1883
380.050 1914
380.063 2013
380.077 2021
380.090 2066
380.104 2035
380.118 2104
380.131 2124
380.145 2112
380.159 2151
380.172 2163
380.186 2190
380.199 2222
380.213 2237
380.227 2288
380.240 2318
380.254 2368
380.267 2338
380.281 2376
380.295 2399
380.308 2422
380.322 2519
380.336 2484
380.349 2572
380.363 2590
380.376 2579
380.390 2612
380.404 2653
380.417 2697
380.431 2654
380.444 2774
380.458 2729
380.472 2780
380.485 2826
380.499 2844
380.512 2903
380.526 2881
380.540 2885
380.553 2993
380.567 2992
380.580 3085
380.594 3095
380.608 3164
380.621 3155
380.635 3126
380.648 3230
380.662 3293
380.676 3262
380.689 3320
380.703 3384
380.716 3451
380.730 3503
380.744 3538
380.757 3556
380.771 3597
380.784 3607
380.798 3695
380.812 3763
380.825 3716
380.839 3841
380.852 3933
380.866 3954
380.880 4043
380.893 4078
380.907 4068
380.920 4087
380.934 4224
380.948 4296
380.961 4331
380.975 4345
380.988 4395
381.002 4478
381.015 4428
381.029 4463
381.043 4568
381.056 4612
381.070 4678
381.083 4653
381.097 4685
381.111 4722
381.124 4820
381.138 4926
381.151 4976
381.165 5040
381.179 5023
381.192 4976
381.206 4962
381.219 5106
381.233 5107
381.246 5137
381.260 5184
381.274 5204
381.287 5246
381.301 5401
381.314 5359
381.328 5449
381.341 5528
381.355 5490
381.369 5489
381.382 5619
381.396 5608
381.409 5697
381.423 5770
381.437 5956
381.450 5960
381.464 6000
381.477 6105
381.491 6068
381.504 6055
381.518 6143
381.532 6057
381.545 6158
381.559 6399
381.572 6428
381.586 6393
381.599 6453
381.613 6485
381.627 6589
381.640 6599
381.654 6728
381.667 6725
381.681 6740
381.694 6741
381.708 6623
381.722 6644
381.735 6739
381.749 6760
381.762 6802
381.776 6876
381.789 6941
381.803 6908
381.817 7093
381.830 7030
381.844 7014
381.857 7080
381.871 7104
381.884 7284
381.898 7240
381.911 7341
381.925 7309
381.939 7374
381.952 7635
381.966 7548
381.979 7523
381.993 7641
382.006 7728
382.020 7812
382.034 7850
382.047 7889
382.061 7889
382.074 7938
382.088 7938
382.101 8144
382.115 8082
382.128 8161
382.142 8240
382.156 8365
382.169 8434
382.183 8432
382.196 8513
382.210 8524
382.223 8597
382.237 8658
382.250 8717
382.264 8690
382.278 8856
382.291 8789
382.305 9058
382.318 9080
382.332 9111
382.345 9087
382.359 9130
382.372 9339
382.386 9246
382.399 9327
382.413 9490
382.427 9595
382.440 9615
382.454 9639
382.467 9778
382.481 9999
382.494 10340
382.508 10396
382.521 10552
382.535 10459
382.548 10432
382.562 10624
382.576 10570
382.589 10756
382.603 10766
382.616 10743
382.630 11094
382.643 11161
382.657 11249
382.670 11332
382.684 11357
382.697 11297
382.711 11320
382.724 11657
382.738 11700
382.752 11680
382.765 11759
382.779 12017
382.792 12037
382.806 12258
382.819 12316
382.833 12437
382.846 12368
382.860 12660
382.873 12773
382.887 12923
382.900 13211
382.914 13455
382.928 13535
382.941 13865
382.955 14063
382.968 13949
382.982 14253
382.995 14412
383.009 14438
383.022 14660
383.036 14689
383.049 15127
383.063 15102
383.076 15088
383.090 15295
383.103 15321
383.117 15360
383.130 15588
383.144 15559
383.158 15857
383.171 16060
383.185 16126
383.198 16336
383.212 16627
383.225 17082
383.239 17562
383.252 17776
383.266 17834
383.279 18051
383.293 18227
383.306 18239
383.320 18542
383.333 18699
383.347 19174
383.360 18877
383.374 18820
383.387 19178
383.401 19600
383.414 19494
383.428 19710
383.441 19764
383.455 19849
383.468 19734
383.482 20164
383.496 20361
383.509 20381
383.523 20330
383.536 20291
383.550 20735
383.563 20823
383.577 20952
383.590 21366
383.604 21162
383.617 21278
383.631 21310
383.644 21559
383.658 21515
383.671 21612
383.685 22052
383.698 22199
383.712 22507
383.725 22674
383.739 22635
383.752 22413
383.766 22226
383.779 22180
383.793 22467
383.806 22706
383.820 22803
383.833 22786
383.847 22816
383.860 22962
383.874 22894
383.887 22741
383.901 23132
383.914 23214
383.928 23320
383.941 23345
383.955 23306
383.968 23223
383.982 23182
383.995 23048
384.009 23535
384.022 23354
384.036 23561
384.049 23397
384.063 23834
384.076 24400
384.090 24433
384.103 24708
384.117 24749
384.130 24569
384.144 23961
384.157 23991
384.171 23852
384.184 23742
384.198 23703
384.211 23623
384.225 23709
384.238 24249
384.252 24477
384.265 24337
384.279 24165
384.292 24011
384.306 23876
384.319 23378
384.333 23150
384.346 22818
384.360 22584
384.373 22465
384.387 22194
384.400 22133
384.414 21851
384.427 21684
384.441 21314
384.454 20923
384.468 20543
384.481 20162
384.495 19922
384.508 19727
384.522 19186
384.535 18885
384.549 18483
384.562 18111
384.575 17778
384.589 17312
384.602 17138
384.616 16663
384.629 16368
384.643 15705
384.656 15227
384.670 14590
384.683 13961
384.697 13543
384.710 13112
384.724 12603
384.737 12064
384.751 11901
384.764 11606
384.778 11050
384.791 10845
384.805 10436
384.818 10017
384.832 9479
384.845 9398
384.859 8928
384.872 8626
384.885 8330
384.899 8067
384.912 7884
384.926 7597
384.939 7333
384.953 7227
384.966 6944
384.980 6817
384.993 6699
385.007 6464
385.020 6198
385.034 6055
385.047 5852
385.061 5756
385.074 5538
385.088 5551
385.101 5414
385.114 5268
385.128 5058
385.141 4999
385.155 4956
385.168 4923
385.182 4834
385.195 4810
385.209 4732
385.222 4633
385.236 4573
385.249 4402
385.263 4252
385.276 4274
385.290 4186
385.303 4061
385.316 4056
385.330 4004
385.343 3982
385.357 3923
385.370 3775
385.384 3673
385.397 3671
385.411 3569
385.424 3551
385.438 3508
385.451 3453
385.464 3504
385.478 3464
385.491 3382
385.505 3281
385.518 3373
385.532 3274
385.545 3173
385.559 3077
385.572 3132
385.586 3096
385.599 3112
385.612 3014
385.626 3075
385.639 3018
385.653 2972
385.666 2921
385.680 2898
385.693 2904
385.707 2884
385.720 2871
385.734 2817
385.747 2747
385.760 2703
385.774 2691
385.787 2692
385.801 2647
385.814 2595
385.828 2555
385.841 2622
385.855 2540
385.868 2580
385.881 2530
385.895 2491
385.908 2524
385.922 2442
385.935 2477
385.949 2444
385.962 2395
385.976 2396
385.989 2336
386.002 2352
386.016 2411
386.029 2333
386.043 2359
386.056 2270
386.070 2276
386.083 2246
386.097 2292
386.110 2240
386.123 2292
386.137 2274
386.150 2255
386.164 2273
386.177 2213
386.191 2213
386.204 2146
386.217 2150
386.231 2126
386.244 2133
386.258 2161
386.271 2148
386.285 2109
386.298 2142
386.311 2098
386.325 2120
386.338 2065
386.352 2116
386.365 2043
386.379 2014
386.392 2119
386.405 2044
386.419 1982
386.432 1936
386.446 1974
386.459 2004
386.473 2008
386.486 1974
386.499 1979
386.513 1965
386.526 1943
386.540 1927
386.553 1879
386.567 1922
386.580 1916
386.593 1901
386.607 1873
386.620 1897
386.634 1924
386.647 1901
386.661 1868
386.674 1840
386.687 1836
386.701 1863
386.714 1816
386.728 1819
386.741 1833
386.754 1774
386.768 1802
386.781 1824
386.795 1825
386.808 1752
386.822 1764
386.835 1773
386.848 1718
386.862 1727
386.875 1713
386.889 1689
386.902 1661
386.915 1714
386.929 1725
386.942 1706
386.956 1668
386.969 1666
386.983 1644
386.996 1641
387.009 1599
387.023 1573
387.036 1614
387.050 1622
387.063 1607
387.076 1617
387.090 1610
387.103 1609
387.117 1569
387.130 1555
387.143 1590
387.157 1570
387.170 1596
387.184 1564
387.197 1563
387.210 1589
387.224 1557
387.237 1488
387.251 1531
387.264 1517
387.278 1513
387.291 1479
387.304 1507
387.318 1498
387.331 1503
387.345 1499
387.358 1497
387.371 1477
387.385 1450
387.398 1441
387.412 1443
387.425 1400
387.438 1420
387.452 1446
387.465 1395
387.478 1386
387.492 1390
387.505 1348
387.519 1365
387.532 1404
387.545 1370
387.559 1382
387.572 1370
387.586 1341
387.599 1321
387.612 1363
387.626 1352
387.639 1347
387.653 1335
387.666 1299
387.679 1298
387.693 1284
387.706 1278
387.720 1273
387.733 1311
387.746 1263
387.760 1298
387.773 1282
387.787 1299
387.800 1250
387.813 1255
387.827 1259
387.840 1268
387.853 1237
387.867 1212
387.880 1254
387.894 1249
387.907 1244
387.920 1234
387.934 1192
387.947 1228
387.961 1214
387.974 1209
387.987 1172
388.001 1179
388.014 1181
388.027 1188
388.041 1193
388.054 1167
388.068 1153
388.081 1183
388.094 1102
388.108 1136
388.121 1166
388.134 1142
388.148 1121
388.161 1104
388.175 1128
388.188 1078
388.201 1120
388.215 1121
388.228 1112
388.241 1092
388.255 1114
388.268 1075
388.282 1087
388.295 1102
388.308 1092
388.322 1096
388.335 1068
388.348 1095
388.362 1071
388.375 1077
388.389 1084
388.402 1062
388.415 1064
388.429 1073
388.442 1088
388.455 1075
388.469 1084
388.482 1051
388.495 1080
388.509 1090
388.522 1037
388.536 1075
388.549 1065
388.562 1066
388.576 1079
388.589 1034
388.602 1044
388.616 1036
388.629 1053
388.642 1050
388.656 1032
388.669 1046
388.683 1043
388.696 1072
388.709 1057
388.723 1065
388.736 1061
388.749 1031
388.763 1048
388.776 1050
388.789 1030
388.803 1026
388.816 1027
388.829 1035
388.843 1027
388.856 1028
388.870 1032
388.883 1045
388.896 1012
388.910 1041
388.923 1021
388.936 1014
388.950 1038
388.963 1001
388.976 1011
388.990 1032
389.003 1018
389.016 1010
389.030 1025
389.043 993
389.056 1006
389.070 1015
389.083 1034
389.097 1036
389.110 1017
389.123 1035
389.137 1002
389.150 1019
389.163 982
389.177 1000
389.190 998
389.203 985
389.217 985
389.230 996
389.243 1005
389.257 992
389.270 989
389.283 996
389.297 1019
389.310 999
389.323 994
389.337 1000
389.350 992
389.363 994
389.377 977
389.390 983
389.403 975
389.417 987
389.430 991
389.443 963
389.457 990
389.470 967
389.483 999
389.497 985
389.510 986
389.523 970
389.537 980
389.550 966
389.563 962
389.577 967
389.590 952
389.603 980
389.617 986
389.630 971
389.643 932
389.657 965
389.670 991
389.683 976
389.697 976
389.710 922
389.723 956
389.737 945
389.750 950
389.763 942
389.777 958
389.790 967
389.803 930
389.817 954
389.830 960
389.843 935
389.857 924
389.870 933
389.883 922
389.897 935
389.910 939
389.923 935
389.937 929
389.950 930
389.963 923
389.977 917
389.990 929
390.003 922
390.017 919
390.030 917
390.043 901
390.057 917
390.070 901
390.083 906
390.096 912
390.110 896
390.123 906
390.136 908
390.150 890
390.163 893
390.176 884
390.190 896
390.203 898
390.216 896
390.230 882
390.243 861
390.256 868
390.270 861
390.283 847
390.296 864
390.310 861
390.323 851
390.336 855
390.349 877
390.363 853
390.376 859
390.389 858
390.403 860
390.416 862
390.429 848
390.443 852
390.456 846
390.469 850
390.483 837
390.496 840
390.509 819
390.522 830
390.536 828
390.549 823
390.562 817
390.576 811
390.589 841
390.602 803
390.616 813
390.629 805
390.642 806
390.655 811
390.669 792
390.682 811
390.695 792
390.709 771
390.722 799
390.735 782
390.749 778
390.762 775
390.775 771
390.788 770
390.802 779
390.815 772
390.828 765
390.842 776
390.855 777
390.868 764
390.882 764
390.895 773
390.908 763
390.921 763
390.935 763
390.948 762
390.961 754
390.975 757
390.988 742
391.001 745
391.014 742
391.028 739
391.041 752
391.054 748
391.068 739
391.081 743
391.094 742
391.107 742
391.121 731
391.134 742
391.147 739
391.161 731
391.174 730
391.187 744
391.200 737
391.214 726
391.227 723
391.240 739
391.254 725
391.267 727
391.280 724
391.293 709
391.307 719
391.320 731
391.333 706
391.347 712
391.360 722
391.373 709
391.386 721
391.400 698
391.413 711
391.426 719
391.440 686
391.453 720
391.466 692
391.479 707
391.493 710
391.506 705
391.519 705
391.532 715
391.546 701
391.559 696
391.572 702
391.586 707
391.599 706
391.612 697
391.625 696
391.639 712
391.652 700
391.665 692
391.678 674
391.692 695
391.705 707
391.718 696
391.732 698
391.745 699
391.758 689
391.771 696
391.785 708
391.798 701
391.811 710
391.824 679
391.838 714
391.851 679
391.864 694
391.877 696
391.891 688
391.904 683
391.917 692
391.931 694
391.944 691
391.957 696
391.970 690
391.984 690
391.997 670
392.010 703
392.023 681
392.037 688
392.050 697
392.063 687
392.076 683
392.090 688
392.103 690
392.116 688
392.129 696
392.143 686
392.156 684
392.169 679
392.182 683
392.196 680
392.209 685
392.222 687
392.235 671
392.249 679
392.262 678
392.275 668
392.288 682
392.302 683
392.315 685
392.328 682
392.341 687
392.355 684
392.368 682
392.381 684
392.394 683
392.408 680
392.421 679
392.434 687
392.447 679
392.461 674
392.474 690
392.487 683
392.500 687
392.514 687
392.527 681
392.540 684
392.553 677
392.567 677
392.580 670
392.593 681
392.606 690
392.620 671
392.633 668
392.646 667
392.659 677
392.673 681
392.686 670
392.699 676
392.712 675
392.726 670
392.739 676
392.752 656
392.765 668
392.778 669
392.792 681
392.805 661
392.818 681
392.831 681
392.845 670
392.858 672
392.871 675
392.884 678
392.898 665
392.911 677
392.924 666
392.937 668
392.951 684
392.964 669
392.977 667
392.990 688
393.003 677
393.017 677
393.030 666
393.043 663
393.056 670
393.070 658
393.083 674
393.096 676
393.109 678
393.122 668
393.136 665
393.149 659
393.162 679
393.175 670
393.189 670
393.202 675
393.215 668
393.228 678
393.242 665
393.255 671
393.268 663
393.281 659
393.294 662
393.308 655
393.321 663
393.334 666
393.347 675
393.360 668
393.374 665
393.387 670
393.400 669
393.413 661
393.427 676
393.440 666
393.453 673
393.466 666
393.479 647
393.493 656
393.506 664
393.519 666
393.532 668
393.546 667
393.559 666
393.572 666
393.585 660
393.598 667
393.612 664
393.625 660
393.638 672
393.651 667
393.664 660
393.678 665
393.691 652
393.704 670
393.717 661
393.730 664
393.744 668
393.757 659
393.770 658
393.783 664
393.796 656
393.810 667
393.823 656
393.836 651
393.849 677
393.863 666
393.876 668
393.889 660
393.902 662
393.915 660
393.929 652
