375.891 707
375.905 725
375.919 715
375.933 732
375.946 723
375.960 721
375.974 722
375.987 714
376.001 726
376.015 736
376.029 721
376.042 709
376.056 725
376.070 730
376.084 741
376.097 740
376.111 730
376.125 741
376.139 741
376.152 741
376.166 756
376.180 751
376.193 742
376.207 724
376.221 744
376.235 741
376.248 747
376.262 761
376.276 779
376.290 761
376.303 777
376.317 760
376.331 746
376.345 769
376.358 750
376.372 751
376.386 757
376.399 774
376.413 779
376.427 756
376.441 782
376.454 783
376.468 774
376.482 790
376.495 781
376.509 802
376.523 789
376.537 783
376.550 803
376.564 796
376.578 790
376.592 801
376.605 788
376.619 822
376.633 806
376.646 800
376.660 812
376.674 818
376.688 785
376.701 823
376.715 802
376.729 799
376.742 818
376.756 812
376.770 823
376.784 833
376.797 820
376.811 844
376.825 852
376.838 847
376.852 840
376.866 876
376.880 859
376.893 862
376.907 868
376.921 842
376.934 883
376.948 850
376.962 876
376.976 887
376.989 863
377.003 871
377.017 895
377.030 886
377.044 884
377.058 910
377.071 886
377.085 887
377.099 879
377.113 897
377.126 909
377.140 916
377.154 928
377.167 903
377.181 919
377.195 938
377.208 944
377.222 926
377.236 938
377.250 925
377.263 942
377.277 957
377.291 969
377.304 979
377.318 947
377.332 978
377.345 1004
377.359 969
377.373 974
377.387 952
377.400 974
377.414 969
377.428 990
377.441 991
377.455 984
377.469 989
377.482 964
377.496 1029
377.510 1003
377.524 1012
377.537 1014
377.551 1027
377.565 1026
377.578 1043
377.592 1034
377.606 1008
377.619 1011
377.633 1000
377.647 1022
377.660 1017
377.674 1021
377.688 1030
377.701 1047
377.715 1033
377.729 1044
377.743 1064
377.756 1053
377.770 1039
377.784 1059
377.797 1032
377.811 1071
377.825 1046
377.838 1061
377.852 1069
377.866 1059
377.879 1067
377.893 1075
377.907 1096
377.920 1073
377.934 1072
377.948 1071
377.961 1079
377.975 1053
377.989 1107
378.002 1100
378.016 1112
378.030 1095
378.044 1113
378.057 1095
378.071 1154
378.085 1086
378.098 1120
378.112 1122
378.126 1120
378.139 1089
378.153 1108
378.167 1112
378.180 1123
378.194 1099
378.208 1084
378.221 1134
378.235 1121
378.249 1123
378.262 1127
378.276 1112
378.290 1142
378.303 1127
378.317 1156
378.331 1114
378.344 1148
378.358 1119
378.372 1162
378.385 1163
378.399 1171
378.413 1163
378.426 1140
378.440 1187
378.454 1174
378.467 1189
378.481 1160
378.495 1149
378.508 1144
378.522 1171
378.536 1174
378.549 1186
378.563 1161
378.577 1213
378.590 1172
378.604 1187
378.618 1216
378.631 1181
378.645 1221
378.659 1209
378.672 1210
378.686 1198
378.700 1229
378.713 1221
378.727 1217
378.740 1228
378.754 1231
378.768 1228
378.781 1206
378.795 1243
378.809 1206
378.822 1249
378.836 1276
378.850 1225
378.863 1250
378.877 1241
378.891 1241
378.904 1253
378.918 1262
378.932 1241
378.945 1280
378.959 1271
378.973 1218
378.986 1264
379.000 1280
379.014 1271
379.027 1267
379.041 1282
379.054 1239
379.068 1304
379.082 1266
379.095 1284
379.109 1299
379.123 1304
379.136 1306
379.150 1288
379.164 1285
379.177 1298
379.191 1321
379.205 1291
379.218 1306
379.232 1307
379.245 1363
379.259 1360
379.273 1341
379.286 1302
379.300 1393
379.314 1338
379.327 1346
379.341 1399
379.355 1332
379.368 1425
379.382 1379
379.396 1354
379.409 1387
379.423 1406
379.436 1445
379.450 1444
379.464 1437
379.477 1440
379.491 1415
379.505 1446
379.518 1498
379.532 1458
379.546 1465
379.559 1469
379.573 1453
379.586 1499
379.600 1470
379.614 1540
379.627 1543
379.641 1579
379.655 1520
379.668 1531
379.682 1564
379.695 1538
379.709 1573
379.723 1537
379.736 1598
379.750 1636
379.764 1660
379.777 1667
379.791 1678
379.804 1717
379.818 1704
379.832 1679
379.845 1653
379.859 1691
379.873 1726
379.886 1741
379.900 1750
379.913 1734
379.927 1805
379.941 1786
379.954 1845
379.968 1856
379.982 1851
379.995 1910
380.009 1883
380.022 1916
380.036 1906
380.050 1939
380.063 1980
380.077 1996
380.090 2028
380.104 2008
380.118 2101
380.131 2083
380.145 2131
380.159 2104
380.172 2176
380.186 2190
380.199 2259
380.213 2249
380.227 2241
380.240 2307
380.254 2257
380.267 2344
380.281 2351
380.295 2368
380.308 2421
380.322 2367
380.336 2489
380.349 2489
380.363 2469
380.376 2550
380.390 2517
380.404 2569
380.417 2599
380.431 2715
380.444 2714
380.458 2725
380.472 2759
380.485 2795
380.499 2817
380.512 2884
380.526 2858
380.540 2927
380.553 2957
380.567 2968
380.580 2990
380.594 3070
380.608 3111
380.621 3170
380.635 3142
380.648 3159
380.662 3191
380.676 3317
380.689 3290
380.703 3364
380.716 3422
380.730 3536
380.744 3390
380.757 3515
380.771 3591
380.784 3613
380.798 3671
380.812 3724
380.825 3757
380.839 3760
380.852 3876
380.866 3990
380.880 4008
380.893 4000
380.907 4103
380.920 4111
380.934 4129
380.948 4198
380.961 4252
380.975 4275
380.988 4363
381.002 4433
381.015 4428
381.029 4365
381.043 4580
381.056 4535
381.070 4602
381.083 4639
381.097 4730
381.111 4625
381.124 4691
381.138 4839
381.151 4920
381.165 4911
381.179 4957
381.192 4979
381.206 4999
381.219 4980
381.233 5062
381.246 5019
381.260 5211
381.274 5206
381.287 5244
381.301 5296
381.314 5275
381.328 5335
381.341 5428
381.355 5483
381.369 5486
381.382 5454
381.396 5551
381.409 5608
381.423 5786
381.437 5652
381.450 5948
381.464 5786
381.477 5947
381.491 5979
381.504 5964
381.518 6014
381.532 6071
381.545 6192
381.559 6234
381.572 6323
381.586 6248
381.599 6366
381.613 6413
381.627 6492
381.640 6550
381.654 6519
381.667 6680
381.681 6622
381.694 6679
381.708 6597
381.722 6555
381.735 6598
381.749 6649
381.762 6789
381.776 6755
381.789 6780
381.803 6882
381.817 6934
381.830 6857
381.844 7023
381.857 7120
381.871 7147
381.884 7117
381.898 7218
381.911 7186
381.925 7304
381.939 7281
381.952 7398
381.966 7412
381.979 7463
381.993 7646
382.006 7640
382.020 7726
382.034 7783
382.047 7727
382.061 7847
382.074 7849
382.088 7824
382.101 8009
382.115 7953
382.128 8018
382.142 8144
382.156 8207
382.169 8207
382.183 8350
382.196 8487
382.210 8532
382.223 8531
382.237 8530
382.250 8598
382.264 8714
382.278 8691
382.291 8892
382.305 8908
382.318 8902
382.332 8980
382.345 8878
382.359 8921
382.372 9101
382.386 9119
382.399 9196
382.413 9326
382.427 9357
382.440 9530
382.454 9649
382.467 9703
382.481 9808
382.494 10123
382.508 10293
382.521 10284
382.535 10400
382.548 10402
382.562 10350
382.576 10255
382.589 10564
382.603 10636
382.616 10729
382.630 10826
382.643 11079
382.657 11278
382.670 11223
382.684 11184
382.697 11274
382.711 11172
382.724 11495
382.738 11615
382.752 11452
382.765 11455
382.779 11720
382.792 11979
382.806 12020
382.819 12082
382.833 12306
382.846 12362
382.860 12463
382.873 12741
382.887 12854
382.900 13070
382.914 13118
382.928 13445
382.941 13586
382.955 13679
382.968 13983
382.982 14156
382.995 14289
383.009 14356
383.022 14260
383.036 14398
383.049 14792
383.063 14856
383.076 14858
383.090 14915
383.103 15245
383.117 15041
383.130 15218
383.144 15565
383.158 15521
383.171 15920
383.185 15897
383.198 16290
383.212 16520
383.225 16776
383.239 17163
383.252 17527
383.266 17716
383.279 17716
383.293 17833
383.306 17951
383.320 18171
383.333 18656
383.347 18835
383.360 18806
383.374 18674
383.387 18879
383.401 19089
383.414 19374
383.428 19331
383.441 19470
383.455 19724
383.468 19711
383.482 19674
383.496 19903
383.509 20134
383.523 20183
383.536 20236
383.550 20262
383.563 20631
383.577 20574
383.590 20977
383.604 20758
383.617 20828
383.631 21165
383.644 20956
383.658 21182
383.671 21340
383.685 21664
383.698 21874
383.712 22195
383.725 22104
383.739 22287
383.752 22039
383.766 21957
383.779 22044
383.793 21958
383.806 22415
383.820 22583
383.833 22433
383.847 22754
383.860 22912
383.874 22712
383.887 22768
383.901 22852
383.914 22756
383.928 23010
383.941 22975
383.955 23124
383.968 22844
383.982 22811
383.995 23052
384.009 23246
384.022 23258
384.036 23178
384.049 23264
384.063 23629
384.076 24168
384.090 24404
384.103 24438
384.117 24468
384.130 24190
384.144 23548
384.157 23859
384.171 23758
384.184 23509
384.198 23491
384.211 23287
384.225 23540
384.238 24036
384.252 24218
384.265 23965
384.279 24111
384.292 23795
384.306 23637
384.319 23255
384.333 23082
384.346 22546
384.360 22530
384.373 22495
384.387 22216
384.400 22194
384.414 21790
384.427 21541
384.441 21274
384.454 20927
384.468 20673
384.481 20403
384.495 20235
384.508 19980
384.522 19573
384.535 19260
384.549 18581
384.562 18239
384.575 17904
384.589 17773
384.602 17346
384.616 17082
384.629 16547
384.643 16053
384.656 15657
384.670 14902
384.683 14366
384.697 14046
384.710 13539
384.724 13033
384.737 12796
384.751 12276
384.764 11892
384.778 11589
384.791 11359
384.805 10954
384.818 10594
384.832 10210
384.845 9856
384.859 9589
384.872 9135
384.885 8958
384.899 8718
384.912 8452
384.926 8166
384.939 7969
384.953 7696
384.966 7572
384.980 7295
384.993 7127
385.007 6925
385.020 6802
385.034 6706
385.047 6351
385.061 6316
385.074 5988
385.088 6006
385.101 5901
385.114 5684
385.128 5698
385.141 5506
385.155 5402
385.168 5430
385.182 5386
385.195 5211
385.209 5125
385.222 5042
385.236 4964
385.249 4921
385.263 4837
385.276 4669
385.290 4657
385.303 4556
385.316 4390
385.330 4482
385.343 4416
385.357 4271
385.370 4237
385.384 4129
385.397 4119
385.411 3975
385.424 3943
385.438 3878
385.451 3837
385.464 3834
385.478 3746
385.491 3742
385.505 3722
385.518 3679
385.532 3635
385.545 3565
385.559 3431
385.572 3465
385.586 3429
385.599 3432
385.612 3373
385.626 3369
385.639 3328
385.653 3262
385.666 3253
385.680 3264
385.693 3220
385.707 3188
385.720 3118
385.734 3087
385.747 3066
385.760 2940
385.774 2926
385.787 2955
385.801 2975
385.814 2894
385.828 2841
385.841 2818
385.855 2839
385.868 2803
385.881 2770
385.895 2779
385.908 2743
385.922 2722
385.935 2729
385.949 2645
385.962 2672
385.976 2591
385.989 2625
386.002 2623
386.016 2623
386.029 2603
386.043 2626
386.056 2515
386.070 2546
386.083 2574
386.097 2477
386.110 2511
386.123 2540
386.137 2511
386.150 2460
386.164 2461
386.177 2474
386.191 2423
386.204 2363
386.217 2386
386.231 2338
386.244 2417
386.258 2370
386.271 2389
386.285 2351
386.298 2296
386.311 2313
386.325 2296
386.338 2299
386.352 2336
386.365 2267
386.379 2243
386.392 2216
386.405 2166
386.419 2210
386.432 2176
386.446 2169
386.459 2227
386.473 2201
386.486 2167
386.499 2171
386.513 2100
386.526 2162
386.540 2108
386.553 2137
386.567 2032
386.580 2073
386.593 2101
386.607 2102
386.620 2079
386.634 2060
386.647 2069
386.661 2043
386.674 2046
386.687 2016
386.701 2000
386.714 1960
386.728 2001
386.741 1943
386.754 1956
386.768 1975
386.781 2005
386.795 1934
386.808 1947
386.822 1945
386.835 1929
386.848 1898
386.862 1913
386.875 1928
386.889 1888
386.902 1822
386.915 1854
386.929 1805
386.942 1822
386.956 1835
386.969 1806
386.983 1812
386.996 1799
387.009 1792
387.023 1723
387.036 1746
387.050 1752
387.063 1763
387.076 1677
387.090 1717
387.103 1690
387.117 1733
387.130 1710
387.143 1723
387.157 1750
387.170 1729
387.184 1668
387.197 1724
387.210 1656
387.224 1680
387.237 1682
387.251 1667
387.264 1644
387.278 1635
387.291 1619
387.304 1645
387.318 1606
387.331 1605
387.345 1591
387.358 1606
387.371 1635
387.385 1537
387.398 1592
387.412 1596
387.425 1524
387.438 1518
387.452 1498
387.465 1526
387.478 1533
387.492 1497
387.505 1446
387.519 1515
387.532 1492
387.545 1462
387.559 1493
387.572 1481
387.586 1455
387.599 1486
387.612 1458
387.626 1451
387.639 1453
387.653 1435
387.666 1387
387.679 1402
387.693 1396
387.706 1396
387.720 1401
387.733 1356
387.746 1395
387.760 1405
387.773 1376
387.787 1379
387.800 1352
387.813 1371
387.827 1337
387.840 1340
387.853 1348
387.867 1329
387.880 1312
387.894 1338
387.907 1354
387.920 1338
387.934 1316
387.947 1293
387.961 1286
387.974 1302
387.987 1275
388.001 1264
388.014 1266
388.027 1282
388.041 1256
388.054 1245
388.068 1257
388.081 1201
388.094 1234
388.108 1241
388.121 1211
388.134 1223
388.148 1195
388.161 1215
388.175 1166
388.188 1178
388.201 1167
388.215 1182
388.228 1157
388.241 1189
388.255 1171
388.268 1156
388.282 1178
388.295 1170
388.308 1184
388.322 1162
388.335 1149
388.348 1132
388.362 1136
388.375 1154
388.389 1152
388.402 1148
388.415 1131
388.429 1147
388.442 1116
388.455 1144
388.469 1131
388.482 1152
388.495 1161
388.509 1142
388.522 1128
388.536 1156
388.549 1167
388.562 1089
388.576 1135
388.589 1112
388.602 1121
388.616 1118
388.629 1113
388.642 1114
388.656 1109
388.669 1126
388.683 1129
388.696 1106
388.709 1116
388.723 1123
388.736 1111
388.749 1133
388.763 1125
388.776 1116
388.789 1119
388.803 1092
388.816 1136
388.829 1094
388.843 1111
388.856 1084
388.870 1073
388.883 1097
388.896 1099
388.910 1107
388.923 1090
388.936 1074
388.950 1086
388.963 1079
388.976 1091
388.990 1090
389.003 1106
389.016 1106
389.030 1096
389.043 1091
389.056 1102
389.070 1073
389.083 1081
389.097 1075
389.110 1077
389.123 1099
389.137 1068
389.150 1050
389.163 1090
389.177 1076
389.190 1051
389.203 1042
389.217 1069
389.230 1079
389.243 1046
389.257 1049
389.270 1048
389.283 1043
389.297 1035
389.310 1031
389.323 1077
389.337 1075
389.350 1048
389.363 1063
389.377 1031
389.390 1026
389.403 1047
389.417 1028
389.430 1071
389.443 1071
389.457 1034
389.470 1031
389.483 1033
389.497 1049
389.510 1066
389.523 1022
389.537 1013
389.550 1026
389.563 1035
389.577 1013
389.590 1023
389.603 988
389.617 1015
389.630 1036
389.643 1027
389.657 1040
389.670 1020
389.683 1038
389.697 1003
389.710 995
389.723 1029
389.737 997
389.750 1000
389.763 994
389.777 1015
389.790 1001
389.803 964
389.817 988
389.830 1017
389.843 974
389.857 979
389.870 954
389.883 974
389.897 995
389.910 974
389.923 964
389.937 978
389.950 975
389.963 985
389.977 978
389.990 977
390.003 968
390.017 976
390.030 978
390.043 945
390.057 977
390.070 958
390.083 958
390.096 954
390.110 937
390.123 924
390.136 936
390.150 934
390.163 933
390.176 948
390.190 932
390.203 933
390.216 932
390.230 912
390.243 911
390.256 899
390.270 912
390.283 924
390.296 893
390.310 909
390.323 882
390.336 850
390.349 910
390.363 893
390.376 885
390.389 890
390.403 881
390.416 882
390.429 851
390.443 868
390.456 868
390.469 884
390.483 859
390.496 842
390.509 837
390.522 854
390.536 864
390.549 865
390.562 844
390.576 853
390.589 852
390.602 844
390.616 837
390.629 829
390.642 825
390.655 838
390.669 808
390.682 827
390.695 831
390.709 822
390.722 827
390.735 822
390.749 787
390.762 813
390.775 808
390.788 801
390.802 813
390.815 805
390.828 806
390.842 795
390.855 787
390.868 789
390.882 796
390.895 764
390.908 782
390.921 772
390.935 773
390.948 775
390.961 766
390.975 770
390.988 758
391.001 760
391.014 751
391.028 770
391.041 762
391.054 772
391.068 758
391.081 782
391.094 749
391.107 760
391.121 758
391.134 748
391.147 744
391.161 750
391.174 744
391.187 738
391.200 741
391.214 744
391.227 740
391.240 748
391.254 744
391.267 740
391.280 737
391.293 723
391.307 746
391.320 724
391.333 725
391.347 750
391.360 724
391.373 736
391.386 713
391.400 719
391.413 740
391.426 731
391.440 720
391.453 717
391.466 742
391.479 725
391.493 724
391.506 721
391.519 723
391.532 707
391.546 722
391.559 724
391.572 703
391.586 710
391.599 720
391.612 714
391.625 717
391.639 711
391.652 712
391.665 716
391.678 707
391.692 719
391.705 710
391.718 716
391.732 715
391.745 705
391.758 705
391.771 704
391.785 698
391.798 707
391.811 698
391.824 701
391.838 711
391.851 704
391.864 702
391.877 702
391.891 688
391.904 702
391.917 709
391.931 702
391.944 700
391.957 706
391.970 710
391.984 704
391.997 709
392.010 705
392.023 705
392.037 693
392.050 695
392.063 693
392.076 692
392.090 687
392.103 698
392.116 700
392.129 683
392.143 690
392.156 687
392.169 695
392.182 696
392.196 683
392.209 708
392.222 701
392.235 679
392.249 693
392.262 684
392.275 697
392.288 689
392.302 698
392.315 691
392.328 696
392.341 693
392.355 702
392.368 695
392.381 692
392.394 685
392.408 688
392.421 688
392.434 698
392.447 684
392.461 688
392.474 688
392.487 683
392.500 681
392.514 690
392.527 703
392.540 690
392.553 693
392.567 683
392.580 686
392.593 697
392.606 681
392.620 693
392.633 697
392.646 680
392.659 686
392.673 683
392.686 685
392.699 690
392.712 682
392.726 688
392.739 693
392.752 683
392.765 697
392.778 690
392.792 693
392.805 677
392.818 680
392.831 696
392.845 694
392.858 685
392.871 678
392.884 691
392.898 679
392.911 685
392.924 688
392.937 682
392.951 684
392.964 691
392.977 684
392.990 692
393.003 691
393.017 693
393.030 679
393.043 686
393.056 671
393.070 681
393.083 681
393.096 685
393.109 679
393.122 695
393.136 675
393.149 683
393.162 685
393.175 674
393.189 677
393.202 673
393.215 679
393.228 676
393.242 679
393.255 669
393.268 673
393.281 673
393.294 667
393.308 675
393.321 667
393.334 678
393.347 689
393.360 683
393.374 687
393.387 676
393.400 677
393.413 670
393.427 663
393.440 673
393.453 674
393.466 672
393.479 676
393.493 677
393.506 673
393.519 677
393.532 667
393.546 659
393.559 667
393.572 673
393.585 676
393.598 670
393.612 674
393.625 679
393.638 666
393.651 671
393.664 672
393.678 669
393.691 668
393.704 659
393.717 675
393.730 659
393.744 677
393.757 666
393.770 649
393.783 673
393.796 661
393.810 673
393.823 663
393.836 663
393.849 670
393.863 664
393.876 656
393.889 659
393.902 662
393.915 670
393.929 663
