375.891 11955
375.905 12025
375.919 12207
375.933 12329
375.946 12307
375.960 12468
375.974 12754
375.987 12779
376.001 13055
376.015 12957
376.029 13147
376.042 13265
376.056 13348
376.070 13434
376.084 13611
376.097 13741
376.111 13762
376.125 14028
376.139 14138
376.152 14230
376.166 14215
376.180 14292
376.193 14389
376.207 14559
376.221 14632
376.235 14972
376.248 14895
376.262 15132
376.276 14934
376.290 15131
376.303 15393
376.317 15422
376.331 15568
376.345 15681
376.358 15840
376.372 15995
376.386 15987
376.399 16140
376.413 16331
376.427 16572
376.441 16678
376.454 16640
376.468 16819
376.482 16719
376.495 16881
376.509 17017
376.523 17219
376.537 17334
376.550 17488
376.564 17546
376.578 17765
376.592 17706
376.605 17844
376.619 17886
376.633 17962
376.646 18125
376.660 18226
376.674 18058
376.688 18159
376.701 18336
376.715 18612
376.729 18795
376.742 18837
376.756 19019
376.770 18915
376.784 18965
376.797 19105
376.811 19355
376.825 19570
376.838 19729
376.852 19901
376.866 19986
376.880 19965
376.893 19971
376.907 20029
376.921 20382
376.934 20413
376.948 20376
376.962 20296
376.976 20424
376.989 20364
377.003 20519
377.017 20776
377.030 21310
377.044 21252
377.058 21245
377.071 21435
377.085 21408
377.099 21145
377.113 21552
377.126 21437
377.140 21609
377.154 21784
377.167 21960
377.181 22054
377.195 21975
377.208 22063
377.222 22240
377.236 22367
377.250 22216
377.263 22057
377.277 22292
377.291 22538
377.304 22671
377.318 22988
377.332 22899
377.345 23208
377.359 22767
377.373 22664
377.387 22570
377.400 22513
377.414 22776
377.428 22587
377.441 22683
377.455 22800
377.469 23057
377.482 23111
377.496 22932
377.510 23048
377.524 23330
377.537 23388
377.551 23527
377.565 23304
377.578 23414
377.592 23508
377.606 23479
377.619 23353
377.633 23312
377.647 23484
377.660 23803
377.674 23687
377.688 24024
377.701 23778
377.715 23969
377.729 24548
377.743 24721
377.756 24354
377.770 24704
377.784 24574
377.797 24768
377.811 24756
377.825 24292
377.838 24174
377.852 24132
377.866 24488
377.879 24429
377.893 24425
377.907 24556
377.920 24738
377.934 24587
377.948 24621
377.961 24375
377.975 24577
377.989 24577
378.002 24699
378.016 24921
378.030 24732
378.044 24943
378.057 25108
378.071 25006
378.085 25026
378.098 25062
378.112 24993
378.126 24969
378.139 24891
378.153 24878
378.167 25009
378.180 25009
378.194 25071
378.208 24958
378.221 25027
378.235 25073
378.249 25201
378.262 25289
378.276 25366
378.290 25315
378.303 25406
378.317 25524
378.331 25476
378.344 25279
378.358 25380
378.372 25750
378.385 25579
378.399 25681
378.413 25706
378.426 25516
378.440 25600
378.454 25695
378.467 25923
378.481 25965
378.495 25624
378.508 25389
378.522 25522
378.536 25348
378.549 25356
378.563 25610
378.577 25914
378.590 26118
378.604 26001
378.618 26060
378.631 25925
378.645 25901
378.659 25839
378.672 26036
378.686 26093
378.700 26165
378.713 26039
378.727 25730
378.740 25649
378.754 25651
378.768 25623
378.781 25616
378.795 25674
378.809 25914
378.822 25724
378.836 25533
378.850 25470
378.863 25563
378.877 25714
378.891 25874
378.904 25840
378.918 25867
378.932 25771
378.945 25648
378.959 25586
378.973 25776
378.986 25977
379.000 26018
379.014 25915
379.027 25880
379.041 25721
379.054 25429
379.068 25652
379.082 25696
379.095 25812
379.109 25544
379.123 25394
379.136 25532
379.150 25243
379.164 25332
379.177 25283
379.191 25394
379.205 25470
379.218 25435
379.232 25550
379.245 25337
379.259 25308
379.273 25454
379.286 25504
379.300 25384
379.314 25276
379.327 24967
379.341 24953
379.355 24707
379.368 25251
379.382 25109
379.396 24958
379.409 24991
379.423 24944
379.436 25178
379.450 24889
379.464 24758
379.477 24647
379.491 24574
379.505 24533
379.518 24614
379.532 24253
379.546 24502
379.559 24294
379.573 23930
379.586 24048
379.600 24000
379.614 24090
379.627 24296
379.641 24009
379.655 23905
379.668 23925
379.682 24016
379.695 24169
379.709 24448
379.723 24273
379.736 24498
379.750 24453
379.764 24323
379.777 24308
379.791 24216
379.804 24344
379.818 24251
379.832 24287
379.845 24021
379.859 24307
379.873 24330
379.886 24154
379.900 24117
379.913 24363
379.927 24209
379.941 24177
379.954 24608
379.968 24387
379.982 24082
379.995 24178
380.009 24020
380.022 24228
380.036 24093
380.050 24009
380.063 23817
380.077 23792
380.090 23454
380.104 23455
380.118 23249
380.131 23066
380.145 22846
380.159 22889
380.172 22554
380.186 22281
380.199 22506
380.213 22058
380.227 22203
380.240 21989
380.254 21754
380.267 21556
380.281 21797
380.295 21534
380.308 21392
380.322 21278
380.336 21514
380.349 21538
380.363 21305
380.376 21105
380.390 21243
380.404 21276
380.417 21173
380.431 21166
380.444 21044
380.458 20889
380.472 20673
380.485 20794
380.499 20694
380.512 20937
380.526 20819
380.540 20695
380.553 20792
380.567 20773
380.580 20664
380.594 20853
380.608 20730
380.621 20892
380.635 20808
380.648 20692
380.662 20608
380.676 20651
380.689 20839
380.703 20892
380.716 20840
380.730 20672
380.744 20793
380.757 20646
380.771 20619
380.784 20599
380.798 20642
380.812 20753
380.825 20628
380.839 20679
380.852 20569
380.866 20591
380.880 20486
380.893 20333
380.907 20103
380.920 20050
380.934 20044
380.948 19974
380.961 20024
380.975 19888
380.988 19849
381.002 19603
381.015 19843
381.029 19579
381.043 19656
381.056 19661
381.070 19468
381.083 19439
381.097 19344
381.111 19533
381.124 19337
381.138 19511
381.151 19305
381.165 19532
381.179 19402
381.192 19533
381.206 19610
381.219 19401
381.233 19509
381.246 19644
381.260 19548
381.274 19577
381.287 19621
381.301 19931
381.314 19756
381.328 19738
381.341 19744
381.355 19737
381.369 19963
381.382 19857
381.396 20029
381.409 19780
381.423 19995
381.437 19966
381.450 20206
381.464 20200
381.477 20195
381.491 20251
381.504 20160
381.518 20267
381.532 20325
381.545 20464
381.559 20475
381.572 20579
381.586 20351
381.599 20574
381.613 20574
381.627 20931
381.640 20851
381.654 21037
381.667 21251
381.681 20997
381.694 21125
381.708 21240
381.722 21138
381.735 21462
381.749 21385
381.762 21584
381.776 21806
381.789 21679
381.803 21643
381.817 21772
381.830 22131
381.844 22084
381.857 22189
381.871 22385
381.884 22271
381.898 22802
381.911 22512
381.925 22751
381.939 22873
381.952 22858
381.966 22968
381.979 23113
381.993 23303
382.006 23539
382.020 23664
382.034 23568
382.047 23906
382.061 23643
382.074 23825
382.088 23984
382.101 24272
382.115 24346
382.128 24632
382.142 24928
382.156 25203
382.169 25688
382.183 25648
382.196 25988
382.210 26421
382.223 26679
382.237 26538
382.250 26927
382.264 27059
382.278 27204
382.291 27415
382.305 27457
382.318 28116
382.332 28302
382.345 28603
382.359 28673
382.372 29016
382.386 29215
382.399 29836
382.413 29791
382.427 30092
382.440 30539
382.454 31036
382.467 31418
382.481 31750
382.494 32235
382.508 32959
382.521 33191
382.535 33863
382.548 33694
382.562 34221
382.576 34645
382.589 34829
382.603 35326
382.616 35562
382.630 36470
382.643 36692
382.657 37398
382.670 37538
382.684 38124
382.697 38366
382.711 38988
382.724 39965
382.738 40471
382.752 41143
382.765 41866
382.779 42010
382.792 42962
382.806 43607
382.819 44552
382.833 45149
382.846 46029
382.860 46817
382.873 47351
382.887 48489
382.900 49780
382.914 51379
382.928 52019
382.941 53681
382.955 54618
382.968 55955
382.982 57135
382.995 58544
383.009 59299
383.022 60275
383.036 62125
383.049 63437
383.063 65497
383.076 66144
383.090 67287
383.103 68558
383.117 69822
383.130 70998
383.144 72171
383.158 73953
383.171 75866
383.185 77660
383.198 79653
383.212 81142
383.225 84083
383.239 86422
383.252 88971
383.266 90703
383.279 93237
383.293 95046
383.306 96943
383.320 98187
383.333 100211
383.347 102630
383.360 104340
383.374 106533
383.387 109376
383.401 111972
383.414 114827
383.428 117114
383.441 120416
383.455 123580
383.468 126192
383.482 129172
383.496 131558
383.509 133200
383.523 136322
383.536 139360
383.550 142163
383.563 145559
383.577 148608
383.590 151412
383.604 154227
383.617 158120
383.631 161093
383.644 164200
383.658 167913
383.671 172091
383.685 175852
383.698 179359
383.712 183453
383.725 186100
383.739 188941
383.752 190906
383.766 192920
383.779 195289
383.793 200040
383.806 204310
383.820 208026
383.833 210675
383.847 213704
383.860 216795
383.874 219686
383.887 223182
383.901 226377
383.914 228573
383.928 230896
383.941 233323
383.955 236228
383.968 238531
383.982 241588
383.995 245516
384.009 248297
384.022 250843
384.036 252373
384.049 253597
384.063 256411
384.076 259797
384.090 263288
384.103 267054
384.117 269158
384.130 269268
384.144 266674
384.157 270906
384.171 275158
384.184 277120
384.198 278415
384.211 276933
384.225 279315
384.238 284332
384.252 286816
384.265 287824
384.279 285492
384.292 283378
384.306 284467
384.319 283847
384.333 284765
384.346 284597
384.360 283392
384.373 282870
384.387 285895
384.400 286282
384.414 286786
384.427 286933
384.441 285110
384.454 284757
384.468 286275
384.481 288037
384.495 290147
384.508 293257
384.522 292545
384.535 291018
384.549 290127
384.562 289061
384.575 289134
384.589 290445
384.602 292714
384.616 292785
384.629 292127
384.643 289568
384.656 287424
384.670 284176
384.683 284912
384.697 283280
384.710 281518
384.724 282238
384.737 281611
384.751 281850
384.764 280736
384.778 281180
384.791 281589
384.805 281643
384.818 280730
384.832 279015
384.845 279416
384.859 279579
384.872 278267
384.885 277536
384.899 277120
384.912 277945
384.926 277018
384.939 275623
384.953 276471
384.966 276338
384.980 278663
384.993 278053
385.007 277903
385.020 277717
385.034 274542
385.047 271940
385.061 271346
385.074 271569
385.088 272542
385.101 273810
385.114 275888
385.128 275523
385.141 276670
385.155 277899
385.168 280053
385.182 283783
385.195 285145
385.209 286392
385.222 285540
385.236 288776
385.249 289837
385.263 291057
385.276 294124
385.290 296866
385.303 297482
385.316 300758
385.330 306535
385.343 309399
385.357 308912
385.370 303619
385.384 302424
385.397 301024
385.411 298756
385.424 297269
385.438 298501
385.451 298874
385.464 301764
385.478 301879
385.491 302810
385.505 303526
385.518 306039
385.532 307461
385.545 304647
385.559 303335
385.572 305631
385.586 308623
385.599 309367
385.612 311746
385.626 312641
385.639 314362
385.653 315969
385.666 313561
385.680 314060
385.693 315475
385.707 316131
385.720 313208
385.734 311480
385.747 308906
385.760 309286
385.774 310373
385.787 310026
385.801 307300
385.814 304728
385.828 304155
385.841 303995
385.855 306021
385.868 309835
385.881 309780
385.895 309336
385.908 310234
385.922 309923
385.935 311641
385.949 309207
385.962 305915
385.976 306250
385.989 307412
386.002 309604
386.016 310387
386.029 310733
386.043 308961
386.056 308816
386.070 309531
386.083 309594
386.097 308636
386.110 307412
386.123 310249
386.137 312241
386.150 311865
386.164 311588
386.177 309672
386.191 310078
386.204 307809
386.217 305501
386.231 305692
386.244 306800
386.258 307083
386.271 307209
386.285 307159
386.298 306677
386.311 307343
386.325 308776
386.338 311486
386.352 312505
386.365 315599
386.379 313053
386.392 311959
386.405 307851
386.419 306128
386.432 306936
386.446 308250
386.459 309359
386.473 308947
386.486 307151
386.499 309276
386.513 309340
386.526 307762
386.540 305088
386.553 305333
386.567 304638
386.580 305127
386.593 307839
386.607 308212
386.620 310404
386.634 310139
386.647 310251
386.661 310449
386.674 309272
386.687 309885
386.701 309906
386.714 309591
386.728 312196
386.741 311935
386.754 312602
386.768 313527
386.781 312184
386.795 311160
386.808 308204
386.822 307636
386.835 308772
386.848 308310
386.862 308169
386.875 305746
386.889 304973
386.902 305780
386.915 309480
386.929 312427
386.942 314085
386.956 314349
386.969 311496
386.983 311067
386.996 307555
387.009 304987
387.023 305388
387.036 305284
387.050 304428
387.063 304163
387.076 306088
387.090 311113
387.103 311243
387.117 312025
387.130 312161
387.143 311376
387.157 308019
387.170 307565
387.184 305570
387.197 304318
387.210 304496
387.224 304549
387.237 304239
387.251 303878
387.264 304485
387.278 303857
387.291 304898
387.304 306411
387.318 305652
387.331 307743
387.345 308425
387.358 309259
387.371 309053
387.385 307678
387.398 307653
387.412 306034
387.425 303397
387.438 303843
387.452 302993
387.465 301484
387.478 301414
387.492 301188
387.505 303114
387.519 304744
387.532 305700
387.545 305541
387.559 304570
387.572 305021
387.586 302642
387.599 303232
387.612 303502
387.626 301743
387.639 302285
387.653 303309
387.666 301666
387.679 301418
387.693 301938
387.706 303249
387.720 306526
387.733 307391
387.746 309719
387.760 309010
387.773 307500
387.787 307548
387.800 304526
387.813 300932
387.827 301296
387.840 300939
387.853 300530
387.867 301995
387.880 303893
387.894 307241
387.907 308145
387.920 307038
387.934 306339
387.947 305879
387.961 302703
387.974 303129
387.987 302534
388.001 301801
388.014 302208
388.027 302010
388.041 302284
388.054 301000
388.068 302154
388.081 300971
388.094 303846
388.108 307341
388.121 307085
388.134 305230
388.148 304193
388.161 301031
388.175 299830
388.188 298332
388.201 297008
388.215 295156
388.228 295589
388.241 297602
388.255 297021
388.268 298875
388.282 299149
388.295 298590
388.308 296369
388.322 294479
388.335 293281
388.348 293318
388.362 293080
388.375 294937
388.389 298185
388.402 296718
388.415 295853
388.429 294447
388.442 293217
388.455 293300
388.469 291993
388.482 291730
388.495 292662
388.509 292942
388.522 295728
388.536 298206
388.549 296521
388.562 295024
388.576 295499
388.589 297330
388.602 297200
388.616 297131
388.629 296554
388.642 294965
388.656 292353
388.669 291373
388.683 291066
388.696 292074
388.709 291705
388.723 292191
388.736 290384
388.749 290064
388.763 290552
388.776 290448
388.789 291389
388.803 290529
388.816 288516
388.829 289478
388.843 291724
388.856 293842
388.870 294832
388.883 296347
388.896 297279
388.910 295683
388.923 293441
388.936 290855
388.950 287867
388.963 285581
388.976 285181
388.990 287514
389.003 288083
389.016 287895
389.030 288583
389.043 289445
389.056 288861
389.070 288224
389.083 289247
389.097 292151
389.110 293195
389.123 291211
389.137 286092
389.150 287378
389.163 289910
389.177 290468
389.190 290641
389.203 288630
389.217 284804
389.230 282380
389.243 282685
389.257 284168
389.270 288504
389.283 291385
389.297 292292
389.310 291403
389.323 289493
389.337 286509
389.350 283258
389.363 283407
389.377 283704
389.390 284278
389.403 283437
389.417 283393
389.430 280407
389.443 279724
389.457 279806
389.470 281012
389.483 282621
389.497 282485
389.510 281414
389.523 281286
389.537 281783
389.550 280956
389.563 281038
389.577 280314
389.590 279871
389.603 278634
389.617 278040
389.630 279097
389.643 280351
389.657 281359
389.670 282780
389.683 282719
389.697 278702
389.710 275426
389.723 278480
389.737 280400
389.750 282637
389.763 283654
389.777 283396
389.790 282492
389.803 282844
389.817 282061
389.830 277550
389.843 274334
389.857 272383
389.870 272919
389.883 272233
389.897 275754
389.910 277684
389.923 278550
389.937 278409
389.950 279086
389.963 279468
389.977 279975
389.990 280546
390.003 281189
390.017 281288
390.030 281498
390.043 279774
390.057 277453
390.070 276456
390.083 274825
390.096 271745
390.110 268674
390.123 269044
390.136 269516
390.150 269219
390.163 268561
390.176 269139
390.190 268840
390.203 267742
390.216 265516
390.230 266193
390.243 267021
390.256 266139
390.270 264948
390.283 265013
390.296 267111
390.310 267663
390.323 268389
390.336 267205
390.349 266226
390.363 265039
390.376 268146
390.389 268256
390.403 267976
390.416 266450
390.429 265740
390.443 265887
390.456 264164
390.469 262983
390.483 261931
390.496 261214
390.509 263839
390.522 263634
390.536 265525
390.549 265361
390.562 267399
390.576 267882
390.589 271040
390.602 274361
390.616 271362
390.629 268536
390.642 268970
390.655 268907
390.669 267102
390.682 265088
390.695 261338
390.709 260657
390.722 261203
390.735 259930
390.749 258828
390.762 256923
390.775 258557
390.788 258942
390.802 260192
390.815 261912
390.828 261451
390.842 260671
390.855 259075
390.868 259109
390.882 258520
390.895 257663
390.908 257563
390.921 255965
390.935 255228
390.948 253009
390.961 252721
390.975 251843
390.988 249705
391.001 251357
391.014 252185
391.028 252273
391.041 253215
391.054 252929
391.068 255848
391.081 258672
391.094 258090
391.107 257380
391.121 256088
391.134 254961
391.147 254293
391.161 253218
391.174 252014
391.187 251013
391.200 248748
391.214 248839
391.227 248778
391.240 247976
391.254 249237
391.267 250024
391.280 251322
391.293 252127
391.307 252586
391.320 253118
391.333 251563
391.347 247826
391.360 245450
391.373 247263
391.386 245737
391.400 245878
391.413 245156
391.426 245429
391.440 245107
391.453 243354
391.466 240400
391.479 239627
391.493 238907
391.506 240565
391.519 241708
391.532 241098
391.546 241106
391.559 241540
391.572 240969
391.586 240780
391.599 240761
391.612 239677
391.625 239475
391.639 240254
391.652 239309
391.665 238687
391.678 240032
391.692 239624
391.705 240066
391.718 239237
391.732 239443
391.745 239918
391.758 239771
391.771 238803
391.785 236678
391.798 235134
391.811 234566
391.824 233624
391.838 233881
391.851 233248
391.864 234825
391.877 233696
391.891 234732
391.904 235354
391.917 237028
391.931 236961
391.944 235401
391.957 234434
391.970 234290
391.984 232926
391.997 233155
392.010 232080
392.023 231465
392.037 231190
392.050 232295
392.063 230704
392.076 229739
392.090 229143
392.103 229554
392.116 229556
392.129 229278
392.143 228896
392.156 230445
392.169 229989
392.182 231198
392.196 230716
392.209 229454
392.222 228666
392.235 226627
392.249 227386
392.262 228134
392.275 226970
392.288 225312
392.302 224596
392.315 224594
392.328 224788
392.341 225231
392.355 227003
392.368 227993
392.381 228369
392.394 228581
392.408 226863
392.421 225748
392.434 225655
392.447 225219
392.461 224316
392.474 223174
392.487 223394
392.500 223795
392.514 223600
392.527 224524
392.540 225668
392.553 225693
392.567 224378
392.580 223917
392.593 222953
392.606 221873
392.620 220792
392.633 220214
392.646 219903
392.659 220071
392.673 219275
392.686 218682
392.699 217065
392.712 216196
392.726 214932
392.739 213124
392.752 214103
392.765 214573
392.778 214395
392.792 215134
392.805 214385
392.818 214504
392.831 213595
392.845 213709
392.858 214266
392.871 214068
392.884 212979
392.898 213050
392.911 213827
392.924 214201
392.937 213212
392.951 211930
392.964 212521
392.977 213765
392.990 213341
393.003 213737
393.017 214195
393.030 213539
393.043 214944
393.056 213501
393.070 212021
393.083 212142
393.096 212337
393.109 212369
393.122 212744
393.136 212869
393.149 211654
393.162 210708
393.175 210033
393.189 207845
393.202 205389
393.215 202714
393.228 201021
393.242 201438
393.255 201176
393.268 200878
393.281 200568
393.294 200193
393.308 200492
393.321 201201
393.334 201925
393.347 202451
393.360 201892
393.374 201366
393.387 201908
393.400 201774
393.413 201744
393.427 201723
393.440 202332
393.453 201264
393.466 199578
393.479 200907
393.493 201728
393.506 201824
393.519 200946
393.532 201222
393.546 201178
393.559 200022
393.572 199874
393.585 199684
393.598 198508
393.612 198663
393.625 199156
393.638 197809
393.651 197956
393.664 197044
393.678 196893
393.691 196461
393.704 197605
393.717 197106
393.730 195995
393.744 195202
393.757 193479
393.770 193798
393.783 193292
393.796 191548
393.810 190346
393.823 190518
393.836 191592
393.849 193126
393.863 193172
393.876 192211
393.889 193305
393.902 192493
393.915 191298
393.929 189413
