375.891 23408
375.905 23625
375.919 23815
375.933 23806
375.946 23842
375.960 24047
375.974 24633
375.987 25035
376.001 25097
376.015 25373
376.029 25348
376.042 25504
376.056 25509
376.070 25701
376.084 26039
376.097 26216
376.111 26644
376.125 26873
376.139 27093
376.152 26929
376.166 27049
376.180 27071
376.193 27260
376.207 27512
376.221 27546
376.235 27711
376.248 28105
376.262 28247
376.276 28092
376.290 28308
376.303 28748
376.317 28874
376.331 28870
376.345 29240
376.358 29653
376.372 29622
376.386 30001
376.399 29764
376.413 30277
376.427 30472
376.441 30604
376.454 30416
376.468 30536
376.482 30710
376.495 30773
376.509 30925
376.523 30761
376.537 31262
376.550 31482
376.564 31382
376.578 31455
376.592 31742
376.605 32085
376.619 32108
376.633 32110
376.646 32109
376.660 32079
376.674 32250
376.688 32399
376.701 32642
376.715 32401
376.729 32921
376.742 33270
376.756 33225
376.770 33371
376.784 33156
376.797 33346
376.811 33519
376.825 33938
376.838 34229
376.852 34232
376.866 34366
376.880 34509
376.893 34373
376.907 34630
376.921 34422
376.934 34723
376.948 34760
376.962 34983
376.976 34685
376.989 34763
377.003 34869
377.017 35225
377.030 35633
377.044 36170
377.058 36343
377.071 36086
377.085 35969
377.099 35898
377.113 36539
377.126 36637
377.140 36805
377.154 36384
377.167 36840
377.181 37021
377.195 36841
377.208 36698
377.222 37054
377.236 37177
377.250 36828
377.263 36597
377.277 37102
377.291 37622
377.304 37765
377.318 37518
377.332 37875
377.345 38075
377.359 37275
377.373 36837
377.387 36725
377.400 37090
377.414 37073
377.428 36928
377.441 37025
377.455 37359
377.469 37365
377.482 37654
377.496 37805
377.510 38006
377.524 37858
377.537 37990
377.551 37993
377.565 37868
377.578 38021
377.592 38346
377.606 37772
377.619 37960
377.633 37586
377.647 37961
377.660 38346
377.674 38235
377.688 38293
377.701 38358
377.715 38739
377.729 39353
377.743 39614
377.756 39551
377.770 39487
377.784 39556
377.797 39676
377.811 39994
377.825 39487
377.838 38427
377.852 38840
377.866 39137
377.879 39014
377.893 39078
377.907 39233
377.920 39132
377.934 39229
377.948 38957
377.961 38898
377.975 39051
377.989 39220
378.002 39257
378.016 39323
378.030 39578
378.044 39540
378.057 39509
378.071 39851
378.085 39731
378.098 39683
378.112 39684
378.126 39421
378.139 39592
378.153 39443
378.167 39219
378.180 39604
378.194 39637
378.208 39375
378.221 39624
378.235 39663
378.249 40048
378.262 40062
378.276 39938
378.290 39917
378.303 40165
378.317 39802
378.331 40113
378.344 40059
378.358 40032
378.372 40577
378.385 40484
378.399 40498
378.413 40278
378.426 40259
378.440 40566
378.454 40531
378.467 40681
378.481 40611
378.495 40355
378.508 40286
378.522 40138
378.536 39825
378.549 39892
378.563 40062
378.577 41053
378.590 41306
378.604 40910
378.618 40899
378.631 40997
378.645 40855
378.659 40933
378.672 40625
378.686 41468
378.700 41566
378.713 41023
378.727 40486
378.740 40272
378.754 40391
378.768 40349
378.781 40513
378.795 40975
378.809 40617
378.822 40787
378.836 40386
378.850 40047
378.863 40199
378.877 40449
378.891 40763
378.904 40654
378.918 40705
378.932 40635
378.945 40447
378.959 40211
378.973 40554
378.986 40826
379.000 41126
379.014 41056
379.027 40817
379.041 40616
379.054 40403
379.068 40415
379.082 40490
379.095 40455
379.109 40172
379.123 40163
379.136 40272
379.150 40144
379.164 40402
379.177 39943
379.191 39812
379.205 40007
379.218 40088
379.232 40252
379.245 40111
379.259 40252
379.273 40220
379.286 40378
379.300 40222
379.314 40155
379.327 40025
379.341 39768
379.355 39379
379.368 39982
379.382 40223
379.396 40077
379.409 40189
379.423 40325
379.436 40661
379.450 40106
379.464 39759
379.477 39741
379.491 39551
379.505 39901
379.518 39433
379.532 39408
379.546 39341
379.559 38983
379.573 39108
379.586 39261
379.600 39288
379.614 39274
379.627 39671
379.641 39356
379.655 39418
379.668 39210
379.682 39476
379.695 39671
379.709 39815
379.723 39713
379.736 40402
379.750 40384
379.764 40372
379.777 39902
379.791 40333
379.804 40165
379.818 40076
379.832 39791
379.845 39912
379.859 39792
379.873 40254
379.886 40076
379.900 39557
379.913 39898
379.927 39813
379.941 39878
379.954 40267
379.968 40006
379.982 39746
379.995 39515
380.009 39557
380.022 40201
380.036 39820
380.050 39637
380.063 39302
380.077 39519
380.090 38798
380.104 38794
380.118 38069
380.131 37873
380.145 37940
380.159 37816
380.172 37499
380.186 37453
380.199 37528
380.213 37634
380.227 37144
380.240 37127
380.254 36785
380.267 36833
380.281 36765
380.295 36722
380.308 36594
380.322 36924
380.336 37183
380.349 37275
380.363 37259
380.376 37013
380.390 37172
380.404 37144
380.417 37145
380.431 37118
380.444 37073
380.458 36761
380.472 36636
380.485 37299
380.499 37153
380.512 37037
380.526 36967
380.540 36979
380.553 37066
380.567 37081
380.580 37265
380.594 37294
380.608 37621
380.621 37436
380.635 37585
380.648 37448
380.662 37410
380.676 37548
380.689 37776
380.703 37491
380.716 37325
380.730 37745
380.744 37533
380.757 37613
380.771 37464
380.784 37679
380.798 37488
380.812 37644
380.825 37346
380.839 37811
380.852 37783
380.866 37925
380.880 37856
380.893 37568
380.907 37612
380.920 37556
380.934 37445
380.948 37733
380.961 37475
380.975 37463
380.988 37328
381.002 37481
381.015 37241
381.029 37551
381.043 37631
381.056 37992
381.070 38071
381.083 38110
381.097 37998
381.111 38188
381.124 38152
381.138 38812
381.151 38898
381.165 39113
381.179 38934
381.192 39014
381.206 38999
381.219 38944
381.233 39376
381.246 39299
381.260 39785
381.274 39855
381.287 40089
381.301 40426
381.314 40140
381.328 40452
381.341 40460
381.355 40856
381.369 40782
381.382 41127
381.396 41283
381.409 41308
381.423 41767
381.437 42260
381.450 42392
381.464 42645
381.477 42788
381.491 43120
381.504 42931
381.518 43123
381.532 43151
381.545 44139
381.559 44437
381.572 44497
381.586 44605
381.599 45057
381.613 45445
381.627 46125
381.640 46642
381.654 47104
381.667 47043
381.681 47173
381.694 47191
381.708 46968
381.722 47571
381.735 48575
381.749 48343
381.762 48860
381.776 48528
381.789 48861
381.803 49134
381.817 49725
381.830 50108
381.844 50357
381.857 51049
381.871 51519
381.884 51918
381.898 52468
381.911 52624
381.925 53053
381.939 53672
381.952 53673
381.966 53752
381.979 54350
381.993 55236
382.006 56040
382.020 55987
382.034 56968
382.047 57675
382.061 58046
382.074 58032
382.088 58923
382.101 59531
382.115 59890
382.128 60738
382.142 61531
382.156 62693
382.169 63778
382.183 64262
382.196 64886
382.210 65412
382.223 66133
382.237 67236
382.250 67035
382.264 68014
382.278 68580
382.291 69122
382.305 69795
382.318 70443
382.332 71502
382.345 72176
382.359 72984
382.372 73800
382.386 75267
382.399 76188
382.413 77186
382.427 78137
382.440 79792
382.454 81007
382.467 82206
382.481 83677
382.494 85094
382.508 86499
382.521 88028
382.535 88208
382.548 88459
382.562 89098
382.576 90373
382.589 91408
382.603 93185
382.616 93868
382.630 95452
382.643 96591
382.657 97691
382.670 99410
382.684 99848
382.697 100835
382.711 102947
382.724 105509
382.738 106986
382.752 108111
382.765 109510
382.779 110956
382.792 112181
382.806 114218
382.819 116219
382.833 117754
382.846 119937
382.860 121486
382.873 122871
382.887 124568
382.900 127659
382.914 131313
382.928 134106
382.941 137235
382.955 139466
382.968 141301
382.982 143572
382.995 146478
383.009 148216
383.022 150726
383.036 152901
383.049 156637
383.063 159291
383.076 161463
383.090 161831
383.103 164151
383.117 164980
383.130 167500
383.144 169114
383.158 170808
383.171 174608
383.185 177097
383.198 180844
383.212 183582
383.225 188307
383.239 193783
383.252 195812
383.266 197939
383.279 201703
383.293 204813
383.306 205589
383.320 207056
383.333 208468
383.347 211173
383.360 212794
383.374 215021
383.387 217987
383.401 221091
383.414 224069
383.428 226564
383.441 229635
383.455 234599
383.468 235952
383.482 237730
383.496 239695
383.509 240580
383.523 242943
383.536 244816
383.550 247794
383.563 249717
383.577 252980
383.590 255460
383.604 257970
383.617 260521
383.631 261933
383.644 264639
383.658 267361
383.671 269784
383.685 274264
383.698 276417
383.712 279349
383.725 280825
383.739 282013
383.752 282188
383.766 282757
383.779 282118
383.793 286133
383.806 290379
383.820 292116
383.833 292730
383.847 294545
383.860 295899
383.874 297414
383.887 298161
383.901 302040
383.914 300620
383.928 302099
383.941 301994
383.955 303352
383.968 304869
383.982 306461
383.995 308148
384.009 309670
384.022 311745
384.036 311043
384.049 311585
384.063 311683
384.076 314386
384.090 316722
384.103 319567
384.117 320091
384.130 317666
384.144 314883
384.157 316998
384.171 322431
384.184 322759
384.198 322852
384.211 318598
384.225 320042
384.238 325691
384.252 327434
384.265 326742
384.279 323611
384.292 321281
384.306 321665
384.319 319441
384.333 319806
384.346 319622
384.360 316653
384.373 316516
384.387 317750
384.400 318588
384.414 318997
384.427 318993
384.441 316996
384.454 316019
384.468 316957
384.481 318802
384.495 321845
384.508 324723
384.522 324680
384.535 322952
384.549 321511
384.562 321594
384.575 320937
384.589 321670
384.602 324203
384.616 325087
384.629 325274
384.643 321012
384.656 318543
384.670 316762
384.683 316219
384.697 315471
384.710 314165
384.724 313025
384.737 313673
384.751 313294
384.764 313723
384.778 314214
384.791 315295
384.805 315061
384.818 313656
384.832 313476
384.845 313952
384.859 314269
384.872 313901
384.885 313083
384.899 314798
384.912 315187
384.926 314796
384.939 314353
384.953 314650
384.966 315889
384.980 318861
384.993 319274
385.007 319008
385.020 318962
385.034 317336
385.047 314203
385.061 313331
385.074 315256
385.088 315109
385.101 317101
385.114 319748
385.128 318277
385.141 319190
385.155 320626
385.168 320486
385.182 325303
385.195 326115
385.209 325807
385.222 324752
385.236 325334
385.249 327160
385.263 326004
385.276 329992
385.290 332623
385.303 331615
385.316 334024
385.330 339770
385.343 342098
385.357 341437
385.370 334717
385.384 332708
385.397 330033
385.411 326086
385.424 325639
385.438 325924
385.451 326726
385.464 327235
385.478 327830
385.491 328766
385.505 329530
385.518 331769
385.532 332229
385.545 329950
385.559 328497
385.572 330573
385.586 332809
385.599 334409
385.612 335931
385.626 337067
385.639 338987
385.653 340294
385.666 336296
385.680 337097
385.693 339540
385.707 339516
385.720 336954
385.734 335101
385.747 331401
385.760 332774
385.774 332408
385.787 332284
385.801 329126
385.814 326841
385.828 325901
385.841 326198
385.855 328135
385.868 332298
385.881 332206
385.895 331184
385.908 331621
385.922 331254
385.935 333934
385.949 331636
385.962 326817
385.976 328020
385.989 329399
386.002 331679
386.016 332254
386.029 331875
386.043 329877
386.056 330716
386.070 330409
386.083 331593
386.097 329743
386.110 329284
386.123 330765
386.137 332802
386.150 333281
386.164 332152
386.177 329763
386.191 329475
386.204 328523
386.217 326927
386.231 326234
386.244 326255
386.258 327237
386.271 327488
386.285 327034
386.298 327441
386.311 327103
386.325 329381
386.338 331459
386.352 333527
386.365 335691
386.379 334927
386.392 332932
386.405 328577
386.419 326943
386.432 328234
386.446 329604
386.459 330171
386.473 328817
386.486 328270
386.499 329938
386.513 330384
386.526 328085
386.540 327100
386.553 325026
386.567 323988
386.580 325338
386.593 328222
386.607 329280
386.620 330422
386.634 330359
386.647 331069
386.661 330081
386.674 328490
386.687 329860
386.701 329956
386.714 330382
386.728 331198
386.741 332355
386.754 332600
386.768 333594
386.781 332349
386.795 329389
386.808 328835
386.822 327764
386.835 329198
386.848 328435
386.862 327431
386.875 325402
386.889 325072
386.902 326035
386.915 330713
386.929 332813
386.942 335187
386.956 334751
386.969 332782
386.983 332269
386.996 327488
387.009 324870
387.023 325335
387.036 325186
387.050 325227
387.063 323926
387.076 326175
387.090 332066
387.103 332428
387.117 332874
387.130 333110
387.143 331708
387.157 327792
387.170 327029
387.184 324703
387.197 324505
387.210 324151
387.224 324209
387.237 324053
387.251 323502
387.264 323554
387.278 323979
387.291 326657
387.304 326395
387.318 326408
387.331 327964
387.345 328707
387.358 330154
387.371 329537
387.385 327782
387.398 327663
387.412 326896
387.425 323836
387.438 322094
387.452 322876
387.465 321438
387.478 320769
387.492 320409
387.505 322872
387.519 324566
387.532 325321
387.545 324408
387.559 324265
387.572 324155
387.586 322003
387.599 322639
387.612 323174
387.626 322231
387.639 320905
387.653 322111
387.666 320797
387.679 320071
387.693 320872
387.706 323348
387.720 326841
387.733 328205
387.746 329522
387.760 330390
387.773 328177
387.787 328129
387.800 324848
387.813 320126
387.827 320656
387.840 321359
387.853 320319
387.867 321000
387.880 323558
387.894 325535
387.907 328465
387.920 327060
387.934 326224
387.947 325042
387.961 321798
387.974 322785
387.987 322179
388.001 321761
388.014 321643
388.027 321249
388.041 321213
388.054 320821
388.068 321116
388.081 321038
388.094 323176
388.108 326140
388.121 327166
388.134 324992
388.148 323859
388.161 321339
388.175 320210
388.188 317757
388.201 315342
388.215 314177
388.228 315610
388.241 316570
388.255 316809
388.268 317252
388.282 318776
388.295 317240
388.308 314832
388.322 312478
388.335 311585
388.348 311895
388.362 311410
388.375 313287
388.389 316373
388.402 315663
388.415 313551
388.429 312360
388.442 311121
388.455 311321
388.469 310969
388.482 310240
388.495 311317
388.509 311380
388.522 314160
388.536 317701
388.549 316009
388.562 313885
388.576 314143
388.589 315519
388.602 315725
388.616 316796
388.629 315502
388.642 313555
388.656 310953
388.669 310735
388.683 309452
388.696 310761
388.709 310257
388.723 309747
388.736 309033
388.749 309860
388.763 309329
388.776 309200
388.789 308981
388.803 309189
388.816 306722
388.829 306833
388.843 309129
388.856 311748
388.870 313230
388.883 314603
388.896 315298
388.910 314489
388.923 312272
388.936 308725
388.950 305844
388.963 303323
388.976 302944
388.990 305656
389.003 306797
389.016 305756
389.030 307739
389.043 306769
389.056 307137
389.070 306799
389.083 307197
389.097 310444
389.110 311915
389.123 309137
389.137 303742
389.150 305349
389.163 306374
389.177 308709
389.190 308533
389.203 307109
389.217 304237
389.230 300341
389.243 300244
389.257 301539
389.270 307021
389.283 310258
389.297 311928
389.310 310494
389.323 307942
389.337 305329
389.350 303103
389.363 302274
389.377 301626
389.390 302342
389.403 301675
389.417 301220
389.430 298561
389.443 297038
389.457 297934
389.470 299361
389.483 299802
389.497 299191
389.510 298535
389.523 298828
389.537 299282
389.550 297756
389.563 297054
389.577 298183
389.590 298024
389.603 295851
389.617 294859
389.630 296518
389.643 297404
389.657 299122
389.670 301393
389.683 300052
389.697 296370
389.710 292624
389.723 293836
389.737 297475
389.750 300199
389.763 300126
389.777 299972
389.790 301504
389.803 300784
389.817 298786
389.830 294297
389.843 290796
389.857 289511
389.870 291540
389.883 290769
389.897 293342
389.910 295205
389.923 296568
389.937 296705
389.950 297652
389.963 297311
389.977 297379
389.990 298490
390.003 298389
390.017 299409
390.030 298271
390.043 298018
390.057 295289
390.070 293168
390.083 291986
390.096 288451
390.110 285992
390.123 285198
390.136 285777
390.150 286186
390.163 284441
390.176 285843
390.190 285540
390.203 283784
390.216 282437
390.230 282425
390.243 283109
390.256 282060
390.270 281433
390.283 281894
390.296 283521
390.310 285101
390.323 283870
390.336 284072
390.349 282798
390.363 281335
390.376 283554
390.389 284624
390.403 284133
390.416 282146
390.429 281891
390.443 281095
390.456 279557
390.469 278820
390.483 278373
390.496 278076
390.509 279468
390.522 281029
390.536 281063
390.549 282266
390.562 282911
390.576 285070
390.589 287548
390.602 290288
390.616 289027
390.629 285460
390.642 285701
390.655 284892
390.669 284322
390.682 281467
390.695 277686
390.709 276577
390.722 276268
390.735 276036
390.749 274634
390.762 273171
390.775 274862
390.788 275912
390.802 276131
390.815 277337
390.828 277171
390.842 276232
390.855 276044
390.868 274558
390.882 274629
390.895 273304
390.908 273187
390.921 271959
390.935 270368
390.948 269106
390.961 267720
390.975 266601
390.988 265750
391.001 265649
391.014 267483
391.028 267597
391.041 268231
391.054 268596
391.068 271356
391.081 274933
391.094 273746
391.107 272713
391.121 272112
391.134 270579
391.147 270288
391.161 269773
391.174 267843
391.187 265553
391.200 264734
391.214 264928
391.227 263450
391.240 263877
391.254 263741
391.267 266354
391.280 266669
391.293 267606
391.307 268113
391.320 269046
391.333 267210
391.347 262478
391.360 260642
391.373 260857
391.386 261116
391.400 260409
391.413 260714
391.426 259623
391.440 259573
391.453 257948
391.466 255257
391.479 253909
391.493 253183
391.506 255059
391.519 256582
391.532 256696
391.546 255924
391.559 256330
391.572 256217
391.586 256078
391.599 255648
391.612 254845
391.625 255008
391.639 254662
391.652 254350
391.665 253799
391.678 255370
391.692 255117
391.705 254409
391.718 254641
391.732 254753
391.745 254875
391.758 253967
391.771 252917
391.785 252111
391.798 250142
391.811 249381
391.824 247613
391.838 247373
391.851 247361
391.864 248377
391.877 248882
391.891 249128
391.904 249223
391.917 251216
391.931 251639
391.944 249977
391.957 248129
391.970 247620
391.984 247492
391.997 246415
392.010 246211
392.023 245993
392.037 245931
392.050 245798
392.063 245112
392.076 243853
392.090 243672
392.103 243387
392.116 243782
392.129 243374
392.143 242786
392.156 244332
392.169 244327
392.182 244457
392.196 245091
392.209 242976
392.222 242136
392.235 241320
392.249 240985
392.262 240408
392.275 240792
392.288 239321
392.302 238183
392.315 237669
392.328 237125
392.341 237893
392.355 241073
392.368 240515
392.381 241259
392.394 240907
392.408 239611
392.421 238874
392.434 238467
392.447 238663
392.461 237917
392.474 236294
392.487 237770
392.500 237565
392.514 237480
392.527 237051
392.540 238903
392.553 239000
392.567 238402
392.580 237237
392.593 236394
392.606 234452
392.620 234226
392.633 233719
392.646 233390
392.659 233198
392.673 232473
392.686 231747
392.699 230670
392.712 229862
392.726 227471
392.739 226220
392.752 226522
392.765 227179
392.778 228143
392.792 227790
392.805 227408
392.818 226489
392.831 226306
392.845 226624
392.858 226826
392.871 226229
392.884 226121
392.898 226078
392.911 226128
392.924 226598
392.937 225423
392.951 223783
392.964 224743
392.977 226512
392.990 226320
393.003 226621
393.017 227271
393.030 226168
393.043 227605
393.056 226437
393.070 224372
393.083 224288
393.096 225215
393.109 225567
393.122 226554
393.136 224966
393.149 224107
393.162 223800
393.175 221729
393.189 220031
393.202 217371
393.215 214992
393.228 214353
393.242 213940
393.255 212401
393.268 213238
393.281 212311
393.294 211976
393.308 211759
393.321 212624
393.334 213648
393.347 214646
393.360 214106
393.374 213293
393.387 213614
393.400 213015
393.413 214008
393.427 214260
393.440 213787
393.453 213272
393.466 212173
393.479 212557
393.493 212685
393.506 213547
393.519 213062
393.532 212875
393.546 212934
393.559 212650
393.572 211263
393.585 209895
393.598 210008
393.612 210484
393.625 210734
393.638 209659
393.651 208883
393.664 208825
393.678 207632
393.691 208591
393.704 209363
393.717 209073
393.730 208207
393.744 206078
393.757 204801
393.770 205080
393.783 204590
393.796 202709
393.810 202334
393.823 201451
393.836 202912
393.849 203388
393.863 204723
393.876 204371
393.889 203993
393.902 204014
393.915 202652
393.929 200658
