375.891 6385
375.905 6381
375.919 6402
375.933 6400
375.946 6391
375.960 6384
375.974 6439
375.987 6383
376.001 6395
376.015 6405
376.029 6364
376.042 6408
376.056 6407
376.070 6421
376.084 6365
376.097 6384
376.111 6388
376.125 6375
376.139 6414
376.152 6433
376.166 6400
376.180 6366
376.193 6402
376.207 6391
376.221 6405
376.235 6403
376.248 6434
376.262 6406
376.276 6429
376.290 6374
376.303 6387
376.317 6373
376.331 6418
376.345 6393
376.358 6382
376.372 6414
376.386 6371
376.399 6416
376.413 6377
376.427 6405
376.441 6391
376.454 6393
376.468 6334
376.482 6387
376.495 6398
376.509 6409
376.523 6412
376.537 6374
376.550 6392
376.564 6341
376.578 6383
376.592 6400
376.605 6378
376.619 6393
376.633 6328
376.646 6393
376.660 6366
376.674 6395
376.688 6381
376.701 6380
376.715 6361
376.729 6416
376.742 6356
376.756 6379
376.770 6404
376.784 6359
376.797 6389
376.811 6371
376.825 6374
376.838 6390
376.852 6360
376.866 6363
376.880 6386
376.893 6381
376.907 6397
376.921 6360
376.934 6345
376.948 6391
376.962 6350
376.976 6333
376.989 6358
377.003 6342
377.017 6344
377.030 6361
377.044 6381
377.058 6360
377.071 6377
377.085 6359
377.099 6381
377.113 6374
377.126 6386
377.140 6339
377.154 6335
377.167 6371
377.181 6332
377.195 6322
377.208 6339
377.222 6385
377.236 6357
377.250 6367
377.263 6372
377.277 6327
377.291 6387
377.304 6371
377.318 6369
377.332 6340
377.345 6362
377.359 6360
377.373 6332
377.387 6370
377.400 6409
377.414 6378
377.428 6368
377.441 6362
377.455 6349
377.469 6381
377.482 6383
377.496 6346
377.510 6357
377.524 6371
377.537 6332
377.551 6339
377.565 6365
377.578 6360
377.592 6359
377.606 6374
377.619 6327
377.633 6370
377.647 6380
377.660 6359
377.674 6350
377.688 6370
377.701 6361
377.715 6304
377.729 6345
377.743 6394
377.756 6278
377.770 6329
377.784 6348
377.797 6362
377.811 6358
377.825 6349
377.838 6343
377.852 6376
377.866 6350
377.879 6372
377.893 6330
377.907 6329
377.920 6389
377.934 6337
377.948 6378
377.961 6390
377.975 6362
377.989 6336
378.002 6365
378.016 6337
378.030 6338
378.044 6339
378.057 6328
378.071 6359
378.085 6355
378.098 6377
378.112 6327
378.126 6332
378.139 6378
378.153 6340
378.167 6346
378.180 6360
378.194 6339
378.208 6332
378.221 6347
378.235 6298
378.249 6349
378.262 6354
378.276 6346
378.290 6357
378.303 6343
378.317 6373
378.331 6318
378.344 6369
378.358 6349
378.372 6360
378.385 6369
378.399 6395
378.413 6329
378.426 6366
378.440 6354
378.454 6339
378.467 6361
378.481 6316
378.495 6380
378.508 6313
378.522 6340
378.536 6350
378.549 6330
378.563 6357
378.577 6322
378.590 6354
378.604 6352
378.618 6338
378.631 6310
378.645 6349
378.659 6371
378.672 6360
378.686 6336
378.700 6316
378.713 6358
378.727 6330
378.740 6329
378.754 6325
378.768 6337
378.781 6349
378.795 6353
378.809 6321
378.822 6354
378.836 6379
378.850 6355
378.863 6337
378.877 6322
378.891 6362
378.904 6299
378.918 6302
378.932 6352
378.945 6345
378.959 6367
378.973 6349
378.986 6353
379.000 6345
379.014 6366
379.027 6330
379.041 6358
379.054 6327
379.068 6368
379.082 6340
379.095 6309
379.109 6346
379.123 6328
379.136 6324
379.150 6376
379.164 6344
379.177 6342
379.191 6370
379.205 6326
379.218 6375
379.232 6341
379.245 6316
379.259 6363
379.273 6348
379.286 6358
379.300 6337
379.314 6340
379.327 6348
379.341 6333
379.355 6365
379.368 6346
379.382 6334
379.396 6352
379.409 6354
379.423 6370
379.436 6352
379.450 6340
379.464 6339
379.477 6324
379.491 6359
379.505 6352
379.518 6300
379.532 6347
379.546 6363
379.559 6349
379.573 6341
379.586 6339
379.600 6296
379.614 6353
379.627 6356
379.641 6332
379.655 6332
379.668 6360
379.682 6344
379.695 6326
379.709 6327
379.723 6346
379.736 6304
379.750 6332
379.764 6338
379.777 6324
379.791 6344
379.804 6319
379.818 6332
379.832 6355
379.845 6339
379.859 6330
379.873 6368
379.886 6372
379.900 6323
379.913 6335
379.927 6348
379.941 6346
379.954 6329
379.968 6340
379.982 6348
379.995 6330
380.009 6336
380.022 6342
380.036 6330
380.050 6339
380.063 6314
380.077 6342
380.090 6326
380.104 6342
380.118 6340
380.131 6338
380.145 6319
380.159 6330
380.172 6330
380.186 6358
380.199 6394
380.213 6307
380.227 6395
380.240 6341
380.254 6367
380.267 6345
380.281 6334
380.295 6352
380.308 6310
380.322 6363
380.336 6336
380.349 6351
380.363 6338
380.376 6314
380.390 6350
380.404 6353
380.417 6313
380.431 6329
380.444 6309
380.458 6316
380.472 6329
380.485 6306
380.499 6334
380.512 6354
380.526 6305
380.540 6352
380.553 6339
380.567 6377
380.580 6339
380.594 6334
380.608 6343
380.621 6340
380.635 6334
380.648 6334
380.662 6357
380.676 6355
380.689 6354
380.703 6330
380.716 6364
380.730 6350
380.744 6332
380.757 6342
380.771 6365
380.784 6354
380.798 6346
380.812 6324
380.825 6347
380.839 6321
380.852 6328
380.866 6375
380.880 6347
380.893 6338
380.907 6337
380.920 6344
380.934 6336
380.948 6349
380.961 6306
380.975 6355
380.988 6312
381.002 6338
381.015 6336
381.029 6315
381.043 6333
381.056 6311
381.070 6338
381.083 6358
381.097 6296
381.111 6353
381.124 6354
381.138 6331
381.151 6348
381.165 6351
381.179 6345
381.192 6347
381.206 6336
381.219 6331
381.233 6333
381.246 6336
381.260 6330
381.274 6340
381.287 6350
381.301 6363
381.314 6331
381.328 6351
381.341 6345
381.355 6333
381.369 6341
381.382 6329
381.396 6325
381.409 6333
381.423 6338
381.437 6309
381.450 6340
381.464 6315
381.477 6338
381.491 6316
381.504 6332
381.518 6342
381.532 6307
381.545 6354
381.559 6318
381.572 6314
381.586 6350
381.599 6346
381.613 6305
381.627 6332
381.640 6344
381.654 6340
381.667 6307
381.681 6389
381.694 6391
381.708 6336
381.722 6312
381.735 6307
381.749 6320
381.762 6373
381.776 6368
381.789 6324
381.803 6322
381.817 6360
381.830 6330
381.844 6332
381.857 6351
381.871 6361
381.884 6312
381.898 6309
381.911 6348
381.925 6318
381.939 6319
381.952 6309
381.966 6332
381.979 6344
381.993 6343
382.006 6347
382.020 6333
382.034 6343
382.047 6342
382.061 6349
382.074 6341
382.088 6343
382.101 6322
382.115 6338
382.128 6350
382.142 6358
382.156 6344
382.169 6339
382.183 6336
382.196 6335
382.210 6385
382.223 6315
382.237 6356
382.250 6370
382.264 6357
382.278 6301
382.291 6312
382.305 6348
382.318 6336
382.332 6351
382.345 6304
382.359 6304
382.372 6328
382.386 6366
382.399 6311
382.413 6336
382.427 6354
382.440 6335
382.454 6319
382.467 6347
382.481 6374
382.494 6326
382.508 6320
382.521 6345
382.535 6340
382.548 6348
382.562 6311
382.576 6314
382.589 6331
382.603 6350
382.616 6347
382.630 6348
382.643 6333
382.657 6378
382.670 6339
382.684 6297
382.697 6345
382.711 6339
382.724 6347
382.738 6318
382.752 6334
382.765 6355
382.779 6352
382.792 6332
382.806 6334
382.819 6342
382.833 6349
382.846 6306
382.860 6310
382.873 6391
382.887 6330
382.900 6305
382.914 6330
382.928 6355
382.941 6332
382.955 6345
382.968 6328
382.982 6321
382.995 6359
383.009 6331
383.022 6295
383.036 6355
383.049 6348
383.063 6337
383.076 6328
383.090 6341
383.103 6352
383.117 6353
383.130 6337
383.144 6342
383.158 6351
383.171 6362
383.185 6320
383.198 6317
383.212 6383
383.225 6391
383.239 6335
383.252 6341
383.266 6342
383.279 6334
383.293 6376
383.306 6337
383.320 6328
383.333 6367
383.347 6339
383.360 6335
383.374 6331
383.387 6310
383.401 6320
383.414 6322
383.428 6328
383.441 6355
383.455 6326
383.468 6347
383.482 6363
383.496 6343
383.509 6353
383.523 6338
383.536 6336
383.550 6356
383.563 6357
383.577 6347
383.590 6364
383.604 6350
383.617 6365
383.631 6318
383.644 6326
383.658 6345
383.671 6330
383.685 6367
383.698 6310
383.712 6325
383.725 6364
383.739 6332
383.752 6345
383.766 6308
383.779 6305
383.793 6327
383.806 6337
383.820 6335
383.833 6318
383.847 6332
383.860 6342
383.874 6340
383.887 6340
383.901 6357
383.914 6306
383.928 6327
383.941 6343
383.955 6363
383.968 6328
383.982 6319
383.995 6339
384.009 6359
384.022 6308
384.036 6351
384.049 6339
384.063 6337
384.076 6348
384.090 6340
384.103 6270
384.117 6371
384.130 6331
384.144 6317
384.157 6332
384.171 6314
384.184 6388
384.198 6335
384.211 6344
384.225 6349
384.238 6318
384.252 6346
384.265 6305
384.279 6334
384.292 6348
384.306 6338
384.319 6342
384.333 6326
384.346 6330
384.360 6352
384.373 6327
384.387 6355
384.400 6325
384.414 6290
384.427 6346
384.441 6341
384.454 6322
384.468 6346
384.481 6339
384.495 6312
384.508 6352
384.522 6309
384.535 6315
384.549 6331
384.562 6334
384.575 6330
384.589 6297
384.602 6319
384.616 6367
384.629 6330
384.643 6356
384.656 6347
384.670 6324
384.683 6355
384.697 6314
384.710 6347
384.724 6333
384.737 6309
384.751 6334
384.764 6327
384.778 6338
384.791 6374
384.805 6328
384.818 6310
384.832 6325
384.845 6344
384.859 6352
384.872 6331
384.885 6316
384.899 6336
384.912 6312
384.926 6311
384.939 6366
384.953 6360
384.966 6333
384.980 6328
384.993 6339
385.007 6345
385.020 6304
385.034 6358
385.047 6357
385.061 6350
385.074 6348
385.088 6356
385.101 6338
385.114 6329
385.128 6342
385.141 6337
385.155 6314
385.168 6326
385.182 6350
385.195 6302
385.209 6331
385.222 6310
385.236 6336
385.249 6317
385.263 6306
385.276 6315
385.290 6399
385.303 6326
385.316 6329
385.330 6311
385.343 6360
385.357 6369
385.370 6283
385.384 6347
385.397 6320
385.411 6322
385.424 6334
385.438 6364
385.451 6339
385.464 6331
385.478 6323
385.491 6325
385.505 6343
385.518 6330
385.532 6339
385.545 6350
385.559 6356
385.572 6363
385.586 6305
385.599 6352
385.612 6342
385.626 6302
385.639 6373
385.653 6319
385.666 6285
385.680 6378
385.693 6316
385.707 6324
385.720 6339
385.734 6377
385.747 6351
385.760 6323
385.774 6354
385.787 6346
385.801 6327
385.814 6325
385.828 6314
385.841 6312
385.855 6374
385.868 6323
385.881 6289
385.895 6349
385.908 6329
385.922 6357
385.935 6313
385.949 6375
385.962 6365
385.976 6352
385.989 6353
386.002 6364
386.016 6326
386.029 6322
386.043 6317
386.056 6338
386.070 6375
386.083 6337
386.097 6355
386.110 6348
386.123 6335
386.137 6356
386.150 6293
386.164 6311
386.177 6327
386.191 6356
386.204 6342
386.217 6343
386.231 6323
386.244 6369
386.258 6311
386.271 6311
386.285 6340
386.298 6337
386.311 6337
386.325 6276
386.338 6351
386.352 6341
386.365 6304
386.379 6327
386.392 6308
386.405 6352
386.419 6345
386.432 6318
386.446 6356
386.459 6367
386.473 6330
386.486 6316
386.499 6337
386.513 6343
386.526 6353
386.540 6314
386.553 6345
386.567 6342
386.580 6322
386.593 6316
386.607 6318
386.620 6312
386.634 6349
386.647 6316
386.661 6311
386.674 6328
386.687 6341
386.701 6349
386.714 6296
386.728 6318
386.741 6352
386.754 6333
386.768 6304
386.781 6335
386.795 6379
386.808 6364
386.822 6344
386.835 6319
386.848 6369
386.862 6366
386.875 6337
386.889 6322
386.902 6314
386.915 6341
386.929 6340
386.942 6355
386.956 6303
386.969 6380
386.983 6365
386.996 6322
387.009 6355
387.023 6332
387.036 6351
387.050 6321
387.063 6357
387.076 6375
387.090 6357
387.103 6373
387.117 6330
387.130 6321
387.143 6333
387.157 6340
387.170 6324
387.184 6343
387.197 6354
387.210 6276
387.224 6339
387.237 6367
387.251 6328
387.264 6360
387.278 6304
387.291 6312
387.304 6332
387.318 6344
387.331 6316
387.345 6327
387.358 6323
387.371 6371
387.385 6317
387.398 6318
387.412 6329
387.425 6390
387.438 6342
387.452 6310
387.465 6356
387.478 6336
387.492 6310
387.505 6327
387.519 6337
387.532 6330
387.545 6334
387.559 6341
387.572 6330
387.586 6341
387.599 6333
387.612 6313
387.626 6348
387.639 6338
387.653 6313
387.666 6326
387.679 6355
387.693 6365
387.706 6322
387.720 6330
387.733 6345
387.746 6350
387.760 6355
387.773 6337
387.787 6328
387.800 6321
387.813 6299
387.827 6342
387.840 6346
387.853 6340
387.867 6384
387.880 6305
387.894 6368
387.907 6364
387.920 6311
387.934 6372
387.947 6354
387.961 6333
387.974 6359
387.987 6318
388.001 6348
388.014 6355
388.027 6318
388.041 6309
388.054 6326
388.068 6299
388.081 6326
388.094 6324
388.108 6333
388.121 6331
388.134 6348
388.148 6326
388.161 6341
388.175 6334
388.188 6367
388.201 6374
388.215 6326
388.228 6328
388.241 6332
388.255 6340
388.268 6359
388.282 6320
388.295 6336
388.308 6344
388.322 6348
388.335 6335
388.348 6322
388.362 6349
388.375 6326
388.389 6321
388.402 6355
388.415 6326
388.429 6319
388.442 6365
388.455 6303
388.469 6356
388.482 6304
388.495 6333
388.509 6315
388.522 6335
388.536 6356
388.549 6311
388.562 6349
388.576 6359
388.589 6342
388.602 6334
388.616 6339
388.629 6371
388.642 6373
388.656 6351
388.669 6367
388.683 6341
388.696 6321
388.709 6381
388.723 6309
388.736 6326
388.749 6385
388.763 6322
388.776 6352
388.789 6355
388.803 6356
388.816 6339
388.829 6359
388.843 6339
388.856 6344
388.870 6310
388.883 6345
388.896 6330
388.910 6310
388.923 6357
388.936 6334
388.950 6357
388.963 6346
388.976 6348
388.990 6364
389.003 6348
389.016 6367
389.030 6339
389.043 6348
389.056 6334
389.070 6316
389.083 6302
389.097 6399
389.110 6331
389.123 6322
389.137 6370
389.150 6323
389.163 6325
389.177 6336
389.190 6322
389.203 6330
389.217 6335
389.230 6340
389.243 6356
389.257 6317
389.270 6350
389.283 6318
389.297 6339
389.310 6384
389.323 6335
389.337 6363
389.350 6339
389.363 6346
389.377 6354
389.390 6338
389.403 6343
389.417 6354
389.430 6333
389.443 6349
389.457 6337
389.470 6335
389.483 6361
389.497 6334
389.510 6333
389.523 6346
389.537 6310
389.550 6315
389.563 6312
389.577 6343
389.590 6326
389.603 6326
389.617 6349
389.630 6359
389.643 6307
389.657 6335
389.670 6325
389.683 6328
389.697 6333
389.710 6313
389.723 6375
389.737 6347
389.750 6329
389.763 6320
389.777 6345
389.790 6351
389.803 6341
389.817 6344
389.830 6335
389.843 6331
389.857 6359
389.870 6361
389.883 6327
389.897 6333
389.910 6328
389.923 6334
389.937 6321
389.950 6312
389.963 6362
389.977 6312
389.990 6346
390.003 6353
390.017 6319
390.030 6326
390.043 6330
390.057 6320
390.070 6362
390.083 6346
390.096 6327
390.110 6350
390.123 6354
390.136 6319
390.150 6315
390.163 6327
390.176 6355
390.190 6326
390.203 6321
390.216 6359
390.230 6327
390.243 6352
390.256 6348
390.270 6327
390.283 6366
390.296 6412
390.310 6352
390.323 6337
390.336 6346
390.349 6333
390.363 6304
390.376 6329
390.389 6358
390.403 6346
390.416 6347
390.429 6343
390.443 6303
390.456 6342
390.469 6325
390.483 6306
390.496 6355
390.509 6347
390.522 6320
390.536 6313
390.549 6319
390.562 6345
390.576 6333
390.589 6337
390.602 6360
390.616 6343
390.629 6339
390.642 6336
390.655 6322
390.669 6373
390.682 6321
390.695 6346
390.709 6309
390.722 6348
390.735 6352
390.749 6311
390.762 6333
390.775 6354
390.788 6325
390.802 6315
390.815 6376
390.828 6306
390.842 6339
390.855 6340
390.868 6314
390.882 6350
390.895 6329
390.908 6350
390.921 6321
390.935 6329
390.948 6367
390.961 6346
390.975 6320
390.988 6310
391.001 6312
391.014 6355
391.028 6341
391.041 6310
391.054 6313
391.068 6316
391.081 6333
391.094 6347
391.107 6343
391.121 6360
391.134 6369
391.147 6323
391.161 6343
391.174 6332
391.187 6292
391.200 6322
391.214 6327
391.227 6351
391.240 6357
391.254 6343
391.267 6317
391.280 6350
391.293 6344
391.307 6330
391.320 6310
391.333 6350
391.347 6336
391.360 6338
391.373 6295
391.386 6286
391.400 6362
391.413 6323
391.426 6345
391.440 6290
391.453 6339
391.466 6309
391.479 6327
391.493 6335
391.506 6364
391.519 6310
391.532 6319
391.546 6344
391.559 6325
391.572 6338
391.586 6345
391.599 6321
391.612 6366
391.625 6330
391.639 6325
391.652 6324
391.665 6328
391.678 6334
391.692 6298
391.705 6344
391.718 6366
391.732 6324
391.745 6345
391.758 6348
391.771 6313
391.785 6340
391.798 6324
391.811 6328
391.824 6341
391.838 6316
391.851 6361
391.864 6327
391.877 6349
391.891 6331
391.904 6370
391.917 6328
391.931 6316
391.944 6345
391.957 6330
391.970 6302
391.984 6319
391.997 6358
392.010 6335
392.023 6321
392.037 6337
392.050 6362
392.063 6340
392.076 6325
392.090 6332
392.103 6327
392.116 6326
392.129 6344
392.143 6325
392.156 6339
392.169 6365
392.182 6342
392.196 6332
392.209 6287
392.222 6351
392.235 6353
392.249 6350
392.262 6337
392.275 6334
392.288 6325
392.302 6324
392.315 6312
392.328 6329
392.341 6328
392.355 6346
392.368 6296
392.381 6319
392.394 6299
392.408 6362
392.421 6297
392.434 6344
392.447 6322
392.461 6330
392.474 6317
392.487 6359
392.500 6314
392.514 6351
392.527 6336
392.540 6308
392.553 6338
392.567 6336
392.580 6345
392.593 6314
392.606 6357
392.620 6316
392.633 6328
392.646 6334
392.659 6328
392.673 6316
392.686 6316
392.699 6340
392.712 6306
392.726 6358
392.739 6333
392.752 6349
392.765 6331
392.778 6328
392.792 6322
392.805 6347
392.818 6345
392.831 6317
392.845 6346
392.858 6346
392.871 6347
392.884 6325
392.898 6343
392.911 6322
392.924 6299
392.937 6343
392.951 6347
392.964 6328
392.977 6299
392.990 6313
393.003 6308
393.017 6308
393.030 6339
393.043 6355
393.056 6357
393.070 6351
393.083 6350
393.096 6288
393.109 6368
393.122 6313
393.136 6292
393.149 6293
393.162 6347
393.175 6361
393.189 6328
393.202 6340
393.215 6310
393.228 6373
393.242 6340
393.255 6296
393.268 6304
393.281 6341
393.294 6322
393.308 6287
393.321 6314
393.334 6328
393.347 6285
393.360 6321
393.374 6332
393.387 6366
393.400 6352
393.413 6333
393.427 6322
393.440 6344
393.453 6306
393.466 6317
393.479 6323
393.493 6342
393.506 6332
393.519 6350
393.532 6329
393.546 6342
393.559 6356
393.572 6362
393.585 6339
393.598 6325
393.612 6341
393.625 6317
393.638 6332
393.651 6306
393.664 6352
393.678 6345
393.691 6340
393.704 6323
393.717 6315
393.730 6315
393.744 6321
393.757 6302
393.770 6321
393.783 6360
393.796 6332
393.810 6336
393.823 6307
393.836 6341
393.849 6316
393.863 6343
393.876 6300
393.889 6358
393.902 6337
393.915 6341
393.929 6357
