373.873 6295
373.887 6334
373.901 6324
373.915 6331
373.928 6276
373.942 6358
373.956 6326
373.970 6327
373.983 6320
373.997 6333
374.011 6341
374.025 6346
374.039 6339
374.052 6329
374.066 6356
374.080 6306
374.094 6318
374.107 6329
374.121 6328
374.135 6305
374.149 6324
374.162 6301
374.176 6333
374.190 6313
374.204 6325
374.217 6320
374.231 6335
374.245 6345
374.259 6311
374.272 6284
374.286 6322
374.300 6326
374.314 6340
374.327 6364
374.341 6355
374.355 6303
374.369 6342
374.382 6327
374.396 6316
374.410 6348
374.424 6354
374.437 6307
374.451 6326
374.465 6345
374.479 6342
374.492 6321
374.506 6341
374.520 6340
374.534 6321
374.547 6362
374.561 6284
374.575 6320
374.589 6293
374.602 6335
374.616 6333
374.630 6314
374.644 6343
374.657 6300
374.671 6365
374.685 6316
374.699 6349
374.712 6302
374.726 6359
374.740 6314
374.754 6298
374.767 6307
374.781 6303
374.795 6302
374.809 6310
374.822 6311
374.836 6284
374.850 6300
374.863 6343
374.877 6314
374.891 6298
374.905 6331
374.918 6363
374.932 6262
374.946 6324
374.960 6330
374.973 6329
374.987 6300
375.001 6291
375.015 6315
375.028 6300
375.042 6336
375.056 6285
375.069 6309
375.083 6313
375.097 6328
375.111 6314
375.124 6321
375.138 6327
375.152 6297
375.166 6322
375.179 6343
375.193 6357
375.207 6300
375.220 6356
375.234 6320
375.248 6316
375.262 6318
375.275 6353
375.289 6293
375.303 6323
375.317 6343
375.330 6297
375.344 6378
375.358 6313
375.371 6323
375.385 6330
375.399 6370
375.413 6331
375.426 6371
375.440 6362
375.454 6349
375.468 6334
375.481 6327
375.495 6349
375.509 6364
375.522 6376
375.536 6380
375.550 6352
375.564 6339
375.577 6354
375.591 6405
375.605 6364
375.618 6360
375.632 6382
375.646 6372
375.660 6381
375.673 6433
375.687 6389
375.701 6380
375.714 6412
375.728 6348
375.742 6384
375.756 6386
375.769 6429
375.783 6429
375.797 6403
375.810 6423
375.824 6432
375.838 6410
375.852 6420
375.865 6426
375.879 6455
375.893 6450
375.906 6437
375.920 6437
375.934 6453
375.947 6465
375.961 6480
375.975 6504
375.989 6461
376.002 6476
376.016 6542
376.030 6483
376.043 6535
376.057 6523
376.071 6543
376.084 6530
376.098 6565
376.112 6528
376.126 6532
376.139 6576
376.153 6532
376.167 6559
376.180 6567
376.194 6547
376.208 6557
376.221 6650
376.235 6604
376.249 6642
376.263 6611
376.276 6640
376.290 6653
376.304 6657
376.317 6646
376.331 6689
376.345 6657
376.358 6717
376.372 6682
376.386 6714
376.400 6681
376.413 6709
376.427 6685
376.441 6728
376.454 6731
376.468 6740
376.482 6773
376.495 6786
376.509 6794
376.523 6782
376.536 6748
376.550 6801
376.564 6855
376.577 6868
376.591 6849
376.605 6818
376.619 6885
376.632 6821
376.646 6907
376.660 6894
376.673 6880
376.687 6942
376.701 6970
376.714 6968
376.728 6921
376.742 6959
376.755 6949
376.769 6985
376.783 6959
376.796 6982
376.810 7001
376.824 6970
376.837 7067
376.851 6976
376.865 7051
376.879 7038
376.892 7004
376.906 7075
376.920 7058
376.933 7050
376.947 7099
376.961 7064
376.974 7115
376.988 7090
377.002 7123
377.015 7119
377.029 7170
377.043 7112
377.056 7164
377.070 7120
377.084 7160
377.097 7208
377.111 7190
377.125 7245
377.138 7191
377.152 7263
377.166 7248
377.179 7195
377.193 7218
377.207 7227
377.220 7279
377.234 7269
377.248 7286
377.261 7219
377.275 7297
377.289 7358
377.302 7284
377.316 7341
377.330 7257
377.343 7354
377.357 7285
377.371 7324
377.384 7369
377.398 7321
377.412 7398
377.425 7339
377.439 7378
377.453 7386
377.466 7414
377.480 7431
377.494 7351
377.507 7336
377.521 7480
377.535 7370
377.548 7401
377.562 7438
377.576 7410
377.589 7441
377.603 7455
377.617 7463
377.630 7507
377.644 7538
377.658 7511
377.671 7424
377.685 7534
377.698 7476
377.712 7540
377.726 7532
377.739 7562
377.753 7594
377.767 7619
377.780 7587
377.794 7619
377.808 7607
377.821 7585
377.835 7566
377.849 7570
377.862 7613
377.876 7598
377.890 7628
377.903 7594
377.917 7653
377.931 7649
377.944 7658
377.958 7615
377.972 7608
377.985 7666
377.999 7654
378.012 7615
378.026 7674
378.040 7674
378.053 7607
378.067 7737
378.081 7650
378.094 7693
378.108 7783
378.122 7701
378.135 7712
378.149 7714
378.163 7767
378.176 7705
378.190 7669
378.203 7763
378.217 7753
378.231 7727
378.244 7685
378.258 7675
378.272 7715
378.285 7708
378.299 7639
378.313 7738
378.326 7691
378.340 7720
378.353 7794
378.367 7722
378.381 7784
378.394 7714
378.408 7679
378.422 7701
378.435 7717
378.449 7727
378.463 7744
378.476 7750
378.490 7697
378.503 7781
378.517 7771
378.531 7755
378.544 7772
378.558 7797
378.572 7797
378.585 7713
378.599 7856
378.612 7812
378.626 7839
378.640 7855
378.653 7765
378.667 7799
378.681 7849
378.694 7851
378.708 7823
378.721 7830
378.735 7824
378.749 7794
378.762 7829
378.776 7891
378.790 7809
378.803 7828
378.817 7877
378.830 7929
378.844 7910
378.858 7879
378.871 7879
378.885 7839
378.899 7864
378.912 7864
378.926 7860
378.939 7813
378.953 7835
378.967 7848
378.980 7893
378.994 7823
379.007 7813
379.021 7907
379.035 7834
379.048 7797
379.062 7812
379.076 7855
379.089 7773
379.103 7793
379.116 7869
379.130 7803
379.144 7786
379.157 7837
379.171 7821
379.184 7807
379.198 7739
379.212 7780
379.225 7785
379.239 7774
379.252 7749
379.266 7762
379.280 7759
379.293 7832
379.307 7767
379.321 7732
379.334 7745
379.348 7791
379.361 7720
379.375 7725
379.389 7672
379.402 7789
379.416 7733
379.429 7806
379.443 7763
379.457 7734
379.470 7735
379.484 7726
379.497 7698
379.511 7753
379.525 7767
379.538 7696
379.552 7859
379.565 7731
379.579 7741
379.593 7750
379.606 7693
379.620 7738
379.633 7793
379.647 7726
379.661 7742
379.674 7761
379.688 7739
379.701 7719
379.715 7751
379.729 7729
379.742 7737
379.756 7697
379.769 7675
379.783 7778
379.797 7761
379.810 7676
379.824 7626
379.837 7751
379.851 7648
379.864 7657
379.878 7661
379.892 7663
379.905 7701
379.919 7727
379.932 7675
379.946 7679
379.960 7699
379.973 7629
379.987 7687
380.000 7569
380.014 7675
380.028 7600
380.041 7568
380.055 7589
380.068 7576
380.082 7543
380.095 7562
380.109 7549
380.123 7470
380.136 7498
380.150 7517
380.163 7509
380.177 7477
380.191 7418
380.204 7444
380.218 7439
380.231 7386
380.245 7448
380.258 7353
380.272 7421
380.286 7367
380.299 7431
380.313 7424
380.326 7416
380.340 7418
380.353 7378
380.367 7338
380.381 7309
380.394 7346
380.408 7381
380.421 7330
380.435 7314
380.449 7383
380.462 7301
380.476 7285
380.489 7380
380.503 7404
380.516 7366
380.530 7341
380.544 7313
380.557 7318
380.571 7333
380.584 7346
380.598 7281
380.611 7248
380.625 7334
380.639 7288
380.652 7318
380.666 7312
380.679 7264
380.693 7200
380.706 7264
380.720 7270
380.733 7263
380.747 7244
380.761 7189
380.774 7244
380.788 7233
380.801 7213
380.815 7197
380.828 7202
380.842 7162
380.856 7196
380.869 7179
380.883 7186
380.896 7149
380.910 7138
380.923 7158
380.937 7146
380.950 7111
380.964 7160
380.978 7136
380.991 7137
381.005 7043
381.018 7115
381.032 7130
381.045 7118
381.059 7124
381.072 7112
381.086 7105
381.100 7083
381.113 7069
381.127 7072
381.140 7084
381.154 7060
381.167 7068
381.181 7136
381.194 7038
381.208 7122
381.222 7072
381.235 7097
381.249 7101
381.262 7069
381.276 7082
381.289 7063
381.303 7126
381.316 7064
381.330 7040
381.343 7075
381.357 7077
381.371 7037
381.384 7106
381.398 7062
381.411 7054
381.425 7097
381.438 7031
381.452 7069
381.465 7089
381.479 7007
381.492 7102
381.506 7050
381.520 7074
381.533 7091
381.547 7018
381.560 7017
381.574 7053
381.587 7073
381.601 7067
381.614 7069
381.628 7019
381.641 7074
381.655 7069
381.669 7019
381.682 7014
381.696 7119
381.709 7064
381.723 7040
381.736 7092
381.750 7082
381.763 7044
381.777 7083
381.790 7052
381.804 7025
381.817 7112
381.831 7074
381.844 7032
381.858 7105
381.872 7101
381.885 7055
381.899 7068
381.912 7079
381.926 7096
381.939 7058
381.953 7077
381.966 7114
381.980 7082
381.993 7093
382.007 7086
382.020 7090
382.034 7101
382.047 7104
382.061 7103
382.074 7157
382.088 7104
382.101 7153
382.115 7173
382.129 7152
382.142 7131
382.156 7141
382.169 7229
382.183 7161
382.196 7096
382.210 7186
382.223 7139
382.237 7119
382.250 7172
382.264 7197
382.277 7164
382.291 7189
382.304 7163
382.318 7231
382.331 7119
382.345 7168
382.358 7204
382.372 7137
382.385 7222
382.399 7202
382.412 7182
382.426 7232
382.439 7253
382.453 7230
382.467 7247
382.480 7235
382.494 7328
382.507 7298
382.521 7319
382.534 7289
382.548 7319
382.561 7374
382.575 7336
382.588 7389
382.602 7426
382.615 7409
382.629 7411
382.642 7503
382.656 7447
382.669 7472
382.683 7398
382.696 7428
382.710 7464
382.723 7487
382.737 7553
382.750 7593
382.764 7609
382.777 7605
382.791 7648
382.804 7642
382.818 7702
382.831 7719
382.845 7751
382.858 7902
382.872 7768
382.885 7806
382.899 7811
382.912 7866
382.926 7959
382.939 7894
382.953 7968
382.966 8111
382.980 8112
382.993 8161
383.007 8258
383.020 8169
383.034 8271
383.047 8223
383.061 8354
383.074 8366
383.088 8365
383.101 8466
383.115 8490
383.128 8567
383.142 8703
383.155 8751
383.169 8865
383.182 9010
383.196 8977
383.209 9170
383.223 9179
383.236 9280
383.250 9403
383.263 9426
383.277 9497
383.290 9630
383.304 9753
383.317 9870
383.331 9993
383.344 10141
383.358 10255
383.371 10299
383.385 10609
383.398 10607
383.412 10777
383.425 11005
383.438 11074
383.452 11272
383.465 11428
383.479 11580
383.492 11925
383.506 11909
383.519 12322
383.533 12435
383.546 12579
383.560 12706
383.573 13126
383.587 13220
383.600 13533
383.614 13738
383.627 14200
383.641 14362
383.654 14846
383.668 15037
383.681 15438
383.695 15582
383.708 15912
383.722 16220
383.735 16627
383.749 16778
383.762 17106
383.775 17461
383.789 17897
383.802 18225
383.816 18241
383.829 18668
383.843 19065
383.856 19221
383.870 19780
383.883 20164
383.897 20675
383.910 20990
383.924 21470
383.937 21837
383.951 22133
383.964 22320
383.978 22978
383.991 23449
384.004 24119
384.018 24471
384.031 25089
384.045 25249
384.058 25443
384.072 25367
384.085 25907
384.099 26208
384.112 26491
384.126 26909
384.139 27414
384.153 28045
384.166 28144
384.180 28554
384.193 29136
384.206 28993
384.220 29201
384.233 29332
384.247 29648
384.260 30252
384.274 30284
384.287 30511
384.301 30548
384.314 31236
384.328 30962
384.341 30777
384.355 30899
384.368 31330
384.381 31237
384.395 31059
384.408 31173
384.422 31167
384.435 31273
384.449 31791
384.462 31996
384.476 31798
384.489 31601
384.503 31838
384.516 32159
384.529 31894
384.543 31550
384.556 31372
384.570 31476
384.583 31992
384.597 32012
384.610 32437
384.624 32214
384.637 32137
384.651 32066
384.664 31610
384.677 31540
384.691 31378
384.704 31045
384.718 31099
384.731 31006
384.745 31294
384.758 31045
384.772 31100
384.785 31068
384.798 31021
384.812 30814
384.825 30725
384.839 30920
384.852 30847
384.866 30510
384.879 30407
384.893 30321
384.906 30269
384.919 30923
384.933 30880
384.946 31061
384.960 30821
384.973 30522
384.987 30541
385.000 30561
385.013 30801
385.027 30852
385.040 31186
385.054 31654
385.067 31490
385.081 31545
385.094 32216
385.108 32235
385.121 32132
385.134 32673
385.148 33159
385.161 33210
385.175 33093
385.188 33347
385.202 33332
385.215 33403
385.228 33778
385.242 33859
385.255 34054
385.269 34107
385.282 34137
385.296 34404
385.309 34927
385.322 34716
385.336 34997
385.349 35348
385.363 35606
385.376 35668
385.390 35589
385.403 35545
385.416 35665
385.430 35420
385.443 35340
385.457 35344
385.470 35013
385.484 35403
385.497 35543
385.510 35396
385.524 35840
385.537 36331
385.551 36691
385.564 36958
385.578 36679
385.591 36817
385.604 36793
385.618 37339
385.631 37392
385.645 37286
385.658 36849
385.671 36646
385.685 36235
385.698 36127
385.712 36005
385.725 36603
385.739 37044
385.752 37416
385.765 37184
385.779 37508
385.792 37575
385.806 37383
385.819 37419
385.832 37469
385.846 37278
385.859 37158
385.873 37461
385.886 38005
385.900 38291
385.913 38709
385.926 38329
385.940 38357
385.953 38175
385.967 37829
385.980 37971
385.993 37751
386.007 37742
386.020 37620
386.034 37637
386.047 37701
386.060 37552
386.074 37439
386.087 37965
386.101 38045
386.114 38103
386.127 37931
386.141 37849
386.154 37296
386.168 37062
386.181 36802
386.194 36604
386.208 36461
386.221 36644
386.235 36815
386.248 36792
386.261 36924
386.275 37348
386.288 37324
386.302 37331
386.315 37203
386.328 37054
386.342 36900
386.355 36920
386.369 36911
386.382 37247
386.395 37187
386.409 37388
386.422 37617
386.436 37420
386.449 37561
386.462 37700
386.476 37574
386.489 37621
386.503 37730
386.516 38345
386.529 38514
386.543 38251
386.556 38027
386.570 37717
386.583 37368
386.596 37795
386.610 37612
386.623 37642
386.637 37674
386.650 37185
386.663 37232
386.677 37540
386.690 38019
386.704 37890
386.717 38179
386.730 37997
386.744 37925
386.757 37707
386.770 37762
386.784 37449
386.797 37357
386.811 37144
386.824 37011
386.837 37130
386.851 37011
386.864 37243
386.878 37577
386.891 37713
386.904 37538
386.918 37764
386.931 37487
386.944 38020
386.958 37961
386.971 37917
386.985 37493
386.998 37526
387.011 37284
387.025 37746
387.038 37652
387.051 38321
387.065 38139
387.078 37939
387.092 37769
387.105 37765
387.118 37633
387.132 37972
387.145 37193
387.158 37351
387.172 37064
387.185 37194
387.199 37324
387.212 37003
387.225 37010
387.239 36805
387.252 36690
387.265 36910
387.279 36980
387.292 37350
387.306 37338
387.319 37473
387.332 37260
387.346 36864
387.359 36750
387.372 36704
387.386 36937
387.399 36830
387.412 36889
387.426 36966
387.439 36757
387.453 37011
387.466 36849
387.479 37302
387.493 37840
387.506 37556
387.519 37361
387.533 37151
387.546 37399
387.559 37325
387.573 36683
387.586 36914
387.600 36830
387.613 36551
387.626 36606
387.640 36958
387.653 36934
387.666 37060
387.680 37517
387.693 37320
387.706 36806
387.720 36524
387.733 36781
387.747 37672
387.760 37721
387.773 37567
387.787 37600
387.800 37579
387.813 37591
387.827 37616
387.840 37429
387.853 36723
387.867 36334
387.880 36319
387.893 36030
387.907 36044
387.920 36666
387.933 37219
387.947 37173
387.960 37554
387.974 37242
387.987 37061
388.000 37482
388.014 37550
388.027 37446
388.040 37649
388.054 37035
388.067 36679
388.080 36592
388.094 36646
388.107 36456
388.120 36577
388.134 36675
388.147 36661
388.160 36662
388.174 36639
388.187 36766
388.200 36641
388.214 36519
388.227 36193
388.240 36192
388.254 36108
388.267 36140
388.280 36209
388.294 36358
388.307 36690
388.320 36588
388.334 36533
388.347 36359
388.361 36266
388.374 36301
388.387 36680
388.401 36787
388.414 37083
388.427 37016
388.441 36514
388.454 36654
388.467 36342
388.481 36142
388.494 35974
388.507 36073
388.521 36285
388.534 36649
388.547 36446
388.561 36731
388.574 36497
388.587 36563
388.601 36842
388.614 36911
388.627 36687
388.641 36154
388.654 36292
388.667 36378
388.680 36447
388.694 36030
388.707 36140
388.720 35858
388.734 35935
388.747 36000
388.760 35913
388.774 35808
388.787 35747
388.800 35760
388.814 36130
388.827 35980
388.840 35891
388.854 35996
388.867 35911
388.880 35839
388.894 36072
388.907 35743
388.920 35755
388.934 35848
388.947 35830
388.960 35946
388.974 35550
388.987 35364
389.000 35459
389.014 35598
389.027 35552
389.040 35526
389.054 35322
389.067 35233
389.080 35349
389.093 35965
389.107 36057
389.120 35970
389.133 35634
389.147 35610
389.160 35863
389.173 35833
389.187 35364
389.200 35194
389.213 35569
389.227 34947
389.240 34764
389.253 35071
389.267 35009
389.280 35243
389.293 35086
389.306 35165
389.320 34884
389.333 34944
389.346 34665
389.360 34454
389.373 34478
389.386 34464
389.400 34442
389.413 34370
389.426 34330
389.440 34607
389.453 34512
389.466 34771
389.479 34545
389.493 34365
389.506 34497
389.519 34388
389.533 34641
389.546 34760
389.559 34387
389.573 34431
389.586 34474
389.599 34306
389.613 34178
389.626 33993
389.639 34283
389.652 34352
389.666 34291
389.679 34352
389.692 34393
389.706 34588
389.719 34535
389.732 34211
389.745 34461
389.759 34418
389.772 34161
389.785 34046
389.799 34281
389.812 34100
389.825 33836
389.839 33836
389.852 33512
389.865 33871
389.878 33691
389.892 33727
389.905 33865
389.918 33932
389.932 34054
389.945 33957
389.958 34068
389.971 34056
389.985 34207
389.998 34011
390.011 33813
390.025 33749
390.038 33845
390.051 34002
390.064 33747
390.078 33802
390.091 33853
390.104 33672
390.118 33629
390.131 33599
390.144 33893
390.157 33804
390.171 33792
390.184 33662
390.197 33446
390.211 33559
390.224 33512
390.237 33242
390.250 33151
390.264 32872
390.277 32668
390.290 32817
390.304 32735
390.317 32662
390.330 32655
390.343 32622
390.357 33115
390.370 32772
390.383 33046
390.397 33496
390.410 33354
390.423 33314
390.436 32807
390.450 33099
390.463 33417
390.476 33087
390.489 33160
390.503 32958
390.516 33191
390.529 32874
390.543 33184
390.556 33335
390.569 33100
390.582 33321
390.596 32858
390.609 32926
390.622 32781
390.635 32504
390.649 32653
390.662 32653
390.675 32774
390.689 32707
390.702 32641
390.715 32176
390.728 32185
390.742 32049
390.755 32239
390.768 32157
390.781 31771
390.795 31920
390.808 31973
390.821 32087
390.834 32153
390.848 32536
390.861 32240
390.874 32190
390.888 32119
390.901 32187
390.914 32607
390.927 32799
390.941 32738
390.954 32671
390.967 32476
390.980 32192
390.994 32340
391.007 32177
391.020 32236
391.033 32268
391.047 32479
391.060 32195
391.073 32313
391.086 32196
391.100 31954
391.113 32424
391.126 32195
391.139 32254
391.153 32211
391.166 32254
391.179 32308
391.192 32256
391.206 32355
391.219 32021
391.232 31565
391.245 31221
391.259 31050
391.272 30935
391.285 31120
391.298 31105
391.312 30820
391.325 31019
391.338 31179
391.351 31373
391.365 31517
391.378 31271
391.391 31237
391.404 31287
391.418 31243
391.431 30998
391.444 30971
391.457 30972
391.471 30739
391.484 30551
391.497 30640
391.510 30917
391.524 31038
391.537 31234
391.550 31211
391.563 31488
391.577 31044
391.590 31087
391.603 31129
391.616 30773
391.630 31190
391.643 30900
391.656 31036
391.669 31293
391.682 30994
391.696 30898
391.709 30930
391.722 31184
391.735 31156
391.749 31211
391.762 31022
391.775 30711
391.788 30607
391.802 30445
391.815 30521
391.828 30519
391.841 30043
391.855 30081
391.868 30291
391.881 30270
391.894 30509
391.907 30651
391.921 30570
391.934 30188
391.947 30066
