373.873 6490
373.887 6546
373.901 6533
373.915 6539
373.928 6509
373.942 6562
373.956 6559
373.970 6616
373.983 6563
373.997 6588
374.011 6593
374.025 6625
374.039 6545
374.052 6571
374.066 6637
374.080 6640
374.094 6609
374.107 6660
374.121 6613
374.135 6607
374.149 6686
374.162 6642
374.176 6687
374.190 6644
374.204 6676
374.217 6658
374.231 6699
374.245 6689
374.259 6680
374.272 6730
374.286 6729
374.300 6733
374.314 6718
374.327 6752
374.341 6730
374.355 6749
374.369 6748
374.382 6810
374.396 6708
374.410 6768
374.424 6776
374.437 6774
374.451 6807
374.465 6862
374.479 6830
374.492 6827
374.506 6852
374.520 6918
374.534 6869
374.547 6919
374.561 6902
374.575 6863
374.589 6942
374.602 6897
374.616 6901
374.630 6901
374.644 6911
374.657 6918
374.671 6917
374.685 6914
374.699 7011
374.712 7039
374.726 7017
374.740 7059
374.754 7036
374.767 7058
374.781 7029
374.795 7014
374.809 7112
374.822 7108
374.836 7077
374.850 7132
374.863 7159
374.877 7179
374.891 7116
374.905 7147
374.918 7250
374.932 7161
374.946 7178
374.960 7242
374.973 7236
374.987 7239
375.001 7295
375.015 7371
375.028 7312
375.042 7342
375.056 7340
375.069 7333
375.083 7343
375.097 7407
375.111 7365
375.124 7446
375.138 7458
375.152 7445
375.166 7400
375.179 7488
375.193 7449
375.207 7479
375.220 7548
375.234 7488
375.248 7556
375.262 7588
375.275 7595
375.289 7601
375.303 7704
375.317 7678
375.330 7742
375.344 7692
375.358 7655
375.371 7766
375.385 7703
375.399 7746
375.413 7712
375.426 7806
375.440 7790
375.454 7842
375.468 7924
375.481 7884
375.495 7941
375.509 7992
375.522 7971
375.536 7986
375.550 7959
375.564 7933
375.577 7969
375.591 8027
375.605 8093
375.618 8025
375.632 8064
375.646 7982
375.660 8114
375.673 8169
375.687 8107
375.701 8213
375.714 8251
375.728 8317
375.742 8312
375.756 8276
375.769 8249
375.783 8320
375.797 8353
375.810 8363
375.824 8359
375.838 8359
375.852 8420
375.865 8383
375.879 8416
375.893 8377
375.906 8448
375.920 8446
375.934 8479
375.947 8545
375.961 8558
375.975 8573
375.989 8593
376.002 8592
376.016 8726
376.030 8817
376.043 8665
376.057 8745
376.071 8756
376.084 8666
376.098 8732
376.112 8717
376.126 8807
376.139 8729
376.153 8761
376.167 8765
376.180 8886
376.194 8897
376.208 8803
376.221 8810
376.235 8872
376.249 8973
376.263 8892
376.276 8952
376.290 8943
376.304 8947
376.317 9024
376.331 9009
376.345 9001
376.358 9079
376.372 9103
376.386 9176
376.400 9052
376.413 9139
376.427 9232
376.441 9163
376.454 9276
376.468 9196
376.482 9197
376.495 9251
376.509 9158
376.523 9255
376.536 9225
376.550 9318
376.564 9356
376.577 9324
376.591 9415
376.605 9460
376.619 9323
376.632 9448
376.646 9309
376.660 9433
376.673 9519
376.687 9499
376.701 9575
376.714 9558
376.728 9545
376.742 9595
376.755 9557
376.769 9555
376.783 9616
376.796 9674
376.810 9612
376.824 9585
376.837 9515
376.851 9604
376.865 9546
376.879 9690
376.892 9664
376.906 9707
376.920 9727
376.933 9664
376.947 9520
376.961 9559
376.974 9558
376.988 9696
377.002 9707
377.015 9738
377.029 9695
377.043 9699
377.056 9699
377.070 9739
377.084 9834
377.097 9741
377.111 9822
377.125 9812
377.138 9832
377.152 9808
377.166 9779
377.179 9755
377.193 9755
377.207 9705
377.220 9778
377.234 9817
377.248 9788
377.261 9839
377.275 9917
377.289 9790
377.302 9936
377.316 9838
377.330 9829
377.343 9836
377.357 9919
377.371 9893
377.384 9925
377.398 9997
377.412 9808
377.425 9965
377.439 9959
377.453 9972
377.466 9992
377.480 9970
377.494 9980
377.507 10028
377.521 9985
377.535 9909
377.548 9995
377.562 9861
377.576 9952
377.589 9981
377.603 10037
377.617 10095
377.630 10028
377.644 10004
377.658 9932
377.671 10009
377.685 9968
377.698 9937
377.712 10031
377.726 10108
377.739 10186
377.753 10193
377.767 10165
377.780 10089
377.794 10249
377.808 10140
377.821 10046
377.835 10033
377.849 10055
377.862 10046
377.876 9964
377.890 10053
377.903 10104
377.917 10050
377.931 10150
377.944 10113
377.958 10150
377.972 10189
377.985 10191
377.999 10195
378.012 10160
378.026 10187
378.040 10021
378.053 10215
378.067 10365
378.081 10347
378.094 10353
378.108 10259
378.122 10223
378.135 10321
378.149 10269
378.163 10237
378.176 10264
378.190 10236
378.203 10231
378.217 10299
378.231 10333
378.244 10183
378.258 10113
378.272 10120
378.285 10079
378.299 10146
378.313 10163
378.326 10138
378.340 10165
378.353 10193
378.367 10178
378.381 10169
378.394 10193
378.408 10192
378.422 10215
378.435 10243
378.449 10176
378.463 10228
378.476 10251
378.490 10176
378.503 10241
378.517 10172
378.531 10183
378.544 10136
378.558 10169
378.572 10210
378.585 10172
378.599 10340
378.612 10271
378.626 10347
378.640 10232
378.653 10254
378.667 10205
378.681 10263
378.694 10237
378.708 10248
378.721 10284
378.735 10266
378.749 10323
378.762 10397
378.776 10345
378.790 10306
378.803 10321
378.817 10347
378.830 10501
378.844 10471
378.858 10438
378.871 10341
378.885 10301
378.899 10306
378.912 10348
378.926 10333
378.939 10282
378.953 10324
378.967 10228
378.980 10307
378.994 10258
379.007 10238
379.021 10272
379.035 10269
379.048 10287
379.062 10319
379.076 10242
379.089 10279
379.103 10258
379.116 10242
379.130 10359
379.144 10283
379.157 10218
379.171 10283
379.184 10176
379.198 10151
379.212 10263
379.225 10146
379.239 10073
379.252 10237
379.266 10209
379.280 10265
379.293 10270
379.307 10231
379.321 10256
379.334 10159
379.348 10319
379.361 10155
379.375 10138
379.389 10100
379.402 10246
379.416 10264
379.429 10069
379.443 10214
379.457 10167
379.470 10274
379.484 10280
379.497 10317
379.511 10247
379.525 10199
379.538 10294
379.552 10317
379.565 10336
379.579 10231
379.593 10307
379.606 10281
379.620 10397
379.633 10285
379.647 10272
379.661 10317
379.674 10387
379.688 10439
379.701 10279
379.715 10245
379.729 10322
379.742 10242
379.756 10342
379.769 10244
379.783 10291
379.797 10308
379.810 10276
379.824 10232
379.837 10360
379.851 10215
379.864 10270
379.878 10228
379.892 10251
379.905 10270
379.919 10317
379.932 10345
379.946 10228
379.960 10360
379.973 10350
379.987 10229
380.000 10273
380.014 10264
380.028 10259
380.041 10233
380.055 10291
380.068 10317
380.082 10242
380.095 10137
380.109 10141
380.123 10191
380.136 10188
380.150 10361
380.163 10252
380.177 10201
380.191 10196
380.204 10011
380.218 10073
380.231 10125
380.245 10185
380.258 10084
380.272 10113
380.286 10103
380.299 10149
380.313 10056
380.326 10193
380.340 10012
380.353 10022
380.367 10012
380.381 10043
380.394 10048
380.408 10041
380.421 10058
380.435 10062
380.449 10109
380.462 10044
380.476 10175
380.489 10170
380.503 10260
380.516 10239
380.530 10240
380.544 10275
380.557 10155
380.571 10155
380.584 10123
380.598 10116
380.611 10209
380.625 10149
380.639 10280
380.652 10306
380.666 10263
380.679 10287
380.693 10202
380.706 10151
380.720 10300
380.733 10164
380.747 10190
380.761 10227
380.774 10300
380.788 10278
380.801 10227
380.815 10255
380.828 10142
380.842 10257
380.856 10205
380.869 10148
380.883 10071
380.896 10266
380.910 10220
380.923 10264
380.937 10347
380.950 10410
380.964 10408
380.978 10335
380.991 10268
381.005 10416
381.018 10351
381.032 10375
381.045 10380
381.059 10430
381.072 10417
381.086 10332
381.100 10307
381.113 10423
381.127 10373
381.140 10437
381.154 10413
381.167 10507
381.181 10522
381.194 10560
381.208 10517
381.222 10586
381.235 10643
381.249 10748
381.262 10738
381.276 10773
381.289 10738
381.303 10765
381.316 10719
381.330 10877
381.343 10789
381.357 10834
381.371 10954
381.384 10844
381.398 10917
381.411 11024
381.425 10820
381.438 10911
381.452 10931
381.465 11045
381.479 11002
381.492 11055
381.506 11161
381.520 11071
381.533 11140
381.547 11108
381.560 11330
381.574 11270
381.587 11191
381.601 11331
381.614 11362
381.628 11334
381.641 11191
381.655 11416
381.669 11464
381.682 11575
381.696 11680
381.709 11581
381.723 11684
381.736 11729
381.750 11598
381.763 11671
381.777 11599
381.790 11651
381.804 11665
381.817 11803
381.831 11908
381.844 11843
381.858 11928
381.872 12109
381.885 11981
381.899 11897
381.912 12123
381.926 12048
381.939 12157
381.953 12128
381.966 12186
381.980 12244
381.993 12284
382.007 12497
382.020 12470
382.034 12444
382.047 12564
382.061 12713
382.074 12666
382.088 12926
382.101 12807
382.115 13078
382.129 12960
382.142 13050
382.156 13023
382.169 13197
382.183 13259
382.196 13299
382.210 13199
382.223 13554
382.237 13463
382.250 13807
382.264 13692
382.277 13775
382.291 13750
382.304 13838
382.318 13820
382.331 14086
382.345 14031
382.358 13903
382.372 14114
382.385 14297
382.399 14336
382.412 14415
382.426 14531
382.439 14541
382.453 14386
382.467 14811
382.480 14769
382.494 14842
382.507 15212
382.521 15320
382.534 15295
382.548 15421
382.561 15527
382.575 15411
382.588 15791
382.602 16112
382.615 16250
382.629 16440
382.642 16552
382.656 16633
382.669 16526
382.683 16553
382.696 16763
382.710 16845
382.723 17052
382.737 17078
382.750 17286
382.764 17560
382.777 17679
382.791 17859
382.804 17990
382.818 18042
382.831 18168
382.845 18191
382.858 18590
382.872 18555
382.885 18687
382.899 18766
382.912 19228
382.926 18998
382.939 19340
382.953 19407
382.966 19763
382.980 19907
382.993 20010
383.007 20299
383.020 20314
383.034 20336
383.047 20475
383.061 20590
383.074 20628
383.088 20924
383.101 21145
383.115 21138
383.128 21370
383.142 21667
383.155 21978
383.169 22401
383.182 22613
383.196 23016
383.209 23011
383.223 22915
383.236 23391
383.250 23558
383.263 23635
383.277 23858
383.290 23793
383.304 24063
383.317 24233
383.331 25005
383.344 25238
383.358 25325
383.371 25123
383.385 25206
383.398 25506
383.412 25664
383.425 25977
383.438 25802
383.452 25845
383.465 26294
383.479 26635
383.492 26706
383.506 26931
383.519 27159
383.533 27413
383.546 27126
383.560 26804
383.573 27270
383.587 27504
383.600 27699
383.614 28156
383.627 28229
383.641 28130
383.654 28794
383.668 29109
383.681 29065
383.695 29244
383.708 29161
383.722 29378
383.735 29617
383.749 29286
383.762 29189
383.775 29514
383.789 29693
383.802 29683
383.816 29198
383.829 29557
383.843 29426
383.856 29868
383.870 29780
383.883 29885
383.897 30188
383.910 30155
383.924 30531
383.937 30112
383.951 30276
383.964 30089
383.978 29870
383.991 30259
384.004 30906
384.018 31490
384.031 31213
384.045 31157
384.058 30911
384.072 30433
384.085 30636
384.099 30592
384.112 30683
384.126 30764
384.139 31308
384.153 31224
384.166 31449
384.180 31421
384.193 31539
384.206 31168
384.220 30952
384.233 31438
384.247 31492
384.260 31693
384.274 31468
384.287 31695
384.301 31303
384.314 31365
384.328 31207
384.341 31034
384.355 31035
384.368 31188
384.381 31270
384.395 30841
384.408 30750
384.422 30722
384.435 31009
384.449 30958
384.462 31518
384.476 31446
384.489 31312
384.503 31231
384.516 31353
384.529 31271
384.543 30749
384.556 30755
384.570 31073
384.583 31467
384.597 31595
384.610 31743
384.624 31796
384.637 31659
384.651 31605
384.664 31352
384.677 31206
384.691 31044
384.704 30974
384.718 30907
384.731 30758
384.745 31019
384.758 31106
384.772 31382
384.785 31467
384.798 31299
384.812 31157
384.825 31281
384.839 31232
384.852 31323
384.866 31209
384.879 30834
384.893 30824
384.906 30907
384.919 31284
384.933 31147
384.946 31569
384.960 31142
384.973 31173
384.987 30760
385.000 30568
385.013 30998
385.027 30961
385.040 31335
385.054 31488
385.067 31514
385.081 31385
385.094 31349
385.108 31437
385.121 31484
385.134 31811
385.148 31978
385.161 31993
385.175 31846
385.188 31649
385.202 31458
385.215 31563
385.228 31820
385.242 31857
385.255 31732
385.269 31580
385.282 31761
385.296 31984
385.309 31975
385.322 32207
385.336 32113
385.349 32082
385.363 32365
385.376 32233
385.390 32064
385.403 32185
385.416 31948
385.430 31948
385.443 31573
385.457 31424
385.470 31528
385.484 31454
385.497 31530
385.510 31644
385.524 32034
385.537 32541
385.551 32345
385.564 32569
385.578 32622
385.591 32232
385.604 32707
385.618 33101
385.631 32931
385.645 32657
385.658 32776
385.671 31806
385.685 31597
385.698 31360
385.712 31695
385.725 31991
385.739 32610
385.752 32657
385.765 32783
385.779 32602
385.792 32726
385.806 32749
385.819 32602
385.832 32522
385.846 32117
385.859 32196
385.873 32176
385.886 32757
385.900 33234
385.913 33306
385.926 33364
385.940 32910
385.953 32916
385.967 32756
385.980 32544
385.993 32389
386.007 32442
386.020 32338
386.034 32323
386.047 32491
386.060 32424
386.074 32427
386.087 32542
386.101 32516
386.114 32666
386.127 32584
386.141 32217
386.154 32181
386.168 31822
386.181 31526
386.194 31495
386.208 31434
386.221 31358
386.235 31440
386.248 31596
386.261 31715
386.275 31546
386.288 31814
386.302 31834
386.315 31926
386.328 31724
386.342 31527
386.355 31739
386.369 31465
386.382 31578
386.395 31597
386.409 31931
386.422 32024
386.436 32063
386.449 32149
386.462 32041
386.476 32099
386.489 32130
386.503 32053
386.516 32463
386.529 33003
386.543 32590
386.556 32067
386.570 32089
386.583 31830
386.596 31944
386.610 31964
386.623 31820
386.637 32102
386.650 31730
386.663 31620
386.677 32048
386.690 32270
386.704 32362
386.717 32505
386.730 32588
386.744 32414
386.757 32211
386.770 32204
386.784 31621
386.797 31802
386.811 31527
386.824 31669
386.837 31534
386.851 31601
386.864 31846
386.878 31983
386.891 31906
386.904 31758
386.918 31876
386.931 32132
386.944 31960
386.958 32269
386.971 32056
386.985 32161
386.998 31933
387.011 31625
387.025 31997
387.038 32187
387.051 32508
387.065 32339
387.078 32378
387.092 32095
387.105 32062
387.118 31945
387.132 31994
387.145 31847
387.158 31622
387.172 31521
387.185 31488
387.199 31568
387.212 31291
387.225 31111
387.239 31289
387.252 31121
387.265 31259
387.279 31599
387.292 31623
387.306 31858
387.319 31611
387.332 31575
387.346 31459
387.359 31422
387.372 31316
387.386 31270
387.399 31506
387.412 31420
387.426 31320
387.439 31548
387.453 31219
387.466 31185
387.479 31691
387.493 31793
387.506 31679
387.519 31585
387.533 31256
387.546 31769
387.559 31508
387.573 31356
387.586 30892
387.600 31008
387.613 31041
387.626 31376
387.640 31215
387.653 31327
387.666 31840
387.680 31831
387.693 31913
387.706 31345
387.720 31223
387.733 31304
387.747 31934
387.760 32052
387.773 31930
387.787 31779
387.800 31883
387.813 32019
387.827 31829
387.840 31522
387.853 31113
387.867 30659
387.880 30274
387.893 30555
387.907 30454
387.920 30881
387.933 30795
387.947 31549
387.960 31643
387.974 31857
387.987 31538
388.000 31481
388.014 31881
388.027 32051
388.040 31820
388.054 31491
388.067 31026
388.080 30751
388.094 30910
388.107 31179
388.120 30911
388.134 31138
388.147 31170
388.160 31222
388.174 31164
388.187 31161
388.200 31011
388.214 31052
388.227 30553
388.240 30554
388.254 30842
388.267 30636
388.280 30830
388.294 30792
388.307 30977
388.320 31019
388.334 31367
388.347 31050
388.361 30829
388.374 30929
388.387 31251
388.401 31392
388.414 31173
388.427 31106
388.441 30831
388.454 30915
388.467 30757
388.481 30619
388.494 30675
388.507 30460
388.521 30778
388.534 30657
388.547 30868
388.561 31191
388.574 30964
388.587 31105
388.601 31140
388.614 31233
388.627 30851
388.641 30496
388.654 30496
388.667 30566
388.680 30740
388.694 30448
388.707 30263
388.720 30335
388.734 30209
388.747 30192
388.760 30316
388.774 30022
388.787 30071
388.800 30105
388.814 30457
388.827 30699
388.840 30210
388.854 30735
388.867 30248
388.880 30297
388.894 30513
388.907 30231
388.920 30151
388.934 30404
388.947 30214
388.960 30378
388.974 30193
388.987 29894
389.000 29857
389.014 30127
389.027 30155
389.040 29576
389.054 29706
389.067 29629
389.080 30105
389.093 30516
389.107 30343
389.120 30202
389.133 30066
389.147 30212
389.160 30070
389.173 30180
389.187 30144
389.200 29789
389.213 29750
389.227 29740
389.240 29730
389.253 29786
389.267 29541
389.280 29724
389.293 29381
389.306 29635
389.320 29469
389.333 29530
389.346 29188
389.360 29037
389.373 29081
389.386 29156
389.400 29310
389.413 29226
389.426 29175
389.440 29297
389.453 29144
389.466 29330
389.479 29203
389.493 29045
389.506 29300
389.519 29364
389.533 29380
389.546 29256
389.559 29215
389.573 29461
389.586 29375
389.599 28974
389.613 28670
389.626 28631
389.639 28987
389.652 28918
389.666 29176
389.679 29046
389.692 29081
389.706 29149
389.719 28894
389.732 29008
389.745 28782
389.759 29031
389.772 28580
389.785 28854
389.799 28732
389.812 28505
389.825 28781
389.839 28574
389.852 28623
389.865 28393
389.878 28454
389.892 28244
389.905 28455
389.918 28723
389.932 28830
389.945 29037
389.958 29133
389.971 29089
389.985 28838
389.998 28952
390.011 28858
390.025 28894
390.038 28811
390.051 28974
390.064 28494
390.078 28576
390.091 28393
390.104 28558
390.118 28551
390.131 28867
390.144 28656
390.157 28518
390.171 28495
390.184 28246
390.197 28439
390.211 28432
390.224 28399
390.237 28375
390.250 28109
390.264 27709
390.277 27641
390.290 27848
390.304 27635
390.317 27715
390.330 27337
390.343 27816
390.357 27778
390.370 27983
390.383 27912
390.397 27974
390.410 28400
390.423 28154
390.436 27936
390.450 28131
390.463 28002
390.476 28100
390.489 28064
390.503 28001
390.516 27969
390.529 28070
390.543 27959
390.556 28041
390.569 28180
390.582 28175
390.596 28002
390.609 27864
390.622 27950
390.635 27686
390.649 27650
390.662 27687
390.675 27675
390.689 27786
390.702 27597
390.715 27751
390.728 27326
390.742 27272
390.755 26924
390.768 26896
390.781 27050
390.795 27027
390.808 26972
390.821 27328
390.834 27144
390.848 27210
390.861 27343
390.874 27163
390.888 27079
390.901 27097
390.914 27710
390.927 27621
390.941 27598
390.954 27453
390.967 27232
390.980 27386
390.994 27441
391.007 27543
391.020 27500
391.033 27278
391.047 27383
391.060 27363
391.073 27304
391.086 27352
391.100 27359
391.113 27407
391.126 27388
391.139 27426
391.153 27239
391.166 27539
391.179 27343
391.192 27183
391.206 27356
391.219 27265
391.232 26748
391.245 26404
391.259 26240
391.272 26399
391.285 26406
391.298 26577
391.312 26642
391.325 26392
391.338 26543
391.351 26612
391.365 26772
391.378 26630
391.391 26483
391.404 26518
391.418 26673
391.431 26386
391.444 26490
391.457 25893
391.471 26028
391.484 25758
391.497 25883
391.510 26105
391.524 26370
391.537 26343
391.550 26404
391.563 26608
391.577 26609
391.590 26232
391.603 26405
391.616 26378
391.630 26510
391.643 26513
391.656 26484
391.669 26390
391.682 26233
391.696 26264
391.709 26400
391.722 26379
391.735 26507
391.749 26354
391.762 26242
391.775 25964
391.788 25942
391.802 26098
391.815 25790
391.828 25763
391.841 25620
391.855 25775
391.868 25771
391.881 25988
391.894 25748
391.907 25954
391.921 25800
391.934 25414
391.947 25271
