373.873 6305
373.887 6286
373.901 6331
373.915 6312
373.928 6314
373.942 6310
373.956 6325
373.970 6284
373.983 6287
373.997 6360
374.011 6341
374.025 6349
374.039 6344
374.052 6326
374.066 6340
374.080 6341
374.094 6315
374.107 6341
374.121 6374
374.135 6332
374.149 6328
374.162 6319
374.176 6339
374.190 6350
374.204 6291
374.217 6353
374.231 6357
374.245 6311
374.259 6325
374.272 6334
374.286 6347
374.300 6327
374.314 6337
374.327 6356
374.341 6330
374.355 6297
374.369 6367
374.382 6334
374.396 6325
374.410 6315
374.424 6297
374.437 6302
374.451 6328
374.465 6307
374.479 6304
374.492 6294
374.506 6302
374.520 6322
374.534 6286
374.547 6304
374.561 6311
374.575 6265
374.589 6346
374.602 6282
374.616 6292
374.630 6327
374.644 6264
374.657 6319
374.671 6294
374.685 6298
374.699 6318
374.712 6317
374.726 6311
374.740 6304
374.754 6277
374.767 6345
374.781 6310
374.795 6298
374.809 6319
374.822 6292
374.836 6329
374.850 6301
374.863 6282
374.877 6314
374.891 6290
374.905 6311
374.918 6283
374.932 6288
374.946 6277
374.960 6301
374.973 6288
374.987 6328
375.001 6272
375.015 6319
375.028 6283
375.042 6295
375.056 6309
375.069 6284
375.083 6308
375.097 6325
375.111 6277
375.124 6310
375.138 6304
375.152 6278
375.166 6291
375.179 6302
375.193 6275
375.207 6300
375.220 6281
375.234 6284
375.248 6314
375.262 6315
375.275 6285
375.289 6305
375.303 6303
375.317 6264
375.330 6303
375.344 6296
375.358 6287
375.371 6261
375.385 6301
375.399 6278
375.413 6304
375.426 6276
375.440 6290
375.454 6305
375.468 6319
375.481 6294
375.495 6277
375.509 6306
375.522 6298
375.536 6259
375.550 6278
375.564 6308
375.577 6290
375.591 6265
375.605 6322
375.618 6306
375.632 6311
375.646 6277
375.660 6325
375.673 6260
375.687 6290
375.701 6298
375.714 6266
375.728 6293
375.742 6322
375.756 6302
375.769 6335
375.783 6294
375.797 6347
375.810 6293
375.824 6321
375.838 6338
375.852 6326
375.865 6300
375.879 6306
375.893 6330
375.906 6333
375.920 6279
375.934 6335
375.947 6351
375.961 6320
375.975 6325
375.989 6331
376.002 6349
376.016 6356
376.030 6274
376.043 6349
376.057 6340
376.071 6329
376.084 6343
376.098 6357
376.112 6360
376.126 6385
376.139 6362
376.153 6365
376.167 6353
376.180 6383
376.194 6384
376.208 6370
376.221 6409
376.235 6386
376.249 6416
376.263 6375
376.276 6400
376.290 6433
376.304 6396
376.317 6432
376.331 6433
376.345 6435
376.358 6406
376.372 6486
376.386 6439
376.400 6483
376.413 6480
376.427 6461
376.441 6452
376.454 6502
376.468 6493
376.482 6542
376.495 6516
376.509 6532
376.523 6531
376.536 6499
376.550 6550
376.564 6544
376.577 6542
376.591 6591
376.605 6573
376.619 6642
376.632 6603
376.646 6619
376.660 6606
376.673 6623
376.687 6604
376.701 6688
376.714 6649
376.728 6671
376.742 6721
376.755 6669
376.769 6706
376.783 6712
376.796 6753
376.810 6725
376.824 6765
376.837 6768
376.851 6733
376.865 6826
376.879 6754
376.892 6843
376.906 6801
376.920 6857
376.933 6850
376.947 6856
376.961 6908
376.974 6906
376.988 6898
377.002 6904
377.015 6940
377.029 6946
377.043 6966
377.056 7004
377.070 6988
377.084 7043
377.097 7045
377.111 7071
377.125 7077
377.138 7069
377.152 7145
377.166 7133
377.179 7144
377.193 7179
377.207 7147
377.220 7176
377.234 7235
377.248 7240
377.261 7215
377.275 7236
377.289 7291
377.302 7295
377.316 7235
377.330 7323
377.343 7276
377.357 7367
377.371 7329
377.384 7331
377.398 7466
377.412 7407
377.425 7400
377.439 7471
377.453 7502
377.466 7480
377.480 7521
377.494 7566
377.507 7491
377.521 7607
377.535 7538
377.548 7556
377.562 7605
377.576 7599
377.589 7660
377.603 7657
377.617 7735
377.630 7704
377.644 7687
377.658 7716
377.671 7777
377.685 7683
377.698 7693
377.712 7777
377.726 7780
377.739 7867
377.753 7861
377.767 7906
377.780 7888
377.794 7896
377.808 7983
377.821 7980
377.835 7862
377.849 8057
377.862 7934
377.876 7923
377.890 7903
377.903 7985
377.917 7963
377.931 8029
377.944 8024
377.958 8019
377.972 8114
377.985 8054
377.999 8110
378.012 8147
378.026 8121
378.040 8112
378.053 8180
378.067 8261
378.081 8291
378.094 8198
378.108 8266
378.122 8266
378.135 8315
378.149 8269
378.163 8232
378.176 8272
378.190 8241
378.203 8355
378.217 8391
378.231 8356
378.244 8301
378.258 8344
378.272 8284
378.285 8273
378.299 8393
378.313 8322
378.326 8402
378.340 8392
378.353 8428
378.367 8443
378.381 8449
378.394 8409
378.408 8526
378.422 8475
378.435 8419
378.449 8476
378.463 8489
378.476 8500
378.490 8521
378.503 8477
378.517 8534
378.531 8590
378.544 8546
378.558 8485
378.572 8615
378.585 8537
378.599 8600
378.612 8632
378.626 8644
378.640 8598
378.653 8685
378.667 8676
378.681 8670
378.694 8698
378.708 8685
378.721 8745
378.735 8656
378.749 8661
378.762 8782
378.776 8787
378.790 8806
378.803 8802
378.817 8851
378.830 8715
378.844 8851
378.858 8776
378.871 8825
378.885 8771
378.899 8816
378.912 8744
378.926 8749
378.939 8838
378.953 8745
378.967 8731
378.980 8823
378.994 8777
379.007 8762
379.021 8831
379.035 8806
379.048 8809
379.062 8818
379.076 8838
379.089 8851
379.103 8840
379.116 8822
379.130 8869
379.144 8886
379.157 8846
379.171 8861
379.184 8966
379.198 8909
379.212 8839
379.225 8794
379.239 8903
379.252 8907
379.266 8888
379.280 8875
379.293 8831
379.307 8896
379.321 8962
379.334 8832
379.348 8955
379.361 8870
379.375 8822
379.389 8754
379.402 8832
379.416 8811
379.429 8865
379.443 8931
379.457 8965
379.470 8919
379.484 8875
379.497 8936
379.511 8909
379.525 8895
379.538 8957
379.552 9011
379.565 8929
379.579 8936
379.593 8966
379.606 8980
379.620 8902
379.633 9010
379.647 8986
379.661 9078
379.674 9003
379.688 9091
379.701 8921
379.715 8940
379.729 9032
379.742 8939
379.756 8973
379.769 8960
379.783 9021
379.797 8882
379.810 9005
379.824 8910
379.837 8997
379.851 8960
379.864 8992
379.878 9003
379.892 9061
379.905 8920
379.919 9012
379.932 8894
379.946 8989
379.960 8911
379.973 8953
379.987 8943
380.000 8928
380.014 8876
380.028 9017
380.041 8848
380.055 8842
380.068 8881
380.082 8856
380.095 8806
380.109 8774
380.123 8769
380.136 8890
380.150 8804
380.163 8878
380.177 8792
380.191 8788
380.204 8779
380.218 8824
380.231 8729
380.245 8754
380.258 8699
380.272 8715
380.286 8628
380.299 8655
380.313 8753
380.326 8664
380.340 8630
380.353 8631
380.367 8545
380.381 8559
380.394 8668
380.408 8632
380.421 8522
380.435 8597
380.449 8608
380.462 8594
380.476 8552
380.489 8635
380.503 8643
380.516 8618
380.530 8526
380.544 8528
380.557 8559
380.571 8580
380.584 8510
380.598 8460
380.611 8486
380.625 8505
380.639 8457
380.652 8525
380.666 8462
380.679 8490
380.693 8430
380.706 8447
380.720 8367
380.733 8406
380.747 8409
380.761 8364
380.774 8379
380.788 8329
380.801 8353
380.815 8301
380.828 8289
380.842 8231
380.856 8234
380.869 8156
380.883 8201
380.896 8151
380.910 8230
380.923 8261
380.937 8237
380.950 8151
380.964 8116
380.978 8203
380.991 8164
381.005 8092
381.018 8143
381.032 8111
381.045 8045
381.059 8068
381.072 8070
381.086 8005
381.100 8005
381.113 8005
381.127 8022
381.140 7922
381.154 8001
381.167 7938
381.181 7999
381.194 7910
381.208 7835
381.222 7949
381.235 7968
381.249 7963
381.262 7862
381.276 7904
381.289 7901
381.303 7859
381.316 7788
381.330 7841
381.343 7883
381.357 7834
381.371 7826
381.384 7767
381.398 7811
381.411 7755
381.425 7729
381.438 7721
381.452 7774
381.465 7799
381.479 7750
381.492 7721
381.506 7762
381.520 7640
381.533 7678
381.547 7655
381.560 7570
381.574 7654
381.587 7652
381.601 7565
381.614 7584
381.628 7581
381.641 7550
381.655 7588
381.669 7583
381.682 7534
381.696 7561
381.709 7562
381.723 7561
381.736 7518
381.750 7438
381.763 7492
381.777 7455
381.790 7411
381.804 7478
381.817 7437
381.831 7456
381.844 7366
381.858 7426
381.872 7424
381.885 7437
381.899 7326
381.912 7352
381.926 7275
381.939 7366
381.953 7322
381.966 7296
381.980 7295
381.993 7302
382.007 7261
382.020 7234
382.034 7255
382.047 7256
382.061 7237
382.074 7226
382.088 7241
382.101 7263
382.115 7228
382.129 7244
382.142 7187
382.156 7164
382.169 7107
382.183 7153
382.196 7124
382.210 7195
382.223 7144
382.237 7102
382.250 7088
382.264 7076
382.277 7104
382.291 7074
382.304 7045
382.318 7046
382.331 7042
382.345 7028
382.358 7050
382.372 7002
382.385 6997
382.399 7044
382.412 7001
382.426 6991
382.439 6990
382.453 6999
382.467 6971
382.480 7016
382.494 6989
382.507 7000
382.521 6959
382.534 6975
382.548 6941
382.561 6936
382.575 6957
382.588 6975
382.602 6984
382.615 6953
382.629 6921
382.642 6952
382.656 6954
382.669 6893
382.683 6949
382.696 6901
382.710 6935
382.723 6902
382.737 6910
382.750 6939
382.764 6931
382.777 6908
382.791 6944
382.804 6904
382.818 6926
382.831 6888
382.845 6894
382.858 6961
382.872 6897
382.885 6949
382.899 6897
382.912 6925
382.926 6897
382.939 6911
382.953 6953
382.966 6953
382.980 6883
382.993 6929
383.007 6899
383.020 6996
383.034 6958
383.047 6913
383.061 6944
383.074 6886
383.088 6982
383.101 6906
383.115 6919
383.128 6972
383.142 6953
383.155 6930
383.169 6997
383.182 6970
383.196 6992
383.209 6938
383.223 6979
383.236 6970
383.250 7015
383.263 6942
383.277 7022
383.290 7033
383.304 7001
383.317 7066
383.331 7087
383.344 7143
383.358 7077
383.371 7127
383.385 7118
383.398 7115
383.412 7118
383.425 7157
383.438 7178
383.452 7119
383.465 7205
383.479 7246
383.492 7282
383.506 7257
383.519 7310
383.533 7218
383.546 7331
383.560 7337
383.573 7321
383.587 7405
383.600 7449
383.614 7467
383.627 7556
383.641 7529
383.654 7526
383.668 7655
383.681 7659
383.695 7707
383.708 7736
383.722 7781
383.735 7880
383.749 7899
383.762 7899
383.775 7961
383.789 8040
383.802 8165
383.816 8074
383.829 8195
383.843 8254
383.856 8464
383.870 8443
383.883 8537
383.897 8711
383.910 8765
383.924 8876
383.937 9057
383.951 9193
383.964 9168
383.978 9421
383.991 9488
384.004 9750
384.018 10069
384.031 10144
384.045 10305
384.058 10471
384.072 10591
384.085 10877
384.099 11005
384.112 11234
384.126 11641
384.139 11876
384.153 12216
384.166 12566
384.180 12912
384.193 13290
384.206 13647
384.220 13737
384.233 14172
384.247 14745
384.260 15262
384.274 15629
384.287 16026
384.301 16619
384.314 17133
384.328 17557
384.341 17948
384.355 18538
384.368 19265
384.381 19546
384.395 20085
384.408 20651
384.422 21156
384.435 21844
384.449 22804
384.462 23575
384.476 24186
384.489 24753
384.503 25258
384.516 25913
384.529 26690
384.543 26796
384.556 27335
384.570 28047
384.583 29149
384.597 29620
384.610 30720
384.624 31061
384.637 31458
384.651 32011
384.664 32021
384.677 32490
384.691 32735
384.704 33232
384.718 33443
384.731 33654
384.745 34092
384.758 34389
384.772 34812
384.785 35029
384.798 35315
384.812 35321
384.825 35530
384.839 35658
384.852 35694
384.866 35947
384.879 35815
384.893 35583
384.906 36123
384.919 36646
384.933 37024
384.946 37345
384.960 36664
384.973 36684
384.987 36504
385.000 36674
385.013 36448
385.027 36908
385.040 37422
385.054 37772
385.067 37677
385.081 37954
385.094 38055
385.108 38371
385.121 38448
385.134 38718
385.148 39202
385.161 39284
385.175 39435
385.188 39352
385.202 39347
385.215 39703
385.228 39672
385.242 39597
385.255 40167
385.269 39782
385.282 39895
385.296 40416
385.309 40847
385.322 40940
385.336 41053
385.349 41338
385.363 41651
385.376 41585
385.390 41632
385.403 41497
385.416 41668
385.430 41597
385.443 41447
385.457 41079
385.470 41316
385.484 41100
385.497 41035
385.510 41420
385.524 41622
385.537 42640
385.551 42621
385.564 42527
385.578 42792
385.591 42848
385.604 43217
385.618 43561
385.631 43549
385.645 43651
385.658 43345
385.671 42420
385.685 41986
385.698 42109
385.712 42183
385.725 42419
385.739 43193
385.752 43356
385.765 43677
385.779 43715
385.792 44063
385.806 43700
385.819 43670
385.832 43795
385.846 43132
385.859 42885
385.873 43400
385.886 44446
385.900 44751
385.913 44788
385.926 44936
385.940 44577
385.953 44437
385.967 44651
385.980 44353
385.993 43494
386.007 43836
386.020 43812
386.034 43816
386.047 43935
386.060 43873
386.074 43851
386.087 43899
386.101 44358
386.114 44356
386.127 44087
386.141 44069
386.154 43335
386.168 42912
386.181 42703
386.194 42504
386.208 42304
386.221 42473
386.235 42776
386.248 43139
386.261 42841
386.275 43351
386.288 43423
386.302 43609
386.315 43323
386.328 43443
386.342 43317
386.355 42881
386.369 42959
386.382 43229
386.395 43677
386.409 43727
386.422 43585
386.436 43831
386.449 43982
386.462 44005
386.476 43699
386.489 43774
386.503 43953
386.516 44525
386.529 44580
386.543 44541
386.556 44293
386.570 43848
386.583 43837
386.596 43943
386.610 44153
386.623 43897
386.637 43576
386.650 43637
386.663 43242
386.677 43756
386.690 44172
386.704 44356
386.717 44071
386.730 44571
386.744 43933
386.757 44130
386.770 43810
386.784 43520
386.797 43107
386.811 43293
386.824 43388
386.837 43230
386.851 43549
386.864 43447
386.878 43591
386.891 43869
386.904 43862
386.918 43634
386.931 44144
386.944 44390
386.958 44045
386.971 43896
386.985 43718
386.998 43577
387.011 43411
387.025 43917
387.038 44160
387.051 44242
387.065 44431
387.078 44292
387.092 44051
387.105 43934
387.118 43984
387.132 43963
387.145 43813
387.158 43653
387.172 43418
387.185 43293
387.199 43266
387.212 43288
387.225 43037
387.239 42542
387.252 42658
387.265 42799
387.279 43094
387.292 43599
387.306 43826
387.319 43638
387.332 43258
387.346 43312
387.359 43070
387.372 42895
387.386 42937
387.399 42874
387.412 43050
387.426 43092
387.439 42961
387.453 42809
387.466 43117
387.479 43746
387.493 43354
387.506 43410
387.519 43600
387.533 43456
387.546 43288
387.559 43503
387.573 43136
387.586 42725
387.600 42381
387.613 42573
387.626 42729
387.640 42901
387.653 43267
387.666 43638
387.680 43655
387.693 43496
387.706 43013
387.720 42539
387.733 43370
387.747 43889
387.760 43978
387.773 43866
387.787 43839
387.800 43517
387.813 43872
387.827 43469
387.840 43224
387.853 42716
387.867 42337
387.880 41931
387.893 41630
387.907 41975
387.920 42572
387.933 43166
387.947 43293
387.960 43749
387.974 43413
387.987 43591
388.000 43340
388.014 43896
388.027 43706
388.040 43662
388.054 43247
388.067 42496
388.080 42254
388.094 41977
388.107 42259
388.120 42361
388.134 42656
388.147 42601
388.160 42526
388.174 42298
388.187 42951
388.200 42802
388.214 42412
388.227 42175
388.240 42007
388.254 42098
388.267 42039
388.280 42106
388.294 42139
388.307 42505
388.320 42796
388.334 42704
388.347 42582
388.361 42159
388.374 42601
388.387 43054
388.401 43070
388.414 42927
388.427 42795
388.441 42433
388.454 42701
388.467 42781
388.481 42314
388.494 41776
388.507 41848
388.521 41892
388.534 42426
388.547 42312
388.561 42637
388.574 42532
388.587 42740
388.601 42539
388.614 42800
388.627 42334
388.641 42260
388.654 42071
388.667 42323
388.680 42029
388.694 42174
388.707 41283
388.720 41621
388.734 41571
388.747 41491
388.760 41561
388.774 41332
388.787 41520
388.800 41693
388.814 41514
388.827 42084
388.840 42297
388.854 41966
388.867 41819
388.880 41458
388.894 41836
388.907 41693
388.920 41563
388.934 41563
388.947 42165
388.960 41823
388.974 41540
388.987 41257
389.000 40929
389.014 41184
389.027 41431
389.040 41091
389.054 40994
389.067 41008
389.080 41021
389.093 41819
389.107 41806
389.120 41639
389.133 41539
389.147 41357
389.160 41484
389.173 41467
389.187 41317
389.200 41023
389.213 40914
389.227 40704
389.240 40766
389.253 40768
389.267 40646
389.280 40813
389.293 40346
389.306 40548
389.320 40405
389.333 40469
389.346 40196
389.360 40103
389.373 39702
389.386 40169
389.400 40204
389.413 40101
389.426 40345
389.440 39762
389.453 39984
389.466 40302
389.479 39833
389.493 40305
389.506 40031
389.519 39976
389.533 39935
389.546 40299
389.559 40234
389.573 40077
389.586 39893
389.599 39676
389.613 39825
389.626 39673
389.639 39870
389.652 39637
389.666 39772
389.679 40028
389.692 39889
389.706 40217
389.719 40080
389.732 39961
389.745 39876
389.759 39767
389.772 39792
389.785 39725
389.799 39361
389.812 39201
389.825 39293
389.839 39091
389.852 39534
389.865 39196
389.878 39237
389.892 39110
389.905 39033
389.918 39396
389.932 39732
389.945 39686
389.958 39597
389.971 39472
389.985 39644
389.998 39712
390.011 39937
390.025 39693
390.038 39476
390.051 39251
390.064 39407
390.078 39208
390.091 38988
390.104 39110
390.118 39347
390.131 39461
390.144 39330
390.157 39324
390.171 39131
390.184 38986
390.197 38885
390.211 38971
390.224 38638
390.237 39019
390.250 38541
390.264 37999
390.277 38034
390.290 38131
390.304 37794
390.317 37862
390.330 37732
390.343 38252
390.357 37984
390.370 38152
390.383 38234
390.397 38842
390.410 38731
390.423 38790
390.436 38559
390.450 38751
390.463 38234
390.476 38452
390.489 38405
390.503 38359
390.516 38406
390.529 38277
390.543 38342
390.556 38769
390.569 38503
390.582 38607
390.596 38399
390.609 38415
390.622 38334
390.635 38179
390.649 38035
390.662 37911
390.675 38198
390.689 37750
390.702 37681
390.715 37578
390.728 37499
390.742 37205
390.755 37084
390.768 37084
390.781 36889
390.795 37156
390.808 37284
390.821 37361
390.834 37433
390.848 37396
390.861 37222
390.874 37022
390.888 37283
390.901 37309
390.914 37797
390.927 37917
390.941 38315
390.954 37730
390.967 37485
390.980 37698
390.994 37528
391.007 37549
391.020 37565
391.033 37287
391.047 37197
391.060 37584
391.073 37269
391.086 37362
391.100 37619
391.113 37187
391.126 37495
391.139 37701
391.153 37564
391.166 37489
391.179 37557
391.192 37434
391.206 37231
391.219 37246
391.232 36585
391.245 36388
391.259 35900
391.272 35868
391.285 36254
391.298 36282
391.312 36360
391.325 36403
391.338 36460
391.351 36219
391.365 36126
391.378 36155
391.391 36508
391.404 36324
391.418 36331
391.431 36402
391.444 35899
391.457 35460
391.471 35443
391.484 35381
391.497 35352
391.510 35961
391.524 36035
391.537 36199
391.550 36040
391.563 36242
391.577 36217
391.590 36210
391.603 35937
391.616 35960
391.630 36152
391.643 35983
391.656 35920
391.669 35962
391.682 35955
391.696 35835
391.709 36010
391.722 36103
391.735 36102
391.749 36027
391.762 35843
391.775 35743
391.788 35716
391.802 35576
391.815 35108
391.828 35380
391.841 35003
391.855 35232
391.868 35366
391.881 35432
391.894 35153
391.907 35600
391.921 35469
391.934 34943
391.947 34681
