373.873 38259
373.887 38084
373.901 38107
373.915 38184
373.928 38154
373.942 38155
373.956 38234
373.970 38798
373.983 39066
373.997 38881
374.011 38787
374.025 38950
374.039 38862
374.052 39227
374.066 39018
374.080 39201
374.094 39725
374.107 39967
374.121 40065
374.135 39793
374.149 39448
374.162 39510
374.176 39522
374.190 39560
374.204 39420
374.217 39717
374.231 39532
374.245 39790
374.259 39954
374.272 40004
374.286 40323
374.300 39864
374.314 39755
374.327 39792
374.341 40023
374.355 39765
374.369 40034
374.382 40240
374.396 40347
374.410 40610
374.424 40077
374.437 40081
374.451 40075
374.465 40208
374.479 40305
374.492 40477
374.506 41017
374.520 41627
374.534 41660
374.547 41359
374.561 41200
374.575 40909
374.589 41110
374.602 40859
374.616 40803
374.630 40553
374.644 40469
374.657 40688
374.671 40455
374.685 40846
374.699 41185
374.712 41177
374.726 41441
374.740 41575
374.754 41066
374.767 40975
374.781 41282
374.795 41301
374.809 42044
374.822 42589
374.836 42734
374.850 42809
374.863 42671
374.877 42083
374.891 41935
374.905 42418
374.918 42106
374.932 42286
374.946 42036
374.960 41750
374.973 41604
374.987 42186
375.001 42687
375.015 43459
375.028 43387
375.042 43418
375.056 43512
375.069 42784
375.083 42198
375.097 42430
375.111 42674
375.124 42917
375.138 42717
375.152 43163
375.166 43557
375.179 43345
375.193 43193
375.207 43241
375.220 43450
375.234 42702
375.248 42910
375.262 43731
375.275 44297
375.289 44025
375.303 44324
375.317 44281
375.330 44543
375.344 43692
375.358 43043
375.371 43479
375.385 43934
375.399 43803
375.413 43390
375.426 43418
375.440 43967
375.454 44307
375.468 43908
375.481 44104
375.495 44337
375.509 44571
375.522 44970
375.536 44743
375.550 44227
375.564 44523
375.577 44756
375.591 44334
375.605 44257
375.618 44238
375.632 44413
375.646 44405
375.660 44421
375.673 44637
375.687 44828
375.701 45530
375.714 46011
375.728 46624
375.742 46245
375.756 46103
375.769 46152
375.783 46062
375.797 45901
375.810 45592
375.824 44943
375.838 45068
375.852 45651
375.865 45730
375.879 45681
375.893 45253
375.906 45646
375.920 45631
375.934 45639
375.947 45436
375.961 45833
375.975 46372
375.989 46075
376.002 46288
376.016 46615
376.030 46856
376.043 47261
376.057 47189
376.071 47696
376.084 47179
376.098 46722
376.112 46209
376.126 46184
376.139 46376
376.153 46114
376.167 46184
376.180 46527
376.194 46467
376.208 46758
376.221 46652
376.235 46840
376.249 47031
376.263 46767
376.276 46961
376.290 46905
376.304 46977
376.317 46918
376.331 46856
376.345 47694
376.358 47767
376.372 47454
376.386 47371
376.400 47206
376.413 47391
376.427 47869
376.441 48142
376.454 47639
376.468 47689
376.482 47296
376.495 47588
376.509 47340
376.523 47272
376.536 47287
376.550 47574
376.564 48640
376.577 49207
376.591 48730
376.605 49464
376.619 48747
376.632 48848
376.646 48819
376.660 49164
376.673 49586
376.687 50269
376.701 50210
376.714 49672
376.728 49324
376.742 49633
376.755 49610
376.769 49972
376.783 50042
376.796 50105
376.810 50578
376.824 50115
376.837 49041
376.851 49230
376.865 49488
376.879 50046
376.892 49720
376.906 49800
376.920 49936
376.933 49619
376.947 49378
376.961 49436
376.974 49850
376.988 49948
377.002 50125
377.015 49897
377.029 49687
377.043 49519
377.056 49979
377.070 50636
377.084 50988
377.097 50929
377.111 50951
377.125 50844
377.138 51038
377.152 51174
377.166 50408
377.179 50398
377.193 50713
377.207 50739
377.220 50996
377.234 51349
377.248 51047
377.261 51383
377.275 51450
377.289 51737
377.302 51360
377.316 50873
377.330 51053
377.343 51286
377.357 51300
377.371 51812
377.384 51827
377.398 51731
377.412 51810
377.425 52339
377.439 51983
377.453 52183
377.466 51930
377.480 51667
377.494 51902
377.507 51788
377.521 51855
377.535 52103
377.548 51917
377.562 51884
377.576 51433
377.589 51528
377.603 52272
377.617 52608
377.630 52842
377.644 52341
377.658 52277
377.671 51953
377.685 52114
377.698 51956
377.712 52342
377.726 53268
377.739 54186
377.753 54198
377.767 53795
377.780 53894
377.794 54022
377.808 54117
377.821 53255
377.835 52587
377.849 53040
377.862 52662
377.876 52620
377.890 52726
377.903 53423
377.917 52828
377.931 53249
377.944 53829
377.958 54070
377.972 53846
377.985 53869
377.999 53825
378.012 53825
378.026 53766
378.040 53625
378.053 54174
378.067 55075
378.081 55344
378.094 54970
378.108 55118
378.122 54861
378.135 54887
378.149 54976
378.163 54762
378.176 54959
378.190 54749
378.203 54968
378.217 55299
378.231 54975
378.244 54331
378.258 53722
378.272 53762
378.285 53931
378.299 53725
378.313 53871
378.326 54261
378.340 54279
378.353 54445
378.367 54081
378.381 54850
378.394 54926
378.408 55343
378.422 54611
378.435 54511
378.449 54305
378.463 54518
378.476 54499
378.490 54798
378.503 54576
378.517 54719
378.531 54763
378.544 54681
378.558 55000
378.572 54996
378.585 54897
378.599 55807
378.612 56455
378.626 56161
378.640 55909
378.653 55964
378.667 55581
378.681 55880
378.694 55658
378.708 55993
378.721 56411
378.735 56350
378.749 56535
378.762 57309
378.776 57102
378.790 56978
378.803 57003
378.817 57182
378.830 57163
378.844 57509
378.858 57654
378.871 57830
378.885 56749
378.899 56358
378.912 56473
378.926 56646
378.939 56654
378.953 56697
378.967 56699
378.980 56862
378.994 56977
379.007 56554
379.021 56718
379.035 56765
379.048 56443
379.062 56502
379.076 56313
379.089 56454
379.103 56796
379.116 56950
379.130 57150
379.144 57062
379.157 56813
379.171 57022
379.184 56595
379.198 56669
379.212 56678
379.225 56765
379.239 56798
379.252 56824
379.266 56556
379.280 57070
379.293 57166
379.307 57125
379.321 57187
379.334 57341
379.348 57009
379.361 56768
379.375 56903
379.389 57001
379.402 57378
379.416 57625
379.429 57801
379.443 57785
379.457 57426
379.470 58123
379.484 58010
379.497 57929
379.511 58091
379.525 58001
379.538 58454
379.552 59234
379.565 58859
379.579 58939
379.593 58365
379.606 58651
379.620 59224
379.633 59049
379.647 59366
379.661 58762
379.674 58787
379.688 58719
379.701 58376
379.715 58276
379.729 58106
379.742 58062
379.756 58529
379.769 58360
379.783 58317
379.797 58468
379.810 58011
379.824 58123
379.837 58194
379.851 58097
379.864 58663
379.878 58763
379.892 58375
379.905 58326
379.919 58199
379.932 58723
379.946 58691
379.960 58507
379.973 58794
379.987 59443
380.000 59814
380.014 59646
380.028 59610
380.041 59857
380.055 59021
380.068 58952
380.082 58753
380.095 58647
380.109 59246
380.123 59091
380.136 59647
380.150 60697
380.163 60464
380.177 60708
380.191 60018
380.204 59936
380.218 60404
380.231 60494
380.245 60449
380.258 59993
380.272 60379
380.286 60105
380.299 60511
380.313 60988
380.326 60776
380.340 59826
380.353 59794
380.367 59509
380.381 59549
380.394 59902
380.408 59838
380.421 59886
380.435 60130
380.449 60186
380.462 60724
380.476 60669
380.489 61430
380.503 61920
380.516 61190
380.530 61131
380.544 60273
380.557 60148
380.571 60415
380.584 60135
380.598 60360
380.611 60594
380.625 60376
380.639 60647
380.652 60636
380.666 60903
380.679 60288
380.693 59805
380.706 60078
380.720 60355
380.733 60292
380.747 60223
380.761 60436
380.774 60392
380.788 59737
380.801 60781
380.815 60322
380.828 60551
380.842 60289
380.856 60465
380.869 60287
380.883 60147
380.896 60883
380.910 61757
380.923 61992
380.937 62788
380.950 62669
380.964 62557
380.978 62542
380.991 62553
381.005 62228
381.018 62545
381.032 62517
381.045 62925
381.059 62839
381.072 62615
381.086 61997
381.100 62115
381.113 61667
381.127 61734
381.140 61481
381.154 61090
381.167 61432
381.181 61886
381.194 61852
381.208 61597
381.222 61735
381.235 62450
381.249 62377
381.262 62014
381.276 62495
381.289 62517
381.303 62548
381.316 62583
381.330 63140
381.343 63019
381.357 62772
381.371 62514
381.384 62401
381.398 62586
381.411 62546
381.425 62590
381.438 62940
381.452 62819
381.465 62430
381.479 62563
381.492 63132
381.506 63170
381.520 63086
381.533 62854
381.547 62879
381.560 62850
381.574 63159
381.587 63120
381.601 63026
381.614 62550
381.628 62577
381.641 62413
381.655 62194
381.669 63029
381.682 63047
381.696 63883
381.709 64028
381.723 63930
381.736 63292
381.750 62675
381.763 62359
381.777 61902
381.790 62688
381.804 62416
381.817 63519
381.831 62896
381.844 63271
381.858 63673
381.872 63536
381.885 62816
381.899 62808
381.912 63425
381.926 63378
381.939 63202
381.953 62568
381.966 62756
381.980 62769
381.993 62966
382.007 62662
382.020 63116
382.034 62937
382.047 62979
382.061 63170
382.074 63410
382.088 64242
382.101 64076
382.115 64856
382.129 64265
382.142 63111
382.156 63151
382.169 63222
382.183 63194
382.196 62989
382.210 63372
382.223 63361
382.237 64007
382.250 64093
382.264 64375
382.277 64404
382.291 63900
382.304 63668
382.318 63713
382.331 63456
382.345 63717
382.358 63042
382.372 63004
382.385 63663
382.399 63939
382.412 63576
382.426 63951
382.439 63477
382.453 63265
382.467 63746
382.480 64115
382.494 64202
382.507 64596
382.521 64635
382.534 63928
382.548 64339
382.561 64516
382.575 64026
382.588 65406
382.602 65813
382.615 66103
382.629 66014
382.642 65719
382.656 65430
382.669 65518
382.683 65152
382.696 64727
382.710 64916
382.723 64957
382.737 64829
382.750 65118
382.764 65245
382.777 65345
382.791 65723
382.804 65334
382.818 65621
382.831 65249
382.845 65496
382.858 65754
382.872 65477
382.885 65089
382.899 65394
382.912 65677
382.926 65310
382.939 65290
382.953 65427
382.966 65721
382.980 65811
382.993 66506
383.007 65981
383.020 65305
383.034 65142
383.047 65036
383.061 64340
383.074 64679
383.088 64242
383.101 64362
383.115 64698
383.128 64602
383.142 64784
383.155 65098
383.169 65714
383.182 66583
383.196 66418
383.209 66535
383.223 65734
383.236 65880
383.250 66192
383.263 66142
383.277 65260
383.290 65542
383.304 65216
383.317 65540
383.331 67029
383.344 67409
383.358 67033
383.371 66078
383.385 65936
383.398 65999
383.412 65975
383.425 65705
383.438 65804
383.452 65141
383.465 65802
383.479 65850
383.492 65675
383.506 66011
383.519 66852
383.533 67161
383.546 65831
383.560 64971
383.573 65495
383.587 65720
383.600 66254
383.614 66517
383.627 66228
383.641 66322
383.654 66544
383.668 67503
383.681 67198
383.695 66746
383.708 67085
383.722 67388
383.735 66729
383.749 66400
383.762 66163
383.775 66654
383.789 67200
383.802 66333
383.816 64742
383.829 65229
383.843 65293
383.856 65506
383.870 65557
383.883 65340
383.897 65890
383.910 65868
383.924 65964
383.937 66007
383.951 65763
383.964 65033
383.978 65081
383.991 66103
384.004 66985
384.018 67398
384.031 67872
384.045 67515
384.058 66296
384.072 65644
384.085 65847
384.099 65837
384.112 65766
384.126 65942
384.139 66556
384.153 67121
384.166 67460
384.180 67094
384.193 67289
384.206 67404
384.220 66336
384.233 66402
384.247 67026
384.260 67655
384.274 67155
384.287 66739
384.301 66731
384.314 66838
384.328 66910
384.341 66571
384.355 66832
384.368 66656
384.381 66645
384.395 66324
384.408 65989
384.422 65717
384.435 65489
384.449 66442
384.462 66972
384.476 66978
384.489 66584
384.503 66852
384.516 67104
384.529 66234
384.543 65917
384.556 65711
384.570 65649
384.583 66837
384.597 67463
384.610 67633
384.624 67677
384.637 67813
384.651 67765
384.664 66794
384.677 66877
384.691 66745
384.704 66538
384.718 66148
384.731 66074
384.745 66350
384.758 67158
384.772 67276
384.785 67655
384.798 67835
384.812 66640
384.825 66718
384.839 67512
384.852 66923
384.866 66831
384.879 66491
384.893 65954
384.906 66074
384.919 67238
384.933 67503
384.946 67986
384.960 66836
384.973 66349
384.987 66232
385.000 65908
385.013 65929
385.027 66122
385.040 66365
385.054 66891
385.067 66596
385.081 66623
385.094 67241
385.108 67211
385.121 66855
385.134 67131
385.148 67921
385.161 67772
385.175 67224
385.188 66690
385.202 66553
385.215 66532
385.228 66898
385.242 66733
385.255 66697
385.269 66037
385.282 66385
385.296 66774
385.309 66827
385.322 67130
385.336 67108
385.349 67438
385.363 67639
385.376 67319
385.390 66831
385.403 66766
385.416 66768
385.430 66581
385.443 66331
385.457 65775
385.470 65947
385.484 65649
385.497 65692
385.510 66320
385.524 66395
385.537 67300
385.551 67335
385.564 67441
385.578 67806
385.591 67273
385.604 67824
385.618 68471
385.631 68270
385.645 68328
385.658 68381
385.671 66442
385.685 65650
385.698 65881
385.712 65738
385.725 66516
385.739 66973
385.752 67773
385.765 67514
385.779 67490
385.792 67802
385.806 67541
385.819 67588
385.832 67368
385.846 66869
385.859 66931
385.873 67544
385.886 68154
385.900 69420
385.913 69542
385.926 69172
385.940 68805
385.953 68608
385.967 68552
385.980 68111
385.993 67793
386.007 67498
386.020 67270
386.034 67785
386.047 67322
386.060 67456
386.074 67640
386.087 67596
386.101 68167
386.114 67903
386.127 67937
386.141 67038
386.154 66595
386.168 66362
386.181 65919
386.194 65121
386.208 65019
386.221 65276
386.235 65484
386.248 66026
386.261 65810
386.275 66346
386.288 66180
386.302 66523
386.315 66453
386.328 65624
386.342 65947
386.355 65271
386.369 65849
386.382 65965
386.395 66204
386.409 66488
386.422 66143
386.436 66836
386.449 66431
386.462 66182
386.476 66019
386.489 66366
386.503 66917
386.516 67750
386.529 67823
386.543 68288
386.556 67269
386.570 66970
386.583 66343
386.596 66630
386.610 66898
386.623 66491
386.637 66118
386.650 66198
386.663 65727
386.677 66639
386.690 66892
386.704 67263
386.717 67489
386.730 66959
386.744 67199
386.757 66834
386.770 66422
386.784 65952
386.797 65356
386.811 65636
386.824 65681
386.837 65944
386.851 65994
386.864 66375
386.878 66632
386.891 66250
386.904 66699
386.918 66708
386.931 67026
386.944 66906
386.958 66691
386.971 66679
386.985 66117
386.998 65955
387.011 65545
387.025 66352
387.038 66491
387.051 67143
387.065 67126
387.078 67111
387.092 67068
387.105 66405
387.118 66593
387.132 66525
387.145 65969
387.158 65564
387.172 65581
387.185 65686
387.199 65795
387.212 65154
387.225 64777
387.239 64414
387.252 64401
387.265 64348
387.279 65505
387.292 65778
387.306 66472
387.319 65896
387.332 65729
387.346 65086
387.359 64900
387.372 64984
387.386 64755
387.399 64945
387.412 64764
387.426 64787
387.439 64730
387.453 64599
387.466 64802
387.479 65763
387.493 65442
387.506 65561
387.519 65116
387.533 65454
387.546 65651
387.559 65503
387.573 64755
387.586 64419
387.600 64347
387.613 63859
387.626 63727
387.640 64321
387.653 65111
387.666 65544
387.680 65865
387.693 65609
387.706 65053
387.720 64210
387.733 64581
387.747 65901
387.760 66083
387.773 66072
387.787 65766
387.800 65994
387.813 65775
387.827 65790
387.840 64756
387.853 64693
387.867 63380
387.880 63343
387.893 62868
387.907 63023
387.920 64130
387.933 64796
387.947 65481
387.960 65362
387.974 65338
387.987 65313
388.000 65746
388.014 66027
388.027 66302
388.040 66128
388.054 65303
388.067 63825
388.080 63739
388.094 63481
388.107 64021
388.120 63766
388.134 64201
388.147 64292
388.160 64361
388.174 64169
388.187 64260
388.200 63812
388.214 63740
388.227 63128
388.240 63133
388.254 63289
388.267 63341
388.280 63388
388.294 63839
388.307 63915
388.320 63876
388.334 64117
388.347 64046
388.361 63283
388.374 63527
388.387 63911
388.401 64756
388.414 64683
388.427 64146
388.441 63683
388.454 63864
388.467 63583
388.481 63155
388.494 62730
388.507 62936
388.521 63156
388.534 63943
388.547 63841
388.561 64103
388.574 64165
388.587 64153
388.601 64787
388.614 64426
388.627 64241
388.641 63216
388.654 63605
388.667 63824
388.680 63423
388.694 63115
388.707 62413
388.720 62400
388.734 62623
388.747 62279
388.760 61717
388.774 61991
388.787 62257
388.800 62350
388.814 62587
388.827 62956
388.840 62909
388.854 62653
388.867 62103
388.880 62758
388.894 62621
388.907 62447
388.920 62071
388.934 62264
388.947 62023
388.960 62259
388.974 62061
388.987 61349
389.000 61234
389.014 61585
389.027 61443
389.040 61228
389.054 61042
389.067 61236
389.080 61809
389.093 61976
389.107 62389
389.120 62245
389.133 62467
389.147 62017
389.160 62287
389.173 62036
389.187 61774
389.200 61360
389.213 61016
389.227 61189
389.240 60935
389.253 61093
389.267 61033
389.280 61153
389.293 60715
389.306 60762
389.320 60378
389.333 60466
389.346 60011
389.360 59822
389.373 59739
389.386 59989
389.400 59875
389.413 59912
389.426 59639
389.440 59976
389.453 60018
389.466 59883
389.479 60265
389.493 59384
389.506 59266
389.519 59681
389.533 59737
389.546 59731
389.559 59880
389.573 59827
389.586 59829
389.599 59445
389.613 59124
389.626 58657
389.639 59108
389.652 59507
389.666 59420
389.679 59659
389.692 59566
389.706 59864
389.719 59780
389.732 59783
389.745 59189
389.759 59331
389.772 59097
389.785 59057
389.799 59027
389.812 58819
389.825 59125
389.839 58648
389.852 59046
389.865 58463
389.878 58536
389.892 58408
389.905 58659
389.918 58563
389.932 59279
389.945 59087
389.958 59062
389.971 58875
389.985 58790
389.998 59029
390.011 59105
390.025 59121
390.038 58821
390.051 58713
390.064 58809
390.078 58739
390.091 58368
390.104 58298
390.118 58305
390.131 58425
390.144 58455
390.157 58250
390.171 58177
390.184 58134
390.197 57906
390.211 57854
390.224 58148
390.237 57431
390.250 56992
390.264 56604
390.277 56576
390.290 56153
390.304 56321
390.317 56431
390.330 56120
390.343 56501
390.357 56968
390.370 57238
390.383 57020
390.397 57384
390.410 57496
390.423 57494
390.436 57043
390.450 57261
390.463 57013
390.476 57016
390.489 57035
390.503 57225
390.516 57435
390.529 57112
390.543 57127
390.556 57372
390.569 57930
390.582 57424
390.596 57259
390.609 57055
390.622 56557
390.635 56449
390.649 56453
390.662 56574
390.675 56907
390.689 56442
390.702 55840
390.715 55986
390.728 55880
390.742 55406
390.755 54794
390.768 54845
390.781 55040
390.795 55101
390.808 55090
390.821 54894
390.834 55255
390.848 55241
390.861 55469
390.874 55179
390.888 54872
390.901 55414
390.914 55943
390.927 56154
390.941 56318
390.954 55937
390.967 55620
390.980 55322
390.994 55353
391.007 55658
391.020 55839
391.033 55509
391.047 55348
391.060 55762
391.073 55582
391.086 55414
391.100 55352
391.113 55326
391.126 55365
391.139 55900
391.153 55660
391.166 55529
391.179 55680
391.192 55089
391.206 55288
391.219 54764
391.232 54268
391.245 53731
391.259 53059
391.272 53159
391.285 53531
391.298 53602
391.312 53685
391.325 53369
391.338 53703
391.351 53605
391.365 53520
391.378 53733
391.391 53907
391.404 53921
391.418 53568
391.431 53739
391.444 53274
391.457 52460
391.471 52491
391.484 52526
391.497 52731
391.510 52974
391.524 53315
391.537 53333
391.550 53456
391.563 53377
391.577 53584
391.590 53137
391.603 52760
391.616 53009
391.630 53309
391.643 53662
391.656 53223
391.669 53120
391.682 53018
391.696 53068
391.709 53114
391.722 53129
391.735 53365
391.749 53243
391.762 53204
391.775 52772
391.788 52320
391.802 52416
391.815 52204
391.828 51856
391.841 51891
391.855 51622
391.868 51978
391.881 52075
391.894 52283
391.907 52050
391.921 52264
391.934 52516
391.947 51447
