0
0
0
0
0
0
0
0
0
0
0
0
0
0
0
0
0
0
0
0
0
0
0
0
0
-0.02
0
0.02
-0.02
0
0
0
0
0.02
-0.02
0
0
0
0
0
0
0
0
0
0
0
0.02
0
0
0
0
0
0
0
0
0
0
0
-0.02
0
0
0
0.02
0
0
-0.02
0
0
0
0.02
0
0
0
0
0
0
0
0
0
-0.02
0.02
0
0
0
-0.02
0
0.02
0
0
0
-0.02
0.02
0
0
0
0
0
0
0
-0.02
0.02
0
0
0
0
-0.02
0
0
0.02
0
0
0
0
0
0
0
0
0
0
0
0
-0.02
0
0
0
0.02
0
-0.02
0
0.02
0
0
0
0
0
0
0
0
0
0
0
0
0
0
-0.02
0
0
0
0.02
0
0
0
0
0
0
0
0
0
0
0
0
-0.02
0.02
0
0
0
-0.02
0
0.02
0
0
0
-0.02
0
0.02
0
-0.02
0
0
0
0.02
0
-0.02
0
0.02
0
0
0
0
-0.02
0
0
0.02
0
0
-0.02
0
0
0
0
0
0.02
0
0
0
0
0
0
0
-0.02
0
0.02
0
0
0
0
0
0
0
0
0
0
0
0
0
0
0
0
0
0
0
0
0
0
0
0
0
0
0
0
0
0
0
0
0
0
0
0
0
0
0
0
0
0
0
0
0
0
0
0
0
0
0
0
0
0
0
0
0
0
0
0
0
0
0
0
0
0
0
0
0
0
0
0
0
0
0
0
0
0
0
0
0
0
0
0.02
0
0
0.02
0.02
0.04
0.04
0.06
0.1
0.12
0.16
0.2
0.28
0.34
0.44
0.54
0.66
0.8
0.94
1.08
1.24
1.36
1.54
1.72
1.82
2.02
2.14
2.24
2.4
2.52
2.58
2.72
2.78
2.96
3.1
3.1
3.3
3.28
3.28
3.36
3.3
3.22
3.28
3.16
3.1
3.12
3
2.94
2.88
2.78
2.76
2.68
2.6
2.58
2.58
2.52
2.5
2.46
2.38
2.28
2.2
2.04
2
1.94
1.82
1.72
1.7
1.64
1.52
1.54
1.42
1.4
1.52
1.4
1.26
1.34
1.2
1.1
1.24
0.94
0.98
1.14
1.1
0.92
1.08
0.76
0.86
0.86
0.84
0.68
0.72
0.6
0.7
0.62
0.62
0.6
0.5
0.56
0.54
0.54
0.48
0.5
0.4
0.42
0.46
0.48
0.42
0.56
0.38
0.4
0.4
0.3
0.22
0.28
0.16
0.32
0.22
0.2
0.24
0.2
0.26
0.34
0.22
0.32
0.36
0.2
0.22
0.24
0.1
0.2
0.12
0
0.24
0.06
0.22
0.1
0.02
0.06
0.3
0.04
0.2
0.3
0.12
0.1
0.18
0.02
0.02
0.28
0.12
0.06
0.08
0.02
0.12
0.02
0.02
0.18
-0.08
0.12
0.22
-0.06
0.04
0.26
-0.04
0.02
0.12
-0.06
0.06
0.22
0.02
0.06
0.08
0.08
0.06
-0.04
-0.1
0.1
0.04
0.1
0.1
-0.08
0.08
0.1
0.02
0.06
0.08
0.04
0.06
-0.04
-0.08
0
0.04
0.02
0.04
-0.06
0.12
0.06
0.08
0.12
-0.02
0.06
0.1
-0.02
-0.1
0.1
-0.04
0.12
-0.04
0.06
-0.06
0.06
-0.08
-0.02
-0.06
0.08
0.12
0
0.08
0.04
-0.08
0.12
-0.06
0.04
0.1
0.02
0
0.02
-0.12
0.08
-0.02
0.02
0.02
-0.06
0.1
0.04
0.06
0.02
0.02
-0.04
0.08
-0.08
0.02
0.06
0.04
-0.08
-0.02
-0.06
0.06
0.1
0.02
0.12
-0.02
0.12
0.04
-0.08
-0.1
0
-0.08
0.02
0.1
-0.02
0.12
0
-0.04
0.06
0.06
0.12
0.14
0
-0.06
-0.1
-0.08
0.02
-0.1
0.04
-0.02
-0.12
0.24
0
-0.06
0.24
-0.02
-0.06
0.2
-0.12
-0.04
0.24
-0.08
-0.04
0.1
-0.28
0.02
-0.04
-0.08
0.16
0.06
-0.12
0.18
0.04
-0.06
0.24
-0.04
-0.18
0
0.14
-0.14
0.16
0.08
-0.28
0.08
0.04
-0.14
0.12
0.02
0.06
0.18
-0.08
0
0
-0.16
0.18
-0.02
-0.18
0.22
-0.1
-0.04
0.14
-0.1
-0.04
0.2
-0.14
0.06
-0.08
-0.14
0.06
0.02
-0.04
0.14
-0.12
0.02
0.16
-0.08
0.18
0.1
-0.14
0.02
-0.08
-0.16
0.12
0
-0.06
0.16
-0.16
-0.04
0.04
-0.12
0.16
0.2
-0.14
0.12
-0.06
-0.2
0.2
0
-0.2
0.24
-0.14
0.1
0.2
-0.08
-0.12
0.08
0
0.14
0.06
-0.14
-0.08
-0.1
-0.06
0.06
0.04
0.04
-0.12
0.04
-0.12
0.04
0.18
0.1
0.06
0.14
-0.04
-0.14
-0.14
-0.06
-0.08
0.02
0.04
0.08
-0.06
0.18
-0.02
0
0.06
0.02
-0.04
-0.08
-0.04
0
0.16
0.02
-0.06
-0.1
-0.12
0.02
0.08
0.04
0.06
0.16
-0.04
0
-0.1
-0.08
0.1
-0.02
-0.02
0
-0.14
-0.02
0.12
0.02
0.1
0.12
0.12
0
0.08
0.02
-0.08
-0.08
0.02
-0.1
0
-0.04
0.04
0.16
0.02
0.1
0.04
-0.14
0.18
0.06
0.08
0.16
-0.06
-0.24
-0.1
-0.1
-0.16
0.22
-0.08
0.04
0
0.02
-0.18
0.18
-0.12
0.08
0.02
-0.08
0.12
0.12
-0.08
0.04
-0.06
-0.1
0.04
0.14
0
0
0.12
0.02
-0.12
0.08
-0.02
-0.2
0.12
0.02
-0.08
0.16
-0.14
-0.04
0.08
-0.1
0.1
0.16
0.02
-0.06
0.1
-0.16
0.02
0.02
-0.02
-0.12
0
-0.08
0
0.06
-0.02
0.02
-0.22
0.04
0.08
0.08
0.3
0.06
0.02
0.12
-0.08
-0.1
0.06
-0.16
-0.06
-0.18
-0.16
0.12
0.1
0.1
0.12
0.04
-0.02
0.1
0
-0.06
0.02
0
-0.14
-0.02
-0.02
-0.12
0.12
0.08
0
0.24
-0.04
-0.16
0.1
-0.04
-0.02
0.12
-0.06
-0.14
0.08
-0.06
-0.02
0.1
0
-0.04
0.16
-0.02
-0.14
0.18
0
-0.06
0.22
-0.02
-0.08
0.2
0.04
-0.2
0.1
-0.08
-0.04
0.1
0.04
-0.18
0.14
-0.04
-0.16
0.14
0.06
-0.2
0.14
0.1
-0.22
0.14
0.08
-0.22
0.08
0.04
-0.22
0.06
0.12
-0.14
0.2
0.18
-0.18
0.04
0.08
-0.26
0.14
0.18
-0.16
0.06
0.14
-0.24
0.02
0.02
0.08
0.02
0.06
-0.08
0.04
-0.1
0
0.04
-0.06
0.12
0.12
-0.06
-0.04
0.1
0
0.04
0.2
-0.12
-0.12
-0.06
-0.1
-0.02
0.12
-0.08
-0.1
0.04
-0.1
0.12
0.2
0.06
0.06
0.08
-0.12
-0.24
0.12
0.04
-0.02
0.26
0.02
-0.26
0.04
-0.02
-0.2
0.22
0.08
0.02
0.12
-0.06
-0.04
0.12
-0.16
-0.16
0.2
-0.12
-0.12
0.24
0.06
-0.14
0.3
0.12
-0.18
0.08
0.14
-0.36
0.02
0.2
-0.18
-0.02
0.04
-0.1
-0.16
0.12
0.04
-0.04
0.16
0.2
-0.2
0.08
0.2
-0.34
0.12
0.04
-0.32
0.08
0.08
-0.24
0.22
0.04
-0.16
0.1
0.06
-0.14
0.12
0.14
0.02
-0.08
0.04
-0.04
-0.08
0.14
-0.14
-0.18
0.08
0.02
0.04
0.16
0.04
-0.06
0.12
-0.16
-0.12
0.1
-0.02
0
-0.06
-0.04
-0.06
0.26
0.06
0.14
0
-0.04
-0.02
0.06
0.06
0
0.02
0
-0.28
-0.16
0.04
-0.08
-0.1
0.18
-0.12
0
0.24
0.02
0
0.06
0.04
-0.08
0.04
-0.12
-0.14
-0.02
-0.04
-0.06
0.08
0.04
0.02
0.1
0.02
-0.12
0.16
-0.04
0.04
-0.08
-0.04
-0.04
0.02
0
0.04
-0.04
-0.16
0
0.1
0.14
0.08
-0.14
0.1
0.06
0.1
0.02
-0.06
-0.28
0.04
0
-0.12
-0.08
0.14
0.1
0.08
0.24
0.06
-0.08
0.14
0.08
-0.22
0.04
-0.02
-0.14
0
0.08
-0.08
-0.02
0.02
0.06
-0.02
0
0.12
-0.1
-0.04
0
-0.14
-0.08
0.14
0
-0.04
-0.06
0.26
0.12
0.1
-0.14
0.02
-0.14
0.24
-0.16
-0.32
-0.18
0.3
-0.02
0.38
0.1
-0.2
0.02
-0.08
-0.28
0.12
0.14
-0.08
-0.06
-0.06
0.06
-0.02
-0.02
0.12
-0.02
-0.24
-0.06
0.18
-0.12
0.3
0.24
-0.32
-0.02
0.18
-0.16
0
0.14
-0.12
-0.04
-0.06
0.04
0.04
-0.06
-0.08
0.12
-0.06
-0.08
-0.02
-0.02
-0.06
0.2
0.08
-0.08
0.14
0.2
-0.12
-0.16
0.06
0.04
0
-0.04
-0.02
0
-0.06
-0.1
0
0.1
0.04
0.02
-0.06
-0.2
0.14
0.08
0.02
-0.08
0.16
0.02
0.04
-0.1
-0.1
-0.04
-0.02
-0.12
0.04
0.1
0.06
-0.04
0.08
-0.02
-0.04
0.28
-0.02
-0.24
0.12
-0.04
-0.22
0.06
0.02
-0.02
0.02
-0.1
-0.1
0.04
-0.02
-0.14
-0.1
0.16
0.08
0.16
0.22
-0.02
-0.08
0.1
-0.16
-0.18
0.14
-0.16
-0.04
0.04
0
0
0.08
-0.06
-0.06
-0.14
-0.06
-0.12
-0.04
0.12
0.06
0.02
0.04
0.02
0
0.12
-0.04
-0.06
-0.3
-0.04
0.1
0.14
-0.04
-0.2
-0.46
-0.06
0.06
0.12
0.18
0.06
-0.02
-0.02
-0.16
-0.22
0
0.06
0.02
-0.08
-0.08
0.14
0.14
-0.06
0.08
-0.06
-0.3
0.04
-0.18
-0.32
0.08
0.16
-0.06
0.08
-0.04
-0.08
-0.14
0.04
-0.06
0.04
0.3
0.2
-0.24
-0.18
0.04
0.08
0.16
0.02
-0.18
-0.02
0.14
-0.1
-0.14
-0.14
0.12
0.26
0.06
0.12
0
0.06
0.14
0.26
-0.3
-0.24
-0.02
0.1
0.18
0.3
-0.36
-0.28
0.24
0.26
-0.02
0.02
-0.12
-0.06
-0.1
0.24
-0.3
-0.18
0.14
0.26
0.5
0.38
-0.16
-0.18
-0.24
-0.12
0.18
-0.32
-0.06
0.46
0
-0.12
0.02
-0.22
0.22
0.5
-0.16
-0.16
0.02
-0.24
0.16
0
-0.16
-0.16
0.3
0.06
0.52
-0.02
-0.56
-0.26
0.82
1
0.38
-0.64
-0.76
-0.44
0.44
0.16
-0.12
-0.08
0.34
0.02
0.28
-0.02
-0.92
-0.32
-0.6
0.18
0.98
1.2
-0.64
-0.2
-0.96
0.2
-0.08
0.64
0.3
0.58
-0.3
0.12
-0.14
0.86
0.3
0.22
-0.52
-0.78
0.54
0.1
-0.24
0.2
-0.84
-1.3
0.24
1.12
1.1
1.16
-1.84
-1.3
0.58
1.38
-0.64
0.34
-1.52
0.04
0.8
-0.32
-0.78
-0.5
-0.52
-1.34
0.7
1.46
0.86
1.94
1
-1.82
-0.64
-0.28
-2.74
0.22
0.38
0.36
-0.72
0.84
-0.3
0.32
0.82
2.26
0.34
0.34
0.8
-2.58
-1.68
1.1
-0.22
1.02
2.3
-1.52
-0.52
0.54
0.6
0.48
0.58
0.72
-1.78
-2.26
1.42
0.12
0
2.96
-0.44
-1.66
0.4
-2.76
-1.64
1.3
-0.2
3.24
1.44
-0.56
-0.2
-0.18
-1.58
1.74
-1.4
-0.8
-1.12
3.5
-0.62
1.76
-3.38
-4.02
-0.26
1.16
3.42
3.98
0.36
-3.14
0.12
-1.92
2.76
0.42
-1.38
-7.62
-0.4
2.68
3.36
5.96
0.24
-3.76
-0.08
0.88
-1.12
2.32
-3.1
-2.22
3.34
1.44
0.38
3.6
-4.66
-5.72
0.66
-2.7
0.6
3.42
1.42
-3.56
6.66
1.4
-0.04
-0.4
-0.66
-4.8
6.12
-0.46
-0.42
-0.78
1.24
0.26
0.44
-4.7
-1.12
-1.22
3.12
3.02
0.56
-5.04
1.44
1.12
-1.4
-1.3
0.26
-1.44
4.08
-0.58
-3.1
-1
0.64
-1.1
-0.9
-1.62
2.74
3.42
3.42
0.24
-3.5
0.22
-0.72
-0.64
-0.16
0.46
-2.5
6.38
4.74
3.68
0.02
-6.02
-3.12
0.26
-2.8
-0.74
-3.88
-6.04
4.36
-1.28
-2.26
0.96
-2.22
3.98
9.08
3.1
-2.32
-4.72
-0.42
1.6
11.6
8.16
-1.98
-4.34
-7.04
-3.96
3.84
3.12
0.32
-1.22
-3.52
-6.32
0.0881
