0
0
0
0
0
0
0
0
0
0
0
0
0
0
0
0
0
0
0
0
0
0
0
0
0
0
-0.01
-0.01
0
-0.01
-0.01
-0.01
-0.01
-0.01
0
-0.01
-0.01
-0.01
-0.01
-0.01
-0.01
-0.01
-0.01
-0.01
-0.01
-0.01
-0.01
0
0
0
0
0
0
0
0
0
0
0
0
-0.01
-0.01
-0.01
-0.01
0
0
0
-0.01
-0.01
-0.01
-0.01
0
0
0
0
0
0
0
0
0
0
-0.01
0
0
0
0
-0.01
-0.01
0
0
0
0
-0.01
0
0
0
0
0
0
0
0
-0.01
0
0
0
0
0
-0.01
-0.01
-0.01
0
0
0
0
0
0
0
0
0
0
0
0
0
-0.01
-0.01
-0.01
-0.01
0
0
-0.01
-0.01
0
0
0
0
0
0
0
0
0
0
0
0
0
0
0
-0.01
-0.01
-0.01
-0.01
0
0
0
0
0
0
0
0
0
0
0
0
0
-0.01
0
0
0
0
-0.01
-0.01
0
0
0
0
-0.01
-0.01
0
0
-0.01
-0.01
-0.01
-0.01
0
0
-0.01
-0.01
0
0
0
0
0
-0.01
-0.01
-0.01
0
0
0
-0.01
-0.01
-0.01
-0.01
-0.01
-0.01
0
0
0
0
0
0
0
0
-0.01
-0.01
0
0
0
0
0
0
0
0
0
0
0
0
0
0
0
0
0
0
0
0
0
0
0
0
0
0
0
0
0
0
0
0
0
0
0
0
0
0
0
0
0
0
0
0
0
0
0
0
0
0
0
0
0
0
0
0
0
0
0
0
0
0
0
0
0
0
0
0
0
0
0
0
0
0
0
0
0
0
0
0
0
0
0
0
0.01
0.01
0.01
0.02
0.03
0.05
0.07
0.1
0.15
0.21
0.29
0.39
0.53
0.7
0.92
1.19
1.52
1.92
2.39
2.93
3.55
4.23
5
5.86
6.77
7.78
8.85
9.97
11.17
12.43
13.72
15.08
16.47
17.95
19.5
21.05
22.7
24.34
25.98
27.66
29.31
30.92
32.56
34.14
35.69
37.25
38.75
40.22
41.66
43.05
44.43
45.77
47.07
48.36
49.65
50.91
52.16
53.39
54.58
55.72
56.82
57.84
58.84
59.81
60.72
61.58
62.43
63.25
64.01
64.78
65.49
66.19
66.95
67.65
68.28
68.95
69.55
70.1
70.72
71.19
71.68
72.25
72.8
73.26
73.8
74.18
74.61
75.04
75.46
75.8
76.16
76.46
76.81
77.12
77.43
77.73
77.98
78.26
78.53
78.8
79.04
79.29
79.49
79.7
79.93
80.17
80.38
80.66
80.85
81.05
81.25
81.4
81.51
81.65
81.73
81.89
82
82.1
82.22
82.32
82.45
82.62
82.73
82.89
83.07
83.17
83.28
83.4
83.45
83.55
83.61
83.61
83.73
83.76
83.87
83.92
83.93
83.96
84.11
84.13
84.23
84.38
84.44
84.49
84.58
84.59
84.6
84.74
84.8
84.83
84.87
84.88
84.94
84.95
84.96
85.05
85.01
85.07
85.18
85.15
85.17
85.3
85.28
85.29
85.35
85.32
85.35
85.46
85.47
85.5
85.54
85.58
85.61
85.59
85.54
85.59
85.61
85.66
85.71
85.67
85.71
85.76
85.77
85.8
85.84
85.86
85.89
85.87
85.83
85.83
85.85
85.86
85.88
85.85
85.91
85.94
85.98
86.04
86.03
86.06
86.11
86.1
86.05
86.1
86.08
86.14
86.12
86.15
86.12
86.15
86.11
86.1
86.07
86.11
86.17
86.17
86.21
86.23
86.19
86.25
86.22
86.24
86.29
86.3
86.3
86.31
86.25
86.29
86.28
86.29
86.3
86.27
86.32
86.34
86.37
86.38
86.39
86.37
86.41
86.37
86.38
86.41
86.43
86.39
86.38
86.35
86.38
86.43
86.44
86.5
86.49
86.55
86.57
86.53
86.48
86.48
86.44
86.45
86.5
86.49
86.55
86.55
86.53
86.56
86.59
86.65
86.72
86.72
86.69
86.64
86.6
86.61
86.56
86.58
86.57
86.51
86.63
86.63
86.6
86.72
86.71
86.68
86.78
86.72
86.7
86.82
86.78
86.76
86.81
86.67
86.68
86.66
86.62
86.7
86.73
86.67
86.76
86.78
86.75
86.87
86.85
86.76
86.76
86.83
86.76
86.84
86.88
86.74
86.78
86.8
86.73
86.79
86.8
86.83
86.92
86.88
86.88
86.88
86.8
86.89
86.88
86.79
86.9
86.85
86.83
86.9
86.85
86.83
86.93
86.86
86.89
86.85
86.78
86.81
86.82
86.8
86.87
86.81
86.82
86.9
86.86
86.95
87
86.93
86.94
86.9
86.82
86.88
86.88
86.85
86.93
86.85
86.83
86.85
86.79
86.87
86.97
86.9
86.96
86.93
86.83
86.93
86.93
86.83
86.95
86.88
86.93
87.03
86.99
86.93
86.97
86.97
87.04
87.07
87
86.96
86.91
86.88
86.91
86.93
86.95
86.89
86.91
86.85
86.87
86.96
87.01
87.04
87.11
87.09
87.02
86.95
86.92
86.88
86.89
86.91
86.95
86.92
87.01
87
87
87.03
87.04
87.02
86.98
86.96
86.96
87.04
87.05
87.02
86.97
86.91
86.92
86.96
86.98
87.01
87.09
87.07
87.07
87.02
86.98
87.03
87.02
87.01
87.01
86.94
86.93
86.99
87
87.05
87.11
87.17
87.17
87.21
87.22
87.18
87.14
87.15
87.1
87.1
87.08
87.1
87.18
87.19
87.24
87.26
87.19
87.28
87.31
87.35
87.43
87.4
87.28
87.23
87.18
87.1
87.21
87.17
87.19
87.19
87.2
87.11
87.2
87.14
87.18
87.19
87.15
87.21
87.27
87.23
87.25
87.22
87.17
87.19
87.26
87.26
87.26
87.32
87.33
87.27
87.31
87.3
87.2
87.26
87.27
87.23
87.31
87.24
87.22
87.26
87.21
87.26
87.34
87.35
87.32
87.37
87.29
87.3
87.31
87.3
87.24
87.24
87.2
87.2
87.23
87.22
87.23
87.12
87.14
87.18
87.22
87.37
87.4
87.41
87.47
87.43
87.38
87.41
87.33
87.3
87.21
87.13
87.19
87.24
87.29
87.35
87.37
87.36
87.41
87.41
87.38
87.39
87.39
87.32
87.31
87.3
87.24
87.3
87.34
87.34
87.46
87.44
87.36
87.41
87.39
87.38
87.44
87.41
87.34
87.38
87.35
87.34
87.39
87.39
87.37
87.45
87.44
87.37
87.46
87.46
87.43
87.54
87.53
87.49
87.59
87.61
87.51
87.56
87.52
87.5
87.55
87.57
87.48
87.55
87.53
87.45
87.52
87.55
87.45
87.52
87.57
87.46
87.53
87.57
87.46
87.5
87.52
87.41
87.44
87.5
87.43
87.53
87.62
87.53
87.55
87.59
87.46
87.53
87.62
87.54
87.57
87.64
87.52
87.53
87.54
87.58
87.59
87.62
87.58
87.6
87.55
87.55
87.57
87.54
87.6
87.66
87.63
87.61
87.66
87.66
87.68
87.78
87.72
87.66
87.63
87.58
87.57
87.63
87.59
87.54
87.56
87.51
87.57
87.67
87.7
87.73
87.77
87.71
87.59
87.65
87.67
87.66
87.79
87.8
87.67
87.69
87.68
87.58
87.69
87.73
87.74
87.8
87.77
87.75
87.81
87.73
87.65
87.75
87.69
87.63
87.75
87.78
87.71
87.86
87.92
87.83
87.87
87.94
87.76
87.77
87.87
87.78
87.77
87.79
87.74
87.66
87.72
87.74
87.72
87.8
87.9
87.8
87.84
87.94
87.77
87.83
87.85
87.69
87.73
87.77
87.65
87.76
87.78
87.7
87.75
87.78
87.71
87.77
87.84
87.85
87.81
87.83
87.81
87.77
87.84
87.77
87.68
87.72
87.73
87.75
87.83
87.85
87.82
87.88
87.8
87.74
87.79
87.78
87.78
87.75
87.73
87.7
87.83
87.86
87.93
87.93
87.91
87.9
87.93
87.96
87.96
87.97
87.97
87.83
87.75
87.77
87.73
87.68
87.77
87.71
87.71
87.83
87.84
87.84
87.87
87.89
87.85
87.87
87.81
87.74
87.73
87.71
87.68
87.72
87.74
87.75
87.8
87.81
87.75
87.83
87.81
87.83
87.79
87.77
87.75
87.76
87.76
87.78
87.76
87.68
87.68
87.73
87.8
87.84
87.77
87.82
87.85
87.9
87.91
87.88
87.74
87.76
87.76
87.7
87.66
87.73
87.78
87.82
87.94
87.97
87.93
88
88.04
87.93
87.95
87.94
87.87
87.87
87.91
87.87
87.86
87.87
87.9
87.89
87.89
87.95
87.9
87.88
87.88
87.81
87.77
87.84
87.84
87.82
87.79
87.92
87.98
88.03
87.96
87.97
87.9
88.02
87.94
87.78
87.69
87.84
87.83
88.02
88.07
87.97
87.98
87.94
87.8
87.86
87.93
87.89
87.86
87.83
87.86
87.85
87.84
87.9
87.89
87.77
87.74
87.83
87.77
87.92
88.04
87.88
87.87
87.96
87.88
87.88
87.95
87.89
87.87
87.84
87.86
87.88
87.85
87.81
87.87
87.84
87.8
87.79
87.78
87.75
87.85
87.89
87.85
87.92
88.02
87.96
87.88
87.91
87.93
87.93
87.91
87.9
87.9
87.87
87.82
87.82
87.87
87.89
87.9
87.87
87.77
87.84
87.88
87.89
87.85
87.93
87.94
87.96
87.91
87.86
87.84
87.83
87.77
87.79
87.84
87.87
87.85
87.89
87.88
87.86
88
87.99
87.87
87.93
87.91
87.8
87.83
87.84
87.83
87.84
87.79
87.74
87.76
87.75
87.68
87.63
87.71
87.75
87.83
87.94
87.93
87.89
87.94
87.86
87.77
87.84
87.76
87.74
87.76
87.76
87.76
87.8
87.77
87.74
87.67
87.64
87.58
87.56
87.62
87.65
87.66
87.68
87.69
87.69
87.75
87.73
87.7
87.55
87.53
87.58
87.65
87.63
87.53
87.3
87.27
87.3
87.36
87.45
87.48
87.47
87.46
87.38
87.27
87.27
87.3
87.31
87.27
87.23
87.3
87.37
87.34
87.38
87.35
87.2
87.22
87.13
86.97
87.01
87.09
87.06
87.1
87.08
87.04
86.97
86.99
86.96
86.98
87.13
87.23
87.11
87.02
87.04
87.08
87.16
87.17
87.08
87.07
87.14
87.09
87.02
86.95
87.01
87.14
87.17
87.23
87.23
87.26
87.33
87.46
87.31
87.19
87.18
87.23
87.32
87.47
87.29
87.15
87.27
87.4
87.39
87.4
87.34
87.31
87.26
87.38
87.23
87.14
87.21
87.34
87.59
87.78
87.7
87.61
87.49
87.43
87.52
87.36
87.33
87.56
87.56
87.5
87.51
87.4
87.51
87.76
87.68
87.6
87.61
87.49
87.57
87.57
87.49
87.41
87.56
87.59
87.85
87.84
87.56
87.43
87.84
88.34
88.53
88.21
87.83
87.61
87.83
87.91
87.85
87.81
87.98
87.99
88.13
88.12
87.66
87.5
87.2
87.29
87.78
88.38
88.06
87.96
87.48
87.58
87.54
87.86
88.01
88.3
88.15
88.21
88.14
88.57
88.72
88.83
88.57
88.18
88.45
88.5
88.38
88.48
88.06
87.41
87.53
88.09
88.64
89.22
88.3
87.65
87.94
88.63
88.31
88.48
87.72
87.74
88.14
87.98
87.59
87.34
87.08
86.41
86.76
87.49
87.92
88.89
89.39
88.48
88.16
88.02
86.65
86.76
86.95
87.13
86.77
87.19
87.04
87.2
87.61
88.74
88.91
89.08
89.48
88.19
87.35
87.9
87.79
88.3
89.45
88.69
88.43
88.7
89
89.24
89.53
89.89
89
87.87
88.58
88.64
88.64
90.12
89.9
89.07
89.27
87.89
87.07
87.72
87.62
89.24
89.96
89.68
89.58
89.49
88.7
89.57
88.87
88.47
87.91
89.66
89.35
90.23
88.54
86.53
86.4
86.98
88.69
90.68
90.86
89.29
89.35
88.39
89.77
89.98
89.29
85.48
85.28
86.62
88.3
91.28
91.4
89.52
89.48
89.92
89.36
90.52
88.97
87.86
89.53
90.25
90.44
92.24
89.91
87.05
87.38
86.03
86.33
88.04
88.75
86.97
90.3
91
90.98
90.78
90.45
88.05
91.11
90.88
90.67
90.28
90.9
91.03
91.25
88.9
88.34
87.73
89.29
90.8
91.08
88.56
89.28
89.84
89.14
88.49
88.62
87.9
89.94
89.65
88.1
87.6
87.92
87.37
86.92
86.11
87.48
89.19
90.9
91.02
89.27
89.38
89.02
88.7
88.62
88.85
87.6
90.79
93.16
95
95.01
92
90.44
90.57
89.17
88.8
86.86
83.84
86.02
85.38
84.25
84.73
83.62
85.61
90.15
91.7
90.54
88.18
87.97
88.77
94.57
98.65
97.66
95.49
91.97
89.99
91.91
93.47
93.63
93.02
91.26
88.1
