370.847 6929
370.860 6909
370.874 6958
370.888 7001
370.902 6974
370.916 7009
370.929 6922
370.943 6997
370.957 7056
370.971 7032
370.985 6959
370.998 7032
371.012 7064
371.026 7061
371.040 7040
371.054 7052
371.067 7138
371.081 7051
371.095 7076
371.109 7082
371.123 7008
371.136 7090
371.150 7100
371.164 7047
371.178 7123
371.192 7173
371.205 7096
371.219 7082
371.233 7118
371.247 7127
371.261 7089
371.274 7129
371.288 7097
371.302 7131
371.316 7172
371.329 7153
371.343 7146
371.357 7154
371.371 7149
371.385 7146
371.398 7180
371.412 7108
371.426 7209
371.440 7174
371.454 7195
371.467 7147
371.481 7259
371.495 7250
371.509 7253
371.523 7211
371.536 7190
371.550 7204
371.564 7225
371.578 7233
371.591 7269
371.605 7253
371.619 7265
371.633 7270
371.647 7264
371.660 7303
371.674 7319
371.688 7192
371.702 7345
371.716 7337
371.729 7344
371.743 7281
371.757 7341
371.771 7371
371.784 7400
371.798 7436
371.812 7397
371.826 7434
371.840 7425
371.853 7493
371.867 7459
371.881 7431
371.895 7511
371.908 7476
371.922 7474
371.936 7467
371.950 7454
371.963 7560
371.977 7504
371.991 7524
372.005 7547
372.019 7603
372.032 7667
372.046 7633
372.060 7570
372.074 7632
372.087 7637
372.101 7675
372.115 7632
372.129 7680
372.142 7776
372.156 7674
372.170 7701
372.184 7772
372.198 7762
372.211 7798
372.225 7756
372.239 7774
372.253 7864
372.266 7893
372.280 7857
372.294 7951
372.308 7954
372.321 7899
372.335 7883
372.349 7896
372.363 7965
372.376 7892
372.390 7971
372.404 7941
372.418 7929
372.432 8009
372.445 8011
372.459 7964
372.473 8048
372.487 8085
372.500 8184
372.514 8122
372.528 8090
372.542 8130
372.555 8161
372.569 8145
372.583 8110
372.597 8134
372.610 8209
372.624 8196
372.638 8187
372.652 8240
372.665 8215
372.679 8293
372.693 8363
372.707 8372
372.720 8340
372.734 8402
372.748 8427
372.762 8389
372.775 8458
372.789 8482
372.803 8407
372.817 8324
372.830 8483
372.844 8455
372.858 8556
372.872 8447
372.885 8432
372.899 8527
372.913 8536
372.927 8664
372.940 8525
372.954 8589
372.968 8616
372.982 8577
372.995 8612
373.009 8598
373.023 8667
373.037 8661
373.050 8730
373.064 8740
373.078 8754
373.092 8730
373.105 8790
373.119 8770
373.133 8787
373.146 8847
373.160 8857
373.174 8801
373.188 8910
373.201 8909
373.215 8882
373.229 8973
373.243 8898
373.256 9024
373.270 8977
373.284 8997
373.298 9009
373.311 9091
373.325 9067
373.339 9146
373.353 9141
373.366 9166
373.380 9289
373.394 9285
373.407 9305
373.421 9375
373.435 9370
373.449 9430
373.462 9414
373.476 9422
373.490 9360
373.504 9473
373.517 9498
373.531 9558
373.545 9713
373.558 9704
373.572 9669
373.586 9708
373.600 9768
373.613 9825
373.627 9846
373.641 9831
373.655 9889
373.668 10015
373.682 10030
373.696 10066
373.709 9954
373.723 10154
373.737 10190
373.751 10185
373.764 10127
373.778 10272
373.792 10276
373.806 10299
373.819 10257
373.833 10323
373.847 10509
373.860 10582
373.874 10592
373.888 10546
373.902 10542
373.915 10606
373.929 10593
373.943 10659
373.956 10722
373.970 10816
373.984 10877
373.998 10849
374.011 10916
374.025 10837
374.039 11096
374.052 11011
374.066 11216
374.080 11243
374.094 11246
374.107 11244
374.121 11361
374.135 11338
374.148 11397
374.162 11413
374.176 11409
374.189 11408
374.203 11553
374.217 11661
374.231 11667
374.244 11725
374.258 11801
374.272 11845
374.285 11775
374.299 11969
374.313 11993
374.327 12023
374.340 12181
374.354 12190
374.368 12287
374.381 12295
374.395 12411
374.409 12344
374.422 12459
374.436 12562
374.450 12629
374.464 12643
374.477 12699
374.491 12695
374.505 12770
374.518 12836
374.532 12814
374.546 13047
374.559 13065
374.573 13072
374.587 13213
374.601 13437
374.614 13389
374.628 13478
374.642 13406
374.655 13481
374.669 13518
374.683 13638
374.696 13662
374.710 13984
374.724 14253
374.738 14164
374.751 14334
374.765 14445
374.779 14519
374.792 14521
374.806 14294
374.820 14460
374.833 14424
374.847 14548
374.861 14591
374.874 14647
374.888 14715
374.902 14955
374.915 15182
374.929 15324
374.943 15419
374.957 15453
374.970 15466
374.984 15592
374.998 15755
375.011 15737
375.025 15781
375.039 15901
375.052 16180
375.066 16293
375.080 16452
375.093 16346
375.107 16527
375.121 16625
375.134 16643
375.148 16774
375.162 16736
375.175 17009
375.189 17047
375.203 17020
375.217 17225
375.230 17013
375.244 17199
375.258 17296
375.271 17401
375.285 17399
375.299 17527
375.312 17757
375.326 17980
375.340 17918
375.353 18053
375.367 18308
375.381 18429
375.394 18528
375.408 18404
375.422 18579
375.435 18532
375.449 18622
375.463 18776
375.476 18986
375.490 19119
375.504 19134
375.517 19298
375.531 19466
375.545 19700
375.558 19686
375.572 19894
375.586 19972
375.599 20348
375.613 20357
375.627 20354
375.640 20416
375.654 20361
375.668 20734
375.681 20637
375.695 20893
375.709 21356
375.722 21195
375.736 21384
375.750 21682
375.763 21856
375.777 21745
375.791 22097
375.804 22185
375.818 22571
375.832 22602
375.845 22801
375.859 23023
375.873 22991
375.886 22869
375.900 23246
375.914 23327
375.927 23291
375.941 23480
375.955 23713
375.968 23708
375.982 23652
375.996 23874
376.009 23943
376.023 24350
376.037 24325
376.050 24617
376.064 24571
376.077 24657
376.091 24927
376.105 25043
376.118 25189
376.132 25374
376.146 25682
376.159 25633
376.173 25669
376.187 25793
376.200 25628
376.214 26065
376.228 26356
376.241 26228
376.255 26612
376.269 26898
376.282 27166
376.296 27121
376.310 27474
376.323 27771
376.337 27750
376.350 27815
376.364 27883
376.378 28076
376.391 28272
376.405 28960
376.419 28835
376.432 29332
376.446 29466
376.460 29754
376.473 29939
376.487 29837
376.501 30093
376.514 30291
376.528 30667
376.541 31141
376.555 31319
376.569 31360
376.582 31382
376.596 31908
376.610 32229
376.623 32587
376.637 32417
376.651 32846
376.664 32920
376.678 32768
376.692 32717
376.705 32743
376.719 33381
376.732 33226
376.746 33701
376.760 33726
376.773 33824
376.787 33948
376.801 33997
376.814 34411
376.828 34531
376.841 34964
376.855 35208
376.869 35524
376.882 35760
376.896 35774
376.910 36063
376.923 36473
376.937 36667
376.951 36971
376.964 37257
376.978 37690
376.991 37855
377.005 38290
377.019 38392
377.032 38434
377.046 38577
377.060 38548
377.073 38921
377.087 38937
377.100 39785
377.114 39840
377.128 40463
377.141 41288
377.155 41862
377.169 41566
377.182 41911
377.196 42258
377.209 42473
377.223 42856
377.237 43185
377.250 43139
377.264 43362
377.277 43813
377.291 44219
377.305 44833
377.318 44933
377.332 44900
377.346 44913
377.359 45116
377.373 45271
377.386 45778
377.400 46187
377.414 46208
377.427 46778
377.441 47051
377.454 47803
377.468 48461
377.482 49354
377.495 49969
377.509 50361
377.523 49860
377.536 49725
377.550 49594
377.563 50044
377.577 50446
377.591 50482
377.604 51218
377.618 51414
377.631 51913
377.645 52226
377.659 52733
377.672 51949
377.686 52080
377.699 52565
377.713 53362
377.727 53373
377.740 53654
377.754 53880
377.767 54028
377.781 54207
377.795 54640
377.808 54841
377.822 55356
377.836 55385
377.849 56185
377.863 56184
377.876 56602
377.890 57403
377.904 58516
377.917 58796
377.931 59838
377.944 60314
377.958 60090
377.972 61061
377.985 61166
377.999 61374
378.012 61313
378.026 62074
378.039 62423
378.053 62880
378.067 63134
378.080 62949
378.094 63192
378.107 62922
378.121 63166
378.135 63293
378.148 63556
378.162 64300
378.175 64514
378.189 65494
378.203 66120
378.216 66890
378.230 68295
378.243 68704
378.257 69183
378.271 69489
378.284 70254
378.298 70107
378.311 70200
378.325 70669
378.339 71556
378.352 71169
378.366 71067
378.379 71572
378.393 72345
378.406 73312
378.420 73654
378.434 74079
378.447 74873
378.461 74833
378.474 75495
378.488 76201
378.502 76091
378.515 75776
378.529 76479
378.542 76841
378.556 76945
378.569 77893
378.583 78614
378.597 79083
378.610 78747
378.624 79533
378.637 80008
378.651 80568
378.664 81134
378.678 82080
378.692 82881
378.705 83940
378.719 83736
378.732 83468
378.746 83516
378.760 83826
378.773 83508
378.787 84609
378.800 85497
378.814 86778
378.827 87039
378.841 87430
378.855 88558
378.868 89264
378.882 88731
378.895 89577
378.909 90161
378.922 91275
378.936 91148
378.950 90827
378.963 91753
378.977 91953
378.990 92528
379.004 93756
379.017 94454
379.031 94455
379.045 95209
379.058 95994
379.072 97942
379.085 99419
379.099 100809
379.112 101403
379.126 101408
379.139 99662
379.153 100590
379.167 101967
379.180 102403
379.194 102870
379.207 103195
379.221 104113
379.234 106836
379.248 108069
379.262 108587
379.275 108705
379.289 108851
379.302 109233
379.316 109170
379.329 109499
379.343 110195
379.356 109863
379.370 110474
379.384 112241
379.397 112939
379.411 113943
379.424 114208
379.438 114552
379.451 115255
379.465 116159
379.478 117437
379.492 119254
379.506 120265
379.519 120990
379.533 122075
379.546 122261
379.560 122897
379.573 124108
379.587 125555
379.600 127878
379.614 128930
379.628 130461
379.641 129793
379.655 130364
379.668 130208
379.682 130227
379.695 130942
379.709 131093
379.722 132233
379.736 133353
379.749 133786
379.763 134874
379.777 136403
379.790 137621
379.804 139210
379.817 139774
379.831 139171
379.844 141559
379.858 143335
379.871 143495
379.885 143536
379.898 145427
379.912 145839
379.926 146160
379.939 147185
379.953 147958
379.966 149551
379.980 152003
379.993 153378
380.007 154508
380.020 155113
380.034 155430
380.047 155108
380.061 153556
380.074 154274
380.088 155997
380.102 157042
380.115 159159
380.129 159668
380.142 161328
380.156 163210
380.169 167504
380.183 171461
380.196 172331
380.210 173902
380.223 171957
380.237 174469
380.250 175661
380.264 175783
380.277 176451
380.291 177308
380.305 177682
380.318 179077
380.332 184553
380.345 186582
380.359 188315
380.372 186052
380.386 185363
380.399 184990
380.413 186264
380.426 186792
380.440 187881
380.453 188038
380.467 191134
380.480 193093
380.494 194196
380.507 196454
380.521 199179
380.534 200067
380.548 198608
380.562 197969
380.575 200736
380.589 203310
380.602 206360
380.616 208785
380.629 210985
380.643 211810
380.656 214678
380.670 216857
380.683 217433
380.697 219008
380.710 219439
380.724 220228
380.737 220325
380.751 218386
380.764 219760
380.778 222471
380.791 225039
380.805 223393
380.818 221467
380.832 222046
380.845 223982
380.859 225948
380.872 228922
380.886 230170
380.899 232366
380.913 234490
380.926 236097
380.940 237849
380.953 237481
380.967 236855
380.981 239154
380.994 242445
381.008 245787
381.021 249094
381.035 250679
381.048 250649
381.062 250293
381.075 249404
381.089 251313
381.102 253548
381.116 254211
381.129 256460
381.143 259747
381.156 262305
381.170 262869
381.183 262475
381.197 264507
381.210 263677
381.224 262332
381.237 262842
381.251 266441
381.264 269053
381.278 269795
381.291 270512
381.305 272039
381.318 272592
381.332 274426
381.345 274324
381.359 277616
381.372 280123
381.386 280802
381.399 280533
381.413 278327
381.426 277329
381.440 280604
381.453 285483
381.467 288970
381.480 288268
381.494 286505
381.507 289267
381.521 290621
381.534 291448
381.548 291334
381.561 290408
381.575 290602
381.588 295996
381.602 300067
381.615 303799
381.629 304160
381.642 306249
381.656 307196
381.669 306132
381.682 305761
381.696 304562
381.709 305301
381.723 306981
381.736 308716
381.750 311251
381.763 313173
381.777 314767
381.790 316265
381.804 314195
381.817 313286
381.831 311540
381.844 313462
381.858 312187
381.871 314656
381.885 314876
381.898 313896
381.912 316341
381.925 321892
381.939 325800
381.952 326260
381.966 322981
381.979 320299
381.993 320192
382.006 319135
382.020 318859
382.033 320068
382.047 323527
382.060 322906
382.074 323432
382.087 324622
382.100 328324
382.114 329618
382.127 327188
382.141 329791
382.154 331696
382.168 331934
382.181 330155
382.195 326982
382.208 326812
382.222 326645
382.235 326919
382.249 327978
382.262 326560
382.276 325783
382.289 323099
382.303 327051
382.316 327994
382.330 328017
382.343 328808
382.356 332371
382.370 334235
382.383 332943
382.397 331413
382.410 329870
382.424 326906
382.437 324226
382.451 322366
382.464 321956
382.478 317867
382.491 315610
382.505 315091
382.518 317465
382.532 320243
382.545 323466
382.558 323058
382.572 322844
382.585 323035
382.599 319606
382.612 319183
382.626 319909
382.639 317631
382.653 315177
382.666 313236
382.680 304629
382.693 300981
382.707 299369
382.720 300450
382.733 300807
382.747 303613
382.760 306260
382.774 304872
382.787 303558
382.801 303881
382.814 299037
382.828 294919
382.841 291464
382.855 288083
382.868 284695
382.881 283721
382.895 286531
382.908 288663
382.922 286963
382.935 283205
382.949 278583
382.962 276554
382.976 272293
382.989 269464
383.003 262749
383.016 259183
383.029 257644
383.043 254861
383.056 251586
383.070 248096
383.083 245860
383.097 243413
383.110 241957
383.124 240182
383.137 236221
383.150 231268
383.164 227255
383.177 221868
383.191 216195
383.204 211282
383.218 207206
383.231 203541
383.245 201329
383.258 199088
383.271 195174
383.285 194344
383.298 192467
383.312 188394
383.325 184136
383.339 179773
383.352 174741
383.366 171425
383.379 168406
383.392 166300
383.406 165668
383.419 162317
383.433 158513
383.446 155299
383.460 152278
383.473 148401
383.486 145442
383.500 141987
383.513 140952
383.527 138714
383.540 137053
383.554 134221
383.567 129229
383.581 125177
383.594 121986
383.607 120477
383.621 118494
383.634 115432
383.648 111018
383.661 107636
383.675 104818
383.688 102660
383.701 100660
383.715 98451
383.728 96544
383.742 93920
383.755 91919
383.769 89196
383.782 87293
383.795 84879
383.809 83013
383.822 81091
383.836 78261
383.849 76588
383.863 75216
383.876 73744
383.889 72490
383.903 70876
383.916 70012
383.930 68028
383.943 66916
383.956 65239
383.970 63482
383.983 61804
383.997 60428
384.010 59160
384.024 57983
384.037 57524
384.050 56464
384.064 56162
384.077 55126
384.091 53752
384.104 52775
384.118 51923
384.131 51121
384.144 50853
384.158 49076
384.171 48263
384.185 47642
384.198 47412
384.211 46493
384.225 45709
384.238 44507
384.252 43646
384.265 42897
384.278 42546
384.292 42351
384.305 42304
384.319 42370
384.332 41927
384.346 41044
384.359 40327
384.372 39773
384.386 39612
384.399 39346
384.413 38732
384.426 38535
384.439 37997
384.453 38062
384.466 37468
384.480 37191
384.493 37378
384.506 37131
384.520 37059
384.533 36676
384.547 36624
384.560 36448
384.573 35990
384.587 35503
384.600 35266
384.614 34855
384.627 34752
384.640 34604
384.654 34311
384.667 34403
384.681 34665
384.694 34718
384.707 34276
384.721 34005
384.734 33649
384.748 34026
384.761 34052
384.774 34201
384.788 34058
384.801 33907
384.815 33891
384.828 33953
384.841 33375
384.855 33089
384.868 33112
384.882 32378
384.895 32082
384.908 32051
384.922 31895
384.935 32319
384.949 32592
384.962 32488
384.975 32414
384.989 32261
385.002 31960
385.016 31894
385.029 31680
385.042 31073
385.056 30987
385.069 30301
385.083 29747
385.096 29286
385.109 28958
385.123 28808
385.136 28271
385.149 28019
385.163 27715
385.176 27269
385.190 27060
385.203 26888
385.216 26862
385.230 26371
385.243 25873
385.257 25914
385.270 25375
385.283 25307
385.297 25212
385.310 24907
385.323 24867
385.337 24715
385.350 24572
385.364 24481
385.377 24111
385.390 24231
385.404 24225
385.417 24361
385.430 24018
385.444 23782
385.457 23599
385.471 23517
385.484 23394
385.497 23021
385.511 22714
385.524 22656
385.537 22612
385.551 22652
385.564 22354
385.578 22349
385.591 22408
385.604 22059
385.618 22243
385.631 22163
385.644 22036
385.658 21539
385.671 21606
385.685 21556
385.698 21356
385.711 21341
385.725 20966
385.738 20694
385.751 20676
385.765 20616
385.778 20343
385.792 20338
385.805 19972
385.818 20182
385.832 20149
385.845 20044
385.858 20012
385.872 19984
385.885 19619
385.898 19646
385.912 19441
385.925 19443
385.939 19322
385.952 19474
385.965 19093
385.979 19109
385.992 18921
386.005 18756
386.019 18521
386.032 18683
386.045 18512
386.059 18532
386.072 18492
386.086 18410
386.099 18455
386.112 18656
386.126 18575
386.139 18381
386.152 18153
386.166 17956
386.179 17938
386.192 17825
386.206 17942
386.219 17495
386.232 17450
386.246 17415
386.259 17224
386.273 17175
386.286 17205
386.299 17212
386.313 17015
386.326 17055
386.339 16995
386.353 16897
386.366 16901
386.379 16529
386.393 16631
386.406 16512
386.419 16456
386.433 16456
386.446 16505
386.459 16374
386.473 16209
386.486 16239
386.499 15960
386.513 15916
386.526 15831
386.539 15911
386.553 15867
386.566 15827
386.580 15871
386.593 15636
386.606 15466
386.620 15674
386.633 15569
386.646 15310
386.660 15431
386.673 15264
386.686 15354
386.700 15289
386.713 15302
386.726 15228
386.740 15492
386.753 15228
386.766 15157
386.780 15259
386.793 15148
386.806 15013
386.820 15006
386.833 14974
386.846 14909
386.860 14820
386.873 14731
386.886 14595
386.900 14608
386.913 14543
386.926 14410
386.940 14533
386.953 14725
386.966 14574
386.980 14650
386.993 14496
387.006 14509
387.020 14286
387.033 14335
387.046 14287
387.060 14266
387.073 14399
387.086 14209
387.100 14182
387.113 14084
387.126 14171
387.140 14079
387.153 14043
387.166 14079
387.180 13921
387.193 14126
387.206 14090
387.220 14081
387.233 14037
387.246 13964
387.260 13807
387.273 13685
387.286 13760
387.300 13636
387.313 13591
387.326 13505
387.339 13473
387.353 13503
387.366 13535
387.379 13538
387.393 13679
387.406 13595
387.419 13665
387.433 13732
387.446 13693
387.459 13518
387.473 13377
387.486 13597
387.499 13538
387.513 13456
387.526 13436
387.539 13339
387.553 13423
387.566 13317
387.579 13419
387.593 13373
387.606 13321
387.619 13214
387.632 13192
387.646 13224
387.659 13017
387.672 13103
387.686 13148
387.699 13040
387.712 13030
387.726 13013
387.739 12962
387.752 12858
387.766 12796
387.779 12707
387.792 12791
387.805 12736
387.819 12717
387.832 12723
387.845 12694
387.859 12606
387.872 12777
387.885 12694
387.899 12672
387.912 12643
387.925 12594
387.939 12539
387.952 12722
387.965 12536
387.978 12504
387.992 12336
388.005 12381
388.018 12383
388.032 12300
388.045 12316
388.058 12380
388.072 12491
388.085 12220
388.098 12259
388.111 12364
388.125 12146
388.138 12038
388.151 12201
388.165 12051
388.178 11996
388.191 12103
388.205 11884
388.218 11918
388.231 11769
388.244 11823
388.258 11670
388.271 11679
388.284 11596
388.298 11655
388.311 11565
388.324 11413
388.337 11408
388.351 11395
388.364 11400
388.377 11428
388.391 11404
388.404 11288
388.417 11284
388.430 11270
388.444 11280
388.457 11195
388.470 11064
388.484 11092
388.497 11128
388.510 11008
388.523 10973
388.537 11098
388.550 11114
388.563 11025
388.577 10880
388.590 10963
388.603 10971
388.616 10920
388.630 10808
388.643 10721
388.656 10824
388.670 10789
388.683 10810
388.696 10648
388.709 10654
388.723 10531
388.736 10550
388.749 10587
388.763 10567
388.776 10575
388.789 10525
388.802 10453
388.816 10324
388.829 10276
388.842 10241
388.856 10179
388.869 10131
388.882 10079
388.895 10086
388.909 10190
388.922 10161
388.935 10142
388.948 10038
388.962 10002
388.975 9814
