370.847 6917
370.860 6886
370.874 6972
370.888 6901
370.902 6924
370.916 6884
370.929 6986
370.943 6904
370.957 6925
370.971 6941
370.985 6883
370.998 6951
371.012 6974
371.026 6979
371.040 6905
371.054 6974
371.067 6956
371.081 6957
371.095 6964
371.109 7003
371.123 6995
371.136 6991
371.150 7006
371.164 7009
371.178 7048
371.192 7007
371.205 7000
371.219 7004
371.233 6982
371.247 7086
371.261 7046
371.274 7014
371.288 7036
371.302 7071
371.316 7049
371.329 7067
371.343 7074
371.357 7117
371.371 7084
371.385 7094
371.398 7119
371.412 7075
371.426 7094
371.440 7058
371.454 7082
371.467 7086
371.481 7162
371.495 7099
371.509 7136
371.523 7128
371.536 7113
371.550 7165
371.564 7144
371.578 7159
371.591 7102
371.605 7131
371.619 7138
371.633 7196
371.647 7250
371.660 7175
371.674 7158
371.688 7160
371.702 7165
371.716 7205
371.729 7231
371.743 7165
371.757 7206
371.771 7215
371.784 7226
371.798 7220
371.812 7201
371.826 7268
371.840 7260
371.853 7293
371.867 7247
371.881 7309
371.895 7277
371.908 7325
371.922 7363
371.936 7339
371.950 7325
371.963 7325
371.977 7417
371.991 7444
372.005 7450
372.019 7368
372.032 7425
372.046 7471
372.060 7466
372.074 7462
372.087 7455
372.101 7539
372.115 7464
372.129 7567
372.142 7549
372.156 7511
372.170 7558
372.184 7553
372.198 7577
372.211 7513
372.225 7575
372.239 7657
372.253 7677
372.266 7654
372.280 7639
372.294 7714
372.308 7766
372.321 7684
372.335 7700
372.349 7714
372.363 7709
372.376 7726
372.390 7730
372.404 7678
372.418 7806
372.432 7754
372.445 7807
372.459 7788
372.473 7850
372.487 7885
372.500 7871
372.514 7833
372.528 7903
372.542 7884
372.555 7885
372.569 7935
372.583 7866
372.597 7887
372.610 7916
372.624 7970
372.638 7991
372.652 7993
372.665 7938
372.679 8055
372.693 8113
372.707 8092
372.720 8187
372.734 8090
372.748 8085
372.762 8104
372.775 8126
372.789 8220
372.803 8012
372.817 8095
372.830 8182
372.844 8106
372.858 8158
372.872 8225
372.885 8238
372.899 8238
372.913 8186
372.927 8134
372.940 8204
372.954 8255
372.968 8204
372.982 8241
372.995 8326
373.009 8301
373.023 8345
373.037 8331
373.050 8334
373.064 8294
373.078 8444
373.092 8340
373.105 8423
373.119 8389
373.133 8396
373.146 8432
373.160 8466
373.174 8438
373.188 8546
373.201 8552
373.215 8512
373.229 8546
373.243 8631
373.256 8565
373.270 8630
373.284 8614
373.298 8666
373.311 8648
373.325 8733
373.339 8780
373.353 8752
373.366 8796
373.380 8727
373.394 8729
373.407 8809
373.421 8911
373.435 8940
373.449 8903
373.462 8876
373.476 8959
373.490 8959
373.504 9074
373.517 8970
373.531 9053
373.545 9141
373.558 9153
373.572 9191
373.586 9227
373.600 9243
373.613 9343
373.627 9277
373.641 9296
373.655 9520
373.668 9515
373.682 9483
373.696 9544
373.709 9549
373.723 9506
373.737 9649
373.751 9554
373.764 9561
373.778 9661
373.792 9752
373.806 9701
373.819 9700
373.833 9791
373.847 9757
373.860 9916
373.874 9930
373.888 9931
373.902 9866
373.915 9928
373.929 10088
373.943 9999
373.956 10126
373.970 10194
373.984 10176
373.998 10196
374.011 10259
374.025 10234
374.039 10330
374.052 10284
374.066 10314
374.080 10412
374.094 10364
374.107 10540
374.121 10533
374.135 10602
374.148 10603
374.162 10731
374.176 10642
374.189 10731
374.203 10668
374.217 10973
374.231 10898
374.244 10963
374.258 11111
374.272 11054
374.285 11000
374.299 11090
374.313 11054
374.327 11128
374.340 11341
374.354 11370
374.368 11432
374.381 11412
374.395 11503
374.409 11698
374.422 11570
374.436 11674
374.450 11599
374.464 11723
374.477 11635
374.491 11777
374.505 11775
374.518 11815
374.532 11915
374.546 12006
374.559 11999
374.573 12024
374.587 12086
374.601 12105
374.614 12260
374.628 12330
374.642 12236
374.655 12275
374.669 12380
374.683 12514
374.696 12586
374.710 12701
374.724 12972
374.738 13007
374.751 13115
374.765 13115
374.779 13307
374.792 13314
374.806 13168
374.820 13107
374.833 13388
374.847 13415
374.861 13372
374.874 13481
374.888 13622
374.902 13556
374.915 13886
374.929 13946
374.943 14056
374.957 14022
374.970 14110
374.984 14249
374.998 14430
375.011 14485
375.025 14462
375.039 14512
375.052 14752
375.066 14781
375.080 14804
375.093 14912
375.107 14954
375.121 15216
375.134 15128
375.148 15263
375.162 15264
375.175 15353
375.189 15499
375.203 15675
375.217 15498
375.230 15563
375.244 15748
375.258 15743
375.271 15842
375.285 15933
375.299 16141
375.312 16279
375.326 16393
375.340 16367
375.353 16387
375.367 16708
375.381 16736
375.394 16840
375.408 16988
375.422 16962
375.435 16900
375.449 16974
375.463 17267
375.476 17228
375.490 17375
375.504 17484
375.517 17563
375.531 17677
375.545 17936
375.558 17975
375.572 18404
375.586 18346
375.599 18502
375.613 18621
375.627 18572
375.640 18754
375.654 18867
375.668 19008
375.681 19040
375.695 19115
375.709 19351
375.722 19510
375.736 19646
375.750 19677
375.763 19723
375.777 20022
375.791 20248
375.804 20229
375.818 20356
375.832 20668
375.845 20835
375.859 20922
375.873 20940
375.886 20890
375.900 21256
375.914 21272
375.927 21423
375.941 21375
375.955 21928
375.968 21680
375.982 21827
375.996 21756
376.009 21977
376.023 22198
376.037 22405
376.050 22537
376.064 22523
376.077 22719
376.091 22850
376.105 23058
376.118 23215
376.132 23374
376.146 23594
376.159 23597
376.173 23637
376.187 23821
376.200 23818
376.214 23977
376.228 23962
376.241 24393
376.255 24683
376.269 24804
376.282 24841
376.296 25112
376.310 25123
376.323 25062
376.337 25417
376.350 25759
376.364 25724
376.378 26047
376.391 25938
376.405 26484
376.419 26623
376.432 27011
376.446 27185
376.460 27396
376.473 27716
376.487 27424
376.501 27846
376.514 27668
376.528 28362
376.541 28619
376.555 28784
376.569 28980
376.582 28851
376.596 29326
376.610 29515
376.623 29789
376.637 30167
376.651 30084
376.664 30182
376.678 30337
376.692 30234
376.705 30290
376.719 30595
376.732 30614
376.746 31089
376.760 31336
376.773 31253
376.787 31366
376.801 31474
376.814 31816
376.828 32055
376.841 32516
376.855 32769
376.869 32887
376.882 33317
376.896 33283
376.910 33579
376.923 33846
376.937 34124
376.951 34006
376.964 34258
376.978 34961
376.991 35386
377.005 35450
377.019 35530
377.032 35753
377.046 36062
377.060 36012
377.073 36495
377.087 36719
377.100 36992
377.114 36994
377.128 37515
377.141 38296
377.155 38922
377.169 39000
377.182 38901
377.196 39610
377.209 39524
377.223 39969
377.237 39958
377.250 40325
377.264 40537
377.277 41006
377.291 41221
377.305 41748
377.318 41970
377.332 41948
377.346 41781
377.359 42220
377.373 42746
377.386 43102
377.400 43275
377.414 43402
377.427 44037
377.441 44711
377.454 44737
377.468 45629
377.482 46595
377.495 46965
377.509 46943
377.523 47094
377.536 46980
377.550 46979
377.563 47043
377.577 47266
377.591 47985
377.604 48279
377.618 48480
377.631 49062
377.645 49435
377.659 49718
377.672 49731
377.686 49383
377.699 49562
377.713 50582
377.727 50334
377.740 50517
377.754 51090
377.767 51064
377.781 51888
377.795 51985
377.808 51749
377.822 52786
377.836 52926
377.849 53190
377.863 53462
377.876 54037
377.890 54207
377.904 55773
377.917 56376
377.931 56926
377.944 57279
377.958 57526
377.972 58016
377.985 58554
377.999 58625
378.012 58698
378.026 59235
378.039 59660
378.053 60307
378.067 60250
378.080 60089
378.094 60475
378.107 60471
378.121 60423
378.135 60601
378.148 60917
378.162 61536
378.175 62210
378.189 62961
378.203 63227
378.216 64445
378.230 65916
378.243 66241
378.257 66261
378.271 67169
378.284 67211
378.298 67357
378.311 67542
378.325 68403
378.339 69011
378.352 68932
378.366 68383
378.379 69359
378.393 70173
378.406 70142
378.420 71126
378.434 71590
378.447 72194
378.461 72404
378.474 72617
378.488 73842
378.502 73416
378.515 73608
378.529 73832
378.542 74524
378.556 74918
378.569 75203
378.583 76235
378.597 76390
378.610 76444
378.624 76983
378.637 77928
378.651 78568
378.664 79026
378.678 79478
378.692 80987
378.705 82008
378.719 81949
378.732 81772
378.746 81760
378.760 81839
378.773 81919
378.787 82611
378.800 84180
378.814 84746
378.827 85420
378.841 85520
378.855 86853
378.868 86991
378.882 87133
378.895 88099
378.909 88759
378.922 89123
378.936 89357
378.950 89888
378.963 90152
378.977 91031
378.990 92031
379.004 92499
379.017 93334
379.031 93792
379.045 93887
379.058 95051
379.072 96987
379.085 98084
379.099 99749
379.112 100926
379.126 100288
379.139 98682
379.153 100161
379.167 101030
379.180 101822
379.194 102306
379.207 102654
379.221 103624
379.234 106414
379.248 107990
379.262 108423
379.275 109116
379.289 108424
379.302 109172
379.316 108962
379.329 108807
379.343 109908
379.356 110101
379.370 110692
379.384 112813
379.397 113338
379.411 114073
379.424 115025
379.438 115061
379.451 116182
379.465 116965
379.478 118430
379.492 120742
379.506 121661
379.519 122530
379.533 123078
379.546 123994
379.560 125143
379.573 125897
379.587 127408
379.600 129931
379.614 131929
379.628 132630
379.641 132138
379.655 131836
379.668 132120
379.682 132315
379.695 133061
379.709 132955
379.722 134435
379.736 135731
379.749 136798
379.763 137615
379.777 138674
379.790 140956
379.804 142147
379.817 142604
379.831 143135
379.844 144950
379.858 146082
379.871 146363
379.885 146476
379.898 148725
379.912 149906
379.926 150258
379.939 150975
379.953 152080
379.966 153560
379.980 156361
379.993 157877
380.007 158182
380.020 159809
380.034 159822
380.047 159616
380.061 158350
380.074 159281
380.088 160275
380.102 162894
380.115 164450
380.129 166320
380.142 167316
380.156 169257
380.169 172726
380.183 177667
380.196 178900
380.210 180105
380.223 178315
380.237 181160
380.250 183590
380.264 182948
380.277 184228
380.291 187291
380.305 186942
380.318 189472
380.332 194852
380.345 197228
380.359 199025
380.372 195975
380.386 196418
380.399 197142
380.413 196901
380.426 197726
380.440 199591
380.453 200249
380.467 202533
380.480 205167
380.494 206877
380.507 209099
380.521 211465
380.534 214128
380.548 212587
380.562 211140
380.575 214107
380.589 217748
380.602 219869
380.616 224326
380.629 225847
380.643 227994
380.656 231485
380.670 233234
380.683 232900
380.697 235448
380.710 237737
380.724 237875
380.737 237462
380.751 236220
380.764 238178
380.778 241271
380.791 242579
380.805 241670
380.818 239967
380.832 240814
380.845 242996
380.859 246107
380.872 250334
380.886 251758
380.899 253899
380.913 256553
380.926 258601
380.940 260864
380.953 260247
380.967 260360
380.981 263203
380.994 266708
381.008 272055
381.021 276354
381.035 278084
381.048 278249
381.062 279150
381.075 278317
381.089 280331
381.102 282622
381.116 283566
381.129 287591
381.143 292080
381.156 295583
381.170 295294
381.183 295797
381.197 298590
381.210 297356
381.224 296862
381.237 298377
381.251 301472
381.264 304470
381.278 305917
381.291 308015
381.305 309627
381.318 311525
381.332 313197
381.345 315208
381.359 317248
381.372 322246
381.386 322198
381.399 321874
381.413 319703
381.426 319754
381.440 323428
381.453 329102
381.467 333492
381.480 334101
381.494 332323
381.507 335256
381.521 338704
381.534 339917
381.548 338888
381.561 338971
381.575 339566
381.588 346408
381.602 352300
381.615 355904
381.629 358345
381.642 360581
381.656 362741
381.669 361339
381.682 360890
381.696 362852
381.709 363934
381.723 365362
381.736 369569
381.750 372215
381.763 374228
381.777 377520
381.790 380161
381.804 379109
381.817 375602
381.831 376938
381.844 379850
381.858 379044
381.871 382081
381.885 380634
381.898 382239
381.912 384993
381.925 393202
381.939 398526
381.952 401250
381.966 399257
381.979 396314
381.993 396171
382.006 394955
382.020 395799
382.033 398598
382.047 401998
382.060 402812
382.074 403072
382.087 406831
382.100 413757
382.114 414853
382.127 415869
382.141 417208
382.154 420383
382.168 420267
382.181 419005
382.195 416514
382.208 418121
382.222 419493
382.235 419858
382.249 421433
382.262 420913
382.276 421324
382.289 421286
382.303 426003
382.316 428321
382.330 430439
382.343 431667
382.356 435738
382.370 440266
382.383 440472
382.397 438902
382.410 438796
382.424 436964
382.437 435816
382.451 433680
382.464 435055
382.478 429851
382.491 429350
382.505 430024
382.518 434131
382.532 439634
382.545 445573
382.558 447179
382.572 448058
382.585 448770
382.599 445234
382.612 446378
382.626 449419
382.639 448971
382.653 446513
382.666 445725
382.680 437236
382.693 432728
382.707 433502
382.720 435597
382.733 439322
382.747 445959
382.760 449742
382.774 450552
382.787 450115
382.801 452165
382.814 446834
382.828 442187
382.841 439370
382.855 437078
382.868 435674
382.881 435131
382.895 442092
382.908 445768
382.922 446330
382.935 442888
382.949 438362
382.962 436580
382.976 431944
382.989 428582
383.003 421786
383.016 417568
383.029 418708
383.043 416929
383.056 414013
383.070 409753
383.083 409318
383.097 407076
383.110 405640
383.124 406467
383.137 402661
383.150 396339
383.164 390550
383.177 384482
383.191 377727
383.204 371224
383.218 366153
383.231 362075
383.245 360685
383.258 358264
383.271 355109
383.285 355517
383.298 351651
383.312 347060
383.325 341983
383.339 335878
383.352 328579
383.366 324800
383.379 319463
383.392 318206
383.406 319215
383.419 313632
383.433 307753
383.446 303145
383.460 298890
383.473 293574
383.486 287357
383.500 282850
383.513 282014
383.527 277306
383.540 275511
383.554 271863
383.567 262952
383.581 256239
383.594 251446
383.607 248706
383.621 243718
383.634 238164
383.648 231314
383.661 224730
383.675 218991
383.688 214224
383.701 210850
383.715 206830
383.728 202584
383.742 197973
383.755 192648
383.769 187528
383.782 183202
383.795 177189
383.809 172961
383.822 167953
383.836 162877
383.849 158346
383.863 155667
383.876 152926
383.889 148323
383.903 145792
383.916 141930
383.930 138552
383.943 135260
383.956 130576
383.970 126007
383.983 122174
383.997 118052
384.010 114922
384.024 112530
384.037 110244
384.050 108349
384.064 105461
384.077 102848
384.091 100514
384.104 97277
384.118 95242
384.131 93605
384.144 90677
384.158 87247
384.171 85143
384.185 83116
384.198 82069
384.211 80124
384.225 77079
384.238 74817
384.252 72614
384.265 71222
384.278 69750
384.292 69070
384.305 68563
384.319 67245
384.332 65782
384.346 64232
384.359 62911
384.372 61554
384.386 60327
384.399 59503
384.413 58610
384.426 57856
384.439 56851
384.453 55608
384.466 55076
384.480 54250
384.493 54305
384.506 53932
384.520 52972
384.533 52514
384.547 51800
384.560 51392
384.573 50756
384.587 49978
384.600 49439
384.614 48588
384.627 47816
384.640 47753
384.654 47434
384.667 47784
384.681 47398
384.694 47365
384.707 46858
384.721 46010
384.734 45090
384.748 45846
384.761 45891
384.774 46455
384.788 45810
384.801 45459
384.815 45411
384.828 45189
384.841 44730
384.855 44289
384.868 43559
384.882 43171
384.895 42904
384.908 42959
384.922 43217
384.935 43526
384.949 43748
384.962 43694
384.975 43816
384.989 43529
385.002 43497
385.016 43460
385.029 43433
385.042 43096
385.056 42590
385.069 42219
385.083 41023
385.096 40342
385.109 40251
385.123 39202
385.136 38812
385.149 38691
385.163 37809
385.176 37939
385.190 37388
385.203 36907
385.216 36211
385.230 35634
385.243 35147
385.257 34617
385.270 34379
385.283 33913
385.297 33498
385.310 33409
385.323 33272
385.337 32677
385.350 32744
385.364 32366
385.377 32036
385.390 31912
385.404 31862
385.417 31989
385.430 31429
385.444 31104
385.457 30905
385.471 30322
385.484 30373
385.497 30046
385.511 29675
385.524 29477
385.537 29545
385.551 29394
385.564 29332
385.578 29013
385.591 28839
385.604 28937
385.618 29038
385.631 29211
385.644 28594
385.658 28126
385.671 28002
385.685 27818
385.698 27832
385.711 27329
385.725 27022
385.738 26527
385.751 26704
385.765 26624
385.778 26223
385.792 26049
385.805 25649
385.818 25835
385.832 25708
385.845 25604
385.858 25620
385.872 25450
385.885 25355
385.898 25058
385.912 25148
385.925 24598
385.939 24820
385.952 24683
385.965 24252
385.979 24299
385.992 24175
386.005 23625
386.019 23505
386.032 23591
386.045 23700
386.059 23360
386.072 23344
386.086 23470
386.099 23215
386.112 23476
386.126 23483
386.139 23288
386.152 22897
386.166 22659
386.179 22606
386.192 22627
386.206 22147
386.219 21943
386.232 21777
386.246 21770
386.259 21723
386.273 21635
386.286 21414
386.299 21296
386.313 21301
386.326 21396
386.339 21173
386.353 20995
386.366 21089
386.379 20729
386.393 20523
386.406 20415
386.419 20350
386.433 20218
386.446 20226
386.459 20327
386.473 20151
386.486 19879
386.499 19606
386.513 19552
386.526 19412
386.539 19285
386.553 19398
386.566 19387
386.580 19317
386.593 19208
386.606 19014
386.620 18783
386.633 18847
386.646 18669
386.660 18645
386.673 18784
386.686 18545
386.700 18472
386.713 18464
386.726 18440
386.740 18530
386.753 18136
386.766 18348
386.780 18129
386.793 18017
386.806 17939
386.820 17903
386.833 17757
386.846 17729
386.860 17458
386.873 17546
386.886 17516
386.900 17288
386.913 17341
386.926 17271
386.940 17063
386.953 17295
386.966 17236
386.980 17258
386.993 17018
387.006 17055
387.020 16949
387.033 16858
387.046 16644
387.060 16766
387.073 16686
387.086 16693
387.100 16610
387.113 16500
387.126 16396
387.140 16512
387.153 16306
387.166 16584
387.180 16431
387.193 16195
387.206 16325
387.220 16449
387.233 16261
387.246 16270
387.260 15967
387.273 16071
387.286 15871
387.300 15846
387.313 15810
387.326 15800
387.339 15617
387.353 15605
387.366 15640
387.379 15710
387.393 15678
387.406 15951
387.419 15823
387.433 15815
387.446 15686
387.459 15687
387.473 15632
387.486 15641
387.499 15566
387.513 15480
387.526 15681
387.539 15484
387.553 15560
387.566 15474
387.579 15656
387.593 15626
387.606 15501
387.619 15497
387.632 15344
387.646 15364
387.659 15313
387.672 15278
387.686 15284
387.699 15335
387.712 15181
387.726 15208
387.739 15148
387.752 15164
387.766 14927
387.779 14955
387.792 14936
387.805 14838
387.819 14781
387.832 15002
387.845 14933
387.859 14894
387.872 14924
387.885 14872
387.899 14674
387.912 14730
387.925 14718
387.939 14672
387.952 14744
387.965 14912
387.978 14725
387.992 14666
388.005 14475
388.018 14509
388.032 14469
388.045 14404
388.058 14475
388.072 14534
388.085 14413
388.098 14521
388.111 14363
388.125 14091
388.138 14304
388.151 14133
388.165 14081
388.178 14137
388.191 14146
388.205 14090
388.218 13966
388.231 13906
388.244 13771
388.258 13614
388.271 13630
388.284 13456
388.298 13482
388.311 13516
388.324 13379
388.337 13398
388.351 13384
388.364 13216
388.377 13398
388.391 13351
388.404 13362
388.417 13279
388.430 13285
388.444 13298
388.457 13157
388.470 13174
388.484 13163
388.497 13067
388.510 12938
388.523 12923
388.537 13054
388.550 13051
388.563 12985
388.577 12959
388.590 13025
388.603 12766
388.616 12826
388.630 12774
388.643 12674
388.656 12795
388.670 12653
388.683 12636
388.696 12749
388.709 12567
388.723 12484
388.736 12451
388.749 12482
388.763 12525
388.776 12441
388.789 12472
388.802 12142
388.816 12179
388.829 12182
388.842 11990
388.856 11998
388.869 11947
388.882 12048
388.895 12018
388.909 11909
388.922 11889
388.935 11835
388.948 11917
388.962 11756
388.975 11689
