373.873 9594
373.887 9698
373.901 9671
373.915 9672
373.928 9700
373.942 9779
373.956 9808
373.970 9792
373.983 9957
373.997 9949
374.011 9911
374.025 9924
374.039 9929
374.052 9913
374.066 10036
374.080 10113
374.094 10200
374.107 10261
374.121 10336
374.135 10270
374.149 10373
374.162 10339
374.176 10169
374.190 10350
374.204 10351
374.217 10403
374.231 10452
374.245 10381
374.259 10506
374.272 10508
374.286 10532
374.300 10633
374.314 10644
374.327 10789
374.341 10705
374.355 10524
374.369 10762
374.382 10820
374.396 10888
374.410 10926
374.424 10834
374.437 10907
374.451 10897
374.465 11074
374.479 11029
374.492 11101
374.506 11126
374.520 11263
374.534 11194
374.547 11248
374.561 11341
374.575 11206
374.589 11456
374.602 11407
374.616 11420
374.630 11375
374.644 11444
374.657 11420
374.671 11612
374.685 11752
374.699 11719
374.712 11755
374.726 11858
374.740 11888
374.754 11933
374.767 12007
374.781 12063
374.795 12168
374.809 12319
374.822 12251
374.836 12491
374.850 12538
374.863 12627
374.877 12601
374.891 12650
374.905 12796
374.918 12715
374.932 12721
374.946 12897
374.960 12786
374.973 12771
374.987 13007
375.001 13231
375.015 13354
375.028 13443
375.042 13468
375.056 13575
375.069 13324
375.083 13450
375.097 13641
375.111 13684
375.124 13690
375.138 13858
375.152 13881
375.166 14028
375.179 14033
375.193 14023
375.207 14234
375.220 14401
375.234 14297
375.248 14373
375.262 14628
375.275 14571
375.289 14900
375.303 14943
375.317 14850
375.330 15092
375.344 14798
375.358 14950
375.371 14778
375.385 14925
375.399 15070
375.413 15118
375.426 15097
375.440 15340
375.454 15462
375.468 15383
375.481 15476
375.495 15762
375.509 15919
375.522 15932
375.536 15985
375.550 16143
375.564 15992
375.577 16108
375.591 16096
375.605 16034
375.618 16225
375.632 16290
375.646 16469
375.660 16632
375.673 16723
375.687 16840
375.701 16949
375.714 17269
375.728 17219
375.742 17420
375.756 17565
375.769 17613
375.783 17709
375.797 17736
375.810 17773
375.824 17615
375.838 17711
375.852 17826
375.865 18029
375.879 18157
375.893 18097
375.906 18397
375.920 18453
375.934 18239
375.947 18499
375.961 18527
375.975 18626
375.989 18817
376.002 19011
376.016 19035
376.030 19254
376.043 19286
376.057 19486
376.071 19565
376.084 19582
376.098 19689
376.112 19458
376.126 19820
376.139 19817
376.153 19956
376.167 20096
376.180 20162
376.194 20360
376.208 20463
376.221 20768
376.235 20971
376.249 20977
376.263 21306
376.276 21022
376.290 21389
376.304 21364
376.317 21319
376.331 21574
376.345 21819
376.358 21686
376.372 22184
376.386 22337
376.400 22266
376.413 22418
376.427 22655
376.441 22571
376.454 22971
376.468 23225
376.482 22862
376.495 23050
376.509 23001
376.523 23142
376.536 23421
376.550 23588
376.564 24269
376.577 24585
376.591 24422
376.605 24394
376.619 24747
376.632 24972
376.646 24956
376.660 25301
376.673 25572
376.687 25931
376.701 26072
376.714 25880
376.728 25747
376.742 26019
376.755 26214
376.769 26356
376.783 26564
376.796 27026
376.810 27205
376.824 27149
376.837 26666
376.851 27308
376.865 27515
376.879 27785
376.892 27898
376.906 28144
376.920 28248
376.933 28526
376.947 28560
376.961 28837
376.974 29150
376.988 29281
377.002 29491
377.015 29645
377.029 29742
377.043 30051
377.056 30035
377.070 30543
377.084 30593
377.097 30634
377.111 30805
377.125 30882
377.138 31387
377.152 31280
377.166 31516
377.179 31491
377.193 31733
377.207 32221
377.220 32511
377.234 32842
377.248 32803
377.261 33267
377.275 33663
377.289 33887
377.302 33869
377.316 34077
377.330 34232
377.343 34352
377.357 34557
377.371 35366
377.384 35392
377.398 35734
377.412 35830
377.425 36402
377.439 36322
377.453 36581
377.466 36664
377.480 36582
377.494 36869
377.507 37040
377.521 37006
377.535 37437
377.548 37477
377.562 37710
377.576 37752
377.589 38199
377.603 38688
377.617 38793
377.630 38815
377.644 39343
377.658 39303
377.671 39229
377.685 39753
377.698 40123
377.712 40347
377.726 41033
377.739 41704
377.753 42010
377.767 42002
377.780 42115
377.794 42427
377.808 42323
377.821 42168
377.835 42489
377.849 42931
377.862 43120
377.876 43287
377.890 43511
377.903 43807
377.917 44274
377.931 44920
377.944 45282
377.958 45685
377.972 45401
377.985 45797
377.999 45829
378.012 46636
378.026 46826
378.040 46961
378.053 47305
378.067 47834
378.081 48045
378.094 48394
378.108 48165
378.122 48793
378.135 49144
378.149 48785
378.163 49092
378.176 49516
378.190 49928
378.203 50134
378.217 50052
378.231 50593
378.244 50311
378.258 50604
378.272 50938
378.285 51259
378.299 51448
378.313 51977
378.326 52828
378.340 53366
378.353 53498
378.367 53735
378.381 54216
378.394 54695
378.408 54809
378.422 54879
378.435 55239
378.449 55266
378.463 55394
378.476 55935
378.490 56234
378.503 56704
378.517 56628
378.531 57316
378.544 57970
378.558 57793
378.572 58565
378.585 59132
378.599 59326
378.612 60011
378.626 60173
378.640 60528
378.653 60879
378.667 61263
378.681 61913
378.694 61962
378.708 62503
378.721 62797
378.735 63380
378.749 63485
378.762 64184
378.776 64668
378.790 65156
378.803 65165
378.817 66137
378.830 66985
378.844 67963
378.858 67921
378.871 68492
378.885 68276
378.899 68384
378.912 69004
378.926 69379
378.939 69848
378.953 70446
378.967 70582
378.980 71367
378.994 71201
379.007 71123
379.021 72188
379.035 72872
379.048 72946
379.062 73318
379.076 74280
379.089 74697
379.103 75062
379.116 75543
379.130 76581
379.144 77113
379.157 77674
379.171 78051
379.184 78026
379.198 78405
379.212 79516
379.225 79848
379.239 80596
379.252 81086
379.266 81531
379.280 82047
379.293 83117
379.307 83755
379.321 84249
379.334 84708
379.348 85320
379.361 85804
379.375 86626
379.389 87236
379.402 87653
379.416 89221
379.429 89732
379.443 90576
379.457 91627
379.470 92207
379.484 93481
379.497 93039
379.511 93458
379.525 93774
379.538 95658
379.552 96671
379.565 97190
379.579 97403
379.593 97946
379.606 98599
379.620 100020
379.633 101250
379.647 102028
379.661 102082
379.674 102013
379.688 102979
379.701 102834
379.715 103258
379.729 104260
379.742 104821
379.756 105646
379.769 105740
379.783 106149
379.797 106758
379.810 107701
379.824 108275
379.837 109384
379.851 110365
379.864 111577
379.878 112276
379.892 113525
379.905 113913
379.919 114856
379.932 116711
379.946 117651
379.960 117660
379.973 119817
379.987 120150
380.000 122532
380.014 123955
380.028 124938
380.041 125421
380.055 126662
380.068 127327
380.082 128389
380.095 129730
380.109 131051
380.123 131886
380.136 134012
380.150 136935
380.163 139415
380.177 139731
380.191 140903
380.204 141384
380.218 143910
380.231 144497
380.245 145917
380.258 146944
380.272 147350
380.286 148928
380.299 149680
380.313 151686
380.326 152707
380.340 153049
380.353 153579
380.367 155083
380.381 156709
380.394 157708
380.408 158808
380.421 159948
380.435 162036
380.449 163841
380.462 166059
380.476 167856
380.489 170946
380.503 174222
380.516 175195
380.530 174197
380.544 174509
380.557 174977
380.571 175464
380.584 176962
380.598 178723
380.611 179511
380.625 181668
380.639 183732
380.652 184964
380.666 185530
380.679 185927
380.693 186130
380.706 188407
380.720 190904
380.733 192283
380.747 193855
380.761 195484
380.774 196552
380.788 199660
380.801 201300
380.815 203468
380.828 204771
380.842 206159
380.856 208050
380.869 210234
380.883 211530
380.896 214420
380.910 219235
380.923 222248
380.937 225403
380.950 227206
380.964 229854
380.978 231314
380.991 234051
381.005 235215
381.018 236571
381.032 238576
381.045 240469
381.059 243162
381.072 244323
381.086 244526
381.100 245737
381.113 245742
381.127 246097
381.140 246757
381.154 248618
381.167 250381
381.181 253700
381.194 255496
381.208 257863
381.222 260770
381.235 264589
381.249 267750
381.262 267774
381.276 271411
381.289 273051
381.303 275122
381.316 274891
381.330 277466
381.343 279442
381.357 278312
381.371 279083
381.384 281960
381.398 285312
381.411 287955
381.425 289582
381.438 291994
381.452 294802
381.465 294996
381.479 296998
381.492 297813
381.506 298093
381.520 298234
381.533 300692
381.547 301933
381.560 303336
381.574 305800
381.587 308590
381.601 309799
381.614 311203
381.628 313022
381.641 314691
381.655 318002
381.669 319893
381.682 323409
381.696 327265
381.709 330724
381.723 331191
381.736 330692
381.750 331302
381.763 331906
381.777 331501
381.790 334031
381.804 339296
381.817 343623
381.831 344547
381.844 346769
381.858 349841
381.872 351331
381.885 352426
381.899 355084
381.912 356812
381.926 358002
381.939 359158
381.953 361067
381.966 361726
381.980 365001
381.993 367549
382.007 370527
382.020 373879
382.034 373522
382.047 375814
382.061 377735
382.074 381573
382.088 386003
382.101 390984
382.115 392904
382.129 391550
382.142 387942
382.156 390500
382.169 395401
382.183 396571
382.196 398768
382.210 398203
382.223 401437
382.237 410053
382.250 415315
382.264 417639
382.277 415343
382.291 414453
382.304 415341
382.318 414768
382.331 415737
382.345 416746
382.358 416252
382.372 417061
382.385 420495
382.399 422075
382.412 424412
382.426 426291
382.439 425379
382.453 426119
382.467 429476
382.480 432548
382.494 437419
382.507 440994
382.521 443016
382.534 443636
382.548 443410
382.561 445481
382.575 446666
382.588 451992
382.602 458907
382.615 461306
382.629 460930
382.642 459355
382.656 459779
382.669 457637
382.683 456932
382.696 456949
382.710 456718
382.723 458758
382.737 460220
382.750 461442
382.764 463751
382.777 462919
382.791 466742
382.804 468615
382.818 467845
382.831 466756
382.845 471631
382.858 474700
382.872 473775
382.885 469393
382.899 471667
382.912 472871
382.926 472633
382.939 471471
382.953 472422
382.966 473750
382.980 478691
382.993 479276
383.007 478060
383.020 477355
383.034 477256
383.047 472151
383.061 465693
383.074 464957
383.088 465226
383.101 465991
383.115 468380
383.128 466422
383.142 466805
383.155 470044
383.169 474116
383.182 476719
383.196 477389
383.209 477117
383.223 471889
383.236 473157
383.250 470462
383.263 468906
383.277 470011
383.290 472025
383.304 467014
383.317 467620
383.331 472530
383.344 474280
383.358 471148
383.371 461232
383.385 457814
383.398 454035
383.412 450689
383.425 446588
383.438 444568
383.452 445579
383.465 447291
383.479 445822
383.492 444112
383.506 443107
383.519 444135
383.533 441408
383.546 436032
383.560 432292
383.573 433130
383.587 434356
383.600 434229
383.614 433570
383.627 431814
383.641 430106
383.654 429559
383.668 424807
383.681 421161
383.695 420144
383.708 417601
383.722 414388
383.735 409260
383.749 400872
383.762 396349
383.775 393353
383.789 390818
383.802 384514
383.816 378524
383.829 372982
383.843 371017
383.856 370245
383.870 369109
383.883 365780
383.897 363013
383.910 360309
383.924 357379
383.937 353883
383.951 348477
383.964 342538
383.978 339218
383.991 339302
384.004 338429
384.018 335349
384.031 331474
384.045 325988
384.058 321485
384.072 316471
384.085 312474
384.099 307412
384.112 303234
384.126 300929
384.139 298399
384.153 293598
384.166 289141
384.180 283932
384.193 279395
384.206 273923
384.220 268194
384.233 263947
384.247 260647
384.260 256600
384.274 252240
384.287 247973
384.301 243555
384.314 238805
384.328 235706
384.341 230308
384.355 227573
384.368 224249
384.381 218009
384.395 212033
384.408 205316
384.422 200805
384.435 197220
384.449 193583
384.462 190339
384.476 185392
384.489 180966
384.503 175812
384.516 171361
384.529 166431
384.543 161267
384.556 157182
384.570 152781
384.583 149775
384.597 146619
384.610 144804
384.624 141258
384.637 137500
384.651 133718
384.664 129681
384.677 125214
384.691 122460
384.704 118740
384.718 116647
384.731 114020
384.745 111469
384.758 109084
384.772 107328
384.785 104268
384.798 101539
384.812 99152
384.825 97251
384.839 94995
384.852 92871
384.866 91283
384.879 89164
384.893 87367
384.906 86605
384.919 85905
384.933 84881
384.946 84156
384.960 82315
384.973 79494
384.987 78763
385.000 77440
385.013 75844
385.027 74818
385.040 74641
385.054 73547
385.067 72475
385.081 71566
385.094 71724
385.108 71036
385.121 70055
385.134 69593
385.148 68632
385.161 67837
385.175 66805
385.188 65576
385.202 64690
385.215 64174
385.228 63482
385.242 62950
385.255 61921
385.269 60862
385.282 60473
385.296 59917
385.309 59621
385.322 59029
385.336 58691
385.349 58222
385.363 58374
385.376 57474
385.390 56823
385.403 55663
385.416 55089
385.430 54258
385.443 53979
385.457 53634
385.470 52599
385.484 52031
385.497 51816
385.510 51337
385.524 51525
385.537 51142
385.551 51143
385.564 50808
385.578 50225
385.591 49537
385.604 49125
385.618 49103
385.631 48566
385.645 47774
385.658 47398
385.671 46863
385.685 46140
385.698 46041
385.712 45440
385.725 45533
385.739 45571
385.752 45465
385.765 45363
385.779 44888
385.792 44984
385.806 44189
385.819 43952
385.832 43429
385.846 42801
385.859 42586
385.873 42665
385.886 42546
385.900 42846
385.913 42742
385.926 42315
385.940 41393
385.953 41215
385.967 41053
385.980 40558
385.993 39953
386.007 39444
386.020 39486
386.034 39210
386.047 38680
386.060 38554
386.074 38644
386.087 38446
386.101 38278
386.114 38446
386.127 38193
386.141 37483
386.154 37337
386.168 36867
386.181 36485
386.194 35912
386.208 35333
386.221 35505
386.235 35306
386.248 35038
386.261 35257
386.275 34998
386.288 34556
386.302 34657
386.315 34002
386.328 33762
386.342 33625
386.355 33201
386.369 33032
386.382 33171
386.395 33420
386.409 33098
386.422 32624
386.436 32430
386.449 32166
386.462 32003
386.476 31709
386.489 31793
386.503 31692
386.516 31623
386.529 31455
386.543 31420
386.556 31197
386.570 30822
386.583 30542
386.596 30598
386.610 30223
386.623 30146
386.637 30132
386.650 29653
386.663 29215
386.677 29148
386.690 28818
386.704 28750
386.717 28675
386.730 28665
386.744 28433
386.757 28390
386.770 28119
386.784 27864
386.797 27818
386.811 27592
386.824 27166
386.837 27020
386.851 26929
386.864 26876
386.878 26961
386.891 26831
386.904 26836
386.918 26710
386.931 26544
386.944 26168
386.958 26075
386.971 25790
386.985 25624
386.998 25535
387.011 25660
387.025 25545
387.038 25295
387.051 25204
387.065 24836
387.078 24844
387.092 24784
387.105 24867
387.118 24641
387.132 24668
387.145 24157
387.158 23937
387.172 23994
387.185 23953
387.199 23705
387.212 23456
387.225 23337
387.239 23125
387.252 22817
387.265 22744
387.279 22859
387.292 22823
387.306 22950
387.319 22793
387.332 22483
387.346 22458
387.359 22250
387.372 22121
387.386 22055
387.399 22160
387.412 21936
387.426 21761
387.439 21622
387.453 21534
387.466 21352
387.479 21261
387.493 21393
387.506 21295
387.519 21015
387.533 21054
387.546 21056
387.559 20919
387.573 20717
387.586 20525
387.600 20438
387.613 20537
387.626 20359
387.640 20469
387.653 20306
387.666 20306
387.680 20369
387.693 20264
387.706 19948
387.720 19877
387.733 19784
387.747 19958
387.760 19923
387.773 19684
387.787 19775
387.800 19789
387.813 19634
387.827 19556
387.840 19361
387.853 19274
387.867 19150
387.880 18829
387.893 18758
387.907 18846
387.920 19130
387.933 19127
387.947 19211
387.960 19077
387.974 18937
387.987 19047
388.000 19102
388.014 19133
388.027 19138
388.040 19112
388.054 18827
388.067 18779
388.080 18601
388.094 18308
388.107 18263
388.120 18031
388.134 18110
388.147 18004
388.160 17957
388.174 17961
388.187 18021
388.200 18051
388.214 17733
388.227 17657
388.240 17572
388.254 17651
388.267 17418
388.280 17569
388.294 17513
388.307 17574
388.320 17514
388.334 17645
388.347 17370
388.361 17430
388.374 17378
388.387 17468
388.401 17413
388.414 17334
388.427 17425
388.441 17242
388.454 17274
388.467 17288
388.481 17154
388.494 17119
388.507 16883
388.521 17137
388.534 16999
388.547 16983
388.561 16947
388.574 17088
388.587 16945
388.601 16983
388.614 17035
388.627 16934
388.641 16916
388.654 16819
388.667 16979
388.680 16668
388.694 16536
388.707 16330
388.720 16414
388.734 16309
388.747 16189
388.760 16228
388.774 16013
388.787 16106
388.800 16108
388.814 16167
388.827 16165
388.840 16088
388.854 16140
388.867 15918
388.880 15868
388.894 15928
388.907 15771
388.920 15936
388.934 15603
388.947 15667
388.960 15620
388.974 15626
388.987 15439
389.000 15336
389.014 15302
389.027 15287
389.040 15354
389.054 15430
389.067 15300
389.080 15302
389.093 15275
389.107 15188
389.120 15430
389.133 15261
389.147 15134
389.160 14928
389.173 14988
389.187 14801
389.200 14785
389.213 14679
389.227 14607
389.240 14701
389.253 14420
389.267 14472
389.280 14296
389.293 14464
389.306 14421
389.320 14296
389.333 14398
389.346 14228
389.360 14035
389.373 14014
389.386 13911
389.400 13967
389.413 13940
389.426 13857
389.440 13922
389.453 13805
389.466 13596
389.479 13493
389.493 13351
389.506 13440
389.519 13448
389.533 13340
389.546 13333
389.559 13254
389.573 13224
389.586 13146
389.599 13082
389.613 13013
389.626 12971
389.639 13061
389.652 12912
389.666 12949
389.679 12769
389.692 12749
389.706 12757
389.719 12730
389.732 12660
389.745 12534
389.759 12570
389.772 12542
389.785 12446
389.799 12451
389.812 12268
389.825 12124
389.839 12181
389.852 12014
389.865 12016
389.878 12009
389.892 11729
389.905 11702
389.918 11739
389.932 11844
389.945 11726
389.958 11749
389.971 11662
389.985 11607
389.998 11471
390.011 11580
390.025 11411
390.038 11294
390.051 11369
390.064 11287
390.078 11124
390.091 11160
390.104 11035
390.118 11134
390.131 10958
390.144 10920
390.157 10972
390.171 10810
390.184 10843
390.197 10758
390.211 10831
390.224 10705
390.237 10690
390.250 10583
390.264 10457
390.277 10525
390.290 10326
390.304 10398
390.317 10300
390.330 10296
390.343 10255
390.357 10133
390.370 10088
390.383 10231
390.397 10086
390.410 10146
390.423 10023
390.436 10057
390.450 9962
390.463 9962
390.476 9828
390.489 9770
390.503 9814
390.516 9694
390.529 9619
390.543 9661
390.556 9619
390.569 9601
390.582 9601
390.596 9452
390.609 9558
390.622 9491
390.635 9289
390.649 9383
390.662 9399
390.675 9318
390.689 9277
390.702 9190
390.715 9214
390.728 9175
390.742 9063
390.755 9107
390.768 9128
390.781 9025
390.795 9053
390.808 9029
390.821 8991
390.834 9045
390.848 8980
390.861 8982
390.874 8973
390.888 8908
390.901 8935
390.914 8915
390.927 8819
390.941 8791
390.954 8881
390.967 8787
390.980 8736
390.994 8800
391.007 8757
391.020 8771
391.033 8729
391.047 8766
391.060 8713
391.073 8690
391.086 8687
391.100 8694
391.113 8703
391.126 8636
391.139 8665
391.153 8647
391.166 8622
391.179 8521
391.192 8503
391.206 8532
391.219 8585
391.232 8507
391.245 8481
391.259 8434
391.272 8368
391.285 8395
391.298 8295
391.312 8349
391.325 8274
391.338 8345
391.351 8334
391.365 8350
391.378 8353
391.391 8301
391.404 8326
391.418 8283
391.431 8292
391.444 8210
391.457 8214
391.471 8226
391.484 8305
391.497 8257
391.510 8233
391.524 8212
391.537 8260
391.550 8145
391.563 8231
391.577 8186
391.590 8118
391.603 8187
391.616 8131
391.630 8189
391.643 8159
391.656 8188
391.669 8112
391.682 8157
391.696 8048
391.709 8113
391.722 8102
391.735 8139
391.749 8093
391.762 8046
391.775 8009
391.788 8082
391.802 8054
391.815 8020
391.828 7954
391.841 7978
391.855 7992
391.868 8001
391.881 8031
391.894 7997
391.907 7991
391.921 7980
391.934 8058
391.947 8004
