373.873 12596
373.887 12814
373.901 12907
373.915 12761
373.928 12998
373.942 13006
373.956 13187
373.970 13376
373.983 13370
373.997 13476
374.011 13343
374.025 13330
374.039 13360
374.052 13477
374.066 13690
374.080 13677
374.094 14011
374.107 13997
374.121 14005
374.135 14111
374.149 13940
374.162 14080
374.176 14182
374.190 14227
374.204 14201
374.217 14366
374.231 14441
374.245 14573
374.259 14450
374.272 14563
374.286 14681
374.300 14688
374.314 14823
374.327 14852
374.341 15025
374.355 15128
374.369 15168
374.382 15152
374.396 15191
374.410 15332
374.424 15524
374.437 15613
374.451 15482
374.465 15560
374.479 15674
374.492 15792
374.506 15786
374.520 15928
374.534 16149
374.547 16067
374.561 16272
374.575 16142
374.589 16303
374.602 16216
374.616 16461
374.630 16518
374.644 16649
374.657 16535
374.671 16679
374.685 16775
374.699 16972
374.712 16948
374.726 17159
374.740 17119
374.754 17232
374.767 17426
374.781 17527
374.795 17600
374.809 17883
374.822 17959
374.836 18200
374.850 18447
374.863 18490
374.877 18424
374.891 18704
374.905 18834
374.918 18836
374.932 18963
374.946 19049
374.960 18984
374.973 18971
374.987 19190
375.001 19662
375.015 19706
375.028 20114
375.042 20315
375.056 20473
375.069 20389
375.083 20259
375.097 20434
375.111 20745
375.124 20914
375.138 20940
375.152 21263
375.166 21397
375.179 21301
375.193 21552
375.207 21622
375.220 21796
375.234 21791
375.248 21954
375.262 22309
375.275 22483
375.289 22846
375.303 22899
375.317 23081
375.330 23085
375.344 22958
375.358 22761
375.371 22895
375.385 23032
375.399 23124
375.413 23227
375.426 23214
375.440 23447
375.454 23738
375.468 24168
375.481 24272
375.495 24416
375.509 24925
375.522 24950
375.536 24966
375.550 24914
375.564 25008
375.577 25343
375.591 25212
375.605 25236
375.618 25371
375.632 25623
375.646 25882
375.660 26085
375.673 26097
375.687 26499
375.701 26610
375.714 27113
375.728 27406
375.742 27496
375.756 27560
375.769 27656
375.783 27849
375.797 28010
375.810 27993
375.824 27895
375.838 28052
375.852 28270
375.865 28393
375.879 28798
375.893 28840
375.906 29455
375.920 29134
375.934 28964
375.947 29297
375.961 29421
375.975 29884
375.989 30068
376.002 30198
376.016 30368
376.030 30367
376.043 30815
376.057 30958
376.071 30959
376.084 31490
376.098 31530
376.112 31479
376.126 31608
376.139 31812
376.153 31987
376.167 32018
376.180 32458
376.194 32658
376.208 32748
376.221 33026
376.235 33458
376.249 33612
376.263 34113
376.276 34063
376.290 34064
376.304 34593
376.317 34712
376.331 34674
376.345 35348
376.358 35657
376.372 35870
376.386 36098
376.400 36264
376.413 36552
376.427 36996
376.441 37054
376.454 37635
376.468 37457
376.482 37510
376.495 37552
376.509 37587
376.523 37726
376.536 37941
376.550 38502
376.564 39279
376.577 40230
376.591 40085
376.605 40239
376.619 40694
376.632 40508
376.646 41222
376.660 41224
376.673 42253
376.687 42816
376.701 42617
376.714 42363
376.728 42170
376.742 42540
376.755 42962
376.769 43721
376.783 44516
376.796 44496
376.810 44107
376.824 44262
376.837 44077
376.851 44655
376.865 45472
376.879 45789
376.892 46302
376.906 46597
376.920 46909
376.933 46983
376.947 46914
376.961 47864
376.974 48168
376.988 48894
377.002 48951
377.015 49181
377.029 49736
377.043 49630
377.056 50078
377.070 50658
377.084 50971
377.097 51227
377.111 51007
377.125 51829
377.138 52228
377.152 52719
377.166 52681
377.179 53039
377.193 53764
377.207 54062
377.220 54571
377.234 55076
377.248 55570
377.261 56477
377.275 57092
377.289 57418
377.302 57032
377.316 57486
377.330 57918
377.343 58009
377.357 59230
377.371 59742
377.384 59985
377.398 60442
377.412 61204
377.425 62003
377.439 62382
377.453 62169
377.466 62398
377.480 62373
377.494 62781
377.507 63015
377.521 63334
377.535 63690
377.548 63999
377.562 64086
377.576 64602
377.589 64981
377.603 65984
377.617 66363
377.630 66744
377.644 67159
377.658 67242
377.671 67507
377.685 68562
377.698 69225
377.712 69441
377.726 70504
377.739 71609
377.753 71951
377.767 72273
377.780 72838
377.794 73129
377.808 73253
377.821 73079
377.835 73713
377.849 74384
377.862 74472
377.876 74621
377.890 74756
377.903 76018
377.917 76856
377.931 77668
377.944 78905
377.958 79348
377.972 79801
377.985 78950
377.999 79780
378.012 81642
378.026 81820
378.040 81596
378.053 82428
378.067 83454
378.081 83818
378.094 83913
378.108 84167
378.122 85016
378.135 84758
378.149 85729
378.163 85540
378.176 86124
378.190 87154
378.203 87532
378.217 87675
378.231 88232
378.244 88357
378.258 88247
378.272 89329
378.285 89042
378.299 89899
378.313 90477
378.326 92374
378.340 93333
378.353 93562
378.367 94637
378.381 94800
378.394 95883
378.408 96448
378.422 96407
378.435 96355
378.449 96517
378.463 97075
378.476 97866
378.490 98430
378.503 98963
378.517 99838
378.531 100160
378.544 100913
378.558 101792
378.572 102497
378.585 103368
378.599 103793
378.612 104769
378.626 105852
378.640 106208
378.653 106011
378.667 107483
378.681 108220
378.694 109475
378.708 109437
378.721 110595
378.735 110759
378.749 111896
378.762 112678
378.776 114048
378.790 114557
378.803 114692
378.817 116104
378.830 117199
378.844 119217
378.858 119787
378.871 119868
378.885 119349
378.899 119960
378.912 120219
378.926 121290
378.939 121902
378.953 122226
378.967 123727
378.980 124862
378.994 124592
379.007 124808
379.021 125998
379.035 126416
379.048 127906
379.062 128373
379.076 129100
379.089 129798
379.103 130376
379.116 130966
379.130 132437
379.144 133145
379.157 133813
379.171 135375
379.184 134855
379.198 135456
379.212 136800
379.225 137244
379.239 137582
379.252 138881
379.266 140174
379.280 141070
379.293 142774
379.307 143477
379.321 144397
379.334 145164
379.348 146393
379.361 146240
379.375 147892
379.389 149148
379.402 150194
379.416 151699
379.429 153519
379.443 155580
379.457 155342
379.470 157528
379.484 158274
379.497 157792
379.511 158579
379.525 159454
379.538 161835
379.552 164222
379.565 165414
379.579 165229
379.593 165679
379.606 166802
379.620 168429
379.633 171252
379.647 171733
379.661 172914
379.674 171333
379.688 172336
379.701 172194
379.715 172676
379.729 174931
379.742 176029
379.756 175838
379.769 176264
379.783 176629
379.797 177193
379.810 178926
379.824 179741
379.837 181099
379.851 182303
379.864 183922
379.878 184421
379.892 186268
379.905 186945
379.919 188600
379.932 190296
379.946 191144
379.960 191103
379.973 192797
379.987 194598
380.000 195811
380.014 198642
380.028 199623
380.041 200651
380.055 202115
380.068 202326
380.082 203419
380.095 205698
380.109 207165
380.123 208871
380.136 211017
380.150 215294
380.163 217310
380.177 219086
380.191 219807
380.204 222201
380.218 225055
380.231 225189
380.245 226479
380.258 228225
380.272 228801
380.286 230303
380.299 231229
380.313 234588
380.326 235319
380.340 236290
380.353 237045
380.367 237871
380.381 240357
380.394 242003
380.408 243211
380.421 244655
380.435 247628
380.449 249769
380.462 252377
380.476 254376
380.489 257802
380.503 262208
380.516 262467
380.530 260455
380.544 259914
380.557 260022
380.571 260701
380.584 261888
380.598 263543
380.611 265659
380.625 267048
380.639 268784
380.652 270131
380.666 270486
380.679 270358
380.693 268782
380.706 271742
380.720 274815
380.733 276853
380.747 277584
380.761 278690
380.774 279701
380.788 280937
380.801 283295
380.815 284542
380.828 286322
380.842 287847
380.856 289769
380.869 291262
380.883 291750
380.896 295929
380.910 300920
380.923 305571
380.937 308529
380.950 309507
380.964 312267
380.978 314170
380.991 315661
381.005 316041
381.018 318132
381.032 320049
381.045 322847
381.059 325388
381.072 325916
381.086 324900
381.100 325367
381.113 324739
381.127 324114
381.140 324813
381.154 324502
381.167 326790
381.181 330683
381.194 331324
381.208 331959
381.222 335397
381.235 339830
381.249 342026
381.262 341612
381.276 342987
381.289 345020
381.303 344386
381.316 344038
381.330 345640
381.343 346292
381.357 343692
381.371 344172
381.384 345822
381.398 347377
381.411 349387
381.425 350654
381.438 351926
381.452 354537
381.465 354012
381.479 354031
381.492 353843
381.506 352767
381.520 352830
381.533 352648
381.547 353050
381.560 354439
381.574 354762
381.587 356608
381.601 356574
381.614 356991
381.628 357097
381.641 357836
381.655 359186
381.669 359925
381.682 362762
381.696 365400
381.709 367377
381.723 364977
381.736 363561
381.750 362370
381.763 360449
381.777 358044
381.790 360310
381.804 363836
381.817 366141
381.831 366105
381.844 366084
381.858 367645
381.872 368036
381.885 366562
381.899 367499
381.912 366642
381.926 366830
381.939 366051
381.953 364971
381.966 364837
381.980 366518
381.993 368041
382.007 367837
382.020 369143
382.034 368442
382.047 366086
382.061 367017
382.074 367900
382.088 369139
382.101 372846
382.115 371282
382.129 368541
382.142 363113
382.156 363643
382.169 364610
382.183 364378
382.196 362489
382.210 361844
382.223 361911
382.237 365098
382.250 367091
382.264 366294
382.277 363335
382.291 358707
382.304 358264
382.318 355163
382.331 353840
382.345 351473
382.358 348949
382.372 347073
382.385 348313
382.399 347154
382.412 346023
382.426 344852
382.439 342356
382.453 339838
382.467 339791
382.480 340233
382.494 340776
382.507 341347
382.521 341647
382.534 337605
382.548 336468
382.561 332507
382.575 331603
382.588 332874
382.602 333041
382.615 332445
382.629 329351
382.642 325890
382.656 323441
382.669 318536
382.683 314600
382.696 310841
382.710 308839
382.723 307193
382.737 304454
382.750 303077
382.764 301396
382.777 297869
382.791 297262
382.804 294395
382.818 292244
382.831 287887
382.845 287261
382.858 285701
382.872 282536
382.885 277790
382.899 274748
382.912 272783
382.926 269078
382.939 264942
382.953 263174
382.966 260649
382.980 259580
382.993 256774
383.007 251963
383.020 249238
383.034 245449
383.047 239520
383.061 233875
383.074 230765
383.088 226570
383.101 223794
383.115 221627
383.128 217853
383.142 214361
383.155 212768
383.169 211031
383.182 209691
383.196 206334
383.209 203783
383.223 198289
383.236 195432
383.250 192037
383.263 187968
383.277 185539
383.290 182585
383.304 178246
383.317 175701
383.331 174745
383.344 172068
383.358 167985
383.371 161611
383.385 158443
383.398 154426
383.412 150194
383.425 146551
383.438 143129
383.452 140604
383.465 139046
383.479 135808
383.492 133218
383.506 130387
383.519 128799
383.533 125943
383.546 121919
383.560 118145
383.573 116924
383.587 115359
383.600 113091
383.614 110398
383.627 108636
383.641 106609
383.654 104326
383.668 101586
383.681 99038
383.695 97706
383.708 95240
383.722 92865
383.735 89933
383.749 87275
383.762 84833
383.775 83767
383.789 81889
383.802 79418
383.816 76752
383.829 75452
383.843 73307
383.856 72066
383.870 71205
383.883 70117
383.897 68524
383.910 67314
383.924 66490
383.937 64793
383.951 63563
383.964 61873
383.978 60426
383.991 60070
384.004 59846
384.018 58600
384.031 58075
384.045 56708
384.058 55703
384.072 54810
384.085 54200
384.099 53121
384.112 52167
384.126 51803
384.139 51374
384.153 50481
384.166 49731
384.180 49268
384.193 48235
384.206 47769
384.220 46895
384.233 45988
384.247 45981
384.260 45350
384.274 44870
384.287 44339
384.301 44380
384.314 43635
384.328 43475
384.341 43137
384.355 43056
384.368 42649
384.381 42335
384.395 41408
384.408 41054
384.422 40825
384.435 40737
384.449 40307
384.462 40191
384.476 40015
384.489 39682
384.503 39396
384.516 39277
384.529 39147
384.543 38980
384.556 38345
384.570 38425
384.583 38344
384.597 38694
384.610 38705
384.624 38785
384.637 38808
384.651 38792
384.664 38075
384.677 37869
384.691 37886
384.704 37797
384.718 37816
384.731 38137
384.745 38407
384.758 38220
384.772 38508
384.785 38414
384.798 38208
384.812 38009
384.825 38001
384.839 38052
384.852 37827
384.866 37862
384.879 37706
384.893 37854
384.906 37972
384.919 38496
384.933 38632
384.946 39059
384.960 38733
384.973 38010
384.987 37893
385.000 37674
385.013 37720
385.027 37724
385.040 37608
385.054 37403
385.067 36915
385.081 36727
385.094 37020
385.108 36916
385.121 36348
385.134 36334
385.148 35828
385.161 35031
385.175 34984
385.188 34073
385.202 33508
385.215 33002
385.228 32855
385.242 32471
385.255 32101
385.269 31685
385.282 31078
385.296 30752
385.309 30455
385.322 30382
385.336 29932
385.349 30092
385.363 29730
385.376 29544
385.390 28975
385.403 28620
385.416 28229
385.430 28070
385.443 27546
385.457 27352
385.470 26940
385.484 26533
385.497 26456
385.510 26386
385.524 26637
385.537 26322
385.551 26208
385.564 25872
385.578 25649
385.591 25450
385.604 25387
385.618 25107
385.631 24971
385.645 24780
385.658 24668
385.671 24073
385.685 23845
385.698 23751
385.712 23719
385.725 23842
385.739 23902
385.752 23640
385.765 23523
385.779 23519
385.792 23268
385.806 23229
385.819 23076
385.832 22822
385.846 22515
385.859 22501
385.873 22568
385.886 22522
385.900 22436
385.913 22396
385.926 22505
385.940 22091
385.953 21937
385.967 21641
385.980 21642
385.993 21470
386.007 21318
386.020 21149
386.034 21136
386.047 21002
386.060 20909
386.074 20626
386.087 20666
386.101 20422
386.114 20778
386.127 20561
386.141 20413
386.154 20373
386.168 20053
386.181 19850
386.194 19784
386.208 19573
386.221 19457
386.235 19467
386.248 19396
386.261 19370
386.275 19421
386.288 19278
386.302 19088
386.315 18991
386.328 19040
386.342 18540
386.355 18599
386.369 18465
386.382 18599
386.395 18781
386.409 18490
386.422 18535
386.436 18481
386.449 18338
386.462 18023
386.476 18138
386.489 18028
386.503 18228
386.516 18130
386.529 18103
386.543 18153
386.556 18113
386.570 17787
386.583 17808
386.596 17806
386.610 17739
386.623 17440
386.637 17649
386.650 17409
386.663 17505
386.677 17387
386.690 17283
386.704 17296
386.717 17162
386.730 17119
386.744 17144
386.757 16935
386.770 17005
386.784 16910
386.797 16931
386.811 16725
386.824 16743
386.837 16579
386.851 16545
386.864 16497
386.878 16642
386.891 16717
386.904 16808
386.918 16671
386.931 16575
386.944 16553
386.958 16461
386.971 16334
386.985 16187
386.998 16196
387.011 16278
387.025 16254
387.038 16339
387.051 16048
387.065 16039
387.078 16168
387.092 16090
387.105 16096
387.118 16192
387.132 16024
387.145 15875
387.158 15897
387.172 15929
387.185 16010
387.199 15813
387.212 15715
387.225 15477
387.239 15470
387.252 15612
387.265 15438
387.279 15644
387.292 15443
387.306 15490
387.319 15513
387.332 15534
387.346 15279
387.359 15364
387.372 15301
387.386 15497
387.399 15387
387.412 15296
387.426 15138
387.439 15146
387.453 15079
387.466 15142
387.479 15068
387.493 15039
387.506 15228
387.519 15129
387.533 15071
387.546 14936
387.559 15059
387.573 15020
387.586 14888
387.600 14924
387.613 14790
387.626 14643
387.640 14657
387.653 14880
387.666 14842
387.680 14805
387.693 14824
387.706 14737
387.720 14580
387.733 14649
387.747 14717
387.760 14742
387.773 14661
387.787 14645
387.800 14490
387.813 14577
387.827 14466
387.840 14351
387.853 14300
387.867 14064
387.880 13981
387.893 14035
387.907 14188
387.920 14082
387.933 14112
387.947 14093
387.960 13996
387.974 14031
387.987 14005
388.000 13740
388.014 14014
388.027 13856
388.040 13900
388.054 13762
388.067 13628
388.080 13550
388.094 13514
388.107 13227
388.120 13239
388.134 13264
388.147 13198
388.160 13165
388.174 13164
388.187 12988
388.200 12903
388.214 12830
388.227 12857
388.240 12846
388.254 12794
388.267 12549
388.280 12673
388.294 12616
388.307 12644
388.320 12700
388.334 12598
388.347 12635
388.361 12428
388.374 12412
388.387 12480
388.401 12457
388.414 12430
388.427 12320
388.441 12290
388.454 12343
388.467 12263
388.481 12063
388.494 11983
388.507 12112
388.521 11961
388.534 11933
388.547 12052
388.561 11874
388.574 11883
388.587 11799
388.601 11809
388.614 11912
388.627 11773
388.641 11744
388.654 11577
388.667 11511
388.680 11675
388.694 11400
388.707 11369
388.720 11244
388.734 11307
388.747 11156
388.760 11085
388.774 11002
388.787 11133
388.800 10946
388.814 11020
388.827 11004
388.840 10875
388.854 10799
388.867 10830
388.880 10777
388.894 10790
388.907 10739
388.920 10675
388.934 10714
388.947 10635
388.960 10525
388.974 10451
388.987 10324
389.000 10283
389.014 10329
389.027 10249
389.040 10278
389.054 10182
389.067 10211
389.080 10268
389.093 10150
389.107 10145
389.120 10098
389.133 10018
389.147 9979
389.160 10002
389.173 9918
389.187 9917
389.200 9790
389.213 9768
389.227 9669
389.240 9677
389.253 9610
389.267 9552
389.280 9606
389.293 9555
389.306 9552
389.320 9445
389.333 9491
389.346 9407
389.360 9375
389.373 9361
389.386 9323
389.400 9286
389.413 9270
389.426 9213
389.440 9231
389.453 9114
389.466 9116
389.479 9004
389.493 8985
389.506 8961
389.519 8983
389.533 8935
389.546 8861
389.559 8931
389.573 8952
389.586 8831
389.599 8824
389.613 8825
389.626 8757
389.639 8723
389.652 8808
389.666 8677
389.679 8591
389.692 8657
389.706 8721
389.719 8555
389.732 8565
389.745 8524
389.759 8464
389.772 8558
389.785 8540
389.799 8508
389.812 8495
389.825 8509
389.839 8413
389.852 8369
389.865 8419
389.878 8317
389.892 8371
389.905 8328
389.918 8369
389.932 8300
389.945 8274
389.958 8316
389.971 8242
389.985 8237
389.998 8183
390.011 8193
390.025 8262
390.038 8158
390.051 8216
390.064 8147
390.078 8148
390.091 8147
390.104 8176
390.118 8096
390.131 8022
390.144 8042
390.157 8127
390.171 8047
390.184 8071
390.197 8060
390.211 7989
390.224 8024
390.237 8013
390.250 7996
390.264 7922
390.277 7962
390.290 7916
390.304 7954
390.317 7932
390.330 7849
390.343 7881
390.357 7948
390.370 7904
390.383 7906
390.397 7924
390.410 7873
390.423 7834
390.436 7890
390.450 7811
390.463 7796
390.476 7903
390.489 7764
390.503 7754
390.516 7817
390.529 7774
390.543 7793
390.556 7796
390.569 7770
390.582 7817
390.596 7799
390.609 7658
390.622 7732
390.635 7761
390.649 7742
390.662 7737
390.675 7654
390.689 7717
390.702 7681
390.715 7647
390.728 7721
390.742 7570
390.755 7576
390.768 7638
390.781 7575
390.795 7638
390.808 7614
390.821 7619
390.834 7624
390.848 7635
390.861 7658
390.874 7584
390.888 7587
390.901 7620
390.914 7601
390.927 7599
390.941 7621
390.954 7621
390.967 7559
390.980 7566
390.994 7503
391.007 7565
391.020 7526
391.033 7566
391.047 7483
391.060 7516
391.073 7575
391.086 7544
391.100 7498
391.113 7504
391.126 7445
391.139 7499
391.153 7497
391.166 7421
391.179 7491
391.192 7421
391.206 7466
391.219 7425
391.232 7434
391.245 7425
391.259 7386
391.272 7438
391.285 7397
391.298 7416
391.312 7415
391.325 7468
391.338 7408
391.351 7378
391.365 7414
391.378 7336
391.391 7407
391.404 7381
391.418 7387
391.431 7377
391.444 7377
391.457 7378
391.471 7372
391.484 7336
391.497 7329
391.510 7357
391.524 7313
391.537 7335
391.550 7317
391.563 7361
391.577 7337
391.590 7318
391.603 7292
391.616 7266
391.630 7314
391.643 7267
391.656 7288
391.669 7333
391.682 7274
391.696 7251
391.709 7306
391.722 7272
391.735 7220
391.749 7194
391.762 7277
391.775 7245
391.788 7262
391.802 7204
391.815 7217
391.828 7242
391.841 7237
391.855 7306
391.868 7221
391.881 7217
391.894 7209
391.907 7228
391.921 7273
391.934 7168
391.947 7222
