1	200
2	200.5
3	201
4	201.5
5	202
6	202.5
7	203
8	203.5
9	204
10	204.5
11	205
12	205.5
13	206
14	206.5
15	207
16	207.5
17	208
18	208.5
19	209
20	209.5
21	210
22	210.5
23	211
24	211.5
25	212
26	212.5
27	213
28	213.5
29	214
30	214.5
31	215
32	215.5
33	216
34	216.5
35	217
36	217.5
37	218
38	218.5
39	219
40	219.5
41	220
42	220.5
43	221
44	221.5
45	222
46	222.5
47	223
48	223.5
49	224
50	224.5
51	225
52	225.5
53	226
54	226.5
55	227
56	227.5
57	228
58	228.5
59	229
60	229.5
61	230
62	230.5
63	231
64	231.5
65	232
66	232.5
67	233
68	233.5
69	234
70	234.5
71	235
72	235.5
73	236
74	236.5
75	237
76	237.5
77	238
78	238.5
79	239
80	239.5
81	240
82	240.5
83	241
84	241.5
85	242
86	242.5
87	243
88	243.5
89	244
90	244.5
91	245
92	245.5
93	246
94	246.5
95	247
96	247.5
97	248
98	248.5
99	249
100	249.5
101	250
102	250.5
103	251
104	251.5
105	252
106	252.5
107	253
108	253.5
109	254
110	254.5
111	255
112	255.5
113	256
114	256.5
115	257
116	257.5
117	258
118	258.5
119	259
120	259.5
121	260
122	260.5
123	261
124	261.5
125	262
126	262.5
127	263
128	263.5
129	264
130	264.5
131	265
132	265.5
133	266
134	266.5
135	267
136	267.5
137	268
138	268.5
139	269
140	269.5
141	270
142	270.5
143	271
144	271.5
145	272
146	272.5
147	273
148	273.5
149	274
150	274.5
151	275
152	275.5
153	276
154	276.5
155	277
156	277.5
157	278
158	278.5
159	279
160	279.5
161	280
162	280.5
163	281
164	281.5
165	282
166	282.5
167	283
168	283.5
169	284
170	284.5
171	285
172	285.5
173	286
174	286.5
175	287
176	287.5
177	288
178	288.5
179	289
180	289.5
181	290
182	290.5
183	291
184	291.5
185	292
186	292.5
187	293
188	293.5
189	294
190	294.5
191	295
192	295.5
193	296
194	296.5
195	297
196	297.5
197	298
198	298.5
199	299
200	299.5
201	300
202	300.5
203	301
204	301.5
205	302
206	302.5
207	303
208	303.5
209	304
210	304.5
211	305
212	305.5
213	306
214	306.5
215	307
216	307.5
217	308
218	308.5
219	309
220	309.5
221	310
222	310.5
223	311
224	311.5
225	312
226	312.5
227	313
228	313.5
229	314
230	314.5
231	315
232	315.5
233	316
234	316.5
235	317
236	317.5
237	318
238	318.5
239	319
240	319.5
241	320
242	320.5
243	321
244	321.5
245	322
246	322.5
247	323
248	323.5
249	324
250	324.5
251	325
252	325.5
253	326
254	326.5
255	327
256	327.5
257	328
258	328.5
259	329
260	329.5
261	330
262	330.5
263	331
264	331.5
265	332
266	332.5
267	333
268	333.5
269	334
270	334.5
271	335
272	335.5
273	336
274	336.5
275	337
276	337.5
277	338
278	338.5
279	339
280	339.5
281	340
282	340.5
283	341
284	341.5
285	342
286	342.5
287	343
288	343.5
289	344
290	344.5
291	345
292	345.5
293	346
294	346.5
295	347
296	347.5
297	348
298	348.5
299	349
300	349.5
301	350
302	350.5
303	351
304	351.5
305	352
306	352.5
307	353
308	353.5
309	354
310	354.5
311	355
312	355.5
313	356
314	356.5
315	357
316	357.5
317	358
318	358.5
319	359
320	359.5
321	360
322	360.5
323	361
324	361.5
325	362
326	362.5
327	363
328	363.5
329	364
330	364.5
331	365
332	365.5
333	366
334	366.5
335	367
336	367.5
337	368
338	368.5
339	369
340	369.5
341	370
342	370.5
343	371
344	371.5
345	372
346	372.5
347	373
348	373.5
349	374
350	374.5
351	375
352	375.5
353	376
354	376.5
355	377
356	377.5
357	378
358	378.5
359	379
360	379.5
361	380
362	380.5
363	381
364	381.5
365	382
366	382.5
367	383
368	383.5
369	384
370	384.5
371	385
372	385.5
373	386
374	386.5
375	387
376	387.5
377	388
378	388.5
379	389
380	389.5
381	390
382	390.5
383	391
384	391.5
385	392
386	392.5
387	393
388	393.5
389	394
390	394.5
391	395
392	395.5
393	396
394	396.5
395	397
396	397.5
397	398
398	398.5
399	399
400	399.5
401	400
402	400.5
403	401
404	401.5
405	402
406	402.5
407	403
408	403.5
409	404
410	404.5
411	405
412	405.5
413	406
414	406.5
415	407
416	407.5
417	408
418	408.5
419	409
420	409.5
421	410
422	410.5
423	411
424	411.5
425	412
426	412.5
427	413
428	413.5
429	414
430	414.5
431	415
432	415.5
433	416
434	416.5
435	417
436	417.5
437	418
438	418.5
439	419
440	419.5
441	420
442	420.5
443	421
444	421.5
445	422
446	422.5
447	423
448	423.5
449	424
450	424.5
451	425
452	425.5
453	426
454	426.5
455	427
456	427.5
457	428
458	428.5
459	429
460	429.5
461	430
462	430.5
463	431
464	431.5
465	432
466	432.5
467	433
468	433.5
469	434
470	434.5
471	435
472	435.5
473	436
474	436.5
475	437
476	437.5
477	438
478	438.5
479	439
480	439.5
481	440
482	440.5
483	441
484	441.5
485	442
486	442.5
487	443
488	443.5
489	444
490	444.5
491	445
492	445.5
493	446
494	446.5
495	447
496	447.5
497	448
498	448.5
499	449
500	449.5
501	450
502	450.5
503	451
504	451.5
505	452
506	452.5
507	453
508	453.5
509	454
510	454.5
511	455
512	455.5
513	456
514	456.5
515	457
516	457.5
517	458
518	458.5
519	459
520	459.5
521	460
522	460.5
523	461
524	461.5
525	462
526	462.5
527	463
528	463.5
529	464
530	464.5
531	465
532	465.5
533	466
534	466.5
535	467
536	467.5
537	468
538	468.5
539	469
540	469.5
541	470
542	470.5
543	471
544	471.5
545	472
546	472.5
547	473
548	473.5
549	474
550	474.5
551	475
552	475.5
553	476
554	476.5
555	477
556	477.5
557	478
558	478.5
559	479
560	479.5
561	480
562	480.5
563	481
564	481.5
565	482
566	482.5
567	483
568	483.5
569	484
570	484.5
571	485
572	485.5
573	486
574	486.5
575	487
576	487.5
577	488
578	488.5
579	489
580	489.5
581	490
582	490.5
583	491
584	491.5
585	492
586	492.5
587	493
588	493.5
589	494
590	494.5
591	495
592	495.5
593	496
594	496.5
595	497
596	497.5
597	498
598	498.5
599	499
600	499.5
601	500
602	500.5
603	501
604	501.5
605	502
606	502.5
607	503
608	503.5
609	504
610	504.5
611	505
612	505.5
613	506
614	506.5
615	507
616	507.5
617	508
618	508.5
619	509
620	509.5
621	510
622	510.5
623	511
624	511.5
625	512
626	512.5
627	513
628	513.5
629	514
630	514.5
631	515
632	515.5
633	516
634	516.5
635	517
636	517.5
637	518
638	518.5
639	519
640	519.5
641	520
642	520.5
643	521
644	521.5
645	522
646	522.5
647	523
648	523.5
649	524
650	524.5
651	525
652	525.5
653	526
654	526.5
655	527
656	527.5
657	528
658	528.5
659	529
660	529.5
661	530
662	530.5
663	531
664	531.5
665	532
666	532.5
667	533
668	533.5
669	534
670	534.5
671	535
672	535.5
673	536
674	536.5
675	537
676	537.5
677	538
678	538.5
679	539
680	539.5
681	540
682	540.5
683	541
684	541.5
685	542
686	542.5
687	543
688	543.5
689	544
690	544.5
691	545
692	545.5
693	546
694	546.5
695	547
696	547.5
697	548
698	548.5
699	549
700	549.5
701	550
702	550.5
703	551
704	551.5
705	552
706	552.5
707	553
708	553.5
709	554
710	554.5
711	555
712	555.5
713	556
714	556.5
715	557
716	557.5
717	558
718	558.5
719	559
720	559.5
721	560
722	560.5
723	561
724	561.5
725	562
726	562.5
727	563
728	563.5
729	564
730	564.5
731	565
732	565.5
733	566
734	566.5
735	567
736	567.5
737	568
738	568.5
739	569
740	569.5
741	570
742	570.5
743	571
744	571.5
745	572
746	572.5
747	573
748	573.5
749	574
750	574.5
751	575
752	575.5
753	576
754	576.5
755	577
756	577.5
757	578
758	578.5
759	579
760	579.5
761	580
762	580.5
763	581
764	581.5
765	582
766	582.5
767	583
768	583.5
769	584
770	584.5
771	585
772	585.5
773	586
774	586.5
775	587
776	587.5
777	588
778	588.5
779	589
780	589.5
781	590
782	590.5
783	591
784	591.5
785	592
786	592.5
787	593
788	593.5
789	594
790	594.5
791	595
792	595.5
793	596
794	596.5
795	597
796	597.5
797	598
798	598.5
799	599
800	599.5
801	600
802	600.5
803	601
804	601.5
805	602
806	602.5
807	603
808	603.5
809	604
810	604.5
811	605
812	605.5
813	606
814	606.5
815	607
816	607.5
817	608
818	608.5
819	609
820	609.5
821	610
822	610.5
823	611
824	611.5
825	612
826	612.5
827	613
828	613.5
829	614
830	614.5
831	615
832	615.5
833	616
834	616.5
835	617
836	617.5
837	618
838	618.5
839	619
840	619.5
841	620
842	620.5
843	621
844	621.5
845	622
846	622.5
847	623
848	623.5
849	624
850	624.5
851	625
852	625.5
853	626
854	626.5
855	627
856	627.5
857	628
858	628.5
859	629
860	629.5
861	630
862	630.5
863	631
864	631.5
865	632
866	632.5
867	633
868	633.5
869	634
870	634.5
871	635
872	635.5
873	636
874	636.5
875	637
876	637.5
877	638
878	638.5
879	639
880	639.5
881	640
882	640.5
883	641
884	641.5
885	642
886	642.5
887	643
888	643.5
889	644
890	644.5
891	645
892	645.5
893	646
894	646.5
895	647
896	647.5
897	648
898	648.5
899	649
900	649.5
901	650
902	650.5
903	651
904	651.5
905	652
906	652.5
907	653
908	653.5
909	654
910	654.5
911	655
912	655.5
913	656
914	656.5
915	657
916	657.5
917	658
918	658.5
919	659
920	659.5
921	660
922	660.5
923	661
924	661.5
925	662
926	662.5
927	663
928	663.5
929	664
930	664.5
931	665
932	665.5
933	666
934	666.5
935	667
936	667.5
937	668
938	668.5
939	669
940	669.5
941	670
942	670.5
943	671
944	671.5
945	672
946	672.5
947	673
948	673.5
949	674
950	674.5
951	675
952	675.5
953	676
954	676.5
955	677
956	677.5
957	678
958	678.5
959	679
960	679.5
961	680
962	680.5
963	681
964	681.5
965	682
966	682.5
967	683
968	683.5
969	684
970	684.5
971	685
972	685.5
973	686
974	686.5
975	687
976	687.5
977	688
978	688.5
979	689
980	689.5
981	690
982	690.5
983	691
984	691.5
985	692
986	692.5
987	693
988	693.5
989	694
990	694.5
991	695
992	695.5
993	696
994	696.5
995	697
996	697.5
997	698
998	698.5
999	699
1000	699.5
1001	700
1002	700.5
1003	701
1004	701.5
1005	702
1006	702.5
1007	703
1008	703.5
1009	704
1010	704.5
1011	705
1012	705.5
1013	706
1014	706.5
1015	707
1016	707.5
1017	708
1018	708.5
1019	709
1020	709.5
1021	710
1022	710.5
1023	711
1024	711.5
1025	712
1026	712.5
1027	713
1028	713.5
1029	714
1030	714.5
1031	715
1032	715.5
1033	716
1034	716.5
1035	717
1036	717.5
1037	718
1038	718.5
1039	719
1040	719.5
1041	720
1042	720.5
1043	721
1044	721.5
1045	722
1046	722.5
1047	723
1048	723.5
1049	724
1050	724.5
1051	725
1052	725.5
1053	726
1054	726.5
1055	727
1056	727.5
1057	728
1058	728.5
1059	729
1060	729.5
1061	730
1062	730.5
1063	731
1064	731.5
1065	732
1066	732.5
1067	733
1068	733.5
1069	734
1070	734.5
1071	735
1072	735.5
1073	736
1074	736.5
1075	737
1076	737.5
1077	738
1078	738.5
1079	739
1080	739.5
1081	740
1082	740.5
1083	741
1084	741.5
1085	742
1086	742.5
1087	743
1088	743.5
1089	744
1090	744.5
1091	745
1092	745.5
1093	746
1094	746.5
1095	747
1096	747.5
1097	748
1098	748.5
1099	749
1100	749.5
1101	750
1102	750.5
1103	751
1104	751.5
1105	752
1106	752.5
1107	753
1108	753.5
1109	754
1110	754.5
1111	755
1112	755.5
1113	756
1114	756.5
1115	757
1116	757.5
1117	758
1118	758.5
1119	759
1120	759.5
1121	760
1122	760.5
1123	761
1124	761.5
1125	762
1126	762.5
1127	763
1128	763.5
1129	764
1130	764.5
1131	765
1132	765.5
1133	766
1134	766.5
1135	767
1136	767.5
1137	768
1138	768.5
1139	769
1140	769.5
1141	770
1142	770.5
1143	771
1144	771.5
1145	772
1146	772.5
1147	773
1148	773.5
1149	774
1150	774.5
1151	775
1152	775.5
1153	776
1154	776.5
1155	777
1156	777.5
1157	778
1158	778.5
1159	779
1160	779.5
1161	780
1162	780.5
1163	781
1164	781.5
1165	782
1166	782.5
1167	783
1168	783.5
1169	784
1170	784.5
1171	785
1172	785.5
1173	786
1174	786.5
1175	787
1176	787.5
1177	788
1178	788.5
1179	789
1180	789.5
1181	790
1182	790.5
1183	791
1184	791.5
1185	792
1186	792.5
1187	793
1188	793.5
1189	794
1190	794.5
1191	795
1192	795.5
1193	796
1194	796.5
1195	797
1196	797.5
1197	798
1198	798.5
1199	799
1200	799.5
1201	800
1202	800.5
1203	801
1204	801.5
1205	802
1206	802.5
1207	803
1208	803.5
1209	804
1210	804.5
1211	805
1212	805.5
1213	806
1214	806.5
1215	807
1216	807.5
1217	808
1218	808.5
1219	809
1220	809.5
1221	810
1222	810.5
1223	811
1224	811.5
1225	812
1226	812.5
1227	813
1228	813.5
1229	814
1230	814.5
1231	815
1232	815.5
1233	816
1234	816.5
1235	817
1236	817.5
1237	818
1238	818.5
1239	819
1240	819.5
1241	820
1242	820.5
1243	821
1244	821.5
1245	822
1246	822.5
1247	823
1248	823.5
1249	824
1250	824.5
1251	825
1252	825.5
1253	826
1254	826.5
1255	827
1256	827.5
1257	828
1258	828.5
1259	829
1260	829.5
1261	830
1262	830.5
1263	831
1264	831.5
1265	832
1266	832.5
1267	833
1268	833.5
1269	834
1270	834.5
1271	835
1272	835.5
1273	836
1274	836.5
1275	837
1276	837.5
1277	838
1278	838.5
1279	839
1280	839.5
1281	840
1282	840.5
1283	841
1284	841.5
1285	842
1286	842.5
1287	843
1288	843.5
1289	844
1290	844.5
1291	845
1292	845.5
1293	846
1294	846.5
1295	847
1296	847.5
1297	848
1298	848.5
1299	849
1300	849.5
1301	850
1302	850.5
1303	851
1304	851.5
1305	852
1306	852.5
1307	853
1308	853.5
1309	854
1310	854.5
1311	855
1312	855.5
1313	856
1314	856.5
1315	857
1316	857.5
1317	858
1318	858.5
1319	859
1320	859.5
1321	860
1322	860.5
1323	861
1324	861.5
1325	862
1326	862.5
1327	863
1328	863.5
1329	864
1330	864.5
1331	865
1332	865.5
1333	866
1334	866.5
1335	867
1336	867.5
1337	868
1338	868.5
1339	869
1340	869.5
1341	870
1342	870.5
1343	871
1344	871.5
1345	872
1346	872.5
1347	873
1348	873.5
1349	874
1350	874.5
1351	875
1352	875.5
1353	876
1354	876.5
1355	877
1356	877.5
1357	878
1358	878.5
1359	879
1360	879.5
1361	880
1362	880.5
1363	881
1364	881.5
1365	882
1366	882.5
1367	883
1368	883.5
1369	884
1370	884.5
1371	885
1372	885.5
1373	886
1374	886.5
1375	887
1376	887.5
1377	888
1378	888.5
1379	889
1380	889.5
1381	890
1382	890.5
1383	891
1384	891.5
1385	892
1386	892.5
1387	893
1388	893.5
1389	894
1390	894.5
1391	895
1392	895.5
1393	896
1394	896.5
1395	897
1396	897.5
1397	898
1398	898.5
1399	899
1400	899.5
1401	900
1402	900.5
1403	901
1404	901.5
1405	902
1406	902.5
1407	903
1408	903.5
1409	904
1410	904.5
1411	905
1412	905.5
1413	906
1414	906.5
1415	907
1416	907.5
1417	908
1418	908.5
1419	909
1420	909.5
1421	910
1422	910.5
1423	911
1424	911.5
1425	912
1426	912.5
1427	913
1428	913.5
1429	914
1430	914.5
1431	915
1432	915.5
1433	916
1434	916.5
1435	917
1436	917.5
1437	918
1438	918.5
1439	919
1440	919.5
1441	920
1442	920.5
1443	921
1444	921.5
1445	922
1446	922.5
1447	923
1448	923.5
1449	924
1450	924.5
1451	925
1452	925.5
1453	926
1454	926.5
1455	927
1456	927.5
1457	928
1458	928.5
1459	929
1460	929.5
1461	930
1462	930.5
1463	931
1464	931.5
1465	932
1466	932.5
1467	933
1468	933.5
1469	934
1470	934.5
1471	935
1472	935.5
1473	936
1474	936.5
1475	937
1476	937.5
1477	938
1478	938.5
1479	939
1480	939.5
1481	940
1482	940.5
1483	941
1484	941.5
1485	942
1486	942.5
1487	943
1488	943.5
1489	944
1490	944.5
1491	945
1492	945.5
1493	946
1494	946.5
1495	947
1496	947.5
1497	948
1498	948.5
1499	949
1500	949.5
1501	950
1502	950.5
1503	951
1504	951.5
1505	952
1506	952.5
1507	953
1508	953.5
1509	954
1510	954.5
1511	955
1512	955.5
1513	956
1514	956.5
1515	957
1516	957.5
1517	958
1518	958.5
1519	959
1520	959.5
1521	960
1522	960.5
1523	961
1524	961.5
1525	962
1526	962.5
1527	963
1528	963.5
1529	964
1530	964.5
1531	965
1532	965.5
1533	966
1534	966.5
1535	967
1536	967.5
1537	968
1538	968.5
1539	969
1540	969.5
1541	970
1542	970.5
1543	971
1544	971.5
1545	972
1546	972.5
1547	973
1548	973.5
1549	974
1550	974.5
1551	975
1552	975.5
1553	976
1554	976.5
1555	977
1556	977.5
1557	978
1558	978.5
1559	979
1560	979.5
1561	980
1562	980.5
1563	981
1564	981.5
1565	982
1566	982.5
1567	983
1568	983.5
1569	984
1570	984.5
1571	985
1572	985.5
1573	986
1574	986.5
1575	987
1576	987.5
1577	988
1578	988.5
1579	989
1580	989.5
1581	990
1582	990.5
1583	991
1584	991.5
1585	992
1586	992.5
1587	993
1588	993.5
1589	994
1590	994.5
1591	995
1592	995.5
1593	996
1594	996.5
1595	997
1596	997.5
1597	998
1598	998.5
1599	999
1600	999.5
1601	1000
